	coreid	status	nwords_original	nwords_result	nwords_recovered	nwords_omitted	nwords_created	prop_recovered	common_words	original_only	result_only
0	wfo-0001025636	success	208	123	93	115	30	0.447	0-5,0.1-0.3,1,1-2,1-2.2,1-3.5,1-4,1-5.5,1.4-3.5,1.7-9.2,10-45,2,2-4,2.5-6,3-6,6.5-10,9.5-29.5,abaxially,acuminate,acute,adaxially,anther,apex,base,blue,broadly,brownish,chartaceous,clavate,cm,condition,corolla,cuneate,decurrent,diameter,distal,drying,elliptic,fresh,fruit,glabrous,globose,green,greenish,hair,half,herb,interjected,lanceolate,leaflet,like,lobe,long,membranous,minutely,mm,moderately,mottled,near,oblique,obtuse,odd-pinnate,orbicular,ovate,ovoid,pair,pedicel,peduncle,petiole,petiolule,plant,puberulent,pubescent,purple,ripe,rotate,rotate-pentagonal,scale-like,seed,size,slightly,sometimes,stem,stigma,style,subglabrous,tube,tuber,typically,whitish,wide,x,yellow	0-2,0.1,0.6-2.8,1-10,1-3,1-5,1.1-6.1,1.7-5.2,1.8,2.6-8.3,3-5,5-merou,absent,acumen,ag,along,alyx,apart,apparently,articulated,axe,berry,blade,capitat,cell,ciliate,clearly,connivent,contracted,covering,digestion,dorsally,eaf,edge,eed,end,enzyme,especially,exceeding,except,filament,flat,flower,folded,geminat,generally,glabrou,greatly,green-white,hair-like,hal,high,highly,homostylous,honeycomb-shaped,larger,lateral,lengthening,living,longer,lower,make,margin,midrib,minute,mucilaginous,multicellular,nflorescence,obovate,often,orne,orolla,perfect,petiolulate,plurifoliate,pore,poricidal,proximal,reduced,removed,rosette-forming,rounded,ruit,semierec,sessile,seudostipule,short,singly,slit,spaced,specimen,stamen,ste,stolo,straight,subequal,tall,tamen,tem,terminal,testal,thick,throughout,tip,tri-,truncate,unequal,unforked,unit,unwinged,uppermost,vary,wall,wet,ympodial	0.1-1.8,adhesion,arrangement,calyx,capitate,colour,decurrence,form,growth,height,hermaphroditic,history,inflorescence,leaf,length,life,na,number,ovary,perennial,position,pseudostipule,pubescence,reproduction,rugulose,shape,staman,surface,texture,ye
1	wfo-0001025637	success	193	111	77	116	34	0.399	0-0.3,0.2-0.9,1-12,1-2,1-2.5,1.5-5,1.6-2.5,14-38,2-7,2.5-8,2.8-4.2,3-10,3-9,5-7,acuminate,acute,anther,apex,axillary,base,blade,blue,brownish,bud,clavate,cm,condition,coriaceous,corolla,cuneate,dark,deep,diameter,dot,drying,elliptic,fresh,fruit,glabrescent,glabrous,globose,green,greenish,hair,herb,lanceolate,leaf,lilac,lobe,long,medium,mm,mottled,odd-pinnate,ovate,ovoid,pedicel,peduncle,pentagonal,petiole,plant,purple,rotate,seed,size,stigma,stripe,style,subtending,terminal,tiny,tube,white,whitish,wide,x,yellow	0-27,0.2-0.5,0.3-0.5,0.8-2.6,1-5,1.2-3.5,2-20,2-3,3-4,3-5,4-6,5-merou,abaxially,acumen,adaxiall,adaxially,ag,along,alyx,apart,apparently,arranged,articulated,attenuate,axe,bead,berry,capitat,cell,connivent,covering,decreasing,decurrent,digestion,distal,dorsally,eaf,edge,eed,enzyme,erec,exceeding,filament,flat,flower,folded,forked,geminat,generally,glabrou,green-white,hair-like,hal,half,high,homostylous,honeycomb-shaped,interjected,lateral,leaflet,lengthening,light,like,linear,living,lower,make,moniliform,mucilaginous,multiple,necklace,nflorescence,onto,orolla,pair,perfect,petiolulate,petiolule,plurifoliate,pore,poricidal,rachi,removed,ripe,rounded,ruit,secondary,seudostipule,short,slit,sometimes,spaced,specimen,stamen,stolon,straight,subequal,symmetric,tall,tamen,tem,testal,thick,throughout,tip,toward,tri-,tuber,typically,unit,unwinged,usually,vary,wall,wet,ympodial	adhesion,arrangement,calyx,capitate,climate,colour,form,glandular,growth,height,hermaphroditic,history,inflorescence,length,life,margin,midpoint,na,number,ovary,perennial,position,presence,pubescence,ray,reproduction,rugulose,shape,staman,stellate,stem,stipe,surface,texture
2	wfo-0001025639	success	154	78	58	96	20	0.377	1-2,1-3,10-21,2-3,2-3.5,2.8-3.2,20-35,3-6,3.5-7,4-10,4.5-8.5,5-8,6-12,6-8,acute,broadly,calyx,cm,connate,corolla,dark,diameter,distal,elliptic,forked,globose,green,green-white,half,herbaceous,lateral,leaf,leaflet,lobe,long,long-attenuate,medium,mm,mucilaginous,obovate,odd-pinnate,ovate,ovoid,pedicel,peduncle,perennial,petiole,plant,puberulent,pubescent,rotate,seed,size,terminal,violet,white,wide,yellow	1-4,3-4,3-5,3-6-foliat,5-1.,5-10,8-12,8-9,abaxially,acumen,acuminate,adaxially,apex,apical,apically,articulate,base,belo,branched,cell,covering,cuneate,cyme,dehiscent,dichasial,dichasially,digestion,diminishing,dorsally,eaf,ebracteate,edge,eed,elliptical,emoval,enzyme,exceeding,filament,flat,flower,folded,frequently,generally,globo,gradually,hair-like,honeycomb,interjected,introrse,lon,lower,lunat,make,maturing,monochasial,nflorescence,nther,oblique,often,orolla,pair,pattern,perfect,petiolule,plan,poricidally,present,produced,proximal,rare,reveal,ruit,seudostipule,short,slit,sometimes,stamen,stigma,straight,style,tal,tem,testal,thick,throughou,throughout,top,toward,truncate,tuber-bearing,typically,unit,vary,wall,ympodial,¼	anther,arrangement,colour,form,fruit,growth,height,history,inflorescence,length,life,na,ovary,position,reproduction,rugulose,shape,stem,surface,texture
3	wfo-0001025642	success	149	92	56	93	36	0.376	0.3-0.4,1,1-2.7,1-3,1-3.2,1.5-2.5,10-20,3-5,4.5-8,5-6,5.5-7,7-11.5,9-12,acumen,acuminate,acute,apex,apiculate,base,calyx,cm,connate,corolla,diameter,distal,elliptic,elliptic-lanceolate,globose,green,green-white,half,herbaceous,leaf,lobe,long,mm,oblique,obtuse,odd-pinnate,ovoid,pedicel,peduncle,perennial,petiole,plant,present,puberulent,seed,size,stellate,stigma,style,throughout,tuber-bearing,wide,yellow	1-2,1-2.5,1-4,2-10,2-3,3,3-6-foliat,3.5-6,4-7.5,8-13,abaxially,absen,absent,adaxially,apical,apically,articulate,attenuate,branched,cell,covering,cyme,dehiscent,dichasial,dichasially,digestion,diminishing,dorsally,eaf,ebracteate,edge,eed,emoval,enzyme,exceeding,filament,flat,flower,folded,forked,generally,globo,gradually,hair-like,honeycomb,interjected,introrse,lanceolat,lanceolate,lateral,leaflet,living,lon,lower,lunate,make,maturing,monochasial,mucilaginous,nflorescence,nther,often,orolla,pair,pattern,perfect,plan,poricidally,proximal,reveal,ruit,sessile,seudostipule,short,slit,specimen,stamen,straight,tal,tem,terminal,testal,thick,throughou,toward,typically,unit,vary,wall,whit,without,ympodial,¼	adhesion,anther,arrangement,blade,climate,colour,form,fruit,glandular,growth,hair,height,history,inflorescence,length,life,margin,midpoint,na,number,ovary,position,presence,pubescence,ray,reproduction,rugulose,shape,staman,stem,stipe,surface,texture,tube,vegetative,white
4	wfo-0001025644	success	204	149	122	82	27	0.598	0-5,0.8-1.5,1-2,1.3-2.1,10,10-11,12-28,2-3,2-4,2.4-4,2.5-11,2.5-6,25-50,3-10,3-5,3.3-8.2,4-19,4-6,4.5-9.5,6.5-13,abaxially,acuminate,acute,adaxially,almost,along,anther,apex,articulated,attenuate,axillary,base,blue,broadly,brownish,bud,cell,chartaceous,ciliate,clavate,cm,condition,connivent,cordate,corolla,covering,cuneate,denticulate,diameter,drying,elliptic,especially,finely,fresh,fruit,glabrous,globose,green,green-white,greenish,hair,hair-like,herb,interjected,lanceolate,lateral,leaflet,like,lobe,long,make,margin,membranous,midrib,minutely,mm,mottled,mucilaginous,multicellular,non-glandular,oblique,odd-pinnate,orbicular,ovate,ovoid,pair,pedicel,peduncle,pentagonal,petiole,petiolule,plant,puberulent,pubescent,purple,rounded,seed,shallowly,short,size,stem,stigma,straight,style,subtending,terminal,testal,thick,throughout,tinged,trichome,truncate,tube,typically,uniseriate,usually,wall,wet,white,whitish,x,yellow	.3,1-10,13-21,2,3-4,5-merou,6-7,absent,acumen,ag,always,alyx,apart,apparently,axe,berry,blade,c.,capitat,digestion,distal,dorsally,eaf,edge,eed,end,enzyme,erec,exceeding,except,filament,flat,flower,folded,forked,geminat,generally,glabrou,greatly,half,homostylous,honeycomb-shaped,invested,lengthening,living,lower,middl,nflorescence,often,one,orolla,perfect,placed,plurifoliate,pore,poricidal,proximal,rarely,reduced,removed,ruit,sessile,seudostipule,slit,spaced,specimen,stamen,ste,stolo,subequal,tall,tamen,tem,tip,tri-,tuber,unit,vary,well-developed,wing,winged,ympodial	adhesion,arrangement,calyx,capitate,colour,form,growth,height,history,inflorescence,leaf,length,life,middle,na,number,ovary,perennial,position,pseudostipule,pubescence,reproduction,rugulose,shape,staman,surface,texture
5	wfo-0001025645	success	150	83	61	89	22	0.407	0.3-0.8,0.8,1-2,1-3.5,10-11,10-16,15-25,2-4.5,2.5,4-12,4-5,4-6,4-7,5,5-5.5,acuminate,acute,apex,base,calyx,cm,connate,corolla,cuneate,diameter,distal,elliptic,elliptic-lanceolate,glabrous,globose,green,green-white,half,herbaceous,lanceolate,lateral,leaf,leaflet,lobe,long,mm,mucronate,oblong,odd-pinnate,ovoid,pair,pedicel,peduncle,perennial,petiole,plant,puberulent,seed,size,stellate,stigma,style,terminal,throughout,wide,yellow	0.5-1,1-4,12-17,2-3,3-5.5,3-6-foliat,8-10,abaxially,absen,acumen,adaxially,apical,apically,articulate,branched,cell,covering,cyme,decurrent,dehiscent,dichasial,dichasially,digestion,diminishing,dorsally,eaf,ebracteate,edge,eed,emoval,enzyme,exceeding,filament,flat,flower,folded,forked,generally,globo,gradually,hair-like,honeycomb,interjected,introrse,larger,living,lon,lower,lunat,make,maturing,monochasial,mucilaginous,nflorescence,nther,oblique,often,orolla,pattern,perfect,plan,poricidally,proximal,rachi,reveal,ruit,second,sessile,seudostipule,short,slit,specimen,stamen,straight,tal,tem,testal,thick,throughou,toward,tuber-bearing,typically,unit,vary,wall,whit,without,ympodial,¼	anther,arrangement,colour,form,fruit,growth,height,history,inflorescence,length,life,na,ovary,position,reproduction,rugulose,shape,stem,surface,texture,tube,white
6	wfo-0001025646	success	136	81	58	78	23	0.426	0.25-0.4,0.5-2.1,0.6-2.3,0.6-3,0.7-3.5,1-7,1.1-1.4,1.1-4.5,1.2-7.0,2-4,2.3-9.0,3.2-6,3.5-7,4-15.5,4-5,7-8,acuminate,acute,apex,attenuate,base,calyx,cm,connate,corolla,cuneate,diameter,distal,elliptic,fruit,globose,half,herbaceous,interjected,leaf,leaflet,lobe,long,mm,oblique,obovate,odd-pinnate,ovary,ovate,pedicel,peduncle,pentagonal,perennial,petiole,plant,puberulent,size,stigma,strigose,style,terminal,wide,yellow	0-.,1-4,1.2,1.5-3,2-3,2.5-3,3,3-6-foliat,4-10,abaxially,abruptly,acumen,adaxially,apical,apically,apiculate,articulate,ature,branched,caudate,cyme,decurrent,dehiscent,dichasial,dichasially,diminishing,dorsally,eaf,ebracteate,edge,eed,exceeding,filament,flat,flower,folded,forked,generally,globo,gradually,introrse,lateral,like,lon,lower,lunat,maturing,monochasial,nflorescence,nther,often,orolla,pair,perfect,petiolule,plan,poricidally,probably,proximal,seen,sessile,seudostipule,short,slightly,slit,sometimes,stamen,straight,tal,tem,toward,tuber-bearing,typically,unit,vary,whit,ympodial,¼	0-4,anther,arrangement,colour,form,growth,height,history,inflorescence,length,life,lunate,na,number,position,pseudostipule,reproduction,seed,shape,stem,texture,tube,white
7	wfo-0001025647	success	194	122	91	103	31	0.469	0-4,0.06-0.24,0.4-1.5,0.6-3,0.8-3,1-2,1-5,1.2-3,1.3-2.9,1.4-5,1.5-5,1.5-5.5,2,2-3,2-4,2.5-3,4-10,5-6,6.2-11,abaxially,absent,acute,adaxially,anther,apex,attenuate,axillary,base,blue,broadly,brownish,chartaceous,clavate,cm,condition,corolla,decurrent,densely,diameter,drying,elliptic,flat,frequently,fresh,fruit,glabrous,globose,green,greenish,hair,herb,interjected,lanceolate,lateral,leaflet,light,like,linear,lobe,long,margin,membranous,minutely,mm,moderately,narrowly,oblique,obtuse,odd-pinnate,orbicular,ovate,ovoid,pedicel,peduncle,petiole,plant,puberulent,pubescent,ripe,rotate,scale-like,seed,size,stem,stigma,style,terminal,tube,whitish,x,yellow	1,1-10,1-3,2-5,3-6,4-6,5-merou,acumen,ag,along,alyx,apart,apparently,articulated,axe,berry,blade,borne,bud,capitat,cell,ciliate,connivent,covering,digestion,distal,dorsally,eaf,edge,eed,end,enzyme,erec,especially,exceeding,except,filament,flower,folded,forming,geminat,glabrou,greatly,green-white,hair-like,hal,half,high,homostylous,honeycomb-shaped,lengthening,living,lower,make,midrib,mucilaginous,multicellular,near,nflorescence,often,orolla,pair,perfect,petiolulate,plurifoliate,pore,poricidal,proximal,reduced,removed,rosette,ruit,sessile,seudostipule,short,singly,slit,sometimes,spaced,specimen,stamen,ste,stolo,straight,subequal,subtending,tall,tamen,tem,testal,thick,throughout,tip,tri-,tuber,typically,unbranched,unit,unwinged,vary,wall,wet,ympodial	adhesion,arrangement,calyx,capitate,climate,colour,form,frequency,growth,height,history,inflorescence,leaf,length,life,midpoint,na,number,ovary,perennial,position,pseudostipule,pubescence,ray,reproduction,rugulose,shape,staman,stipe,surface,texture
8	wfo-0001025652	success	156	87	63	93	24	0.404	.3,0.5-1,1-1.5,1.5-2,10-20,2-3,2-6,20-50,3-3.5,3-5,4,4-6,4-7,anther,anthesi,bilobed,calyx,campanulate,cm,connate,corolla,densely,elliptic,fruit,glabrous,green,growth,irregular,leaf,lobe,minutely,mm,opposite,ovary,ovoid-reniform,pale,papillose,pedicel,petiole,pinkish-grey,pitted,planar,plant,poricidal,red-papillose,shape,shiny,shrub,size,small,stem,stigma,strongly,style,surface,tan,tightly,tip,tree,tube,white,winged,x	.5,1,15-17,15-19,2-5,3-5-flowered,9-11,abruptly,acuminate,acute,apex,appearing,bark,base,blade,broad,closed,closely,completely,decurrent,dia,differing,difoliate,dry,eaf,edicel,eed,emerge,envelope,filament,fleshy,flower,free,furcate,geminat,glabrate,greyi,greyish,growing,lateral,like,live,lobed,lon,long,lower,main,major,margin,matte,middle,minor,minute,narrowing,nearly,new,nflorescence,occasionally,older,one,onto,overlappin,ovoid,pair,paler,papillae,papillo,parallel,pore,portion,rather,ry,scar,shaped,simple,soon,spaced,specimen,straight,tall,tapering,tear,tear-drop,thick,thicker,ud,unit,vein,wider,widest,wing,ympodial,young	adhesion,arrangement,colour,diameter,form,height,history,inflorescence,length,life,na,number,peduncle,perennial,position,presence,pubescence,ray,reproduction,rugulose,seed,staman,stellate,texture
9	wfo-0001025653	success	218	118	81	137	37	0.372	.0,.1,.2,.3,.5,.6,.7,.9,0.1,1.3,20,90°,acuminate,adnate,anther,apex,attenuate,base,blade,broad,brown,calyx,chartaceous,clinate,cm,corolla,deltoid,diameter,erect,extra-axillary,flower,fruit,glabrous,glandular,globolunate,globose,hair,heterostylous,lateral,leaf,least,less,lobe,lobed,long,margin,midpoint,minute,mm,much,obtuse,opposed,ovate,pedicel,peduncle,petiole,porrect-stellate,pubescent,ray,reddish,reduced,restricted,rhizomatous,rounded,scarcely,sessile,short,shrub,simple,sinuate,sparsely,stellate,stem,stigma,stipe,style,subcordate,surface,truncate,tube,±equal	.8,0.13,0.15,0.2–0.4,0.3–0.5,0.3–0.8,0.6–1.6,0.7–1.1,0.8,1.0–1.6,1.1–1.3,1.3–1.8,1.6,1.9–3.3,1–1.5,2.3–3.2,2.5–4.0,2.6,4–6,5-merou,6–8,6–9,7–12,8–11,abaxially,absent,adaxiall,adaxially,aequilateral,ag,alyx,among,anthesi,apart,apical,apparently,appearing,around,articulate,axe,ba,bark,bud,channeled,congested,craspedodromous,cylindrical,densely,developed,directed,distinct,dry,eaf,edge,eed,either,emerging,entire,extending,ferruginous,fertile,filament,filiform,free,increasing,intact,internode,interpetalar,intersepalar,know,known,lanceolate,layer,lon,longer,low,lower,mature,midrib,midvein,nflorescence,noticeably,oblique,occasionally,opaque,orolla,persistent,plurifoliat,pore,porrect,portion,potentially,prickl,prickle,primary,raised,remaining,rigid,row,ruit,secondary,see,seen,short-stipitate,shorter,shot-stipitate,side,sloughing,splitting,spread,stamen,stellae,stellate-pubescent,stipitate,straight,suture,tamen,tem,time,tip,tissue,transparent,truncat,two,ud,unarme,unarmed,unbranched,vary,vein,well,wide,yellow-ferruginous,ympodia,young,±erect,×	0.2-0.4,0.3-0.5,0.3-0.8,0.6-1.6,0.7-1.1,1.0-1.6,1.3-1.8,2.5-4.0,6-9,7-12,adhesion,arrangement,climate,colour,dense,form,growth,height,history,inflorescence,length,life,na,number,ovary,plant,position,presence,present,pubescence,reproduction,rugulose,seed,shape,size,staman,texture
10	wfo-0001025654	success	140	101	70	70	31	0.5	0,1,1-2,15-22,2,25-30,4,5-6,6,7-8,abaxially,absent,acumen,acuminate,anther,apex,base,blade,broadly,calyx,chartaceous,cm,cuneate,diameter,dull,elliptic,flower,fruit,glabrous,glandular,globose,hair,inflorescence,juvenile,lanceolate,later,leaf,lobe,long,margin,minute,minutely,mm,mostly,narrowed,oblique,pale,pedicel,peduncle,petiole,position,pubescent,purple,repand,shallowly,shortly,shrub,simple,size,stellate,stem,stigma,straw-coloured,style,sub-axillary,surface,toward,triangular,x,yellow	2-2.5,2-foliate,3/4,4-5,5,5-merous,?,abaxial,abortive,abundant,accrescen,adaxial,alyx,ape,apica,apparently,armed,articulated,axe,ba,branched,eaf,eed,erect,filament,flattened,frequently,fruiting,geminat,homostylou,hooked,larger,less,lower,mainly,mature,midvein,nflorescence,often,older,orolla,pedicellate,phase,pore,prickle,rachi,retrorse,ruit,scarcely,scattered,sessile,several,single,slender,slightly,smaller,solitary,sparsely,sub-acuminate,tal,tamen,tem,tip,unarme,unit,unknow,unknown,vary,ympodial,young	adhesion,arrangement,climate,colour,corolla,form,growth,height,history,length,life,midpoint,na,number,ovary,perennial,plant,presence,present,pubescence,ray,red,reproduction,rugulose,seed,shape,staman,stipe,texture,tube,unarmed
11	wfo-0001025655	success	226	156	126	100	30	0.558	-3-5-lobed,-8-17,0.3-0.4,1-1.2,1-1.5,1.3-1.5,1.5-2,11,2,2-2.5,2-3,2-5-celled,2.5-3,2.5-5-,3-,3-5,4,4-5,6-7,6-8,acuminate,anther,apex,asymmetric,attenuate,base,beige,blade,branch,calyx,canaliculate,cinereous,clavate,cm,cordate,cordate-lanceolate,curved,cyme,deeply,densely,diameter,enlarged,entire,epicarp,exceeding,ferruginous,ferruginous-pubescent,ferruginous-tomentose,flower,fruit,glabrous,glandular,glandular-stellate,glandular-tipped,globose,helicoid,hirsute-glandular,indument,lanate,leaf,leathery,length,lilac,linear-lanceolate,lobe,long,longer,lower,many-celled,midrib,minutely,mix,mm,monoclinous,mucilaginous,multiangulate-stellate,oblong-urceolate,parted,pedicel,peduncle,persistently,petiole,plant,porrect-stellate,prominent,ray,reddish,sessile,shrub,similar,slender,slightly,solitary,stamen,staminate,stellate,stem,stigma,straight,style,sub-capitate,sub-globose,sub-quadrangular,sub-sessile,subcoriaceous,subreniform,subsagittate,subterete,surface,time,tomentose,tomentose-velutinous,triangular-lanceolate,trichome,tube,unarmed,unbranched,uniseriate,villous,violet,wide,within,without,woolly,yellowish,young	0.6-0.8,1-2,1-3,1.4-2,2-3.5,3-7,3-8-flowered,4-6,5-6-merous,5-7,8-10,abaxial,accrescent,along,alyx,anthesi,armed,articulate,ba,bark,basal,branched,brow,brown,central,compressed,dark,di-,discolorous,distal,dry,eaf,eed,elongate,equal,erect,filament,free,fruiting,functional,fused,geminat,glabrescent,gland,gynoeci,held,long-exserted,long-stalked,maturit,multiangulate,multiseriate,nflorescence,numerous,older,one,orolla,papillo,part,peduncl,perennia,persistent,petiol,prickle,primary,prolonged,rachi,ranch,recurved,reduced,reflexed,rounded,rugose,ruit,secondary,sepal,short,small,somewhat,sparsely,splitting,stalk,stalked,stellae,stellate-glandular,strongly,surrounded,tall,tamen,terete,trifoliate,unit,upright,vary,vein,velutinous,viscid-velutinous,weakly,ympodial,¼,½	adhesion,arrangement,climate,colour,corolla,form,growth,hair,height,history,inflorescence,life,margin,midpoint,na,number,ovary,papillose,perennial,position,presence,present,pubescence,reproduction,seed,shape,size,staman,stipe,texture
12	wfo-0001025656	success	209	139	110	99	29	0.526	-10,-14,0.2-,0.2-0.3,0.2-0.4,0.8-1,1-1.5,1-2,1-4,1.5-2,1/3,12-15,2-2.5,2.5-5,3-12,3-3.5,3-7,4-4.5,4-5,5-,6,6-11,8-10,8-9,abaxially,acuminate,acute,adaxially,adult,almost,anther,apex,apically,basal,base,berry,blue,brown,calyx,channelled,chartaceous,clavate-truncate,cm,coriaceous,corolla,cuneate,diameter,elliptic,elliptic-ovate,entire,flattened,flower,foliaceous,glabrous,glandular,globose,green,growth,heterostylous,hirsute,inflorescence,internodal,juvenile,lanate,linear-lanceolate,lobe,lobed,lobed-angulate,long-stalked,long-styled,loosely,margin,mature,midpoint,minutely,mm,ochraceous,ovary,ovate,pedicel,peduncle,petiole,plant,poricidal,pubescence,pubescent,purple,reniform,rounded,rusty,short-styled,shrub,simple,stellate,stem,stigma,style,subcoriaceous,subglobose,subreniform,subtuncate,surface,tapering,tip,tomentose,tomentose-lanate,tube,viscid,x,yellow	0.5-0.6,1.8-2,10-,10-15,3,30-40,4-6,along,anthesi,apart,apical,armed,bark,branched,cell,congested,corymbose,curved,cyme,densely,denser,discolorous,distal,eaf,eed,elongate,erect,evenly,exserted,filament,flexuous,free,fruiting,gland,gre,grey,inflorescenc,lengthening,like,long,longer,looser,lower,midrib,minute,mixed,multangulate,multicellular,near,new,nflorescence,older,papillat,partially,perfect,pericarp,plurifoliat,pore,porrect,portion,prickle,prickly,raised,reflexed,relatively,reticulate,rugose,ruit,scandent,scar,sessile,several,short-stalked,single,slightly,spaced,sparse,sparsely,stalk,staminate,straight,subscandent,tall,testa,time,tomentose-velutinous,trichome,turbinate,ud,unit,upper,vein,venation,white,whitish,without,wood,ympodial,young	adhesion,arrangement,blade,climate,colour,form,fruit,hair,height,history,leaf,length,life,na,number,papillate,perennial,position,presence,present,ray,reproduction,rugulose,seed,shape,size,staman,stipe,texture
13	wfo-0001025657	success	239	124	97	142	27	0.406	0.1-0.4,0.2-0.4,1-1.1,1-1.3,1-1.6,1-3,1.2-1.5,1.5-1.8,2-10,2.2-5.5,2.5-9.3,2.7-4.3,3-4,3-6,4-4.4,5-14,5-16,6-12,7-27,8.3-12,abaxially,acute,adaxially,anther,apex,base,blade,bluish,blunt-tipped,brown,calyx,chartaceous,cm,conical,cordate,corolla,dark,deltoid,densely,diameter,dried,entire,fleshy,flower,fruit,glabrous,glandular,granular,green,hair,half,inserted,lanceolate,leaf,length,lobe,lower,margin,mm,narrowly,oblong,orbicular,ovate,pale,pedicel,peduncle,persistently,petiole,plurifoliate,porrect-stellate,present,pseudo-terminal,pubescence,ray,reticulate-punctate,ripe,semi-ovate,shrub,soft,stellate,stellate-pubescent,stem,stigma,style,subcampanulate,suborbicular,surface,tan,tomentose,tomentose-pubescent,tree,tube,velutinous-pubescent,white,x,yellow,yellowish	-2,/3,0.5-2.5,1.3-2,1.7-1.9,12x,2-3.5,2/3,25-60,3-4.8,3.2-6,4-4.5,4-7,6-8,6.5-10,7-9,7-9.5,8-10.5,accrescent,ag,also,anthesi,apart,apparently,appearing,ark,around,articulated,ascending,axe,axillary,ba,berry,branch,branched,broadly,bud,capitat,central,closely,cylindrical,dendritic-multangulat,dendritic-multangulate,dense,directed,distally,due,eaf,earl,edge,eed,elliptic,especially,evident,exerted,expanded,exserted,farinose,few-rayed,filament,free,fruiting,glandula,lanate-pubescent,lateral,lengthening,light,lobed,long,long-stalked,longitudinal,m.,magnification,main,midrib,minutely,mixed,multangulate,nearly,nflorescence,obtuse,occasional,often,older,open,orolla,ovat,ovate-lanceolate,overlapping,part,parted,partly,perfect,persistent,pore,poricidal,pubescent,rachi,reportedly,ruit,scented,sessile,short,short-,short-stalked,side,simple,slightly,slit,somewhat,spaced,splitting,stamen,stipitate-glandular,stipitate-multangulate,strongly,subcoriaceous,suture,tall,tamen,terete,thick-stalked,thickened,thin-stalked,time,tip,tomentum,transparent,two-third,ud,unarme,unarmed,unit,upper,usually,vary,vein,way,weakly,wide,ympodial,young	adhesion,arrangement,capitate,climate,colour,form,growth,height,history,inflorescence,life,midpoint,na,number,ovary,perennial,plant,position,presence,reproduction,rugulose,seed,shape,size,staman,stipe,texture
14	wfo-0001025666	success	217	129	104	113	25	0.479	0-0.7,0.2-0.35,0.2-0.8,0.25-0.35,0.25-0.4,0.3,0.5-1,1,1-1.5,1-1.7,1.5-1.8,1.5-2.5,1.5-3.5,2-3,2.8-4.5,21-30,3-3.5,3.5-4,4-5,5.5-9.5,6-20,6-7.5,7-8,abaxially,acute,adaxially,andromonoecious,anther,apex,attenuate,base,blade,brown,calyx,center,chartaceous,cm,connivent,cuneate,cylindrical,densely,diameter,distal,elliptical,entire,extra-axillary,finely,flattened,flower,fruit,glabrous,gland-tipped,globose,hair,half,inflorescence,lateral,leaf,length,lobe,lobed,long,loosely,margin,midpoint,mm,moderately,narrowly,obtuse,ovate,pale,pedicel,peduncle,perennial,petiole,pinkish,plant,present,prostrate,purple,ray,reticulate,ridged,shallowly,short,shrub,simple,slightly,sparsely,stellate,stellate-pubescent,stigma,stoloniferous,style,surface,tapered,terete,throughout,time,tube,whitish,x,yellow,yellowish-green	%,.8,0-5,0.05-0.25,0.2-0.3,0.5-1.5,0.5-2,1-1.4,1-2,1-locular,1.6-2.3,10-30,14-29,2-4,2-8,20-60,25-65,3-5,3-7,4-6,5-6,5-merou,8-12,9-10,9-20,absen,absent,acicular,across,alyx,apart,armed,articulated,axe,ba,capitat,confined,cross-section,d.,difoliate,directed,distall,eaf,eed,eglandular,elliptica,exocarp,filament,finger,fruiting,functional,geminate,green,heterostylous,incomplete,index,interpetalar,juicy,lamina,less,lobing,longer,lower,mature,mesocarp,midrib,midvein,minute,moist,nflorescence,oblique,orolla,part,per,placenta,pore,porrect,presen,prickle,probably,pseudo-racemose,pseudo-umbellate,rachi,ruit,septum,sessile,side,spaced,sparse,stage,stellae,straight,strongly,tal,tamen,tem,thick,tissu,tissue,transparent,triangular,unarme,unarmed,unbranched,unit,uvenile,vary,vein,weakly,white,wide,yellowish,ympodial	adhesion,arrangement,capitate,climate,colour,corolla,form,growth,height,history,life,na,number,ovary,position,presence,pubescence,reproduction,rugulose,seed,shape,size,staman,stem,texture
15	wfo-0001025669	invalid_json	216	118	87	129	31	0.403	'',.5,0.1-0.3,1-2,1-2.2,1-4,1.4-2.5,13-35,2-3,2-4,2.2-6,2.2-6.5,3-7,9-24.5,``,abaxially,acuminate,acute,adaxially,along,anther,base,blue,broadly,brownish,chartaceous,clavate,cm,condition,connivent,corolla,diameter,drying,elliptic,especially,flower,fresh,fruit,glabrous,globose,green,greenish,hair,herb,lanceolate,like,lobe,long,membranous,midrib,minutely,mm,moderately,monochasium,mottled,multicellular,odd-pinnate,ovate,ovoid,pedicel,peduncle,petiole,plant,puberulent,pubescent,purple,rarely,ripe,rotate,seed,short,size,slightly,sometimes,stem,stigma,streaked,style,subglabrous,tinged,tube,typically,white,whitish,wide,x,yellow	0-1,0-5,0-7,0.8-2.4,1,1-10,1-3,1.3-4.2,1.6-4.4,2,2.4-7,3-5,4-6,5-merou,absen,absent,acumen,ag,alyx,apart,apex,apparently,articulation,axe,berry,blade,capitat,cell,ciliate,clearly,contracted,covering,cuneate,decurrent,digestion,discussion,distal,distinct,dorsally,eaf,edge,eed,end,enzyme,erec,exceeding,except,extra,filament,flat,flowered,folded,forming,geminat,glabrou,greatly,green-white,hair-like,half,highly,homostylous,honeycomb-shaped,interjected,larger,lateral,leaflet,lengthening,living,lower,make,margin,minute,mucilaginous,near,nflorescence,oblique,obovate,obtuse,often,one,orbicular,orolla,pair,perfect,petiolulate,petiolule,placed,plurifoliate,pore,poricidal,proximal,reduced,removed,rosette,rounded,ruit,scale-like,see,sessile,seudostipule,single,slit,spaced,species,specimen,stamen,ste,stolo,straight,subequal,tall,tamen,tem,terminal,testal,thick,throughout,tip,tri-,truncate,tuber,unbranched,unequal,unit,unwinged,vary,wall,wet,ympodial	'extra,[,],adhesion,arrangement,calyx,capitate,characteristic,colour,form,growth,height,history,inflorescence,leaf,length,life,na,ovary,perennial,position,pubescence,reproduction,rugulose,shape,staman,surface,texture,value,{,}
16	wfo-0001025685	success	222	144	115	107	29	0.518	-15,-30,/3,0.2-0.3,0.3-1,0.4-6,0.45-0.9,0.5-1,1-4,1.4,1.5-2,12-13,2-3,2-5,2-6,2-7,3-3.5,3-4,3.5-10,4-4.5,4-5,6.5-9,7-18,abaxially,acuminate,acute,adaxially,adult,angulate,anther,apex,basal,base,berry,brown,calyx,chartaceous,clavate,cm,cordate,cordiforme,coriaceous,corolla,cuneate,deltate,diameter,entire,flattened,flower,glabrous,glandular,glandular-viscid,globose,green,growth,heterostylous,internodal,juvenile,lanceolate,like,lobe,lobed,long-styled,margin,midpoint,minute,mm,oblique,oblong-lanceolate,orangish,ovary,ovate,ovate-cordiforme,ovate-elliptic,pedicel,peduncle,petiole,plant,puberulent,pubescence,pubescent,quadrate,ray,red,reniform,ripe,scabrous,shallowly,short-styled,shrub,simple,size,small,sparsely,stellate,stem,stigma,style,subcompressed,subglobose,subscabrous,subtruncate,tapering,tomentose-floccose,tomentose-scabrous,tree,triangular-lanceolate,trichome,truncate,tube,velutinous-floccose,way,white,x,yellowish	-22,/4,0.3-0.5,1-1.5,1-multicellular,1.5-2.5,1.8-2.5,10-15,2,2-2.2,2-4,3,3-10,50,7-8,8-10,<,anthesi,apart,apiculate,armed,articulated,ascendin,bark,basally,branched,caly,channelled,concav,curved,dark,deciduous,dense,discolorous,distal,eaf,eed,elongating,erect,exserted,filament,finely,flowering,foliaceous,free,fruiting,glabrescen,heavily,impressed,larger,long,lower,minutely,mixed,multangulate,multicellular,new,nflorescence,obverse,older,ornamented,papillo,partially,per,perfect,pericarp,persistent,plurifoliat,pore,poricidal,porrect,portion,prickle,prickly,raised,recurved,reduced,reflexed,rest,reticulate,ruit,scandent,scar,sessile,slightly,slit,spaced,sparse,stalked,staminate,straight,subcordate,testa,thick,time,tip,tomentose-ferruginous,tomentose-velutinous,turbinate,ud,uneven,unit,vein,venation,without,woody,ympodial	adhesion,arrangement,blade,climate,colour,denser,form,fruit,hair,height,history,inflorescence,leaf,length,life,na,number,perennial,position,presence,present,reproduction,rugulose,seed,shape,staman,stipe,surface,texture
17	wfo-0001025688	success	218	124	74	144	50	0.339	0.2,0.5,1-celled,4-lobed,abaxially,abruptly,acute,adaxially,also,anther,apex,base,blade,brown,calyx,cm,cylindrical,deeply,densely,diameter,entire,erect,extra-axillary,flower,free,fruit,glabrous,gland-tipped,globose,glutinous,hair,hyaline,leaf,lobe,long,margin,minute,mm,narrowly,otherwise,ovate,pedicel,peduncle,petiole,pilose,puberulent,pubescence,rarely,rather,ripe,scattered,shrub,similar,simple,size,sparsely,stellate,stem,stigma,style,suborbicular,surface,tapering,thin-textured,triangular,truncate,tube,vein,white,x,yellow,yellow-green,yellowish-green,±	0.1,0.1–2,0.5–2,0.5–3,0.5–3.5,0.6–0.8,0.6–2,0.6–2.4,0.6–4,0.8,0–10,1,1.3–1.7,1.5–2,1.5–3,1.5–4,1/2,14155,15–25,1–1.5,1–1.6,1–1.8,1–2,1–3-celled,1–6-celled,1–8,2-foliate,25,2–3,2–3.5,2–4-celled,2–4–celled,3.2–3.6,3–10,3–4,4,40–75,4–15,4–5-rayed,4–6,4–9,5,59,5°,5–18,6–7,6–8,8–10,8–15,=,accrescent,acicular,adaxiall,angle,anthesi,armed,ascending,average,axe,branch,coiling,conpsicuously,constricted,contiguou,curved,darker,dense,developing,directed,distall,distally,eaf,eed,enlarged,except,fewer,filament,flattened,flowering,fresh,fruiting,geminate,gland,grading,green,lacking,lanceolate,larger,less,lobed,lon,lower,major,many,minor,mottling,n,narrowed,nearly,nee,nflorescence,none,often,one,orolla,per,pericarp,pore,prickle,rachi,recurved,ruit,scarious,sessile,short,single,slightly,small,sometimes,somewhat,spreading,stellae,stipitate,straight,sulcate,tal,tamen,tem,thic,thick,thickene,thickened,tip,truncat,twice,unbranched,unit,upper,usually,vary,way,wide,wing,ympodial	0.1-2,0.5-3,0.5-3.5,0.6-2,0.6-2.4,0.6-4,1-1.5,1-2,1-6-celled,1.5-3,15-25,2-3.5,2-4-celled,3.2-3.6,4-15,4-6,4-9,5-18,6-7,8-15,adhesion,arrangement,climate,colour,corolla,form,glandular,growth,height,history,inflorescence,length,life,midpoint,na,number,ovary,perennial,plant,position,presence,present,ray,reproduction,rugulose,seed,shape,staman,stipe,texture
18	wfo-0001025694	success	199	111	60	139	51	0.302	20,abaxially,acute,andromonoecious,anther,apex,attenuate,base,blade,brown,calyx,chartaceous,cm,connivent,densely,diameter,elliptic,entire,erect,flower,fruit,glabrous,glandular,globose,green,hair,inflorescence,length,lobe,margin,midpoint,mm,moderately,mottled,obtuse,often,orange,ovate,pedicel,peduncle,petiole,plant,pubescent,ray,reniform,shrub,simple,sparsely,stellate,stellate-pubescent,stem,stigma,style,surface,tan,triangular,tube,white,yellow,young	0.2,0.2–0.3,0.3–0.6,0.5–1,0.5–1.5,0.5–3,1,1.5–2,1.5–3.5,10–15,10–25,1991,1–2,1–2.5,1–3,2.5,2.5–11,25–50,2–15,2–3,2–3.5,2–4,2–5-branched,3–5,3–6,4–12,4–15,4–5,5-merous,5–10,6–10,6–20,8–12,abaxial,absen,absent,accrescent,adaxial,adaxiall,adaxially,alyx,androgynoecious,apart,apical,armed,articulated,asymmetrical,axe,ba,becoming,berry,beyond,capitat,center,completely,cordate,covering,cylindrical,dark,discolorous,drying,eaf,eed,exerted,exserted,filament,flattened,frui,fruiting,functionally,fused,gland-tipped,hermaphroditic,heterostylou,interpetalar,like,little,long,lower,male,matur,membranaceous,midrib,midvein,mixed,multicellular,multiseriate,narrowly,nearly,nflorescence,occasionally,opening,orolla,per,pinnate,plurifoliat,pore,porrect-stellate,prickle,rachi,recurved,reflexed,roselike,rugose,ruit,rusty,scandent,secondary,short,side,slit,spaced,sparse,specifically,spine,stalk,stamen,staminate,still,swollen,tal,tamen,tem,tip,tissue,triangular-ovate,turning,unicellular,uniseriate,unit,vary,vein,venation,walker,whelan,whitish,wide,ympodial,×	0.2-0.3,0.3-0.6,0.5-1,0.5-1.5,0.5-3,1-2.5,1-3,1.5-2,1.5-3.5,10-25,2-15,2-3,2-3.5,2-4,2.5-11,3-5,3-6,4-15,5-10,6-10,6-20,adhesion,arrangement,capitate,climate,colour,corolla,form,growth,height,history,leaf,life,mature,na,number,ovary,perennial,position,presence,present,pubescence,reproduction,rugulose,seed,shape,size,staman,stipe,texture,x
19	wfo-0001025697	success	181	122	88	93	34	0.486	-9,0-14,0.15-0.75,1-1.7,1-3,1.5-1.8,1.7-8.6,10-26,2-2.6,2-6,25-35,3-10,3-4,3-5,3-6,3.3-11,4-7.5,5.5-11.5,6.5-13.5,abaxially,acuminate,acute,adaxially,anther,apart,apex,attenuate,base,blue,brownish,cell,clavate,cm,condition,connivent,coriaceous,corolla,dark,deep,diameter,distal,drying,elliptic,flower,forked,fresh,fruit,glabrescent,glabrous,globose,green,greenish,half,herb,high,honeycomb-shaped,interjected,lanceolate,leaf,leaflet,light,lilac,lobe,medium,mm,mucilaginous,odd-pinnate,orbicular,ovate,ovoid,pedicel,peduncle,pentagonal,petiole,plant,purple,rotate,seed,size,stigma,stripe,style,terminal,testal,tube,whitish,x,yellow	0.6-3.5,0.8-2,1-2,2-10.5,2-4,5-merou,acumen,adaxiall,ag,alyx,apparently,articulated,asymmetric,axe,axillary,basiscopic,berry,blade,bud,capitat,covering,decreasing,decurrent,digestion,dorsally,eaf,edge,eed,enzyme,erec,exceeding,filament,flat,folded,geminat,generally,glabrou,green-white,hair,hair-like,hal,homostylous,lateral,lengthening,linear,living,long,lower,make,nflorescence,orolla,pair,perfect,petiolulate,plurifoliate,pore,poricidal,rachi,removed,ripe,rounded,ruit,sessile,seudostipule,short,side,slightly,slit,spaced,specimen,stamen,straight,subequal,subglabrou,subtending,tall,tamen,tem,thick,throughout,tip,tissue,toward,tri-,typically,unit,unwinged,usually,vary,wall,wet,wood,ympodial	abaxial,adaxial,adhesion,arrangement,articulation,calyx,capitate,colour,form,growth,height,hermaphroditic,history,inflorescence,length,life,na,number,ovary,perennial,position,pseudostipule,pubescence,reproduction,rugulose,shape,spacing,staman,stem,subglabrous,surface,texture,woody,ye
20	wfo-0001025699	success	181	109	83	98	26	0.459	1,1-1.5,1-2.5,1/3,10,15-20,2,2-2.5,2-6,2cm,3-3.5,3-5.5,3-8,4-5,5.5-14,8-9,absent,almost,anther,base,becoming,berry,brown,calyx,capitate,cm,completely,conical,corolla,cup-shaped,dark,darker,diameter,dry,ellipsoid,elliptic,glabrous,globose,green,grey-brown,growth,immature,inflorescence,lanceolate,leaf,leaf-opposed,leafy,lobe,lobed,minutely,mm,narrowly,ovary,pale,papillose,pedicel,peduncle,perfect,petiole,poricidal,reniform,reticulate-pitted,rounded,rounded-sagittate,shoot,short,simple,slightly,small,stem,stigma,style,surface,tangled,tip,tree,triangular,trichome,tube,way,white,x,½	.2,.5,0.5,1-2,1-3,1.5,1.5-2,3-15,499,5-8,5-winged,abaxially,acute,adaxially,age,anthesi,apart,apex,apparently,appearing,articulating,attenuate,bark,branching,c.,campanulate,conspicuously,continuing,corrugate,crystal,deltate,densely,difoliate,dorsal,drying,eaf,eed,entire,erect,exerted,face,fide,filament,flower,free,fruiting,glabrou,included,inclusion,inflorescenc,irregularly,leaving,lengthening,less,lower,margin,markedly,midrib,new,nflorescence,nodding,older,one,onto,oxalate,pair,papillat,peg,penden,per,plurifoliate,pore,portion,primary,red,reddish,ruit,sand,scar,slit,somewhat,spaced,stearn,straight,strongly,thickened,time,ud,unit,vein,white-spotted,wide,wing,winged,woody,yellow,ympodial,young	1.2,3,adhesion,arrangement,colour,form,fruit,height,history,length,life,na,perennial,plant,position,presence,pubescence,reproduction,rugulose,seed,shape,size,staman,stellate,texture,unknown
21	wfo-0001025700	success	189	120	87	102	33	0.46	0-16,0.30-2.0,0.7-2.7,0.8-2.6,1-3,1.5-2,10.5-12,15-40,2-12,2-7,2.5-4,3.5-10.5,5-15,5-20,5.3-17.5,5.5-18,5.5-8,9-31,abaxially,acumen,acuminate,acute,adaxially,anther,apex,apiculate,articulated,attenuate,axillary,base,brownish,bud,chartaceous,clavate,cm,condition,corolla,diameter,distal,dot,drying,elliptic,fresh,fruit,glabrescent,glabrous,globose,green,greenish,hair,half,herb,high,interjected,lanceolate,lateral,leaf,leaflet,light,lilac,lobe,mm,odd-pinnate,orbicular,ovate,ovoid,pedicel,peduncle,pentagonal,petiole,plant,purple,ripe,rotate-pentagonal,seed,short,size,sometimes,stigma,style,subtending,terminal,tube,white,whitish,x,yellow	0.5-2,0.8-4,1-2,1.1-2.3,10-40,3-4,3-8,3.7-8.6,4-5,5-merou,acuman,ag,alyx,apparently,asymmetric,axe,basal,basiscopic,berry,blade,capitat,cell,connivent,considerably,covering,decrease,decreasing,digestion,dorsally,eaf,edge,eed,enzyme,erec,exceeding,except,filament,flat,flower,folded,forked,geminat,generally,glabrou,green-white,hair-like,hal,homostylous,honeycomb-shaped,larger,lengthening,linear,living,long,lower,make,medium,mucilaginous,narrowly,nflorescence,orolla,pair,par,perfect,petiolulate,plurifoliate,pore,poricidal,proximal,removed,rounded,ruit,sessile,seudostipule,side,slightly,slit,specimen,stamen,straight,subequal,subglabrou,tall,tamen,tem,testal,thick,throughout,tip,tissue,toward,tri-,typically,unit,unwinged,usually,vary,wall,wet,whose,winged,ympodial	adhesion,arrangement,calyx,capitate,climate,colour,form,growth,height,history,inflorescence,length,life,midpoint,na,number,ovary,perennial,position,presence,pseudostipule,pubescence,ray,reproduction,rugulose,shape,staman,stellate,stem,stipe,subglabrous,surface,texture
22	wfo-0001025702	success	279	139	108	171	31	0.387	.0,.3,.5,.7,0.04,0.3–0.4,0.3–2.2,0.4–2.3,0.5–1.3,0.6–0.9,0.6–1.0,1.2–1.6,1.4–2.8,1.6–1.7,1.6–2.0,1.6–2.3,1.7–2.3,1.7–9.2,2,2.3,2.3–7.8,3.2,4.5–5.2,6–10,6–8,abaxially,acuminate,acute,adaxially,adnate,anther,apex,apiculate,attachment,attenuate,base,becoming,blade,calyx,capitate,chartaceous,cm,corolla,cream,cuneate,deltate,deltoid,densely,developed,diameter,dry,elliptic,entire,extra-axillary,ferruginous,flattened-orbicular,flower,fruit,glabrous,glandular,globose,hair,homostylous,incurved,interpetalar,lanceolate,lateral,lobe,margin,mature,midpoint,minute,mm,moderately,nearly,notched,oblong,obtuse,ovate,pedicel,petiole,point,poorly,pubescent,ray,red,rounded,scandent,shrub,simple,somewhat,sparsely,stellate,stem,stigma,style,sub-coriaceous,tip,tissue,toward,truncate,tube,white,yellow,yellow-ferruginous,yellow-tan,×,–6	.1,/2,0.5–0.6,0.5–0.8,0.7–1.4,1.3–1.8,1.3–2.8,1.4–1.6,1.4–2.2,1.6–1.8,1.6–2.1,1.7,1.9,1/3,1/4–1/3,2.0–3.2,2.2,2.2–2.9,2.3–6.6,2.5,2.6–7,2–14,3.6–3.9,4,4.3,4–16,5-merou,5.2–7.5,5.4,6.6,6.9–10.3,adjacent,aequilateral,ag,alyx,anthesi,apart,apical,apparently,appearing,appresse,around,articulate,axe,ba,bark,based,berry,branch,broad,broad-based,broadly,brochidodromous,brown,bud,channeled,completely,congested,curved,deciduous,deflexed,dentate,difoliate,directed,distal,distally,distinct,eaf,edge,eed,either,emerging,endocarp,exocarp,extending,fertile,filament,filiform,flexed,forked,free,geminat,glossy,gradually,gree,hooked,hort,increasing,indistinct,intact,internode,intersepalar,joining,juic,laterally,lax,layer,limp,lon,long,longer,lower,m.,midrib,midvein,nflorescence,oblique,occasionally,opaque,orolla,per,perforated,pore,porrect,portion,potentially,presen,prickle,primary,pseudo-intermarginal,pseudo-peduncle,raised,reddish,reflexed,remaining,retrorse,row,ruit,scattered,secondary,seen,sessile,shoot,side,sinus,sloughing,smoot,smooth,sometimes,soon,splitting,spread,stamen,stellae,stellate-pubescent,straight,strongly,surface,suture,tamen,tem,thin,time,transparent,triangular,two,ud,unarmed,unbranched,upper,vary,vein,wide,yellow-ferruginou,ympodia,young,±90,±90°,±connivent,±equal,±glabrous	5-merous,adhesion,arrangement,climate,colour,form,green,growth,height,history,inflorescence,leaf,length,life,na,number,ovary,peduncle,perennial,plant,position,presence,present,pubescence,reproduction,seed,shape,size,staman,stipe,texture
23	wfo-0001025704	success	248	138	109	139	29	0.44	0-3.5,0.1,0.1-0.5,0.3-0.8,0.7-1,1-3.5,1-6,1.2-3,1.5-3.2,1/2-4/5,1/5,2-3,2-4.5,2-7,2.7-4,3-15,3-5,3-6,4-5,4.5-6.5,6-12,8-12,8-15,abaxially,acute,almost,andromonoecious,anther,apex,apically,apiculate,auriculate,base,blade,calyx,chartaceous,cm,connivent,cordate,deltate,densely,diameter,discolorous,drying,ellipsoid,elliptic,erect,evenly,flattened-reniform,fruit,glabrescent,green,green-yellow,irregular,lateral,leaf,length,lobe,lobed,long,margin,maturity,mauve,midpoint,mm,near,often,orange,orange-brown,outline,ovate,pale,pedicel,peduncle,petiole,plant,poricidal,ray,round,shape,shrub,side,small,smooth,sometimes,somewhat,sparsely,spherical,stellate,stellate-pubescent,stem,strongly,style,surface,tapering,terminal,tip,tree,truncate,tube,upper,warty,way,white,wide,yellow,yellowish,young,×	-10,-2,-3,-5,/6,0,0-100,0-2,0-5,0.1-0.3,0.15-0.8,0.5-1.5,1,1-4,1.5-2,1.5-4.5,1.8-3.5,1/4-3/4,2,2-10,2-5,2.5-4.5,3-10,4-12,5-20,5-merous,6-15,8-17,abaxial,adaxial,age,alyx,apar,apart,apparently,articulated,axe,ba,bark,berry,branched,broad-deltate,brow,cell,covering,curved,development,distal,distance,eaf,eed,elongating,end,equal,extending,filament,flattened,flower,free,fruiting,glabrous,gray,half,hermaphrodite,heterostylous,infructescence,less,lobing,long-styled,longer,lower,lowermost,mature,midvein,moderately,multangulate,nflorescence,obtuse,occasionally,older,one,open,orolla,oung,pair,pendulous,per,pericarp,pit,plurifoliat,porrect,portion,prickl,prickle,prickly,primary,prominent,raised,rarely,recurved,red-brown,red-green,reflexed,retaining,rounded,ruit,scar,secondary,sessile,short-styled,shorter,slender,spaced,spreading,stalk,stalked,staminat,stellate-pubescen,stout,straight,tamen,terete,tertiary,throughout,time,trichome,unarmed,unbranched,unit,variously,vary,vein,venation,visible,white-gray,widening,woody,yellow-green,ympodial	adhesion,arrangement,climate,colour,corolla,form,glandular,growth,hair,height,history,inflorescence,life,na,number,ovary,perennial,position,presence,present,pubescence,reproduction,rugulose,seed,size,staman,stigma,stipe,texture
24	wfo-0001025714	success	249	127	75	174	52	0.301	-5,-rayed,0.5,2,2.5,2.8,abaxially,acute,adaxially,anther,apex,attenuate,base,blade,broadly,calyx,cm,cylindrical,decidedly,diameter,extra-axillary,flattened,flower,free,fruit,glabrous,gland-tipped,glandular-pubescent,globose,hair,hyaline,less,light,lobe,lobed,long,longer,margin,maturity,minutely,mixed,mm,narrowly,orbicular,ovary,ovate,pedicel,peduncle,petiole,pilose,pubescence,rounded,scattered,shrub,similar,simple,size,stellate,stem,stigma,stipitate-glandular,style,subcordate,subreniform,tan,thin-textured,triangular,truncate,tube,usually,white,wide,x,yellow,yellowish	%,.2,0.1–0.8,0.2–0.8,0.5–0.6,0.5–1.3,0.5–2,0.8,0–0.4,1,1.2–2.4,1.3–3,1.5–2,1.5–2.5,1.5–3.5,1.6–2.3,1.8–,1/3,100,10–11,13,15,15–25,1–2,1–4,2-foliate,2.2–3,2.5–3.8,2–3,2–4-celled,2–7,2–8,3.7–5,3–16,3–9,4–18,4–6,5,5.9–7.5,50,5–25,5–6.5,6.2–6.8,6–16,7–18,7–8.5,8–13,9.2–10,9–22,>,absent,accrescent,acicular,adaxiall,additional,always,anthesi,apart,appearing,armed,around,articulated,ascending,asia,axe,ba,berry,branch,capitat,caudate-tipped,completely,concealing,covering,curved,differing,dilated,dimorphic,directed,distall,eaf,eed,enlarged,entire-margined,erect,fertile,few-branched,few-rayed,filament,forward,frui,fruiting,geminat,glabrou,gland,gland–tipped,half,halfway,herbarium,horizontally,immediately,increasingly,lacking,larger,latter,lobing,longest,lower,lowermost,mainly,major,male,many-rayed,midrib,minor,minute,multangulate,nearly,nflorescence,numerous,obtuse,often,one,orolla,pair,per,perhaps,plane,pointing,pore,predominating,prickle,pubescent,rachi,rare,rarely,recurved,reflexed,ruit,scarcely,sessile,short,shorter,single,slender,slightly,small,smaller,sometimes,spaced,sparse,specimen,spine,spreading,stellae,stipitate,stouter,straight,subglabrous,tal,tamen,tem,terete,time,toward,unbranched,unequal,unit,upper,various,vary,way,ympodial,–1.25,–7–9	0-0.8,0.1-0.8,0.2-0.8,0.5-0.6,0.5-1.3,0.5-2,1-2,1.3-3,1.5-2,1.8-3,15-25,2-3,2-4-celled,3-16,3-9,4-18,4-6,5-6.5,5.9-7.5,6.2-6.8,7-9,9-22,adhesion,arrangement,capitate,climate,colour,corolla,form,glandular,growth,height,history,inflorescence,leaf,length,life,midpoint,na,number,perennial,plant,position,presence,present,ray,reproduction,seed,shape,staman,stipe,texture
25	wfo-0001025726	success	158	109	75	83	34	0.475	-10,-16,-5,0.2-0.3,0.5,1,1-1.5,1-2.5,1-3,10-15,2.5,3-10,3-5,5,6-12,6-8,abaxially,acuminate,acute,adaxially,anther,apex,base,blade,brown,calyx,campanulate,chartaceous,cm,compound,diameter,entire,flattened,fruit,glabrous,globose,green,hair,imparipinnately,light,lobe,margin,mm,narrowly,oblong,occasionally,pedicel,peduncle,perennial,petiole,pinnate,pinnatifid,puberulent,purple,rarely,rounded,rugose,shape,simple,size,slender,spreading,stellate,stigma,strongly,style,surface,terminal,tube,variable,variously,white,woody,x,yellow	0-1,0.2,0.5-1.5,2-,2-3,20-40,3-4,4,4-10,7-9,accrescen,adaxiall,adjacent,ag,alyx,anthesi,armed,articulated,axe,ba,becoming,branched,broadly,clustered,confluent,connivent,dr.,eaf,eed,elliptic,elongating,equal,fertile,filament,flower,foveolate,fruiting,geminat,internode,lateral,leaflet,lengthening,lobed,long,major,midrib,nflorescence,oblon,often,orolla,ovate,plurifoliate,pore,poricidal,present,prickle,rachi,ranging,recurve,recurved,ruit,scandent,side,slit,stout,straight,subwoody,swollen,tamen,tem,terminally,time,tip,truncat,ud,unbranched,unit,usually,vary,vein,vin,wide,ympodial	adhesion,arrangement,climate,colour,corolla,dry,form,glandular,growth,height,history,inflorescence,leaf,length,life,midpoint,na,number,ovary,plant,position,presence,pubescence,ray,reproduction,rugulose,seed,staman,stem,stipe,texture,true,truncate,vine
26	wfo-0001025729	success	177	106	70	107	36	0.395	.5,/4,0.7-1.2,1-1.5,1-5,1.1-1.5,1.2-1.8,1.5-2,1.75,2,20,4-5,4-8,9-17,acute,anther,apex,apiculate,base,bright,calyx,cm,corolla,cyathiform,deltoid,dia,dirty,elliptic,flattened-reniform,fleshy,glabrous,globose,green,greenish-yellow,greyish-brown,leaf,live,lobe,lobed,long,margin,minutely,mm,opposite,ovary,pale,papillose,pedicel,petiole,plant,ripening,rounded,shiny,short,size,stem,stigma,stout,style,surface,tree,treelet,trichome,tube,tuft,uniseriate,way,white,x,yellow	-20,0.25-0.5,2-3.5,3-6,5-50-flowered,6-8,7-8,abaxial,abaxially,abrupt,adaxially,along,anthesi,apar,apical,appearing,axil,bark,basal,berry,black,blackish,branched,bristly,bud,covered,covering,dark,deflexed,densely,denser,diam,differing,difoliate,drying,eaf,edicel,eed,enclosed,expanded,f,filament,free,fruiting,furcate,geminat,gently,glabrou,growing,incrassate,lamina,lat,lateral,like,lon,lower,m.,main,mainly,major,member,middle,minor,minute,nflorescence,oblique,occasionally,often,older,one,overlapping,overtopping,pair,papillo,partially,pit,pitted,pore,poricidal,portion,prominent,pubescent,quite,raised,reflexed,ruit,scar,shaped,simple,sparsely,straight,tall,tapering,tear-drop,terminal,tip,touching,tub,ud,unit,usually,vein,widening,widest,woody,ympodial,young	4-20,adhesion,alternate,arrangement,blade,climate,colour,diameter,form,fruit,glandular,growth,hair,height,history,inflorescence,length,life,midpoint,na,number,peduncle,perennial,position,presence,pubescence,ray,reproduction,rugulose,seed,shape,staman,stellate,stipe,texture,ye
27	wfo-0001025737	success	220	143	90	130	53	0.409	0.6,1.5,1.5-2,10,abaxially,adaxially,angularly-cordate,anther,apart,apex,articulated,attenuate,base,blade,branch,bright,cm,densely,diameter,entire,extra-axillary,fertile,flattened-reniform,flower,free,fruit,glabrous,gland-tipped,globose,growth,hair,interpetalar,juicy,lateral,light,lighter-colored,like,linear-attenuate,linear-lanceolate,lobe,lobed,long,loosely,margin,midpoint,minute,minutely,mm,narrow,near,obtuse,orange,ovate,ovate-lanceolate,pale,pedicel,peduncle,per,petiole,pitted,rarely,ray,reflexed,rounded,seed,shallowly,shiny,shrub,side,simple,slender,spaced,stellate,stellate-tomentose,stem,stigma,stipe,style,surface,thick-chartaceous,tinge,tissue,tomentose,triangular-attenuate,tube,usually,violet,white,x,yellow	-branched,0.2–0.3,0.3–0.7,0.3–2,0.6–0.9,0.7–1.3,0.8–1.1,0.9–1.1,1.4–1.8,1.5–2,1.5–3,1.5–5,1.5–6.5,1.7–2.2,10–12,1–,1–1.2,1–1.5,2,2.5–3,2.5–4.5,25–50,2–3,3,3.5–5,3.5–8,3–10,44599,47092,4–11,4–6,5,5-merous,51,5–6,7–8,8–10,8–16,9-10,95,absent,accrescen,acute,adaxiall,age,alyx,apical,apparently,appressed-tomentose,armed,axe,ba,becoming,broad-based,capitat,deeply,difoliate,directed,distall,eaf,eed,except,filament,filiform,finely,geminat,glabrou,green,greenish,high,homostylous,immature,internode,juvenile,lance-ovoid,lon,long-stipitate,lower,major,midvein,midzone,mixed,nee,nflorescence,northern,numerous,oblong,odorle,orolla,part,perfect,persistently,pore,porrect,prickle,principal,range,ruit,scarcely,sessile,short-,short-stipitate,shorter,sinus,southern,sparsely,splitting,ste,stellae,stellate-pubescent,straigh,straight,tamen,tem,time,tomento,turning,ud,unarmed,vary,vein,vigorous,whitish,wide,ympodia,×,–14,–20,–3,–4	0.2-0.3,0.3-0.7,0.3-2,0.6-0.9,0.8-1.1,0.9-1.1,1-1.5,1.4-1.8,1.5-3,1.5-5,1.7-2.2,10-12,14,2-3,2.5-3,2.5-4.5,20,3.5-8,4,4-11,5-6,7-8,8-10,8-16,adhesion,arrangement,calyx,capitate,climate,colour,corolla,form,glandular,height,history,inflorescence,leaf,length,life,na,number,ovary,plant,position,presence,present,pubescence,reproduction,rugulose,shape,size,staman,texture
28	wfo-0001025741	success	231	137	112	119	25	0.485	0.5–0.8,0.5–3,1.1–2,1.2–1.5,1.8–2.1,11–14,12–15,15–45,1–4,2.5–3,2.5–3.5,2.5–8,30–120,3–10,4–6,4–7,5–17,6.5–9,abaxial,abundant,acuminate,acute,adaxial,along,andromonoecious,anther,anthesi,apart,apex,articulated,base,brown,calyx,chartaceous,cm,congested,connivent,covered,dark,densely,diameter,directed,equal,extraaxillary,fading,flattened,flower,fruit,glabrous,glandular,globose,green,hair,inflorescence,interpetalar,juicy,lanceolate,leaf,length,light,like,lobe,long,long-stalked,lustrous,maturity,mm,moderately,multangulate,orange,orange-tan,outline,ovate,pedicel,peduncle,petiole,plant,pore,porrect-stellate,pubescent,reniform,rotate-stellate,sessile,short,short-cylindrical,short-stalked,simple,spaced,sparse,sparsely,stalked,stellate,stem,stigma,strongly,style,surface,tan,tapered,thin,tissue,tree,tube,violet,white,yellow,young,×,–12,–20,–30,–8	.2,.5,0-0.1,0–0.1,1.7–2,10–35,1–2,1–2.5,20–23,29–36,2–3,2–3.2,2–4,2–7.5,3–6,4–5,5-merous,5–6,6–7,8–15+,8–18,abaxially,abundantly,adaxially,alyx,andromonoeciou,armed,axe,ba,bark,becoming,berry,blade,broad-based,capitat,column,cuneate,curved,cylindrical,db,deltate,deltoid,difoliate,distall,dry,eaf,eed,eglandular,either,emergent,entire,filament,flowering,free,fresh,frui,fruiting,functionally,geminat,golden-tan,half,hermaphroditic,heterstylous,included,inflated,knobby,lighter,lobed,lon,lower,major,margin,membranaceous,midpoint,midvein,multiseriate,nearly,nflorescence,oblique,once-branched,one,orolla,part,pericarp,present,prickle,rachi,ray,remaining,rugose,ruit,runk,shallowly,sharp,shiny,side,small,somewhat,stalk,staminate,stellate-pubescent,stout,straight,subtending,tamen,thi,time,tuft,unarmed,unbranched,unit,vary,vein,wide,within,ympodial,–28,–39,–6	adhesion,arrangement,capitate,colour,corolla,dbh,distally,form,growth,height,history,life,na,ovary,perennial,position,pubescence,reproduction,rugulose,seed,shape,size,staman,texture,true
29	wfo-0001025743	success	157	99	66	91	33	0.42	.5,0.15-0.3,0.4-0.5,0.4-0.8,0.5-0.9,0.9-2.6,1.2-4,2-3,2-4,2-4.5,2.8-3.5,3.5-5.5,4.5-5.5,5-10,6-7,adaxially,andromonoecious,apex,base,blade,broadly,brown,calyx,chartaceous,cm,cordate,cuneate,deeply,deltate,diameter,extra-axillary,fruit,glabrous,gland-tipped,globose,green,grey,hair,herbaceous,inflorescence,length,lobe,lobed,long,margin,mm,obtuse,ovate,pale,pedicel,peduncle,petiole,plant,present,prickle,prostrate,resprouter,short,simple,sprawling,stellate,style,tube,white,x,yellow	%,0-15,0-6,0.1-0.3,0.3-0.5,0.3-0.6,0.9-1.2,1,1-6,1.3-1.8,11-25,12-17,2.3-5,3-13,3-4,3-6,30-80,4-8,5-20,5-merou,6-10,6-20,8-10,9-18,abaxially,absen,absent,acicular,adaxiall,adult,alyx,apart,armed,articulated,axe,ba,branche,cylindrical,decimetre,dense,directed,distall,eaf,eed,finger,flower,fruiting,functional,half,heterostylous,index,lamina,lateral,less,lobing,lon,longer,lower,mature,mid-point,midvein,minute,nflorescence,nther,oblique,onl,orolla,part,per,pore,presen,ruit,side,spaced,stage,straight,strongly,tal,tem,thick,throughout,time,unbranched,unit,unknow,uvenile,vary,vein,wide,yellowish-gree,ympodial	adhesion,anther,arrangement,climate,colour,corolla,form,glandular,growth,height,history,leaf,life,midpoint,na,number,ovary,position,presence,pubescence,ray,reproduction,rugulose,seed,shape,size,staman,stem,stigma,stipe,surface,texture,yellowish-green
30	wfo-0001025749	success	217	109	75	142	34	0.346	0.1-0.3,0.2-1.5,0.3-1.5,0.5-0.8,0.5-0.9,0.6-4.5,0.8-0.9,1-10,1-2,1-8.5,1-9,1.5-2,1.5-2.5,2-2.5,2.5-6,3-5,6-8,acute,anther,apex,base,berry,blade,calyx,chartaceous,cm,cuneate,densely,diameter,dull,equal,flattened-reniform,fruit,glabrous,lateral,leaf,length,lobe,lobed,long,long-ovate,lower,margin,maturity,mauve,midpoint,mm,moderately,narrow-deltate,orange-brown,orange-red,pedicel,peduncle,petiole,poricidal,ray,rounded,shrub,smooth,sparsely,spherical,spreading,stellate,stellate-pubescent,stem,straw-yellow,style,surface,tapering,tip,tube,white,wide,yellow,yellow-orange	-1,-12,.5,/5,0-10,0-3,0-5,0-6,0-8,0.1,0.1-0.2,0.1-0.4,0.2,0.4-0.7,0.5,0.5-1.3,0.5-3,1,1-13,1-3,1-6,1.5,1/4-1/3,1/5-1/2,2-10,2/3,3-20,4-8,5-,5-10,5-20,5-merous,abaxial,abaxially,acuminat,adaxial,adaxially,adnate,almost,alyx,apar,apart,apically,apparently,articulated,bark,branched,broad-deltate,concolorous,curved,dark,difoliate,discolorous,distance,drying,eaf,eed,elongating,erect,extending,filament,filiform,flattened,flower,free,fruiting,geminat,gently,glabrescent,gray,green-brown,herbaceous,indistinct,infructescence,light,lon,longer,magnification,markedly,mature,midvein,narrow-ovate,nflorescence,oblong,obtuse,occasionally,older,one,open,orange-brow,orbicular,orolla,oung,ovate,pair,pale,pendulous,per,perfec,pericarp,porrect,portion,prickl,prickle,prickly,primary,procumbent,purple,rarely,recurved,red-brown,reduced,ruit,scar,sessile,shorter,side,sometimes,spaced,stalk,stalked,straight,strongly,tamen,terete,tertiary,time,toward,trichome,unit,usually,variously,vary,vein,venation,visible,way,without,yellow-green,yellowish,ympodial,½-2/	adhesion,arrangement,climate,colour,corolla,form,glandular,growth,hair,height,history,inflorescence,life,na,number,ovary,perennial,perfect,plant,position,presence,pubescence,reproduction,rugulose,seed,shape,size,staman,stigma,stipe,texture,unknown,ye,½-2/3
31	wfo-0001025754	success	164	103	68	96	35	0.415	0.1-0.2,0.5-1,0.5-1.5,1-3,1-3.5,1.5,1.5-3,1.5-4,10-20,2-7,3-10,4-6,5-12,5-15,abaxially,acuminate,acute,adaxially,anther,apex,base,blade,brown,calyx,chartaceous,ciliate,cm,cordate,cordiform,densely,diameter,dm,drying,entire,flower,fruit,glabrous,glandular,globose,hair,herb,immature,leaf,linear-lanceolate,lobe,margin,membranaceous,mm,moderately,nearly,oblong,pedicel,peduncle,petiole,pubescent,rotate,semitransparent,solitary,sparsely,stem,stigma,style,surface,truncate,tube,white,x,yellow	-celled,.5,1,1-2,10-35,2-4,2-5-celled,2-foliate,3-5,3-6,4,absent,abundant,adaxiall,along,asymmetrical,axe,barely,berry,beyond,branch,center,connected,decumbent,decurrent,dehiscing,denser,dried,eaf,edge,eed,eglandular,emarginat,equal,erect,explosively,exserted,filament,fine,flat,geminat,held,interpetalar,leaving,like,long,lower,lying,main,material,maturing,maturit,mesocarp,mixed,much-branched,nfloresence,notch,often,orolla,palmately,parallel,penden,per,placenta,pressure,probably,pubescen,rachi,radiating,raised,ridge,ruit,running,shallow,short,slightly,small,sometimes,stamen,straight,swollen,tal,tamen,tem,tissue,triangular,unbranched,unit,upright,vary,vein,visible,watery,wid,woody,ympodial	2.5,adhesion,arrangement,climate,colour,corolla,form,geminate,growth,height,history,inflorescence,length,life,maturity,midpoint,na,number,ovary,perennial,plant,position,presence,present,pubescence,ray,reproduction,rugulose,seed,shape,size,staman,stellate,stipe,texture
32	wfo-0001025760	success	210	121	91	119	30	0.433	-6,0-0.5,0.1,0.15-0.3,0.3-1,0.45-0.9,0.5-2,0.8-1.8,1-1.8,1-4,1.5-5,1/5,2-2.5,2.1-3.5,2.3-4,2.5-10,2/3,3.5-9,5-18,abaxially,acute,annual,anther,apex,apically,base,blade,broad-deltate,calyx,chartaceous,cm,connivent,cream,cultivar,cuneate,dark,diameter,dull,elliptic,equal,flattened-reniform,fruit,glabrous,green,hair,herb,lateral,leaf,length,lobe,lobed,long,margin,marking,maturity,membranous,midpoint,mm,moderately,orange,orange-brown,ovate,pale,pedicel,peduncle,perennial,petiole,poricidal,ray,rounded,shape,shrub,smooth,sometimes,spherical,spreading,stellate,stellate-pubescent,stem,style,subentire,tapering,tip,tube,upper,various,weakly,white,wide,yellow,young	-10,-12,-3,-5,.5,/3,0-100,0.1-0.2,0.2-0.35,0.4-0.8,0.5-1.5,0.7-2.5,1,1-,1-2,1.5,1.5-2.5,1.5-4.5,1/4,1/4-1/2,1/4-1/3,2-3,2.5-8,3,3-6,3.5-17,5-10-merous,8-10,abaxial,acut,adaxial,almost,alyx,apar,apparently,articulated,bark,berry,black,brow,concolorous,curved,deltate,difoliate,discolorous,distance,drying,eaf,eed,elongating,erect,extending,filament,flower,free,fruiting,geminat,geminate,gently,glabrescent,infructescence,lengt,longer,lower,mature,midvein,minute,nflorescence,often,older,one,open,orolla,oung,pair,pendulous,per,perfec,pericarp,porrect,portion,primary,recurved,red-brown,reflexe,ruit,scar,sessile,shorter,side,simple,slender,spaced,stalk,stalked,stellate-pubescen,stout,straight,surface,tamen,terete,tertiary,thick-stalked,time,trichome,unarme,unarmed,unbranched,unit,usually,variously,vary,vein,venation,visible,way,woody,yellow-green,ympodial	8-12,adhesion,arrangement,brown,climate,colour,corolla,form,glandular,growth,height,history,inflorescence,life,na,number,ovary,perfect,plant,position,presence,present,pubescence,reproduction,seed,size,staman,stigma,stipe,texture
33	wfo-0001025782	success	200	108	79	121	29	0.395	.5,0-5,0.1-0.15,0.1-0.25,0.55-0.75,0.9-1.3,1-2,1.2-6,1.3-1.6,2-2.5,2-3,3-4,4,4-4.5,4.5-9,5.5-6,6-14,6-8,acuminate,andromonoecious,anther,apex,apically,base,berry,blade,brown,calyx,chartaceous,climbing,cm,connivent,cuneate,deltate,diameter,dull,elliptic,equal,evenly,flattened-reniform,fruit,glabrous,green,hair,lateral,leaf,length,lobe,lobed,long,margin,maturity,membranous,midpoint,minute,mm,moderately,orange-brown,pedicel,peduncle,petiole,plant,poricidal,ray,shrub,sparsely,spherical,stellate,stellate-pubescent,stem,style,tapering,tip,tube,weakly,white,wide,yellow,young	-2,0-10,0.1-0.2,0.3-1,0.4-0.6,0.5-1,1,1-1.7,1-2.5,1-4,1.5-3,1/4-1/2,1/4-1/3,1/6,10-13,2-10,2-5,2-7,2.5-3.5,2/3-3/4,20,3-5,5-20,5-6.5,5-8,5-merous,abaxial,abaxially,acuminat,adaxial,also,alyx,apar,apart,apparently,articulated,bark,concolorous,conical,curved,densely,difoliate,discolorous,distal,distance,drying,eaf,eed,elongated,elongating,extending,filament,flattened,flower,free,fruiting,geminat,geminate,gently,glabrescent,green-brown,hermaphrodite,heterostylous,infructescence,lengt,less,long-styled,longer,lower,lowermost,mature,midvein,nflorescence,occasionally,older,one,open,orolla,oung,pair,pendulous,per,pericarp,porrect,portion,prickl,prickle,prickly,primary,red-brow,reduced,ruit,scar,sessile,short-styled,shorter,side,simple,smooth,spaced,spreading,staminat,stout,straight,surface,tamen,terete,tertiary,time,toward,trichome,unbranched,unit,vary,vein,venation,visible,way,woody,yellow-green,ympodial	8,adhesion,arrangement,climate,colour,corolla,form,glandular,growth,height,history,inflorescence,life,na,number,ovary,perennial,position,presence,present,pubescence,reproduction,seed,shape,size,staman,stigma,stipe,texture
34	wfo-0001025783	success	179	110	84	95	26	0.469	.5,0.5,0.5-1.5,0.8-3.5,1-1.2,1-1.5,1-3,2-5,2-6.5,5,<,abaxially,anther,apex,base,berry,brown,c.,calyx,cm,conical,coriaceous,corolla,densely,diameter,ellipsoid,elliptic,flattened,fleshy,glabrous,globose,greyish,growth,keeled,lateral,lax,less,lobe,lobed,long,minutely,mm,mmm,narrowly,number,occasionally,pale,pedicel,peduncle,perfect,petiole,pitted,pubescent,purple,reniform,ripe,sagittate,shiny,shoot,short,shrub,simple,somewhat,sparse,sparsely,stellate,stem,stigma,style,surface,suture,terminal,thin,triangular,trichome,tube,uniseriate,vine,violet,way,weak,wide,within,woody	0.5-1,1.8-2,2,2-3+,3-4,5-merou,7-10,abaxiall,acute,adaxiall,adaxially,along,alyx,anthesi,apart,ape,ark,articulated,axil,branched,branching,bud,cell,cluster,completely,confined,dendritic,eaf,eed,entire,erect,expanded,exposed,exserted,filiform,flexuous,flower,free,fruiting,glabrou,green,groove,hromosome,ilament,inserted,known,long/tall,lower,margin,mature,midrib,midvein,minute,near,new,nflorescence,nodding,obscured,obtuse,older,orolla,outlin,pair,penden,pentagonal,pericarp,plurifoliat,point,portion,possibly,primary,revolute,ruit,scar,scarious,see,sleeve,slightly,sometimes,spaced,strongly,testal,time,transparent,truncate,tuft,twinin,type,ud,unit,upper,vary,vein,yellowish,ympodial	adhesion,arrangement,colour,form,fruit,height,history,inflorescence,leaf,length,life,na,ovary,perennial,plant,position,presence,pubescence,ray,reproduction,rugulose,seed,shape,size,staman,texture
35	wfo-0001025784	success	241	132	101	140	31	0.419	.5,0.2,0.2-0.3,0.3–0.5,0.4–2.5,0.5,0.5–1.8,0.5–3,0.6–0.8,0.8–1.2,0.9–1.2,0.9–1.4,1-5,1.2,10–15,1–5,2.5–3.3,2–2.5,2–3,2–4,2–5-celled,2–7,3.5,3–4-rayed,4.5–5.5,5,6,abaxially,acute,anther,anthesi,apex,base,black,blade,calyx,cell,cm,cylindrical,diameter,extra-axillary,flattened,free,fruit,glabrous,gland-tipped,globose,green,greenish,hair,hyaline,irregularly,lanceolate,leaf,lobe,lobed,long,margin,midpoint,minute,mm,narrowly,nearly,ovate,pedicel,peduncle,petiole,pilose,pubescence,purple,ray,recurved,rounded,sessile,shallowly,shrub,similar,simple,smooth,somewhat,stellae,stellate,stem,stigma,style,subcordate,subreniform,surface,thick,thin-textured,triangular,truncate,tube,white,wide,x,yellow,yellow-brown,yellow-green,–5.5,–9	-3,.2–0.4,0.2–1.1,0.5–2,0.7,0.8–1.1,1,1.2–2.5,1.3–1.8,1.6–2.2,1/3,10,15075,1709,1–,1–3,2,2-foliate,2/3,3–4,5–6,6.5–8,6.5–8.5,=,accrescent,acicular,adaxiall,adaxially,also,always,apart,articulated,asplund,ba,becoming,branched,brazil,ciliate,completely,conical,curved,directed,distall,drying,eaf,eed,enclosing,enlarged,especially,et,exceeding,fertile,fide,filament,flower,frui,fruiting,geminat,glabrescent,glabrou,gland,glandular-pubescent,greenish-yellow,insolated,irwin,longitudinal,lower,lowest,major,male,many,midrib,minutely,moderately,mostly,mottled,much,n,nflorescence,numerous,obtuse,offset,one,orolla,pair,per,pore,prickle,pubescent,rachi,raised,rarely,reflexed,reported,ripe,rudimentary,ruit,second,sharp,short,side,slightly,small,sometimes,spaced,sparsely,spiny,sprawling,spreading-pilose,stamen,ste,stipitate,stout,straight,subcapitat,tal,tamen,tem,thicker,time,tip,toward,unarmed,unbranched,unequal,unit,upper,usually,variously,vary,vein,way,wid,widest,without,ympodial,young,–2,–4,–8	adhesion,arrangement,climate,colour,corolla,form,glandular,growth,height,history,inflorescence,length,life,na,number,ovary,perennial,plant,position,presence,present,reproduction,rugulose,seed,shape,size,staman,stipe,subcapitate,texture,unknown
36	wfo-0001025788	success	158	115	84	74	31	0.532	-8,0.5-2,1-4,1-5,1.8-2.7,10-24,14-48,15-30,2-10,2-13,2-3,2-5,2.8-9.5,2m,4-5.5,4.5-10.1,4.5-12.5,5-8,6-7,8-38,abaxially,acuminate,adaxially,apex,apical,apically,base,blue,calyx,cm,conical,connate,corolla,cuneate,deep,dehiscent,diameter,distal,elliptical,filament,finely,flower,forked,green,green-white,half,herbaceous,honeycomb,interjected,introrse,leaf,leaflet,long,maturing,medium,mm,narrowly,oblique,odd-pinnate,often,ovate,ovoid,pair,pattern,pedicel,peduncle,perennial,perfect,petiole,petiolule,plant,poricidally,pubescent,purple,rotate,rounded,seed,short,size,slit,stigma,style,wide,yellow	0-6,1.8-3.9,3-,3-6-foliat,4-3.,6.2-12.5,abaxiall,acumen,acute,articulate,attenuate,branched,cell,covering,cyme,dichasial,dichasially,digestion,diminishing,dorsally,eaf,ebracteate,edge,eed,emoval,enzyme,exceeding,flat,folded,generally,globo,gradually,hair-like,lateral,living,lobe,lon,long-attenuate,lower,lunat,make,monochasial,mucilaginous,nflorescence,nther,obtuse,orolla,plan,proximal,reveal,ruit,sessile,seudostipule,specimen,stamen,straight,subequal,subsessile,tal,tem,terminal,testal,thick,throughou,throughout,tip,toward,tuber-bearing,typically,unit,vary,wall,ympodial,¼	4-31,anther,arrangement,colour,dehiscence,form,fruit,globose,growth,height,history,inflorescence,length,life,lunate,maturation,mucilaginousnes,na,number,ovary,position,pseudostipule,pubescence,reproduction,rugulose,shape,stem,surface,texture,true,tube
37	wfo-0001025792	success	203	99	74	129	25	0.365	0.4-0.7,1-2,1-3,10-15,2-11,2-3,2.5-3.5,21-28,3.5-6,4-6,5-10,7-10,7.5-8,8-10,abaxially,adaxially,anther,axillary,blue-mauve,blue-purple,brownish,bud,chartaceous,cm,condition,corolla,densely,diameter,drying,elliptic,fresh,fruit,glabrous,globose,green,greenish,hair,half,herb,lanceolate,like,lobe,mauve,membranous,minutely,mm,narrowly,odd-pinnate,ovoid,papillose,pedicel,peduncle,petiole,plant,proximal,puberulent,pubescent,purple,ripe,rotate-pentagonal,seed,size,stem,stigma,streak,style,subtending,terminal,tinged,tube,white,whitish,x,yellow	1-10,1-4,2-3.5,2.5-4,3-4,3-5,4-12,4.5-7,5,5-6,5-9,5-merou,9-12,acumen,acuminate,acute,ag,along,alyx,apart,apex,apparently,articulated,articulation,auriculate,axe,base,basiscopic,berry,blade,broadly,capitat,cell,ciliate,connivent,covering,dark,decurrent,developing,digestion,distal,distinct,distinctly,dorsally,eaf,edge,eed,enzyme,especially,exceeding,except,filament,flat,flower,folded,forked,geminat,generally,glabrou,greatly,green-white,hair-like,hal,high,homostylous,honeycomb-shaped,indistinct,interjected,lateral,leaflet,lengthening,living,long,lower,make,margin,midrib,minute,mottle,mucilaginous,narrow,nflorescence,oblique,often,onto,orolla,pair,perfect,petiolulate,plurifoliate,pore,poricidal,rachi,reduced,removed,rounded,ruit,semi-erec,semi-rosette,sessile,seudostipule,short,shortly,side,slightly,slit,spaced,specimen,stamen,ste,straight,sub-rosette,subequal,tall,tamen,tem,testal,thick,throughout,tip,tri-,unit,usually,vary,wall,wet,wing,ympodial,young	adhesion,arrangement,calyx,capitate,colour,form,growth,height,history,inflorescence,leaf,length,life,mottled,na,ovary,perennial,position,pubescence,reproduction,rugulose,shape,staman,surface,texture
38	wfo-0001025804	success	155	110	75	80	35	0.484	.5,1-1.5,1-3,1.2-1.5,1.4-1.7,1.5-2,16-35,2-2.5,3-4.5,3.5-12,4-10,6-8,abaxially,acute,adaxially,anther,apex,apiculate,attenuate,base,bilobed,calyx,cm,conical,corolla,cream,dark,dia,difoliate,elliptic,flattened,glabrous,glandular,globose,green,internodal,later,leaf,light,lobe,lobed,long,margin,mere,minute,minutely,mm,nearly,obovate,occasionally,opposite,ovary,papillae,pedicel,pitted,plurifoliate,poricidal,projection,red,reddish-brown,reniform,rim,shrub,size,somewhat,stem,stigma,style,surface,tip,tube,white,whitish-green,x,young	.25,0.5-1,10-20,11-20,2.5-4,5,7-10,?,age,anthesi,apar,ape,ba,bark,berry,branched,c.,clavate,covered,cucullate,decurrent,deflexed,densely,differing,drying,eaf,edicel,eed,ellipsoid,erect,exserted,filament,fleshy,flower,free,fruiting,geminat,incrassate,lateral,lengthening,lower,main,major,many,middle,minor,near,nflorescence,often,older,onto,pair,paler,papillat,papillate,papillose,planar,pore,portion,red-papillose,reddish-brow,regularly,ruit,scar,sessile,slit,spaced,strongly,tall,thick,time,tub,ud,unit,vein,widest,wing,winged,woody,ympodial	adhesion,arrangement,blade,climate,colour,diameter,form,fruit,geminate,growth,hair,height,history,inflorescence,length,life,midpoint,na,number,peduncle,perennial,petiole,plant,position,presence,pubescence,ray,reproduction,rugulose,seed,shape,staman,stellate,stipe,texture
39	wfo-0001025813	invalid_json	197	123	84	113	39	0.426	'',1-1.5,1-2,1-4,1.5-1.8,1.5-6.5,15-30,3-3.5,3-4,3-5,3-6,3-7,5-18.5,6-7,``,abaxially,acuminate,acute,adaxially,along,anther,apex,articulated,base,blade,blue,broadly,brownish,chartaceous,cm,condition,corolla,cuneate,dark,densely,diameter,distal,drying,elliptic,especially,flower,fresh,fruit,glabrous,globose,green,greenish,hair,herb,lanceolate,light,lobe,long,margin,membranous,midrib,minutely,mm,monochasium,obtuse,odd-pinnate,ovoid,pedicel,peduncle,petiole,pilose,plant,puberulent,pubescent,rarely,rotate,seed,size,stem,stigma,style,suborbicular,tube,typically,violet,white,whitish,x,yellow	0-2,0.7-1.7,1-10,1.2-4.5,1.3-7,1.5-2,2-3,2-4,2-5,5-6,5-merou,absent,acumen,ag,alyx,apart,apparently,axe,berry,borne,cell,ciliate,connivent,contracted,covering,decreasing,decurrent,digestion,discussion,distinct,dorsally,eaf,edge,eed,end,enzyme,exceeding,extra,filament,flat,folded,geminat,glabrou,green-white,hair-like,half,highly,homostylous,honeycomb-shaped,interjected,larger,lateral,leaflet,lengthening,like,living,longer,lower,make,minute,mucilaginous,near,nflorescence,often,orbicular,orolla,ovate,ovoi,pair,perfect,petiolulate,plurifoliate,pore,poricidal,rachi,removed,rosette-formin,ruit,see,sessile,seudostipule,short,single-flowered,singly,slit,sometimes,spaced,species,specimen,stamen,ste,stolo,straight,strongly,tamen,tem,terminal,testal,thick,thir,throughout,tip,toward,tri-,tuber,unforked,unit,unwinged,vary,vein,wall,wet,ympodial	'extra,[,],adhesion,arrangement,calyx,characteristic,climate,colour,form,glandular,growth,height,history,inflorescence,leaf,length,life,midpoint,na,number,ovary,perennial,position,presence,pubescence,ray,reproduction,rugulose,shape,staman,stellate,stipe,surface,texture,third,value,{,}
40	wfo-0001025817	success	238	115	63	175	52	0.265	1-1.6,1.7-2.1,acuminate,anther,apex,apiculate,asymmetric,asymmetrically,base,black,blade,broadly,brown,calyx,campanulate,chartaceous,cm,deeper,deltoid,diameter,dull,entire,eventually,extra-axillary,free,fruit,glabrate,glabrous,globose,leaf,lenticular,lobe,margin,midpoint,mm,obtuse,occasionally,ovate,pale,pedicel,peduncle,petiole,present,pubescence,purple,ripe,rounded,shrub,simple,slender,stellate,stem,stigma,style,surface,tapering,tree,tube,turning,violet,white,woolly,yellow	0.5–0.7,0.6–0.8,0.8–1.5,0–1.6,1.5–2.5,1.8–2.3,1.8–3,10,10–16,10–35,12–16,1–3,1–5,2–2.9,2–3,2–5,2–6.5,2–8,3.2–8,3.5–6,3–,3–13,3–6,3–8,4–5.5,4–6,4–7,5-merou,5–20,5–6,6–13,7–9,8–14,8–21,abaxially,absent,accrescen,acute,adaxially,age,along,although,alyx,amount,apart,apparently,armed,articulated,axe,ba,berry,bicolorous,bifurcate,branch,branched,broad-based,capitat,central,compresse,conical,dark,deciduous,dense,densely,developing,difoliate,directed,distall,distally,eaf,eed,exceeding,except,expanded,expansion,fertile,fewer,filament,filiform,flower,flowering,forming,fruiting,geminat,glabrou,green,high,impressed,interpetalar,juvenile,lacking,lanceolate,large,larger,lateral,laterally,like,linear-lanceolate,long,low,lower,major,midvein,minute,minutely,moderate,much,near,nerve,nflorescence,numerous,oblong,often,one,orolla,overlapping,pedunculate,persistent,persistently,pinnatifi,pitted,pore,portion,prickle,prickly,principal,pubescent,racemose,rachi,rarely,rayed,reaching,recognizable,row,ruit,sessile,short,single,sinuate–repand,sinus,sized,slightly,small,sometimes,soon,spaced,sparse,spreading,stalked,stellae,stout,strongly,tamen,time,tissue,tomentose,trunk,ultimate,unarmed,underside,unequally,unit,usually,variously,vary,vein,velvety,weakly,well,white-stellate,wide,without,ympodial,young,×	0-1.6,0.5-0.7,0.8-1.5,1-3,1.5-2.5,1.8-2.3,1.8-3,10-35,2-5,2-8,3-13,3-8,4-5.5,4-7,5-20,7-9,8-14,8-21,adhesion,arrangement,capitate,climate,colour,corolla,form,glandular,growth,hair,height,history,inflorescence,length,life,na,number,ovary,perennial,plant,position,presence,ray,reproduction,rugulose,seed,shape,sinuate-repand,size,staman,stipe,texture,unknown,x
41	wfo-0001025825	success	187	118	88	99	30	0.471	0.4-1,0.5-10.4,0.9-2,1-3,1-5.5,1.1-1.4,10-24,10.5-26,14-85,2-3.7,2-5,3-10,3-5,3.7-6.5,4-8,5-10,6-10,6.6-14,abaxially,acuminate,acute,adaxially,anther,apart,apex,articulated,axillary,back,base,brownish,bud,cell,clavate,cm,condition,coriaceous,corolla,cuneate,diameter,distal,drying,elliptic,fresh,fruit,glabrescent,glabrous,green,greenish,hair,half,herb,high,honeycomb-shaped,interjected,lanceolate,leaf,leaflet,lilac,lobe,long,medium,mm,odd-pinnate,orbicular,ovate,ovoid,pedicel,peduncle,pentagonal,petiole,plant,rotate-pentagonal,seed,shiny,short,size,stigma,streak,style,subtending,terminal,testal,tube,wet,white,whitish,x,yellow	0-0.21,0.4-3,0.5-0.8,0.7-2.2,0.9-4,1-2,22-86,3-8.5,4-9,5-7,5-merou,acumen,adaxiall,ag,alyx,apparently,asymmetric,attenuate,axe,basiscopic,berry,blade,capitat,connivent,covering,dark,decreasing,decurrent,digestion,dorsally,eaf,edge,eed,enzyme,erec,exceeding,filament,flat,flower,folded,forked,geminat,generally,glabrou,green-white,hair-like,hal,homostylous,increasing,lateral,lengthening,light,living,lower,make,middle,mucilaginous,nflorescence,orolla,pair,perfect,petiolulate,plurifoliate,pore,poricidal,rachi,removed,rounded,ruit,sessile,seudostipule,side,slightly,slit,smaller,spaced,specimen,stamen,straight,subequal,subglabrou,tall,tamen,tem,thick,throughout,tip,tissue,toward,tri-,unit,unwinged,usually,vary,wall,wide,wing,winged,ympodial	adhesion,arrangement,articulation,calyx,capitate,colour,form,growth,height,hermaphroditic,history,inflorescence,length,life,mucilaginousnes,na,ovary,perennial,position,pseudostipule,pubescence,reproduction,rugulose,shape,spacing,staman,stem,subglabrous,surface,texture
42	wfo-0001025835	success	297	122	92	205	30	0.31	.3,0.1,0.1-0.2,0.5-2.8,0.6-1.3,0.65-0.8,0.7-1.8,0.7-3,1-3,1-9,1.2-2,1.5-1.8,1.5-3.5,2-6,2.2-2.5,2.5-3,3-6,3.5-4,8,9-11,acuminate,acute,anther,apex,base,becoming,berry,blade,bright,broad-deltate,brown,calyx,chartaceous,clavate,cm,corolla,cupular,deltate,diameter,drying,dull,erect,evenly,finely,flattened-reniform,fruit,glabrous,globose,green,lateral,leaf,length,lobe,lobed,margin,maturity,mauve,midpoint,mm,moderately,obconical,obtuse,occasional,ovate,ovoid,pale,pedicel,peduncle,petiole,ray,red,shiny,shrub,simple,smooth,sparsely,stellate,stellate-pubescent,stem,stigma,straw-yellow,style,surface,tapering,thin,trichome,tube,white,yellow,yellow-orange,young,×	.1,/4,0.05-0.1,0.2-2,0.5,0.5-0.7,0.5-1,1,1-1.5,1-2,1-2.5,1-4,1-5,1-7,1-8,1.2-1.8,1.5-2,1.5-3,1/2,1/3,1/3-3/4,1/4-1/2,1/4-1/3,1/4-2/3,2.5-3.5,20,3-5,3-7,30-45°,4,4-5,4-8,5,5-20,5-merou,6,6-8,7-9.5,abaxially,accrescent,adaxial,adaxially,ag,almost,always,alyx,apar,apart,apically,apiculate,apparently,armed,articulated,axe,bark,beyond,black,branche,branched,broad-based,cell,concolorous,covering,curved,dark,deep,developed,development,difoliate,distance,divided,dorsal,eaf,eed,elongating,equal,exserted,extending,faint,filament,finger-hair,flat,flattened,flower,foliaceous,free,fruiting,geminat,gently,glabrescent,gre,green-brown,greenish,infructescence,irregula,irregular,lamina,lengthening,less,lobing,long,long-deltate,longer,longitudinal,lower,mature,midvein,minute,mostly,network,nflorescence,oblong,often,older,one,open,opening,orange,orange-brown,orange-translucent,orolla,oung,outline,ovoi,pair,papillae,papillo,part,pendulous,per,perfect,pericarp,pit,point,pore,poricidal,porrect,portion,prickle,primary,pronounced,rachi,raised,rarely,reduced,reflexed,regular,rest,ribbed,ridged,rounded,ruit,scar,secondarily,secondary,sessile,shallow,short,shorter,shortly,side,significantly,sinus,slender,slightly,slit,small,sometimes,somewhat,spaced,spherical,spreading,stalk,stalked,straight,stump,tamen,terete,terminal,tertiary,throughout,time,tip,toward,translucent,trifoliate,ud,unarmed,unequal,unit,upper,usually,variously,vary,vein,venation,visible,weakly,wide,widest,wing,woody,x,yellowish,ympodial	adhesion,arrangement,climate,colour,form,glandular,growth,hair,height,history,inflorescence,life,na,number,ovary,papillose,perennial,plant,position,presence,present,pubescence,reproduction,rugulose,seed,shape,size,staman,stipe,texture
43	wfo-0001025838	success	217	119	90	127	29	0.415	.5,0.7-2,1-1.2,1-1.5,1.2-5,1.5-2,1.5-2.5,1.5-3.5,1.5-5,1.8-2,2-2.5,2.5-3,2/3,3.5-,4-15,4.5-5.5,6-15,6.5-7,acuminate,anther,apex,apiculate,attenuate,base,black,brown,calyx,capitate,clavate,cm,corolla,cup-shaped,dark,densely,diameter,ellipsoidal,elliptic,entire,flattened,fleshy,fruit,glabrous,globose,greenish,growth,inflorescence,lanceolate,lateral,leaf,lobe,lobed,margin,membranous,minutely,mm,narrowly,often,pale,pedicel,peduncle,petiole,pitted,pubescent,purple,quadrate,reddish,reniform,ripe,seed,shiny,shrub,simple,slightly,sparsely,stellate,stem,stigma,style,surface,terminal,thin,tinged,tip,tree,tube,way,white,x,yellow,¾	-20,0.5,0.5-1,1.5-1.7,10-15,10-60,2-5,20-40,5,5-merou,abruptly,adaxial,adaxially,ag,along,alyx,anthesi,apart,appearing,archin,ark,articulated,axil,basall,berry,branch,branched,broad,cell,clustered,connivent,cucullate,decurrent,dendritic,dense,denser,disintegrating,drying,eaf,eed,erect,exserted,extending,filament,flower,free,fruiting,glabrescent,hairy,ilament,inserted,insertion,irregularly,keeled,lamina,lengthening,less,like,long,loosely,lower,m.,many,midrib,minute,mostly,narrowing,never,new,nflorescence,nodding,occasionally,older,onto,orolla,ovoid,pair,papillat,papillo,per,perfect,pericarp,platform,plurifoliat,point,pointed,pore,poricidal,portion,primary,revolute,ruit,scar,shin,short,sinus,sleeve,slender,slit,small,sometimes,spaced,spreading,square,strongly,tall,tem,testal,thi,time,trichome,tuft,turbinate,twinin,ud,uniseriate,unit,upper,vary,vein,wall,weight,wing,winged,woody,yellowish,ympodial	adhesion,arrangement,blade,climate,colour,form,glandular,hair,height,history,length,life,midpoint,na,number,ovary,perennial,plant,position,presence,pubescence,ray,reproduction,rugulose,shape,size,staman,stipe,texture
44	wfo-0001025845	success	180	133	98	82	35	0.544	0.3-0.5,0.4-1.5,0.5-11,1-2,1-4.5,1.5,1.5-13,1.5-2,1.5-2.5,1.5-7,2,2-15,2-3,2-5-lobed,2.5-4,4-5,4-6,5-6,abaxially,abundantly,acuminate,acute,adaxially,anther,apex,apiculate,base,blade,branch,brown,calyx,chartaceous,cm,compressed,corolla,cuneate,dark,deltate,diameter,distally,eglandular,ellipsoidal,entire,extra-axillary,flattened,fork,fruit,glabrous,green,greenish,herb,laterally,leaf,light,lobe,lobed,located,longitudinal,margin,membranaceous,minutely,mm,narrowly,near,obtuse,often,orange,ovate,ovoid,patch,pedicel,peduncle,petiole,pinnately,puberulent,pubescent,purple,rotate-stellate,rugose-verrucate,sagittate,sand-punctate,shrub,simple,sparsely,stigma,stripe,strongly,style,subcordate,tapered,tip,triangular,truncate,tube,white,x,yellow,yellowish	.5,0.5-2.5,1,1-1.8,3,3-13,3-4,3-6,3-foliat,6-6.5,6-9,7-10,adaxial,aggregate,along,apart,around,articulated,ascending,axe,ba,cell,channe,connivent,cylindrical,decurrent,diamete,directed,distall,divided,eaf,eed,elliptic,especially,filament,flower,free,glabrou,inserted,lateral,long,lower,major,mesocarp,midrib,nearly,nflorescence,obovate,orolla,part,perfect,pore,rachi,radiu,rarely,rounded,ruit,shorter,side,sinus,small,spaced,stone,tal,tamen,tem,terminal,thecae,thick,tightly,time,tomento,truncat,unbranched,unit,unlobed,vary,vein,veiny,wide,ympodial,youn	adhesion,arrangement,climate,colour,form,glandular,growth,hair,height,history,inflorescence,length,life,midpoint,na,number,ovary,perennial,plant,position,presence,pubescence,ray,reproduction,rugulose,seed,shape,size,staman,stellate,stem,stipe,surface,texture,true
45	wfo-0001025850	success	197	110	86	111	24	0.437	-5,.5,.8,0.5-,0.5-1,0.5-3,0.6-1,1,1-1.5,1-3,1.5,1.5-5,2,2-6.5,6-7,anther,base,brown,calyx,capitate,cm,connivent,corolla,cyathiform,deltate,densely,diameter,ellipsoid,elliptic,elongate,flattened,fleshy,glabrous,glandular,globose,green,growth,inflorescence,later,lateral,lax,lobe,lobed,loosely,margin,membranous,minutely,mm,narrowly,nearly,occasionally,orange,pale,papillate-puberulent,pedicel,peduncle,perfect,petiole,pinnatifid,pitted,pubescent,reddish,reniform,rhomboid,scattered,shiny,shrub,simple,slightly,stellate,stem,stigma,style,surface,tan,terminal,thin,tip,trichome,tube,uniseriate,vine,white,woody,x,yellow	-7,0.5,1-celled,15-20,2-12,3-4,30,4-5,5-7,5-merou,abaxial,acute,ag,along,alyx,anthesi,apar,apex,apparently,ark,articulated,axi,basal,berry,branched,broadly,cell,cupped,deciduous,deflexed,denser,divaricate,divided,drying,eaf,eed,em,entire,erect,exserted,extending,filament,flower,free,fruiting,geminat,glabrou,gland,half,halfway,ilament,irregularly,lamina,leaving,lengthening,less,long,lower,many,midrib,minute,new,nflorescence,nodding,node,often,older,openly,orolla,outline,pair,papillo,peg,per,planar,plurifoliate,pore,poricidal,portion,primary,puberulen,ripe,rounded,ruit,scar,shallowly,sinuate,sinus,sleeve,slender,slit,small,sometimes,soon,spaced,splitting,spreadin,spreading,strongly,surfac,testal,time,tiny,truncate,twinin,ud,unit,vary,vein,ympodial,young	adhesion,arrangement,colour,form,fruit,height,history,leaf,length,life,na,ovary,perennial,plant,position,presence,pubescence,reproduction,rugulose,seed,shape,size,staman,texture
46	wfo-0001025856	success	185	106	67	118	39	0.362	0,0.5,1.5–2,10–15,15–20,1–5,2,2.5–4,2–4,3,5–7,6–12,abaxially,acuminate,adaxially,anther,anthesi,apex,apiculate,base,blade,brown,calyx,campanulate,chartaceous,cm,compound,connivent,corolla,cuneate,diameter,elliptic,entire,flattened-reniform,glabrescent,glabrous,globose,green,lateral,light,lobe,margin,mm,oblique,oblong,orange,pedicel,peduncle,perennial,petiole,pinnately,rounded,rugose,spreading,stellate,stigma,streak,strongly,style,surface,terminal,tip,tube,uniformly,white,yellow,×	.4,/4,0.3-1,0.3–0.5,1-3,10–,1–,1–1.5,1–2,20,20–30,20–35,2–,3-10,3–4,3–5,4–,4–10,4–6,5–,5–10,5–15,acute,ag,always,alyx,armed,articulated,axe,becoming,berry,branched,bud,c.,calcium,commonly,corresponding,crystal,densely,difoliate,dr.,eaf,eed,ellipsoid,equal,exserted,fifth,filament,flower,four,foveolate,fruiting,geminat,glabrou,herbaceous,internode,larger,leaflet,lengthening,lobed,long,long-styled,longer,lower,major,narrowly,nearly,nflorescence,often,one,opposite,orolla,outline,oxalate,pair,papillat,pericarp,petiolulate,petiolule,plurifoliate,pointed,pore,poricidal,present,prickle,rachi,rarely,recurve,recurved,ruit,side,slender,slightly,slit,somewhat,soon,stout,straight,subopposite,subwood,subwoody,tamen,tem,throughout,time,triangular,truncat,tub,unequal,unit,usually,vary,vein,vin,way,wide,widest,ympodial	10–20,2–5,adhesion,arrangement,climate,colour,dry,form,fruit,glandular,growth,hair,height,history,inflorescence,leaf,length,life,midpoint,na,number,ovary,plant,position,presence,pubescence,ray,reproduction,rugulose,seed,shape,size,staman,stem,stipe,texture,true,truncate,vine
47	wfo-0001025872	success	160	95	70	90	25	0.438	.5,0.6-1,1,1-1.3,1-1.5,1-2,1.2-1.6,1.7-3,2-2.5,2-5,2/3,3.5-4,4-4.5,4.5-13,6-8,anther,base,becoming,bright,broadly,brownish,calyx,capitate,cm,coriaceous,corolla,crinkled,cup-shaped,dark,deeply,densely,dia,dry,elliptic,flattened-reniform,glabrous,glandular-resinous,globose,green,greenish-tan,later,lateral,leaf,live,lobed,material,mm,narrowly,occasionally,opposite,ovary,papillose,pedicel,petiole,pitted,plant,poricidal,pubescent,red-papillose,shrub,stem,stigma,style,surface,terminal,tip,tube,way,white,x	.1,0.25-0.5,0.5,0.5-1,1.2-1.5,10-25-flowered,6-10,acute,along,anthesi,apart,apex,apically,auriculate,ba,bark,beginning,beneath,berry,blade,branched,crowded,decurrent,deflexed,dense,eaf,edicel,eed,exserted,filament,flattened,fleshy,flower,free,fruiting,grayish-brow,incrassate,inflorescenc,irregularly,junction,lobe,lon,long,lower,main,margin,midrib,minutely,nflorescence,often,older,onto,pair,paler,papillae,papillo,planar,plurifoliat,pore,portion,prominent,revolute,rounded,rounded-triangular,ruit,scar,several,shaped,simple,somewhat,soon,spaced,specimen,straight,tall,tapering,tear-drop,thick,thickened,time,trichome,tub,ud,uniseriate,unit,vein,visible,woody,ympodial,young	arrangement,colour,diameter,form,fruit,grayish-brown,growth,height,history,inflorescence,length,life,na,perennial,plurifoliate,position,presence,pubescence,reproduction,rugulose,seed,shape,size,stellate,texture
48	wfo-0001025875	success	205	119	94	111	25	0.459	0-0.5,0.1-0.2,0.1-1.1,0.3-0.4,0.3-2,0.5-6,0.8-0.9,0.8-1.8,0.9-1.4,1.1-1.6,1.5-2.5,2.3-3,2.4-2.8,2.5-4.5,4.5-6.5,5-10,5-14,7-10,7-8,8-11,abaxially,absent,acute,adaxially,andromonoecious,anther,apex,attenuate,basal,base,blade,calyx,chartaceous,cm,cuneate,cylindrical,dark,deeply,deltate,densely,diameter,entire,erect,extra-axillary,flower,fruit,glabrous,gland-tipped,globose,green,grey,hair,hastate,inflorescence,lanceolate,lateral,leaf,length,lobe,lobed,long,margin,midpoint,mm,oblate,obtuse,pale,pedicel,peduncle,perennial,petiole,plant,present,purple,ray,rhizomatous,rotate,shallowly,short,shrub,simple,sparsely,stellate,stellate-pubescent,stigma,streak,style,time,truncate,tube,weakly,white,x,yellow	%,.05,0-0.1,0-1.5,0-5,0.2-0.45,0.25-0.4,0.4-0.5,0.4-0.7,0.5-1,0.5-1.3,0.7-0.8,1-10,1-2,1-3,1-7,1.2-1.8,1.5-6,15-25,2-locular,3-5,3-6,4-10,5-11,5-15,5-9,5-merou,6-13,7-14,8-14,9-13,?,absen,accrescent,acicular,across,adaxiall,adult,alyx,anvil-shape,apart,articulated,axe,ba,branchlet,cross-section,decimetre,directed,distally,dm,eaf,eed,eglandular,exocarp,filament,finger,fruiting,functional,geminat,half,heterostylous,juicy,juvenile,lamina,less,linear,longer,lower,mature,mesocarp,mid-point,midvein,minute,moist,narrowly,nflorescence,oblique,orolla,pair,part,per,placenta,plurifoliate,pore,porrect,possibly,prickle,pseudo-racemose,ruit,sessile,spaced,stalk,stalked,stellae,straight,surface,tal,tamen,tem,thick,throughout,transparent,unarme,unarmed,unbranched,unit,upper,vary,wide,yellowish,ympodial	adhesion,arrangement,climate,colour,corolla,form,glandular,growth,height,history,life,na,number,ovary,position,presence,pubescence,reproduction,seed,shape,size,staman,stem,stipe,texture
49	wfo-0001025888	success	256	131	82	174	49	0.32	0.04,1.5,2.1,3.2,3.8,90°,abaxially,acute,adaxially,adnate,anther,apex,apiculate,attachment,base,blade,calyx,chartaceous,clinate,cm,corolla,cuneate,deltoid,diameter,dry,entire,extra-axillary,flattened-orbicular,flexed,flower,fruit,glabrous,glandular,globose,hair,homostylous,lateral,leaf,less,lobe,margin,midpoint,mm,moderately,nearly,notched,oblong,orange-red,ovate,pedicel,peduncle,petiole,point,porrect,pubescence,pubescent,ray,red,restricted,rounded,sessile,shrub,simple,sinuate,small,stellae,stellate,stigma,stipe,style,surface,tip,tree,truncate,tube,unarmed,white,yellow,yellow-ferruginous,yellow-tan,±90°,±glabrous	.05,.3,.4,.5,.6,0.1,0.2,0.3–0.5,0.4,0.4–0.6,0.4–0.7,0.5–0.7,0.6–1.2,0.7–0.8,0.7–1.5,0.8,0.8–1.0,0.9–1.1,0.9–1.2,0.9–1.3,1.0–1.8,1.2–2.3,1.4–1.8,1.5–1.9,1.5–2.0,1.5–2.1,1.5–4.0,1.7–2.1,1.8–2.3,1.8–3.5,1.9–2.2,1.9–3.4,1/2–2/3,1/3,2.2,2.5–2.6,2.6,2.7–3.0,3,3.0–11.1,3.1–4.2,3/4,4.2–5.5,4–8,4–9,5,5-merou,5.5–11.1,5–7,6–10,7.1–9.1,8.1–17.1,9.5,across,along,alveolate,alyx,anthesi,apart,apparently,appearing,appresse,arching,area,articulate,axe,ba,berry,branch,branching,broad,brochidodromous,bud,capitat,central,channeled,congested,dehiscen,densely,denser,dentate,development,difoliate,distal,distinct,eaf,eed,either,emerging,endocarp,exocarp,fertile,filament,filiform,free,geminat,glabrescent,gradually,hooked,increasing,internode,interpetalar,intersepalar,juic,lamina,little,lon,long,longer,longitudinally,lower,major,many,mature,middle,midrib,midvein,minor,minute,nflorescence,oblique,opaque,orolla,per,poorly-developed,portion,potentially,pubescen,raised,reflexed,rigid,row,ruit,scattered,shinny,short-stipitate,shorter,side,sinus,smoot,sometimes,spaced,sparsely,splitting,spread,spreading,stellate-pubescent,straight,swelling,tamen,tardily,tem,thin,though,time,tissue,two,typically,ud,unbranched,vary,vein,weakly,well,wide,ympodia,young,±aequilateral,±equal,±erect,±overlapping,±smooth,±straight,×	0.05,0.3,0.3-0.5,0.4-0.6,0.4-0.7,0.6-1.2,0.7-1.5,0.8-1.0,0.9-1.2,1.0-1.8,1.4,1.5-2.0,1.5-4.0,1.9-2.2,2.5-2.6,3.0-11.1,4-9,6-10,7.5,8.1-17.1,adhesion,arrangement,capitate,climate,colour,dense,form,growth,height,history,inflorescence,length,life,na,number,ovary,perennial,plant,position,presence,present,reproduction,rugulose,seed,shape,size,staman,stem,texture
50	wfo-0001025892	success	170	102	72	98	30	0.424	0-0.1,0.1-0.2,0.2-0.4,0.2-0.5,0.3-0.5,0.3-0.7,0.3-0.8,0.8-1.1,2-7,2.5-4,2.5-6,2.8-3,4.5-7.5,5-17,8-10,8-11.5,8-13,adaxially,anther,apex,base,blade,calyx,chartaceous,cm,connivent,cuneate,deltate,densely,diameter,entire,extra-axillary,fruit,glabrous,glandular,globose,grey,grey-green,hair,herbaceous,inflorescence,lanceolate,leaf-opposed,length,linear,lobe,margin,midpoint,mm,narrowly,oblate,obtuse,pale,pedicel,peduncle,petiole,present,purple,ray,resprouter,simple,stellate,stellate-pubescent,stem,sticky-glandular,stigma,style,tube,white,x,yellow,yellowish-green	%,.3,0-0.3,0-1,0-10,0.05-0.1,0.2-0.8,0.4-0.6,0.4-0.8,0.7-0.9,1-2,1.5-5,10-17,2-locular,4-merou,5-7,6-10,7-15,8-11,9-18,abaxially,absen,absent,adaxiall,alyx,apart,articulated,axe,ba,broad-based,cross-section,curved,cylindrical,d.,dense,directed,distall,distributed,dult,eaf,eed,eglandular,erect,exocarp,finger,flower,fruiting,geminat,gland-tipped,half,juicy,lamina,lateral,less,long,longer,lower,mature,mesocarp,mid-point,minute,moist,nflorescence,oblique,orolla,papillae,part,per,perfect,placenta,pore,porrect,prickle,pseudo-racemose,ruit,sessil,sessile,short,solitary,spaced,stage,stalk,stellae,straight,tal,tamen,thick,throughout,time,triangular,truncat,unarmed,unbranched,unit,uvenile,vary,wide,ympodial	1.3,adhesion,arrangement,climate,colour,corolla,form,growth,height,history,leaf,life,na,number,ovary,perennial,plant,position,presence,pubescence,reproduction,rugulose,seed,shape,size,staman,stipe,surface,texture,truncate
51	wfo-0001025893	success	157	130	95	62	35	0.605	.4,0.5-1.5,0.8-1,1-1.2,1-1.5,1-2.5,1-4,1.5-1.7,1.5-2,11-20,2-2.5,2-3,3-5,5-6,accrescent,along,anther,anthesi,apex,attenuate,bank,bark,base,beginning,beneath,bi-lobed,blade,broadly,brownish-green,calyx,capitate,closely,cm,corolla,cup-shaped,deflexed,deltoid,dia,early,ellipsoid,elliptic,erect,exserted,faintly,fruit,fruiting,glabrate,glabrous,globose,golden-puberulent,gravelly,green,greyish,internodal,leaf,lobe,lobed,long,long-acuminate,longitudinally,margin,minutely,mm,narrowly,nearly,obovate,opposite,ovary,overlapping,ovoid-reniform,pale,papillose,pedicel,petiole,pitted,poricidal,rocky,sandy,scar,shrub,slender,slightly,sometimes,spaced,stem,stigma,style,surface,tapering,tip,tube,vein,white,woody,x	.25,.5,6-10,barely,bearing,berry,branched,decurrent,densely,difoliate,dry,eaf,eed,even,filament,flower,free,geminate,growing,impressed,inflorescenc,lateral,lon,lower,main,many,material,middle,nflorescence,occasionally,older,pair,papillo,planar,plurifoliat,pore,portion,puberulent,red-papillose,reflexed,river,ruit,shaped,specimen,straight,stream,striat,tall,tear-drop,thickened,time,trichome,ud,unicellular,unit,usually,visible,widest,winged,yellowish,ympodial,young	adhesion,arrangement,bud,climate,colour,diameter,form,glandular,growth,hair,height,history,inflorescence,length,life,midpoint,na,number,peduncle,perennial,plant,position,presence,pubescence,ray,reproduction,rugulose,seed,shape,size,staman,stellate,stipe,striate,texture
52	wfo-0001025896	success	146	91	60	86	31	0.411	0.5,0.5-2,1-1.5,1-3,1-6.5,1-8,1.5-2,2-14,2-2.5,2.5-14,4,4-23,4-5,4-6,5-15,6-10,angled,articulated,base,brownish,calyx,chartaceous,cm,deltate,diameter,elliptic-ovate,fruit,glabrous,globose,greenish,inflated,lobe,mm,moderately,nearly,orange,ovate,pale,pedicel,peduncle,petiole,present,puberulent,purple,red,rotate-stellate,rugose,shrub,simple,smooth,sparsely,stem,stigma,style,surface,triangular-subulate,tube,white,x,yellow	-3,-30,.5-2.5,1-25,1.5-9,10-15,10-25,2.5-5,4-12,5-7,6-13,7-,7743,abaxial,abaxially,absen,acosta,acuminate,acute,adaxiall,adaxially,aggregate,also,apart,apex,axe,ba,blade,branched,cell,connivent,constricted,cuneate,cylindrical,dendritically,densely,directed,distall,eaf,eed,eglandular,entire,especially,flower,forked,gland,hair,like,long,lower,many-foliat,margin,membranaceous,near,nflorescence,nther,obtuse,occasionally,often,orolla,perfect,pore,pubescen,pubescent,rachi,radiu,ripe,ruit,short-stalked,solí,spaced,stalked,stone,subcordate,tal,tem,time,tip,triangular-ovate,truncat,unbranched,unit,vary,vein,wide,ympodial	2-3,adhesion,anther,arrangement,colour,corolla,dense,form,growth,height,hermaphroditic,history,inflorescence,leaf,length,life,na,ovary,perennial,plant,position,presence,pubescence,reproduction,seed,shape,size,staman,stellate,texture,truncate
53	wfo-0001025902	success	211	133	103	108	30	0.488	.2,0.1-0.5,0.5-2,0.5-2.5,1-1.2,1-1.5,1.5,1.5-2,1.5-3,1/3,11-15,1983,2-6,2.5-4,4,4-13,5-6,abaxially,acute,adaxially,anther,apex,attenuate,base,becoming,black,broadly,cabrera,calyx,chartaceous,clavate,cm,completely,conical,connivent,corolla,deltate,densely,diameter,dull,ellipsoid,entire,fide,flattened-reniform,fleshy,glabrous,globose,green,growth,inflorescence,lanceolate,lateral,leaf,leaf-opposed,length,linear,lobe,long,loosely,lower,margin,mature,minute,minutely,mm,occasionally,ovary,pale,pedicel,peduncle,perfect,pericarp,petiole,pitted,pubescent,ridged,rotate-stellate,rounded,scattered,semi-circular,simple,sometimes,somewhat,sparsely,stem,stigma,strongly,style,surface,tapering,terminal,thin,trichome,tube,uniseriate,vine,violet,whitish,woody,x,yellow,yellowish,½	.5,/2,1.2-1.5,3-10,4-5,4-6,40,5-merou,8-10,8-15,8-9,>,absent,accompanied,ag,aid,along,always,alyx,anthesi,apar,ark,articulated,axi,bark,beginning,berr,berry,branch,branched,branching,c.,cell,circular,climbin,deciduou,eaf,eed,either,except,exfoliatin,exserted,filament,flower,free,fruiting,geminat,ilament,leaving,lengthening,less,lobed,low,markedly,midvei,new,nflorescence,obscured,often,older,one,orolla,pair,papillat,papillose,peg,pendant,per,planar,plurifoliate,pore,poricidal,portion,primary,prominent,revolute,ruit,scar,scrambling,semi-aquati,shallow,sleeve,slender,slit,small,soon,spaced,spreading,tangled,tem,testal,time,tip,twining,ud,ultimate,unit,usually,vary,vegetation,vein,water,way,weak,weight,widely,wing,ympodial	adhesion,arrangement,blade,climate,colour,form,fruit,glandular,hair,height,history,life,midpoint,na,number,perennial,plant,position,presence,pubescence,ray,reproduction,rugulose,seed,shape,size,staman,stellate,stipe,texture
54	wfo-0001025906	success	188	124	98	90	26	0.521	0-14,0.1-2,0.15-0.6,0.20-0.60,1-2,1.1-2,1.6-12.4,16-51,2-4.4,2-6,2.6-5.2,3-10,3-5,4-10,4-5,4-7,5-7,5.2-9,8-16,8.5-12.5,abaxially,adaxially,anther,apart,articulated,axillary,blue,brownish,bud,cell,clavate,cm,condition,connivent,coriaceous,corolla,covering,diameter,distal,drying,fresh,fruit,glabrous,globose,green,green-white,greenish,hair,hair-like,half,herb,high,interjected,lanceolate,lateral,leaf,leaflet,light,lilac,linear,lobe,long,make,mm,mucilaginous,odd-pinnate,ovoid,pair,pedicel,peduncle,pentagonal,petiole,plant,pubescent,purple,ripe,rotate,seed,shiny,short,size,spaced,stigma,stripe,style,sub-glabrous,subtending,terminal,testal,thick,throughout,tube,wall,wet,white,whitish,x,yellow	0.2-0.6,1-3,1-6,1.8-4.8,4-12,5-6,5-merou,acumen,acute,adaxiall,ag,alyx,apex,apparently,axe,base,berry,blade,capitat,cuneate,dark,decreasing,decurrency,decurrent,delimited,digestion,diminishing,dorsally,eaf,edge,eed,enzyme,erec,exceeding,falcate,filament,first,flat,flower,folded,forked,geminat,generally,glabrou,hal,homostylous,honeycomb-shaped,lengthening,living,lower,next,nflorescence,obtuse,orolla,perfect,plurifoliate,pore,poricidal,rachi,removed,ruit,second,sessile,seudostipule,slightly,slit,smaller,sparsely,specimen,stamen,straight,subequal,subglabrou,subglabrous,tall,tamen,tem,third,tip,toward,tri-,typically,unit,unwinged,usually,vary,well,width,wood,ympodial	adhesion,arrangement,calyx,capitate,colour,form,growth,height,history,inflorescence,length,life,na,ovary,perennial,position,pseudostipule,pubescence,reproduction,rugulose,shape,staman,stem,surface,texture,woody
55	wfo-0001025907	success	148	106	83	65	23	0.561	.5,.5-1,1,1-1.2,1-2.3,1-3,1-5,1.5-2,1.5-2.2,12-45,2,2-3.5,2/3,3-,3/2,4-5,5-15,acuminate,acute,along,anther,apex,attenuate,axillary,base,brown,c,calyx,cell,cm,conical,densely,diameter,elliptic,epidermal,flattened,fruit,glabrous,globose,green,greenish,growth,highly,iquito,irregular,isolated,long,lower,margin,minutely,mm,near,new,obovate,ovary,ovoid-reniform,papillate,papillose,pedicel,petiole,plant,population,poricidal,projection,pubescent,red-papillate,round,rugose,seed,shrub,simple,sinuous,size,stigma,style,surface,tip,trichome,truncate,tube,uniseriate,without,x	-4,.05,0,0-60,0.8-1.8,10-15,2-8,3-4,absent,anthesi,anthesis5-7,anticlinal,appearing,axil,beak,bearing,berry,breaking,clavat,conspicuously,deciduous,eaf,edicel,eed,erec,filament,flower,free,fruiting,included,lamina,lobe,lobed,lon,nearly,nflorescence,occasionally,open,pair,per,portion,primary,raised,reflexed,remaining,ruit,scar,scattered,single-stemmed,slender,soon,sparsely,tal,tem,thickening,time,tub,ud,unifoliat,unit,variable,vein,white,white-lenticellate,ympodial	5-7,arrangement,clavate,colour,form,height,history,inflorescence,leaf,length,life,na,peduncle,perennial,position,pubescence,reproduction,rugulose,shape,stem,texture,true,unifoliate
56	wfo-0001026203	success	197	120	95	102	25	0.482	0-39,0.06-0.86,0.3-11,0.38-11.3,0.4-3,0.5-2.3,0.5-3.2,0.7-2.6,1-13,1-4,1-9,1.1-7.9,2-4.9,2-5,2.2-13.3,3-10,3-11,3.2-22,3.2-23,7-47,abaxially,acuminate,acute,adaxially,anther,apex,articulated,attenuate,axillary,base,blue,brownish,bud,clavate,cm,condition,coriaceous,corolla,dark,deep,diameter,distal,drying,elliptic,fresh,fruit,glabrescent,glabrous,globose,green,greenish,hair,half,herb,high,interjected,lanceolate,leaf,leaflet,lilac,lobe,long,medium,middle,mm,odd-pinnate,orbicular,ovate,ovoid,pair,pedicel,peduncle,pentagonal,petiole,plant,ripe,rotate,rounded,seed,sessile,short,size,sometimes,stigma,stripe,style,subglabrous,subtending,terminal,tube,typically,whitish,wide,x,yellow	0-7,0.3-6,1-2,1-5,1.2-5.5,2-10,2-43,2-8.5,3-5,5-merou,acumen,ag,along,alyx,apart,apparently,arranged,asymmetric,axe,basiscopic,bead,berry,blade,capitat,cell,connivent,covering,decreasing,decurrent,digestion,dorsally,eaf,edge,eed,enzyme,erect,exceeding,filament,flat,flower,folded,forked,geminat,generally,glabrescen,glabrou,green-white,hair-like,hal,homostylous,honeycomb-shaped,lateral,lengthening,light,like,linear,living,lower,make,moniliform,mucilaginous,multiple,necklace,nflorescence,orolla,perfect,plurifoliate,pore,poricidal,rachi,removed,rosett,ruit,seudostipule,side,slightly,slit,spaced,specimen,stamen,stolon,straight,subequal,tall,tamen,tem,testal,thick,throughout,tip,tissue,toward,tri-,tuber,unit,unwinged,usually,vary,wall,wet,white,ympodial	adhesion,arrangement,calyx,capitate,colour,form,growth,height,history,inflorescence,length,life,na,ovary,perennial,position,pseudostipule,pubescence,reproduction,rugulose,shape,staman,stem,surface,texture
57	wfo-0001026205	success	165	100	69	96	31	0.418	0.3-2,1,1-1.5,1-6,1.5,15-20,2-14,4,5-7.5,7-9,acuminate,acute,anther,apex,attenuate,base,blade,calyx,chartaceous,cm,cream,cuneate,deeply,densely,diameter,elliptic,enlarged,entire,extra-axillary,flattened,fruit,glabrous,glandular,globose,growth,hair,leaf,linear-lanceolate,lobe,margin,midpoint,minutely,mm,pedicel,peduncle,petiole,pubescent,purple,ray,seed,short,shortly,shrub,simple,size,slightly,sparsely,stellate,stellate-pubescent,stem,stigma,strongly,style,surface,tube,violet,white,x,yellow	-14,-2.5,-6,.5,.5-2,0.5-,0.75-1,1-2,1-3,2-3,3,3/4,30-35,5-merous,5.5-6,8,abaxially,absent,accrescen,adaxially,alyx,apical,apparently,armed,around,articulated,axe,ba,difoliate,distinct,divided,eaf,eed,erect,exceeding,extror,filament,flower,four,fruiting,geminat,globo,homostylous,including,lateral,long,lower,major,maturing,minor,minute,new,nflorescence,node,oblique,often,orolla,perfec,pore,porrect,porrect-stellate,prickle,proximally,rachi,rare,rarely,ruit,scarcely,sessile,similar,slender,small,smaller,solitary,sparse,stellat,stellate-pubescen,straight,summit,tall,tamen,tem,thickened,third,tip,toward,trichome,unarme,unarmed,unit,usually,vary,wide,wing,ympodial,zigza	0.5-2.5,1.5-2,2,5,adhesion,arrangement,climate,colour,corolla,form,height,history,inflorescence,length,life,na,number,ovary,perennial,plant,position,presence,present,pubescence,red,reproduction,rugulose,shape,staman,stipe,texture
58	wfo-0001026208	success	214	126	94	120	32	0.439	/3,0.1,0.1-0.25,0.5-1.2,0.6-0.8,0.6-0.9,0.7-2,0.8-1.5,1-2,1-5,1.8-2.3,1.8-2.5,11-25,2-20,2.5-6,3-5,3.5-5,5-17,6-8,abaxially,acuminate,acute,anther,apex,base,berry,blade,bright,brown,calyx,chartaceous,cm,connivent,cuneate,dark,deltate,densely,diameter,dull,elliptic,equal,erect,evenly,flattened-reniform,fruit,glabrous,green,lateral,leaf,length,lobe,lobed,long,lower,margin,maturity,mauve,membranous,midpoint,mm,moderately,orange,orange-brown,ovate,pale,pedicel,peduncle,petiole,poricidal,ray,red,rounded,shrub,smooth,sometimes,somewhat,sparsely,spherical,stellate,stellate-pubescent,stem,straw-yellow,style,tapering,terminal,tip,toward,trichome,tube,way,white,wide,yellow,young	-1/2,-10,-3,-5,.5,0,0-20,0-4,0-5,0-8,0.1-0.2,0.1-0.3,0.5-0.8,0.8-1.3,1-4,1.5,1.5-2.5,1/3,1/4-1/3,1/4-1/6,2,2-3,2-4,2.5-5,3-30,3-6,3/,4-7,4-9,5,5-,5-22,5-merous,6-22,abaxial,acut,adaxial,alyx,apar,apart,apically,apparently,articulated,bark,becoming,branched,broad-deltate,conical,curved,difoliate,discolorous,distance,drying,eaf,eed,elongated,elongating,extending,filament,flattened,flower,free,fruiting,geminat,geminate,glabrescent,gray-greenish,green-brown,infructescence,longer,mature,midvein,nflorescence,older,one,open,orolla,oung,pair,pendulous,per,perfec,pericarp,porrect,portion,prickle,prickly,primary,pubescent,recurved,red-brow,ruit,scar,sessile,shorter,side,slender,spaced,spreading,stalk,stalked,stout,straight,subentire,surface,tamen,terete,tertiary,time,unarme,unarmed,unit,usually,variously,vary,vein,venation,visible,woody,ympodial	3/4,adhesion,arrangement,climate,colour,corolla,form,glandular,growth,hair,height,history,inflorescence,life,na,number,ovary,perennial,perfect,plant,position,presence,present,pubescence,reproduction,seed,shape,size,staman,stigma,stipe,texture
59	wfo-0001026215	success	150	119	84	66	35	0.56	-3,.05,.5,0.5-1,1,1-3,1.5,1.5-2,1.5-2.2,13-35,2-3,2-3.5,3/4,4-15,4-5,7-8,abruptly,acuminate,along,anther,apex,axillary,base,berry,broadly,brown,calyx,clavate,cm,completely,conical,conspicuously,corolla,deltate,densely,diameter,elliptic,entire,flattened-round,free,fruit,glabrous,green,greenish,herb,horizontal,kink,length,lobe,lobed,long,marked,markedly,mm,narrowing,nearly,occasionally,often,ovary,ovoid-reniform,papillae,papillate,pedicel,petiole,poricidal,purple,red-papillose,rounded,rugose,seed,shrub,stem,stigma,strongly,style,surface,tip,tube,way,white,white-lenticellate,white-pubescent,winged,x	0,0.05,15-2,18-20,2,2-4,abaxially,absent,anthesi,anticlinal,ape,axil,beak,bifi,cell,continually,eaf,edicel,eed,enlarged,epidermal,erect,exserted,filament,flower,fruiting,globose,highly,internode,irregular,less,lower,minutely,nflorescence,noddin,nodding,onto,pair,papillat,per,portion,primary,projection,raised,reflexed,ruit,scar,shortsympodial,simple,single-stemmed,sinuous,small,ste,tal,tem,thickening,time,tub,ud,unifoliat,unit,usually,vein,wide,wing,without	adhesion,arrangement,bifid,blade,climate,colour,form,glandular,growth,hair,height,history,inflorescence,leaf,life,margin,midpoint,na,number,peduncle,plant,position,presence,pubescence,ray,reproduction,rugulose,shape,size,staman,stellate,stipe,tall,texture,unifoliate
60	wfo-0001026220	success	158	98	58	100	40	0.367	/3,0.2,0.3-1.5,1.3-1.7,1.5-2.5,10-20,2.5-3.5,4-10,4-12,8-12,annual,anther,armed,base,bearded,blade,brown,calyx,campanulate,cm,dark,dry,essentially,foliaceous,foveolate,glabrous,glandular,hair,herb,internodal,lanceolate,leaf,lobe,long,maturity,minutely,mm,often,ovate,pentagonal,pentagonal-stellae,persistent,petiole,plant,ray,reticulately,ridged,second,simple,spherical,splitting,stellate,stellate-pubescent,stem,surface,tube,year,yellow	.3-2.8,.5,1,1.0-1.8,5-10,50-90,6-10,7-11-flowere,accrescent,across,acute,along,alyx,anthesi,ape,back,band,becoming,berry,closely,coarsely,conspicuous,developing,dia,difoliate,divided,dryin,eaf,eed,flattened-ovo,geminat,glaucescent,heteromorphic,interpetalar,invested,lacking,large,later,latter,lon,main,many,mostly,much,near,nearly,nflorescence,obtuse,one,orolla,per,persisting,petal,pigment,pinnatifid,pinnatisect,plicate,portion,prickle,prickly,proximal,purple,red,reddish,reduced,ruit,scattered,short,shorter,side,similar,slende,somewhat,spaced,stellae,straight,suffused,surrounding,tall,tamen,terminally,thrice,tightly,tigma,tissue,tub,twice,tyle,ultimate,unexpande,unit,upon,vary,vein,ventral,well-developed,widely,yello,ympodial,young	2.3-2.8,adhesion,apex,arrangement,climate,colour,corolla,diameter,flattened-ovoid,form,fruit,growth,height,history,inflorescence,length,life,margin,midpoint,na,number,ovary,pedicel,peduncle,position,presence,present,pubescence,reproduction,rugulose,seed,shape,size,slender,staman,stigma,stipe,style,texture,unexpanded
61	wfo-0001026227	success	150	99	67	83	32	0.447	.3,.8,0-1.5,0.25-0.4,0.3-0.5,0.3-2.2,0.4-1.4,0.5-1,1.5-4,1.6-2,2-2.5,2.5-3,6-8,absent,adaxially,apex,base,blade,calyx,chartaceous,cm,cuneate,deltate,densely,diameter,elliptical,entire,flower,fruit,globose,green,grey,hair,herbaceous,inflorescence,lateral,leaf-opposed,length,lobe,lobed,long,margin,midpoint,mm,moderately,obtuse,ovate,pale,pedicel,peduncle,petiole,present,ray,resprouter,shallowly,simple,sparsely,stellate,stellate-pubescent,stigma,style,thick,throughout,time,tube,x,yellow	%,0,0-0.1,0-1,0-3,0.1-0.7,0.3-0.4,0.3-0.6,0.3-0.9,0.9-1.2,1,1-1.3,1-4,10-15,15-20,17-55,2-10,2-3,3-6,3-7.5,5-30,5-merous,7-8,abaxially,absen,acicular,across,apart,armed,articulated,axe,ba,chartaceou,d.,distributed,eaf,eed,eglandular,finger,fruiting,gland-tipped,gree,half,index,lamina,lobing,lon,longer,lower,mature,mid-point,midvein,nflorescence,oblique,orolla,part,per,porrect,prickle,pseudo-racemose,ruit,sessile,short,side,solitary,spaced,sprawling,stage,stalk,stellae,straight,tal,tamen,tem,transparent,unbranched,unit,unknow,uvenile,vary,wide,yellowish,ympodial	adhesion,anther,arrangement,climate,colour,corolla,form,glandular,growth,height,history,leaf,life,na,number,ovary,perennial,plant,position,presence,pubescence,reproduction,rugulose,seed,shape,size,staman,stem,stipe,surface,texture,unknown
62	wfo-0001026229	success	299	126	81	218	45	0.271	1,1.8,5,acute,anther,apex,attenuate-caudate,base,berry,black,blade,brown,calyx,clavate,cm,connivent,corolla,cuneate,densely,diameter,elliptic,entire,flattened,flower,fruit,glabrous,glandular,globose,golden,green,growth,hair,hirsute,immature,inflorescence,internodal,lanceolate,lateral,leaf,lobe,lobed,long,margin,mature,membranaceous,midpoint,mm,moderately,narrow-ovate,narrowly,oblong,ovate-elliptic,pale,pedicel,peduncle,perfect,petiole,pubescent,purple,ray,reniform,revolute,rounded,shiny,shrub,simple,size,slightly,sparsely,stellate,stem,stigma,style,subopposite,surface,terminal,tube,white,wide,yellow,yellowish-white	0.1–1.47,0.2–0.8,0.35,0.3–0.9,0.3–1.2,0.4,0.8–1.2,0.8–2,0.9,0.9–4.3,1-celled,1.2–4.8,1.3–1.5,1.3–1.7,1.4,1.7–11.8,1.7–2.3,1.8–5.5,1.9–2.5,1/3,13,1–1.4,1–2,1–4,2,2.3–3.4,2.8–4,2–3,2–3-celled,2–4-celled,3,35,3–4,3–5,4.5–6.5,4–6,5-merou,5–9,6–15,6–7,6–8,8.6–12,8–10,9–31,abaxial,abaxially,accrescent,acuminate,adaxial,adaxiall,adaxially,ag,almost,also,always,alyx,anthesi,ark,articulated,associated,asymmetric,axe,ba,barely,beneath,branch,branching,broadly,broken,camptodromous,capitate,celled,central,changing,commentary,commonly,completely,concentrated,cordate,covered,creating,cylindrical,cyme,dark,deltoid,develope,developed,differing,directed,discolorous,di­,dried,drying,eaf,eed,eglandular,ellipsoidal,elongated,even,faces,few-rayed,found,free,frequently,fresh,fully,geminate,glabrescent,gland,glandular-capitate,head,hispid,hyaline,ilament,impressed,included,insertion,introrsely,involute,irregular,lamina,larger,less,like,long-stalked,longer,longitudinal,lower,mainly,material,maturit,midri,midvein,minute,mixed,much,multangulate,multangulate-stellate,multiseriate,near,nearly,new,nflorescence,often,old,older,one,open,opening,orientation,orolla,other,oung,ovate,pair,paired,papillose,pedunculate,per,pink,pit,plurifoliate,point,poorly,pore,poricidal,porrect-stellate,portion,primary,purplish,ra,rachi,raised,rarely,remnant,ruit,secondary,see,sessile,shin,short-,short-stalked,shorter,slit,small,smaller,solitary,sometimes,somewhat,spread,spreadin,spreading,stalk,strongly,subsessile,supported,surfac,three,tree,trichome,trifoliate,tuft,type,ud,unbranched,unequal,unit,upper,usually,vary,vein,venation,vestiture,visible,weakly,whitish-green,ympodial,¾	0.1-1.47,0.3-0.9,0.3-1.2,0.35-4.3,0.8-1.2,1-1.4,1-2,1.2-4.8,1.3-1.7,1.7-11.8,1.7-2.3,1.8-5.5,1.9-2.5,2.3-3.4,2.8-4,3-5,4-6,6-7,6-8,8.6-12,adhesion,arrangement,climate,colour,form,height,history,length,life,na,number,ovary,perennial,plant,position,presence,present,pubescence,reproduction,rugulose,seed,shape,staman,stipe,texture
63	wfo-0001026230	success	144	95	62	82	33	0.431	.5,.8,0.3-1.5,0.5-3,0.9-2,1-1.4,1-1.5,1.1-1.8,12.6-20.8,2-4,3-4,4.6-9.3,acuminate,acute,anther,apex,area,base,bud,calyx,cm,corolla,deltoid,dia,elliptic,fruit,glabrous,globose,green,grey,immature,leaf,lobe,lobed,long-acuminate,long-triangular,major,margin,minutely,mm,nearly,opposite,ovary,papillose,pedicel,petiole,poricidal,rounded,rusty-papillose,shrub,small,stem,stigma,style,surface,tip,tree,tube,umbonate,white,x,young	.25,0.75-1,1-4,1.8-2.3,1.9-4.1,2-5,5-10,5-20-flowered,anisomorphic,anisophyllou,anthesi,apart,apiculate,appears,back,bark,beginning,beneath,berry,broadly,clavate,clu,completely,cordate,coroll,deflexed,difoliate,distal,eaf,edicel,eed,enclosing,erect,evenly,except,filament,free,fruiting,geminate,inflorescenc,large,lateral,lon,long,lower,main,middle,minor,nflorescence,obtuse,older,orbicular,ovoid,pair,pointed,pore,portion,raised,reflexed,ruit,scar,shaped,simple,sinus,slender,slightly,spaced,straight,strongly,tall,tapering,tear-drop,thickened,ud,unit,unknown,vein,white-lenticellat,widest,winged,woody,ympodial	0.5,arrangement,blade,climate,colour,diameter,form,glandular,growth,hair,height,history,inflorescence,length,life,midpoint,na,number,peduncle,perennial,plant,position,presence,pubescence,ray,reproduction,rugulose,seed,shape,size,stellate,stipe,texture
64	wfo-0001026233	success	165	107	70	95	37	0.424	-1,-3.8,-5.5,-50,.25,.75,0.7-0.8,0.8-4,1.2-2.7,1.5,1/2,2.1,2.3-7,2.4-3.5,2.6,2/3,3.5-4.5,5-30,6,acute,annual,annular,anther,antrorse,apex,basal,base,broadly,calyx,campanulate,capitate,cm,cuneate-attenuate,densely,diameter,ellipsoidal,elliptic,embryo,entire,glabrous,globose,hair,herb,leaf,less,lilac,lobe,margin,mm,moderately,ovate,pale,papery-scarious,petiole,pinnatisect,pubescent,seed,simple,sparsely,stigma,style,subglobose,surface,trans-ovoidal,trichome,tube,unifoliate,uniseriate,x,yellow	-1.9,-8.1,0.3,0.5,0.7-,0.8-1.3,0.8-1.55,1,1-,1.1,2,2-,3.2-3.7,3.2-4.7,4-,5-6.2,abundant,accrescent,ag,articulated,ascending,bearing,berry,coat,conspicuous,curved,cylindrical,difoliat,dimorphic,eaf,eed,evident,few-,filament,fruiting,herbaceous,hig,interlobular,investing,lamina,larger,lobed,long,longitudinal,longitudinally,lower,membrane,minutely,multicellular,narrowly,near,non-glandular,obtuse,occasionally,opening,orolla,other,outer,ovule,partially,pinnatipartite,pore,poricidal,portion,present,protuberance,pubescen,ree,reticulate,ridged,rounded,ruit,scarcely,seede,serrate,shorter,slender,slightly,slit,small,smaller,striate,strongly,styl,tem,tip,tuberculate,unequal,unit,vary,venatio,verrucose,wider,winged,ympodial	0.7-1.3,adhesion,arrangement,blade,climate,colour,corolla,difoliate,form,fruit,glandular,growth,height,history,inflorescence,length,life,midpoint,na,number,ovary,pedicel,peduncle,plant,position,presence,pubescence,ray,reproduction,rugulose,shape,size,staman,stellate,stem,stipe,texture
65	wfo-0001026241	success	220	129	98	122	31	0.445	0.5,0.5–0.7,1.5–1.7,1.5–2.5,1.5–3.5,1.9–2.1,1/3–1/2,109,1–,1–1.4,1–1.5,1–2,2.5–3,2–2.1,2–3,3–3.1,4.5–5,abaxially,anther,apex,base,basiscopically,berry,black,brittle,brown,calyx,capitate,cm,conical,cordate,corolla,cup,densely,dia,dry,eglandular,elliptic,entire,erose,et,extended,fruit,galiano,glabrous,glandular,glandular-pubescent,globose,herb,inflorescence,internodal,irregularly,leaf,lobe,lobed,margin,mm,oblique,open,orangish,outline,ovary,ovate,ovoid,papillate,pedicel,peduncle,perennial,petiole,pinnatifid,pubescent,rachi,reniform,seed,shiny,simple,somewhat,spatulate,stellate,stem,stigma,style,subshrub,succulent,surface,taproot,ternate,thickened,triangular,trichome,truncate,tube,uniseriate,usually,way,white,woody,x	.2,.3,.5,0.1–0.15,0.2–,0.3–,0.3–0.4,0.3–0.6,0.3–1,0.5–0.8,0.5–1,0.7–1.1,1-,1-celled,1.2–1.5,1.2–2,10-20,1–1.1,2-flowered,3,3-,30–50,4-,5,5-celled,5-merous,6,adaxially,always,anthesi,apical,appearing,appears,articulated,attenuate,ba,basal,beak,branching,broader,campanulate,cell,center,connecting,covered,curved,curving,darker,decurrent,deflexe,dehiscing,deltate,denser,depressed-globose,difoliate,discrete,drying,dwarf,eaf,enclosed,equal,erect,filament,flower,foliat,foliose,free,fruiting,geminate,gland,intially,larger,lateral,leaflet,like,lon,long,longitudinal,main,midvein,mixture,much,near,nflorescence,one,onto,papillat,per,perfect,pericarp,pitted,pore,portion,prolonged,pubescen,pulp,remain,robust,ruit,shallowly,sinuate,slightly,slit,small,smaller,sometimes,stamen,stout,strongly,sulcate,terminal,testa,thick,tip,tissue,tuberculate,ud,unit,vein,wide,wing,ympodial	30-50,adhesion,arrangement,blade,climate,colour,decurrenct,dense,diameter,form,growth,hair,height,history,length,life,midpoint,na,number,plant,position,presence,pubescence,ray,reproduction,rugulose,shape,size,staman,stipe,texture
66	wfo-0001026242	success	210	122	91	119	31	0.433	0-2,0.05-0.2,0.3-0.5,0.4-0.5,0.4-2,0.5-1,0.55-0.9,0.7,0.7-1.3,1-2.5,1.5-3,1.5-4,1/6-1/4,2-2.5,2.5-2.8,2.5-4.5,3-6.5,4-13,7-17,abaxially,acute,almost,ame,anther,apex,base,berry,blade,bright,c.,calyx,cm,connivent,cuneate,curved,deltate,densely,diameter,dull,equal,erect,evenly,filiform,flattened-reniform,fruit,glabrescent,glabrous,glandular,green,hair,lateral,leaf,length,lobe,lobed,long,margin,maturity,membranous,midpoint,minute,mm,moderately,orange-brown,pale,pale-brown,pedicel,peduncle,petiole,poricidal,ray,red,shorter,shrub,sparsely,spherical,spreading,stellate,stellate-pubescent,stem,straight,style,surface,tapering,tip,tube,weakly,white,wide,yellow,young	-0.9,-1.5,-2,-5,-6,/4,0,0.1,0.35-,0.4-0.55,0.5,0.5-0.7,1-1.5,1-3,1.2-2,1/2,1/5-1/3,10-,10-20,2-5,30-80,4-10,4-5-merous,4.5-5.5,5-,5-18,5-7,6.5-8,8-20,abaxial,acut,alyx,apar,apart,apically,apparently,articulated,bark,branched,broad-deltate,concolorous,difoliate,distance,drying,eaf,eed,elliptic,elongating,extending,eye,filament,flattened,flower,free,fruiting,geminat,glabrou,green-gra,infructescence,irregularly,largely,longer,lower,mature,midvein,multangulate,naked,narrow-deltate,nflorescence,obtuse,occasionally,older,one,open,orolla,oung,pair,per,perfec,pericarp,porrect,portion,prickl,prickle,prickly,primary,recurved,red-brown,reflexed,rounded,ruit,scar,sessile,shorte,side,simple,smooth,sometimes,spaced,stalk,stalked,subentire,tamen,terete,tertiary,time,trichome,unarme,unarmed,unit,upper,variously,vary,vein,venation,visible,way,woody,ympodial	0.35-0.55-0.9,adhesion,alternate,arrangement,climate,colour,corolla,dioecious,form,growth,height,history,inflorescence,life,na,number,ovary,perennial,plant,position,presence,present,pubescence,reproduction,seed,shape,size,staman,stigma,stipe,texture
67	wfo-0001026259	success	233	107	72	161	35	0.309	1.5,2/3,6,anther,apex,base,berry,broadly,brown,calyx,central,cm,concave-reniform,corolla,cylindrical,deltate,densely,diameter,ellipsoid,fleshy,fruit,glabrous,globose,green,green-orange,herb,inflorescence,internodal,lateral,leaf,length,lilac,live,lobe,long,membranous,minutely,mm,nearly,ovary,ovate-lanceolate,pale,papillate,pedicel,peduncle,petiole,plant,pubescent,purple-coloured,rarely,ripe,rounded,shiny,shrub,simple,smooth,somewhat,sparsely,star,stellate,stem,stigma,style,surface,translucent,tube,turning,white,wide,yellow,yellow-green,young	.1,.7,.8,0.1–0.2,0.2–0.4,0.3–1.2,0.4–0.6,0.5,0.5–0.6,0.7–0.9,0404,0–2,1,1-celled,1.0–1.2,1.0–3.3,1.2–8.4,1.4–4.0,1.5–2.0,11–22,12–24,1m,1–2,1–2-celled,1–3-celled,2-ridged,2–17,2–3-celled,3.0–3.4,35–45,4–5,5-merous,5–14,5–7-celled,7–10,8–11,?,abaxial,abaxially,acuminate,acute,adaxial,adaxially,affected,age,anthesi,apar,appressed,arising,becoming,beyond,branch,branched,branching,cell,close,coloured,cone,congested,conical-ellipsoid,cream-coloured,decurrent,dehiscing,difoliate,drop,eaf,eed,elongating,end,entire,especially,et,exerted,filament,flower,free,fruiting,geminat,gradually,growt,halfway,hilum,individual,knapp,larger,leave,lengthening,less,like,lobed,lon,longer,lower,lowermost,margin,much,narrower,narrowly,near,nflorescence,node,occasionally,often,once-branched,one,outline,pair,pathogen,pentagonal,per,perfect,pericarp,pore,poricidal,portion,positioned,primary,purple,purple-black,rachi,recurving,reduced,reflexed,relatively,remaining,ruit,scar,short,shorter,similar,slightly,slit,sometimes,spaced,splitting,spreading,stone,stout,straight,strongly,sub-laterally,tall,tapering,tem,testal,thick,tightly,tinged,tip,together,toward,trichome,two,ud,uniseriate,unit,vein,winged,woody,ympodial,–15	0.3-1.2,0.4-0.6,0.5-0.6,0.7-0.9,1.0-1.2,1.0-3.3,1.1,1.2-8.4,1.4-4.0,1.5-2.0,1.7,12-24,2-17,2.8-3.4,8-11,adhesion,arrangement,colour,dioecious,form,growth,height,history,life,na,perennial,position,pubescence,reproduction,rugulose,seed,shape,size,staman,texture
68	wfo-0001026262	success	179	118	86	93	32	0.48	0.2-0.6,0.25-0.5,0.5-1,0.5-1.5,0.8-1.4,1.5,1.5-2,10-15,2-2.5,2-5,3,3-10,3-6,4-15,4-6,4-8,5-8,7-13,7-9,abaxially,absent,acute,anther,apex,attenuate,base,blade,brown,calyx,chartaceous,cm,connivent,contiguous,cylindrical,dark,diameter,distal,end,expanded,extra-axillary,filiform,flower,fruit,glabrous,globose,green,hair,immature,leaf,lobe,lobed,mature,midpoint,mm,moderately,mottling,nearly,obtuse,orange,ovate,pedicel,peduncle,perfect,petiole,porrect-stellate,pubescent,ray,reniform,rusty,shrub,simple,slightly,stellate,stem,stigma,style,surface,tan,tapering,triangular,tube,unlobed,vine,white,x,yellow	0.5,0.5-1mm,0.75-1.5,1,1-.,1-2,1-5,2-3,30,4-10,4-7,5-merou,abaxial,absen,accrescent,adaxial,adaxiall,adaxially,alyx,apar,apical,apparently,armed,asymmetrical,axe,berry,beyond,cordate,densely,difoliate,directed,discolorous,eaf,eed,either,em,exserted,filament,frui,fruiting,geminate,glabrou,gree,interpetelar,intorsel,lacking,light,like,long,lower,major,midrib,midvein,multicellular,multiseriate,narrowly,netlike,nflorescence,obscure,occasionally,often,orolla,pair,per,pit,pore,prickle,rachi,raised,recurved,ridge,roselike,ruit,scandent,secondary,separated,side,spaced,sparsely,stalk,stamen,ste,tamen,tissue,unarmed,unbranched,unequa,unicellular,unit,vary,vein,wide,ympodial	1-4,adhesion,arrangement,climate,colour,corolla,form,glandular,growth,height,history,inflorescence,length,life,margin,na,number,ovary,perennial,plant,position,presence,present,pubescence,reproduction,rugulose,seed,shape,size,staman,stipe,texture
69	wfo-0001026267	success	162	132	96	66	36	0.593	0.1-1,0.5-1,0.6-1.7,0.7-1.1,1-1.2,1-2.6,1.5-2,2.5-3,3-15,3-6.1,5-7,8.5-15,acuminate,acute,anther,apex,attenuate,axil,base,beneath,body,bright,broadly,calyx,cm,corolla,crateriform,cuneate,densely,distally,drying,except,flattened-reniform,glabrous,globose,green,greenish-white,hard,incrassate,larger,lateral,lavender,leaf,lobe,lobed,long,main,margin,maturity,minutely,mm,narrowly,nearly,occasionally,often,opposite,ovary,ovate,papillose,pedicel,petiole,pitted,pitting,pore,poricidal,pubescent,quickly,remaining,ripening,rough,scattered,shaped,shrub,size,slightly,small,softening,sparsely,stem,stigma,style,surface,tan,tear-drop,tinge,tip,tree,triangular,trichome,tube,tuft,uniseriate,vein,white,x,yellow-green	.25,.5,1-1.5,1-4,1.5-2.3,20-30-flowered,3.2-8.6,4-8,8-10,anthesi,ba,bark,beginning,berry,blackish,closely,decurrent,deflexed,depressed,dia,differing,difoliate,distinct,eaf,edicel,eed,exerted,filament,free,fruiting,geminat,greyish-green,inflorescenc,lon,longinflorescence,lower,major,middle,minor,older,one,overlapping,pair,pale,papillo,portion,raised,reflexed,ruit,scar,scarious,simple,slender,soon,spaced,straight,tall,tapering,ud,unit,widest,wing,winged,woody,ympodial,young	0.5,1,adhesion,arrangement,blade,climate,colour,diameter,form,fruit,glandular,growth,hair,height,history,inflorescence,length,life,midpoint,na,number,peduncle,perennial,plant,position,presence,pubescence,ray,reproduction,rugulose,seed,shape,staman,stellate,stipe,texture
70	wfo-0001026272	success	182	134	105	77	29	0.577	0.2-0.3,1,1-1.5,1-1/5,1-2,1-2-celled,1.2-1.5,1.5-2,12-15,2-2.5,2-3,2-7,3-4,3-5,3.5-4,4-5,5-8,7-10,7-8,abaxial,adaxially,anther,apex,apiculate,articulated,base,berry,beyond,brown,calyx,clavate,cm,coriaceous,corolla,densely,denser,diameter,elliptic,exserted,flattened,flower,form,fused,glabrous,glandular,globose,green,growth,inflorescence,internodal,lanceolate,like,lobe,lobed,long-styled,lower,midpoint,mm,multicellular,obelliptic,oblong,ovary,ovoid,pedicel,peduncle,petiole,poricidal,porrect,pubescence,pubescent,quarter,reddish,reniform,rugose,rusty,scabrous,scandent,sessile,short-styled,shrub,simple,somewhat,sparsely,stellate,stem,stigma,style,sub-sessile,subcoriaceous,subglobose,surface,tapering,terete,thick,tip,triangular-lanceolate,trichome,tube,unarmed,viscid-pubescent,way,white,x,yellowish,¾	1/3,20,20-30,6-8,abaxially,age,anthesi,armed,bark,basal,branched,celled,corymbose,cream-colored,cyme,discolorous,distal,eaf,eed,epidermi,erect,filament,free,fruiting,heterostylous,lengthening,long,many,midpoin,minute,mixed,multangulate,new,nflorescence,numerous,older,partially,pendant,per,perfect,pericarp,pitted,plurifoliat,pore,porrect-stellate,portion,prickle,prickly,rachi,raise,recurved,reduced,reticulately,ruit,scar,slightly,slit,spaced,sparse,stalked,staminate,subconical,subtruncat,testa,time,turbinate,ud,unarme,unevenly,unicellular,unit,upper,velutinous,venation,visible,woody,ympodial	adhesion,arrangement,blade,climate,colour,fruit,hair,height,history,leaf,length,life,margin,na,number,plant,position,presence,present,ray,reproduction,rugulose,seed,shape,size,staman,stipe,subtruncate,texture
71	wfo-0001026279	success	248	132	103	145	29	0.415	-34.3,-5.9,0.2-0.4,1-10,1-3.5,1.1-1.6,1.1-1.9,1.5-1.8,1.5-3,1.7-2.3,1.9-3,11.5-19.7,14-27,3-4,3.1-4.2,3.4-5.2,3.5-7.8,8,9-22,abaxially,acuminate,acute,adaxially,anther,apex,attenuate,base,black,blade,blunt-tipped,brown,calyx,capitate,chartaceous,cm,conical,corolla,cuneate,dark,deltoid,diameter,drying,elliptic,elongated,entire,flower,fruit,glabrescent,globose,granular,grayish,grayish-green,green,hair,immature,inserted,lanceolate,lavender,leaf,length,lilac,lobe,margin,mature,mm,narrowly,oblong,occasionally,pale,pedicel,peduncle,petiole,plant,present,pseudo-terminal,pubescence,reticulate-punctate,rounded,scabridulous,scabrous,scattered,semi-ovate,short,shrub,simple,slowly,stellate,stem,stigma,style,subcampanulate,suborbicular,surface,tomentose,tomentose-pubescent,tree,tube,white,whitish,x,yellow,yellowish,yellowish-tan	-11.4,-2.9,-4,/14-1/8,0.25-0.4,0.8-2.3,0.9-1,0.9-1.8,1-1.4,1.9-3.2,1/2,2.4-3.2,2.5-3.2,2.6-4.8,2/3,3.1-3.6,3.8-5.1,4-7.5,5-200,5-8,8-11,8.5-10.5,accrescent,adaxiall,ag,anthesi,apart,apparently,appearing,appressed,ark,around,articulated,axe,axillary,ba,berry,branch,branched,bud,closely,completely,covering,cylindrical,dendritic-echinoi,dendritic-echinoid,dense,directed,distally,due,eaf,earl,echinoi,echinoid,edge,eed,enveloping,equal,evident,exerted,expanded,farinose,few-rayed,filament,fleshy,free,fruiting,glabrescen,glabrous,half,lateral,lengthening,lobed,long,long-stalked,longer,longitudinal,longitudinall,lower,m.,main,many,midrib,minute,mixed,multangulate,multangulate-pubescent,multiseriate,nflorescence,obovate,occasional,often,older,open,orbicular,orolla,ovate-lanceolate,overlapping,partly,perfect,plurifoliate,pore,poricidal,porrect-stellate,prominent,rachi,ruit,secondary,sessile,short-,short-decurrent,short-stalked,side,slightly,slit,somewhat,spaced,splitting,stalk,stamen,subcoriaceous,subsessile,sulcate,suture,tall,tamen,tertiary,thickened,thin,thin-stalked,time,tip,ud,unarme,unarmed,unit,unwinged,upper,usually,vary,vein,way,wide,ympodial,young	adhesion,arrangement,climate,colour,form,glandular,growth,height,history,inflorescence,life,longitudinally,midpoint,na,number,ovary,perennial,position,presence,ray,reproduction,rugulose,seed,shape,size,staman,stipe,texture,unknown
72	wfo-0001026292	success	190	122	91	99	31	0.479	0.25-0.5,0.5-1,0.5-1.5,0.5-2,0.75-1.25,1-1.5,1-3,1-8,1.5,1.5-2,10-15,12-16,2-3,2-4,2.5-3.5,20-25,3-15,3-9,4-8,5-10,abaxially,absent,acute,anther,apex,attenuate,base,blade,brown,bud,calyx,chartaceous,cm,connivent,curved,diameter,distal,distally,end,expanded,extra-axillary,filiform,flower,fruit,glabrous,globose,green,hair,immature,leaf,like,lobe,lobed,margin,mature,midpoint,mm,moderately,nearly,obtuse,orange,orange-red,ovate,pedicel,peduncle,per,petiole,porrect-stellate,pubescent,ray,reniform,shrub,side,simple,slightly,sparsely,spreading,stellate,stem,stigma,style,surface,tan,tapering,triangular,tube,upward,white,wide,x,yellow	-13,0.5,1-2.5,1-5,1.5-2.5,1.5-8,1/3,13-17,2-6,3-5,3-8,30-40,5-merou,absen,accrescent,adaxial,adaxiall,adaxially,alyx,apar,apical,apparently,armed,asymmetrical,axe,berry,beyond,cordate,cut,cylindrical,dark,densely,difoliate,directed,discolorous,eaf,eed,either,exserted,filament,flattened,frui,fruiting,geminate,glabrou,gree,introrsel,lanceolate,less,lon,long,lower,major,many,midrib,midvein,multicellular,multiseriate,netlike,nflorescence,obscure,occasionally,often,orolla,pair,perfect,pit,pore,prickle,rachi,raised,recurved,reflexed,ridge,roselike,ruit,scandent,secondary,separated,sinus,small,spaced,stalk,stamen,swollen,tamen,tem,thin-skinned,unarmed,unbranched,unequa,unicellular,unit,vary,vegetatio,vein,way,whitish,ympodial	adhesion,arrangement,climate,colour,corolla,form,glandular,growth,height,hermaphroditic,history,inflorescence,length,life,na,number,ovary,perennial,plant,position,presence,present,pubescence,reproduction,rugulose,seed,shape,size,staman,stipe,texture
73	wfo-0001026298	success	192	154	121	71	33	0.63	.5,0.1-0.3,0.2-4,0.3-2,0.4-1,0.5-2,0.5-3,0.6-1.5,0.75-1,0.8-2,1-1.5,1.5-2.5,1.5-4,2850,3-4,3-6,3/4,4-13,8-28,acuminate,acute,along,anther,apex,appressed,area,auriculate,bark,base,beginning,beneath,blade,broadened,calyx,closely,cm,conical,corky,corolla,deflexed,deltoid,densely,dia,ellipsoid,elliptic,exsertion,fide,flower,fruiting,glabrous,globose,golden,green,greyish,haught,inflorescence,later,leaf,length,lobe,lobed,long,long-styled,long-triangular,margin,midrib,minute,minutely,mm,oblique,obovate,occasionally,often,opposite,ovary,overlapping,ovoid-reniform,pale,pedicel,petiole,pitted,plant,pore,poricidal,puberulent,rarely,rather,red,reddish,rhizomatous,rough,scar,scattered,shape,shaped,short-styled,shorter,shrub,size,slender,sometimes,somewhat,spaced,stem,stigma,style,surface,tapering,tear-drop,tip,treelet,trichome,tube,unicellular,uniseriate,variable,way,white,x,yellowish-tan,young	0.25-0.5,1.4-6,1.5-9,2-3,5-30-flowered,7-12,american,anthesi,appearing,ba,bearing,berry,bu,caudate,central,costa,differing,difoliate,distal,dry,eaf,edicel,eed,erect,even,filament,free,geminat,glabrate,impressed,inflorescenc,lateral,locality,lon,lower,main,major,material,middle,minor,nflorescence,older,one,orbicular,pair,papillo,papillose,peelin,planar,portion,prominent,reflexed,rest,rican,rounded,ruit,simple,single,straight,tall,thick,third,time,two,ud,unit,varying,vein,widest,woody,ympodial	adhesion,arrangement,bud,climate,colour,deflexion,diameter,form,fruit,geminate,glandular,growth,hair,height,history,life,midpoint,na,number,peduncle,peeling,position,presence,pubescence,ray,reproduction,rugulose,seed,spacing,staman,stellate,stipe,texture
74	wfo-0001026299	success	239	137	113	126	24	0.473	--,-10,-2.5,-3.5,-5,.5,0.1-0.4,0.1-0.5,0.4-0.5,0.4-2,0.5-0.6,0.5-0.7,0.5-1,0.5-2.5,0.6-2,0.7-3.5,0.8-1,1,1-1.4,1.1-1.7,1.2-1.6,1.2-5,1.8-2,2-4,2.2-3.2,2.5,2.5-7,5,6-20,7-12,acute,almost,anther,apex,basal,broadly,brown,calyx,capitate,cm,corolla,crenate-serrate,dark,densely,diameter,elliptic,entire,fruit,glabrous,glandular,globose,green,half,herb,imparipinnate,inflorescence,interjected,interrupted,irregularly,jequetepeque,lacking,lateral,leaf,leaflet,less,lobe,lobed,long,long-acuminate,margin,minute,minutely,mm,obovate,ovary,pair,pale,patent,pedicel,peduncle,pentagonal,perennial,petiole,population,primary,pseudostipule,pubescence,pubescent,rachi,regularly,rest,short,simple,size,sparsely,stem,stigma,stout,straight,stripe,style,surface,terminal,thick,tip,trichome,tube,uniseriate,variously,velvety,white,wide,yellow	-0.8,-1,0-8,0.1-0.2,0.1-0.25,0.15-0.2,0.2-0.25,0.2-1,0.25-0.5,0.3-0.4,0.5,0.8-0.9,0.9-1,1-celled,1.5-,1.5-2.3,2-6,2-foliate,2-locular,25,3-,3.5-10,5-15,5-20,abaxially,absent,abundant,acroscopically,adaxially,along,angled,anthesi,apical,appearance,appendage,approximately,articulated,axi,base,basiscopically,beneath,berr,bract,bracteate,cell,change,chota,column,conical,could,crenat,decurrent,developed,diamete,distal,eaf,ebracteate,edicel,eed,eglandular,erect,exserted,filament,flower,fruiting,give,gree,hair-like,hal,head,intermixed,internode,investing,lanceolate,larger,like,lon,longer,loosely,lower,marañón,maturity,middle,mixture,multicellular,narrowly,nearly,nflorescence,node,oblique,occasionally,often,outgrowth,petiolule,present,prostrate,purple,reflexed,ruit,scarcely,scattered,secondary,sessile,silky,sparse,spreading,staminal,sterile,tall,tem,tertiary,testa,toward,truncate,ud,unicellular,unit,usually,valley,vein,wall,way,weak-walled,winged,woody,ympodial	1.5-10,adhesion,arrangement,colour,crenate,decument,form,growth,height,history,length,life,na,number,plant,position,reproduction,rugulose,seed,shape,staman,texture,width,ye
75	wfo-0001026305	success	135	116	80	55	36	0.593	.25,/4,0.2-1,0.25-0.5,0.5-2,0.6-1,0.7-1,1-1.5,2-2.5,2.5-3,3-8.5,4-4.5,5-7,6-9,7-16,abaxial,abaxially,acute,adaxially,anther,apex,apical,area,attenuate,base,beige-tan,calyx,cm,congested,conical,corolla,deltate,dendritic,densely,dia,difoliate,elliptic,glabrous,globose,green,greenish-white,knob-like,leaf,leaf-opposed,lobe,lobed,long,margin,minute,minutely,mm,occasionally,ovary,ovoid-reniform,pale,papillose,pedicel,petiole,pitted,pore,poricidal,projection,pubescent,rounded,shaped,shining,shrub,sparsely,stem,stigma,style,surface,tan,tear-drop,tip,trichome,tube,unifoliate,way,x	1.3-1.5,2-6-flowered,7-9,along,anthesi,ba,bark,berry,closely,dark,deflexed,drying,eaf,edicel,eed,exserted,filament,free,fruiting,geminat,glabrate,interlocking,lamina,lateral,like,lon,lower,main,middle,midrib,nflorescence,older,overlappin,pair,planar,portion,reddish-brow,ruit,scar,scattered,simple,slender,spaced,strongly,styl,tall,tub,ud,unit,vein,visible,widest,woody,ympodial,young	adhesion,arrangement,blade,climate,colour,diameter,form,fruit,geminate,glandular,growth,hair,height,history,inflorescence,length,life,midpoint,na,number,peduncle,plant,position,presence,pubescence,ray,reddish-brown,reproduction,rugulose,seed,shape,size,staman,stellate,stipe,texture
76	wfo-0001026307	success	193	115	72	121	43	0.373	0.6,2/3,abaxially,acute,acute-acuminate,anther,apex,base,black,broadly,calyx,central,clavate,cm,corolla,cuneate,cylindrical,decurrent,densely,diameter,ellipsoid,entire,eye,flattened-reniform,fruit,glabrous,glandular,globose,green,growth,herb,internodal,lateral,length,lobe,lobed,long,margin,membranous,mm,ovary,ovate,pedicel,peduncle,petiole,pubescent,purple-yellow,ripe,shallow,shallowly,shape,shrub,simple,sparsely,stellate,stem,stigma,style,surface,triangular,trichome,tube,turning,undulate,uniseriate,variable,vigorous,weak-stemmed,white,wide,yellow,yellow-green	.0–1.2,.3,.5,.5–4.0,.6,.8,0.2–0.5,0.2–1.5,0.4,0.5–0.6,0.5–0.7,0.5–5.0,0.8–0.9,0.8–2,0.8–5,1.0–1.2,1.0–1.5,1.0–2.0,1.0–2.4,1.0–2.5,1–3-celled,1–6-celled,2.0,2.0–3.0,2.0–3.5,2.6–13,3.0–4.0,3.5–7.0,35–45,3–8,3–8-celled,4–5.7,5-merous,5–7,8–12,9,abaxial,adaxial,adaxially,age,angled,anthesi,apar,appressed,articulated,becoming,berry,beyond,cell,cone,difoliate,eaf,eed,end,exerted,facing,filament,flower,free,fruiting,geminat,gradually,hilum,later,lengthening,like,longer,lower,middle,minutely,narrower,narrowing,new,nflorescence,one,outline,pair,paler,papillat,pentagonal,per,perfect,pore,poricidal,portion,positioned,primary,purple,recurved,reflexe,reflexed,restricted,ruit,scar,shorter,side,slightly,slit,spaced,spreading,ste,stone,straight,strongly,sub-laterally,tal,tem,testal,three,tinged,tip,toward,translucent,two,ud,unequal,unevenly,unit,upper,vein,ympodial	0.2-0.5,0.2-1.5,0.3-0.4,0.5-0.7,0.5-5.0,0.8,0.8-5,1.0-2.4,2.0-3.5,2.6-13,3.0-4.0,3.5-7.0,4-5.7,8-12,adhesion,arrangement,blade,climate,colour,form,hair,height,history,inflorescence,leaf,life,midpoint,na,number,perennial,plant,position,presence,present,pubescence,ray,reproduction,rugulose,seed,size,staman,stipe,texture
77	wfo-0001026317	success	169	118	91	78	27	0.538	0.3-1.2,0.5,0.5-0.6,0.5-1,0.8-1,1-1.5,10-12,2-2.5,2-4,2.5-10,3,3-3.5,4-5,age,anther,apart,approximately,bark,bright,brown,calyx,capitate,clonal,closely,cm,conical,corolla,dark,dendritic,densely,diameter,distally,drying,elliptic,flattened,glabrous,globose,growth,inflorescence,internodal,lengthening,less,lobe,lobed,minutely,mm,narrowly,new,orange,ovary,packed,pair,pale,papillate,pedicel,peduncle,perfect,petiole,plane,plant,pore,poricidal,primary,pubescence,pubescent,pulp,rachi,red,reniform,scar,shiny,shrub,simple,slit,sparsely,stem,sticky,stigma,style,surface,terminal,thin,tip,triangular,trichome,tube,uniseriate,vein,white,x,yellowish	.5,/4,0.25-1,0.5-0.8,0.6-,0.7-0.9,1-1.2,1-5.7,2-,3-foliate,3.5-15,50-200,6-8,6x,?,abaxially,absent,acuminate,acute,adaxially,anthesi,apex,apically,attenuate,base,berry,branched,correlated,deltate,dense,eaf,eed,em,entire,erec,erect,essentially,exerted,extremely,filament,flower,found,free,fruiting,geminat,halfwa,lamina,like,longer,lower,many,margin,maturity,nflorescence,nodding,occasionally,often,papillat,per,pericarp,pitted,planar,population,portion,pubescen,reflexed,ruit,slightly,straight,swollen,time,toward,ud,unit,variable,way,woody,ympodial	2,2-15,adhesion,arrangement,bud,colour,distance,exertion,form,fruit,halfway,height,history,leaf,length,life,position,presence,present,reproduction,rugulose,seed,shape,size,staman,stellate,texture
78	wfo-0001026321	success	213	123	96	117	27	0.451	0-0.2,0-0.3,0.1-0.3,0.1-0.4,0.4-0.6,0.4-0.7,0.5-0.6,1-1.5,1-3,1.2-3.5,1.5-3,2-7,2.5-5.5,2.7-3.1,3-10,3-4,3.5-8.5,4.5-6,6-11,7-10,7-9,8-20,abaxially,adaxially,andromonoecious,anther,apex,attenuate,base,bisexual,blade,broadly,brown,calyx,chartaceous,cm,connivent,cordate,deltate,densely,diameter,eglandular,entire,extra-axillary,flower,fruit,glabrous,glandular,glandular-puberulent,globose,green,hair,herbaceous,inflorescence,juicy,lanceolate,lateral,leaf,leaf-opposed,length,lobe,lobed,long,margin,midpoint,mm,moderately,moist,oblique,obtuse,orbicular,ovate,pale,pedicel,peduncle,petiole,plant,present,ray,resprouter,rostrate,rusty,shallowly,simple,stellate,stellate-pubescent,stigma,style,throughout,time,tube,weakly,white,x,yellow,yellowish-green	%,.5,0-0.1,0-0.25,0-2,0-3.5,0.1-0.2,0.3-0.6,0.6-0.9,1-1.2,1-2,1-4,1-5,1-locular,1.2-1.7,10-17,2-3,2-4,2-5,2-5.5,20-40,30-65,4-,4.5,5-25,5-merou,50-100,6-10,8-11,absent,accrescent,acicular,across,adaxial,adaxiall,adult,also,alyx,apart,armed,articulated,ascending,axe,ba,branchlet,capitat,central,cross-section,cylindrical,decimetre,directed,distall,eaf,eed,elliptica,exocarp,finger,frui,fruiting,functional,gland-tipped,greenish-white,grey-green,half,halfway,heterostylous,hig,incomplete,juvenile,less,longer,lower,mature,mesocarp,mid-point,midrib,midvein,minute,nflorescence,orolla,pair,part,per,placenta,pore,porrect,prickle,prostrate,pseudo-racemose,rachi,ruit,septum,sessile,shallowly-lobed,short,side,solitary,spaced,sparse,sprawling,stalk,stellae,straight,surface,tamen,tem,thick,transparent,unarme,unarmed,unbranched,unit,unknow,upper,vary,wide,ympodial	adhesion,arrangement,capitate,climate,colour,corolla,elliptical,form,growth,height,history,life,na,number,ovary,perennial,position,presence,pubescence,reproduction,seed,shape,size,staman,stem,stipe,texture
79	wfo-0001026325	success	216	130	78	138	52	0.361	0.5,2,3,abaxially,acute,adaxially,anther,apex,base,blade,blue-violet,calyx,cm,cuneate,darker,densely,diameter,ellipsoid,elliptic,extra-axillary,finely,flattened-reniform,foveolate,fruit,glabrous,green,hair,herb,inflorescence,lanceolate,leaf,lenticular,less,light,like,linear,lobe,lobed,margin,maturity,mm,moderately,mottling,narrowly,oblong,obtuse,ovate-elliptic,ovoid,pale,pedicel,peduncle,perennial,petiole,pubescent,ray,rotate-stellate,shallowly,simple,sinuate,sometimes,sparsely,stellate,stellate-pentagonal,stellate-pubescent,stem,stigma,style,subentire,subglobose-ovoid,subtruncate,surface,triangular,tube,usually,white,yellow,yellow-orange,young	.2,0.15–0.4,0.3,0.5–1.5,0.5–5,0.6–1.8,1,1.1–2,1.2–1.8,1.2–2,1.2–2.2,1.2–2.5,1.3–2.5,1.5,1.5–2.3,1.7–3.5,1.8–2.5,10–12,10–20,12–16,1–1.5,1–2,1–2.5,1–5,1–6,2-,2.5–4,2–10,2–4,2–5,2–6,3-foliate,3.3,3.5,4,4–7,4–8,5,5-merous,5–9,6.5–15,7–10,7–8.5,absent,accrescent,acuminate,adaxiall,alyx,andromonoecious,apart,appearing,armed,articulated,axe,berry,bud,c.,capitat,caudate,central,chartaceous,completely,connivent,covering,curved,cylindrical,deltate,directed,directly,discolorous,distal,distall,downward,eaf,eed,emerging,exserted,few-branched,filament,flower,forked,formed,fruiting,functionally,geminat,hermaphorditi,hermaphroditic,heteromorphic,lateral,lon,long,long-stuled,lower,lowermost,major,malae,nflorescence,node,often,one,orolla,outline,per,plurifoliate,pointed,pore,prickle,producing,proximal,rind,root,ruit,sessile,shoot,short-styled,side,somewhat,spaced,staminate,straight,swelling,tall,tamen,tapered,tem,toug,tuber-like,unarmed,unbranched,unequal,unit,upright,vary,vein,weakly,ympodial,×,–3	0.15-0.4,0.5-5,1-1.5,1-2,1-2.5,1.1-2,1.2-1.8,1.2-2,1.2-2.2,1.2-2.5,1.3-2.5,1.5-2.3,1.7-3.5,1.8-2.5,10-12,2-10,2.5-4,4-7,4-8,7-8.5,adhesion,arrangement,capitate,climate,colour,corolla,dioecious,form,glandular,growth,height,history,length,life,midpoint,na,number,ovary,plant,position,presence,present,pubescence,reproduction,rugulose,seed,shape,size,staman,stipe,texture,x
80	wfo-0001026335	success	157	118	88	69	30	0.561	0.1-0.3,0.25-0.5,0.5-1,0.6-1,1,1-1.5,1-2,1-4,1.5-2,10-20,2,2-3,2-4,2-7.5,3-18,5-15,5-7,7-8,abaxially,acuminate,acute,adaxially,anther,apart,apex,articulated,base,blade,calyx,chartaceous,cm,cuneate,curved,deltate,dense,densely,diameter,elliptic,elliptic-ovate,entire,equal,erect,especially,flattened,flower,fruit,glabrescent,glabrous,glandular,globose,green,hair,leaf,leaf-opposed,like,lobe,margin,midpoint,mm,moderately,oblong,pedicel,peduncle,petiole,probably,pubescence,ray,ripe,rounded,scattered,shrub,simple,spaced,stellate,stellate-pubescent,stem,stigma,straight,style,surface,tip,toward,tube,unripe,white,x,yellow,yellowish	.5,.5-3.5,0.8-1.3,1-3,1.5-4,10-30,3-5,4-5,5-,accrescent,adaxiall,ag,apparently,axe,ba,branched,capitat,connivent,covering,cylindrical,directed,distally,eaf,eed,filament,forked,frui,fruiting,geminate,glandula,held,lanceolate,large,long,longitudinal,lower,many-foliate,much,multangulate,nflorescence,often,opening,orolla,paired,perfect,pore,pubescent,rachi,reticulate,ruit,sessile,slightly,slit,smaller,sometimes,ste,subtending,tal,tamen,tem,time,unit,uprigh,usually,vary,vein,whitish,wide,ympodial	adhesion,arrangement,capitate,climate,colour,corolla,form,growth,height,history,inflorescence,length,life,na,number,ovary,perennial,plant,position,presence,reproduction,rugulose,seed,shape,size,staman,stipe,texture,unknown,ye
81	wfo-0001026342	success	280	117	74	206	43	0.264	.3,0.06,2.0,90°,acuminate,acute,adnate,anther,apex,attachment,base,blade,calyx,cancellate,caudate,channeled,chartaceous,climate,cm,corolla,deltoid,densely,diameter,entire,erect,extra-axillary,flattened-orbicular,flattened-reniform,fruit,glabrous,glandular,globose,hair,inflorescence,lateral,leaf,length,less,lobe,margin,midpoint,mm,moderately,nearly,notched,oval,ovate,pedicel,peduncle,petiole,point,pubescence,pubescent,ray,red,rounded,shrub,simple,sparsely,stellate,stem,stigma,stipe,style,surface,tip,truncate,tube,white,yellow,yellow-ferruginous,yellow-tan,±evenly,±glabrous	.4–3.0,.6,.9,0.07,0.08,0.3–0.5,0.3–0.6,0.3–0.9,0.4–0.6,0.6–1.3,0.6–2.8,0.7–1.4,0.7–1.6,0.7–1.8,0.8,0.8–1.1,0.8–1.2,0.8–1.5,0.9–1.3,1.1–1.5,1.1–3.7,1.2,1.3–1.8,1.5–2.1,1.5–2.3,1.7–2.6,1.8–2.2,1.9–2.9,1/2–2/3,1/3,2.0–7.6,2.1,2.1–3.3,2.1–3.7,2.5,2.5–3.8,2.8–4.9,2.9,3.1–13.7,3.2–3.7,3.6–4.6,4.7,4602,5-merou,5.1–6.6,5.2–7.7,5–8,6–12,7.7–11.2,7–8,8,8.5–9.5,8–13,9.5–14.2,abaxially,absent,adaxial,adaxially,aequilateral,ag,along,alyx,anthesi,apart,apical,apparently,appearing,arching,around,articulate,attenuate,axe,ba,bark,becoming,bent,berry,borne,branch,broad,brochidodromous,brown,bud,capitat,clinate,congested,connivent,deciduous,dentate,development,difoliate,directed,distal,dorsally,dry,edge,eed,either,emerging,endocarp,exocarp,extending,fertile,filament,filiform,flexed,flower,free,geminat,glossy,gradually,homostylous,immature,increasing,individually,intact,internode,interpetalar,intersepalar,juic,laxly,layer,lon,long,longer,lower,many,markedly,mature,mckee,midrib,midvein,minute,moderate,nflorescence,oblique,oblong,observed,occasionally,one,orolla,ove,per,perforated,pore,porrect,porrect-stellate,portion,potentially,raised,reddish,reflexe,remaining,rigid,row,ruit,seen,sessile,short-stipitate,shorter,side,sinus,slightly,sloughing,smoot,soon,spaced,speciman,splitting,spread,stamen,stellae,stellate-pubescent,straight,suture,tamen,tardily,tem,thin,time,tissue,toward,translucent,transparent,trifurcating,two,typically,ud,unarmed,unbranched,upper,various,vary,vein,weakly,well-developed,wide,ympodia,young,±90°,±densely,±equal,×,–0.9,–19.0,–31.0	0.3-0.5,0.3-0.6,0.3-0.9,0.4-0.6,0.6-2.8,0.7-1.6,0.8-1.2,0.8-1.5,1.1-1.5,1.1-3.7,1.5-2.1,1.8-2.2,3.1-13.7,3.2-3.7,5.2-7.7,6-12,7.7-11.2,8-13,adhesion,arrangement,capitate,colour,dioecious,form,growth,height,history,life,na,number,ovary,perennial,plant,position,presence,present,reproduction,rugulose,seed,shape,size,staman,texture
82	wfo-0001026343	success	221	119	91	130	28	0.412	-15,-3.5,-4,-7,.5,0-4,0.05-0.2,0.05-0.5,0.1-0.2,0.45-1,1.3-1.7,1.5-2.5,1.8-2.2,1.8-3,1/3,2-3,2-3.2,2-4,2-6,2.2-3.2,3-4,5.5-9,7-8,7-9,abaxially,acute,andromonoecious,anther,apex,base,berry,blade,broadly,calyx,chartaceous,cm,connivent,cream,cuneate,dark,deltate,densely,diameter,dull,elliptic,flattened-reniform,fruit,glabrescent,glabrous,green,lateral,leaf,length,lobe,lobed,long,lower,margin,marking,maturity,mauve,midpoint,mm,orange,orange-brown,ovate,pale,pedicel,peduncle,petiole,plant,poricidal,purple,ray,rounded,shrub,small,spherical,stellate,stellate-pubescent,stem,style,tapering,tip,tree,tube,upper,weakly,wide,yellow,young	-1,-1.5,/2,/5,0,0-10,0-2,0-40,0-5,0.15,0.2,0.2-0.3,0.2-0.7,0.3,0.5,0.5-1.5,0.8-1.5,1-2,1-3,1-4,1.5-2,1/,1/4-2/3,1/5,10-30,2-5,2-8,2.5-8,3-5,3.5-4.5,5-10,5-merous,6-9,7-12,7-14,abaxial,acuminat,adaxial,alyx,apar,apart,apically,apparently,articulated,bark,branched,brow,concolorous,curved,distal,distance,drying,eed,elongating,equal,erect,extending,faint,filament,flattened,flower,free,fruiting,green-brown,hermaphrodite,heterostylous,infructescence,less,lobing,lon,long-styled,longer,lowermost,mature,midvein,moderately,multangulate,narrow-deltate,nflorescence,obtuse,older,one,open,orolla,oung,pair,pendulous,per,pericarp,plurifoliat,porrect,portion,prickl,prickle,prickly,primary,reddish,reduced,reflexed,ruit,scar,secondary,sessile,short-styled,side,smooth,sometimes,spaced,sparsely,spreading,stalk,stalked,staminat,stout,surface,tamen,terete,tertiary,time,trichome,unarmed,unit,variously,vary,vein,venation,visible,way,woody,ympodial	adhesion,arrangement,climate,colour,corolla,form,glandular,growth,hair,height,history,inflorescence,life,na,number,ovary,position,presence,present,pubescence,reproduction,seed,shape,size,staman,stigma,stipe,texture
83	wfo-0001026351	success	199	122	96	103	26	0.482	0.25-0.5,0.5,0.5-1,0.5-1.0,0.5-1.5,0.5-1mm,0.75-1.0,1-1.5,1-2,1-2.5,1-3,1-4,10-15,2-3.5,2-5,3-10,3-9,4-7,5-15,6-10,8-15,abaxially,acute,andromonoecious,anther,apex,attenuate,base,blade,brown,bud,calyx,chartaceous,cm,connivent,coriaceous,corolla,densely,diameter,entire,extra-axillary,filiform,flower,fruit,glabrous,globose,green,hair,immature,leaf,leathery,length,like,lobe,lobed,margin,mature,midpoint,mm,moderately,narrowly,nearly,obtuse,orange,orange-red,ovary,ovate,pale,pedicel,peduncle,petiole,plant,proximally,pubescent,purple,ray,reniform,seed,simple,slightly,spreading,stellate,stem,stigma,style,subcoriaceous,surface,tan,tapering,triangular,tube,vine,white,wide,x,yellow	1-.,10-18,12-16,15-50,2-4,3-6,4-6,4-9,40-80,5-merou,6-8,abaxial,absent,accrescent,adaxial,adaxially,alyx,apar,apical,apparently,armed,asymmetrical,axe,berry,beyond,branch,branched,commonly,cordate,cylindrical,dark,difoliate,directed,discolorous,distally,distinct,eaf,eed,either,em,exserted,exseted,filament,flattened,forming,frui,fruiting,functionally,geminate,glabrou,gree,hermaphroditic,heteromorphic,introrsel,long,long-styled,lower,major,male,midrib,midvein,multicellular,multiseriate,nflorescence,occasional,occasionally,often,orane,orolla,outer,pair,per,pore,porrect-stellate,prickle,rachi,recurved,red,revolute,roselike,ruit,scrambling,short-,side,siz,spaced,sparsely,stalk,stamen,ste,stellare,straight,surfac,swellin,tamen,unarmed,unbranched,unequal,unicellular,unit,vary,vein,ympodial	1-6,adhesion,arrangement,climate,colour,form,glandular,growth,height,history,inflorescence,life,na,number,perennial,position,presence,present,pubescence,reproduction,rugulose,shape,size,staman,stipe,texture
84	wfo-0001026352	invalid_json	209	128	89	120	39	0.426	.3,0.5,0.5-0.8,0.5-1,0.5-3,0.7-2,1-2-celled,1.2-1.7,1.5-4.6,3-15,3.5-9,4-4.5,5-6,<,?,abaxially,acuminate,acute,anther,apex,base,berry,blue,broadly,brown,calyx,capitate-truncate,chartaceous,cm,conical,cordate,corolla,deltate,densely,diameter,ellipsoid,entire,evenly,flattened,glabrous,globose,green,greenish,growth,immature,inflorescence,lamina,leafy,length,lobe,lobed,long,margin,membranous,mm,narrowly,nearly,ovate,papillate,pedicel,peduncle,petiole,pink,pubescent,reniform,shallowly,shiny,shoot,short,simple,stellate,stem,stigma,style,surface,terminal,thin,trichome,truncate,tube,unspecified,vein,vine,violet,weak,white,wide,woody,yellowish	.5,0.5-1.5,0.6-,0.9-1,1-,1-1.5,1-10,1.5,1.5-2,10+,12-60,2,2-3-celled,5-merou,6-7,7-9,adaxiall,ag,almost,alyx,angle,anthesi,antrorsely,apart,apparently,appearance,arising,articulated,articulation,axi,bark,basal,bending,branch,branching,cell,curved,deciduous,denser,discolorous,eaf,eed,eventually,expanded,exserted,few-celled,filament,flower,free,fruiting,giving,half,heigh,herbarium,ilament,impressed,inflorescenc,irregularly,junction,large,largest,leave,leaving,lengthening,like,lower,many,mature,minutely,near,new,nflorescence,older,orolla,outline,pair,pale,papillo,peg,per,perfect,pericarp,plurifoliat,point,pore,poricidal,portion,primary,principal,rachi,reflexed,rest,revolute,right,ruit,scar,seen,sleeve,slit,small,spaced,sparser,specimen,spreadin,spreading,straw-colored,strongly,tem,third,time,tip,tub,tuberculate,ud,uniseriate,unit,upper,vary,widest,ympodial	'','pale,[,],``,adhesion,arrangement,blade,characteristic,climate,colour,form,fruit,glandular,hair,height,history,leaf,life,midpoint,na,number,ovary,plant,position,presence,pubescence,ray,reproduction,rugulose,seed,shape,size,staman,stipe,texture,value,{,}
85	wfo-0001026352	invalid_json	214	111	78	136	33	0.364	0.5,0.5-0.8,0.5-1,0.5-3,0.6-,0.7-2,1-,1-2-celled,1.2-1.7,1.5,1.5-4.6,3-15,3.5-9,<,?,abaxially,acuminate,acute,adaxially,apex,base,blue,broadly,brown,calyx,chartaceous,cm,conical,connivent,cordate,corolla,deltate,densely,diameter,entire,evenly,form,glabrous,greenish,growth,inflorescence,lamina,leaf,leafy,length,lobe,lobed,long,margin,membranous,mm,narrowly,nearly,ovate,papillate,pedicel,peduncle,petiole,pink,pubescent,shallowly,shoot,short,simple,stellate,stem,terminal,trichome,truncate,tube,unspecified,vein,vine,violet,weak,white,woody,x	.3,.5,0.5-1.5,0.9-1,1-1.5,1-10,1.5-2,10+,12-60,2,2-3-celled,4-4.5,5-6,5-merou,6-7,7-9,ag,almost,alyx,angle,anther,anthesi,antrorsely,apart,apparently,appearance,arising,ark,articulated,articulation,axi,basal,bending,berry,branch,branching,capitate-truncate,cell,curved,deciduous,denser,discolorous,eaf,eed,ellipsoid,eventually,expanded,exserted,few-celled,filament,flattened-reniform,flower,free,fruiting,geminat,giving,globose,green,half,heigh,herbarium,ilament,immature,impressed,inflorescenc,irregularly,junction,large,largest,leaving,lengthening,like,lower,many,mature,minutely,near,new,nflorescence,older,orolla,outline,pair,pale,papillo,peg,per,perfect,pericarp,plurifoliate,point,pore,poricidal,portion,primary,principal,rachi,reflexed,rest,revolute,right,ruit,scar,seen,shiny,sleeve,slit,small,spaced,sparser,speciman,specimen,spreadin,spreading,stigma,straw-colored,strongly,style,surface,tem,thin,third,time,tip,tub,tuberculate,twining,ud,uniseriate,unit,upper,vary,widest,yellow,yellowish,ympodial	'','pale,[,],``,adhesion,arrangement,blade,characteristic,climate,colour,glandular,hair,height,history,life,midpoint,na,number,plant,position,presence,pubescence,ray,reproduction,shape,size,staman,stipe,texture,value,{,}
86	wfo-0001026357	success	206	149	124	82	25	0.602	0.1-0.3,0.11-0.29,0.2-0.7,0.8-1,0.8-1.2,0.9-1.2,1-1.2,1-6,1.1-1.7,1.4-2,1.5-2.2,1.5-2.5,1.5-2.8,10-11,10-17,2-2.8,2-3,2-3.3,2-6,3.9-6.2,4-7,5,5.8-13.6,7-15,accrescent,acute,adaxially,along,anther,anthesi,apart,apex,articulated,asymmetrically,base,blunt-tipped,branched,brown,calyx,chartaceous,closely,cm,completely,conical,conspicuous,coriaceous,corolla,covering,dark,decurrent,densely,diameter,ellipsoid,elliptic,entire,enveloping,exserted,ferrugineous-pubescent,fleshy,flower,foveolate,fruit,fruiting,globose,green,hair,half,immature,inserted,lanceolate,lateral,leaf,length,line,lobe,long-attenuate,lower,main,many,mature,midrib,minute,mm,multangulate-pubescent,narrowly,nearly,oblanceolate,oblong,obovoid,ovate,pale,pedicel,peduncle,perfect,petiole,porrect-stellate,pubescent,scabrous,semi-ovate,several,shrub,side,simple,small,smooth,somewhat,spaced,stellate,stellate-tomentose,stelliform,stem,stigma,style,suture,tan,time,tree,tube,vein,weakly,white,whitish,x,yellow	0.4-1.6,0.6-1.5,1.7-2.9,1/2,2.3-4.2,2.5-3.3,30-68,4-5,4-6,6-7.5,7-10,abaxially,absen,adaxiall,ag,apparently,around,axillary,ba,bark,berry,blade,branch,capitat,cylindrical,directed,distally,eaf,edge,eed,farinose,filament,free,glabrous,granular,hig,large,lengthening,lobed,long,m.,margin,mostly,multangulat,multangulate,nflorescence,obtuse,older,orolla,ovate-lanceolate,persistently,plurifoliate,pore,poricidal,porrect-stellat,rachi,revolute,rough,ruit,runk,sessile,short-stalked,slightly,slit,sparse,sparsely,stellate-pubescen,stellate-pubescent,tamen,terete,testa,thick-stalked,tip,tomentose-pubescent,touching,ud,unit,vary,way,within,ympodial,young	adhesion,arrangement,bud,capitate,colour,form,growth,height,history,inflorescence,life,na,ovary,perennial,plant,position,pubescence,reproduction,rugulose,seed,shape,size,staman,surface,texture
87	wfo-0001026367	success	216	159	110	106	49	0.509	1.2-1.6,abaxially,acuminate,adaxially,age,along,anther,apart,apex,armed,articulated,asymmetric,attenuate,base,black-brown,blade,blue,broadly,caudate,center,close,closely,cm,colored,cordate,deltoid,dense,densely,diameter,dried,entire,erect,eventually,flower,fruit,glabrate,glabrous,globose,green,growth,hair,immature,initially,interpetalar,irregularly,lance,later,lateral,lavender,leaf,lenticular,lighter,like,lobe,lobed,longer,loosely,margin,midpoint,midvein,minutely,mm,narrowly,oblong,often,ovate,overtopped,pedicel,peduncle,pentagonal,petiole,pitted,plump,prickle,pubescence,pubescent,ray,rotate,rounded,shallowly,shrub,simple,sinuately,slightly,small,soon,spaced,sparsely,stellae,stellate,stellate-pubescent,stem,stigma,style,surface,tan,tawny,terminal,thick-chartaceous,tip,tissue,tomentose,tube,turning,unarmed,usually,weakly,well-developed,yellow,×	.5,0.2–0.5,0.4–0.6,0.4–0.7,0.5–0.7,0.7–1.5,1.8–2.5,10,10–15,10–18,15-20,15–30,1–2,1–3,2.5–4,2–3,2–3.5,2–4,2–4.5,2–5-branched,3–4,3–6,3–7,5-merou,5–7.5,5–9,6–8,7-9.7,7–11,8–10,abaxial,acicular,acute,adaxial,adaxiall,alyx,apparently,ascending,axe,ba,branch,branched,capitat,deeply,denser,directed,distally,eaf,eed,farinose,filament,filiform,finely,geminat,high,homostylous,internode,interwoven,larger,little,lon,long,looser,lower,maturit,midvei,midzone,mostly,much,near,nflorescence,orolla,ovoid,perfect,plurifoliate,pore,porrect,principal,ruit,sessile,short,shorter,side,similar,sinus,somewhat,some­what,splitting,spreadin,spreading,spreadingly,stalk,stalked,ste,stellate-tomentose,tamen,tem,time,tomento,triangular,ud,vary,vein,wide,ympodia,–20	0.2-0.5,0.5-0.7,0.7-1.5,1-2,1-3,1.8-2.5,10-15,10-18,2-3,2-4,2-4.5,2.5-4,20,3-4,3-7,5-7.5,6-8,8-10,adhesion,arrangement,calyx,capitate,climate,colour,corolla,form,glandular,height,history,inflorescence,length,life,maturity,na,number,ovary,perennial,plant,position,presence,present,reproduction,rugulose,seed,shape,size,staman,stipe,texture
88	wfo-0001026377	success	155	90	60	95	30	0.387	-8,2,2-3,2.5,3,30,4,5-6,5-7,7,abundant,abundantly,acumen,acute,adaxially,andromonoecious,anther,apex,base,blade,broadly,brownish,calyx,chartaceous,cm,densely,distinctly,extra-axillary,hair,leaf,linear,lobe,long,main,margin,midpoint,mm,ovate,pedicel,peduncle,petiole,plant,prickly,pubescent,purple,ray,shrub,simple,stellate,stellate-pubescent,stem,stigma,stipe,style,subcordate,surface,tapered,triangular,tube,x	0,0.5,1,1/5-1/4,12,16,3-,3-5,5-merous,7-7.5,8-13,abaxiall,abaxially,along,apica,armed,articulated,axe,ba,belo,branched,bright,broad,cell,central,cut,distall,eaf,eed,ending,ermaphroditic,filament,flower,forked,fresh,geminat,hermaphrodite,hermaphroditic,heterostylous,internode,lateral,like,lon,lower,mainly,midrib,minor,narrow,nflorescence,oblique,often,orolla,pale,polished,pore,porrect,prickl,prickle,proximal,rachi,reduced,repand,retrorse,rounded,ruit,scattered,seen,shallow,sharp,short,side,single,sinus,smaller,sparsely,staminate,stou,straggly,straight,structure,subsagittate,tamen,taminate,tem,tipped,transition,unbranched,unequal,unknow,unknown,vary,vein,vestigia,way,ympodial	11,adhesion,arrangement,climate,colour,corolla,diameter,form,fruit,glandular,growth,height,history,inflorescence,length,life,na,number,ovary,position,presence,pubescence,reproduction,rugulose,seed,shape,size,staman,stout,texture
89	wfo-0001026379	success	219	132	104	115	28	0.475	-4.5,0.2-0.38,0.2-0.4,0.8-1.2,0.9-1.2,1-1.7,1-10,1-2,1-3.7,1.3-2.1,1.5-2.3,1.7-4.9,1.8-2.6,1.8-3.2,1.9-3.4,1/2,13,2-7,2.6-3.7,2/3,3-11,3/4,5.3-10.2,8-15,8-29,8.3-10,acute,anther,apart,apex,articulated,attenuate,basal,base,blade,blunt-tipped,brown,calyx,closely,cm,conical,corolla,dark,densely,diameter,dried,entire,few-rayed,finely,fleshy,flower,fruit,globose,granular,gray-brown,grayish,growth,hair,inserted,leaf,length,lobe,lobed,long-attenuate,margin,minute,minutely,mm,multangulate-pubescent,oblong,obovate,ovate,pale,pedicel,peduncle,petiole,pitted,plant,porrect-stellate,present,reniform,rich,scabrous,shrub,simple,size,small,spaced,stellate,stellate-tomentose,stelliform,stem,stigma,style,terete,tomentose-pubescent,tree,tube,velutinous-pubescent,violet,way,whitish,x,yellow	0.7-1,0.7-2.5,1.8-5,2-2.8,2.4-5.1,2.9-4,4-5,4.1-7,50-450,6-10.6,8-13,9-14,abaxially,accrescent,adaxiall,adaxially,ag,along,anthesi,apparently,around,axillary,ba,bark,berry,branch,branched,capitat,chartaceous,completely,covering,cylindrical,dendritic-echinoid,directed,distal,distally,eaf,echinoi,echinoid,echinoid-pubescent,edge,eed,ellipsoid,enveloping,evident,farinose,filament,free,fruiting,glabrous,hig,included,lacking,large,lateral,lengthening,line,long,lower,m.,main,many,mature,midrib,mostly,multangulat,multangulate,nearly,nflorescence,obtuse,often,older,orolla,ovate-lanceolate,partly,perfect,persistently,plurifoliate,pore,poricidal,pubescen,rachi,rather,recent,ruit,runk,scattered,semi-ovate,sessile,short-stalked,side,slit,sometimes,somewhat,sparse,stellate-,stellate-pubescent,suture,tamen,testa,thin,time,tip,translucent,ud,uneven,unit,upper,usually,vary,vein,vestigial,whitish-brown,ympodial,young	adhesion,arrangement,capitate,climate,colour,form,glandular,height,history,inflorescence,life,midpoint,na,number,ovary,perennial,position,presence,pubescence,ray,reproduction,rugulose,seed,shape,staman,stipe,surface,texture
90	wfo-0001026388	success	264	131	89	175	42	0.337	0.2-0.6,1-2,1.4,1.5-2,1.6,1.8,8.5,abaxially,abundant,acicular,adaxially,anther,apex,armed,attenuate,base,bilobed,blade,brown,calyx,cm,corolla,covering,deeply,dense,diameter,dilated,distinctly,erect,except,extra-axillary,flower,fruit,glabrous,gland,globose,green,hair,halfway,inserted,leaf,length,life,light,lobe,lobed,long,margin,minute,minutely,mm,moderately,oblique,ovate,ovate-apiculate,pedicel,peduncle,petiole,pilose,plant,prickle,purple-colored,shallowly,shape,shrub,simple,size,sometimes,somewhat,sparsely,stellate,stem,stigma,stipitate,straight,strongly,style,suborbicular,surface,thin-textured,triangular,truncate,tube,usually,wide,x,yellow-orange,yellowish,±	.2,.5,.7,0.15,0.2–1,0.2–2,0.4–1,0.5–1.7,0.5–2,0.5–4,0.8–1.5,0.8–2.5,1.4–1.6,1.5–2.2,1.5–3.5,108,10–20,12,1–2,1–2.5,1–6,2-foliate,2.5–4,20–,25,2–4,2–4-celled,2–9,3,3.2–3.7,45,4–10,4–5-rayed,4–6-celled,5,5–12,5–20,6,65–145,6–11,6–7,8-13,=,?,acuminate,acute,adaxiall,always,angle,apar,apiculate,apparent,appearance,ascending,becoming,bleaching,branch,bright,ciliate,closely,color,conduplicate,confined,cylindrical,developing,directed,distall,divided,division,dried,eaf,eed,enlarged,entire,especially,exceeding,exclusive,exserted,filament,first,flowering,folded,forward,free,geminat,geminate,giving,glistening,glutinous,golden,grading,greenish,hyaline,inside,lanceolate,larger,lateral,least,less,lighter,lon,lower,major,midrib,mostly,much,n,nearly,nflorescence,often,one,orolla,otherwise,outside,pair,papillat,par,per,plane,pointing,pore,pressing,probably,rachi,ranging,rarely,recurved,reflexed,reported,rip,ripe,ruit,scarious,scattered,sessile,sideway,similar,single,sinuate,sinus,slightly,small,smaller,spaced,spreading,stamen,stellae,straw,sunlight,tal,tamen,tem,thickened,tip,turning,twice,twisted,two,unarmed,unbranched,unicellular,unit,upper,various,variously,vary,vein,viewed,white,whole,wing,yellow,yellow-green,ympodial,–8	0.2-2,0.4-1,0.5-1.7,0.5-2,0.5-4,0.8-2.5,1-2.5,1.4-1.6,1.5,10-20,2-9,20-45,3.2-3.7,5-12,5-20,6-7,adhesion,apart,arrangement,colour,dilatation,form,glandular,growth,height,history,inflorescence,na,ovary,papillate,perennial,position,presence,present,pubescence,reproduction,rugulose,seed,spacing,staman,texture,width
91	wfo-0001026397	success	202	126	98	104	28	0.485	0.5-1,0.5-1.5,1,1-2,1-2.5,1-3,1.5-3.5,10-14,10-20,13-18,2-10,2-2.5,2-5,2.5,3-3.5,3-4,3-9,4-16,5-15,5-8,abaxially,absent,acute,andromonoecious,anther,apex,attenuate,base,blade,brown,bud,calyx,chartaceous,cm,connivent,coriaceous,cylindrical,densely,diameter,entire,expanding,extra-axillary,filiform,flower,fruit,functionally,glabrous,glandular,globose,greatly,greem,green,hair,hermaphroditic,immature,leaf,leathery,line,lobe,lobed,male,margin,mature,midpoint,mm,moderately,nearly,occasional,orange,ovate,pedicel,peduncle,petiole,plant,present,pubescent,purple,ray,red,reniform,simple,sparsely,spreading,stellate,stem,stigma,style,surface,tan,tapering,triangular,tube,vine,weakly,white,woody,x,yellow	1-.,1-6,1-9,1.5,1.5-3,12-15,12-16,3-5,4-8,5,5-merou,50-100,6-10,8-20,absen,accrescent,adaxial,adaxially,alyx,anthesi,apar,apical,armed,asymmetrical,axe,berry,beyond,cordate,dark,difoliate,directed,discolorous,eaf,eed,either,em,exserted,filament,flattened,frui,fruiting,geminate,glabrou,gree,heteromorphic,introrsel,like,long,long-styled,lower,major,many,midrib,midvein,multicellular,multiseriate,narrowly,netlike,nflorescence,obscure,obtuse,often,older,orolla,pair,per,pit,pore,porrect-stellate,prickle,rachi,raised,recurved,reflexed,ridge,roselike,ruit,rusty,secondary,separated,short-and,side,siz,slightly,small,spaced,stalk,stamen,ste,straight,tamen,thick,unarmed,unbranched,unequal,unicellular,unit,usually,vary,vein,whitish,wide,ympodial,young	1-4,adhesion,arrangement,climate,colour,corolla,form,growth,height,history,inflorescence,length,life,na,number,ovary,perennial,position,presence,pubescence,reproduction,rugulose,seed,shape,size,staman,stipe,texture
92	wfo-0001026400	success	187	129	100	87	29	0.535	0.2-0.8,0.4-1,0.5-1,0.5-1.2,1.3-2.6,1.7-2.2,10-28,13-30,2-6,2-8,3.4-4.8,3.5-5.9,30-55,4-7,5-7,6-13,6-15,6.5-20,8-12,9-13,abaxially,acuminate,acute,adaxially,anther,apex,attenuate,axillary,base,blue,brownish,bud,clavate,cm,condition,connivent,coriaceous,corolla,dark,decurrent,deep,diameter,distal,drying,elliptic,finely,fresh,fruit,glabrescent,glabrous,globose,green,greenish,hair,herb,interjected,lanceolate,lateral,leaf,leaflet,light,lilac,linear,lobe,long,mm,moderately,odd-pinnate,orbicular,ovate,ovoid,pedicel,peduncle,pentagonal,petiole,plant,puberulent,pubescent,purple,ripe,rounded,seed,semi-stellate,sessile,short,simple,size,slightly,stigma,stripe,style,subtending,terminal,tip,tube,typically,white,whitish,x,yellow	0.7-1.1,1-10,1-2,10-18,12-27,2.4-5.9,3-6,5-merou,acumen,adaxiall,ag,alyx,apart,apparently,articulated,asymmetric,axe,basiscopic,berry,blade,capitat,cell,covering,decreasing,digestion,dorsally,eaf,edge,eed,enzyme,erec,exceeding,filament,flat,flower,folded,forked,geminat,generally,glabrou,gree,green-white,hair-like,hal,half,high,homostylous,honeycomb-shaped,lengthening,living,lower,make,mucilaginous,nflorescence,orolla,pair,perfect,petiolulate,plurifoliate,pore,poricidal,removed,ruit,seudostipule,side,slit,spaced,specimen,stamen,straight,subequal,tall,tamen,tem,testal,thick,throughout,tissue,toward,tri-,unit,unwinged,usually,vary,wall,wet,ympodial	abaxial,adaxial,adhesion,arrangement,calyx,capitate,colour,form,growth,height,hermaphroditic,history,inflorescence,length,life,na,ovary,perennial,position,pseudostipule,pubescence,reproduction,rugulose,shape,staman,stem,surface,texture,ye
93	wfo-0001026406	success	219	128	96	123	32	0.438	-1,0-5,0.3-0.5,0.4-0.8,0.4-0.9,0.5-1.5,1-2,1.8-2.4,1/3,1/4,12-19,2-2.7,2-6,2.5-8,2.9-3.2,3-10.5,3.2-3.8,5-25,6-12,6-15,6.5-7,7-10,7-8,9-15,abaxially,acute,andromonoecious,anther,apex,base,blade,broad-deltate,calyx,chartaceous,cm,connivent,cordate,cream,dark,deltate,densely,diameter,equal,flattened-reniform,foliaceous,fruit,glabrous,green,herb,lateral,leaf,length,lobe,lobed,long,long-styled,lower,margin,marking,maturity,mauve,midpoint,midvein,mm,moderately,oblong,obtuse,orange-brown,ovate,pale,pedicel,peduncle,petiole,plant,poricidal,purple,ray,red-brown,short-styled,shrub,sparsely,spherical,stellate,stellate-pubescent,stem,style,tapering,terminal,tip,tube,upper,velvety,white,wide,yellow,young	.2,.5,0,0-3,0-30,0.3,0.3-0.7,0.5,0.5-2.5,0.8,00-200,1,1.3-1.5,1.5-2,1.5-5,1/,1/4-1/2,1/4-1/3,10-30,2-3,20-60,3-4,30-60,5,5-50,5-6,5-7,5-8,5-merous,7-9,abaxial,adaxial,adaxially,alyx,ame,apar,apart,apically,apparently,articulated,bark,berry,branched,c.,conical,curved,dirty-whitish,discolorous,distal,distance,drying,eaf,eed,elongated,elongating,erect,extending,filament,flattened,flower,free,fruiting,fully,gently,hermaphrodite,heterostylous,infructescence,least,lon,longer,lowermost,mature,nflorescence,older,one,open,opening,orolla,oung,pair,pendent,pendulous,per,pericarp,plurifoliat,porrect,portion,prickl,prickle,prickly,primary,reflexed,rounded,ruit,scar,sessile,side,smooth,sometimes,spaced,spreading,stalk,stalked,staminat,stout,straight,surface,tamen,terete,tertiary,time,trichome,unit,variously,vary,vein,venation,visible,way,weakly,woody,yellow-brow,ympodial	1.5,3.5,7.2,adhesion,arrangement,climate,colour,corolla,form,glandular,growth,hair,height,history,inflorescence,life,na,number,ovary,perennial,position,presence,present,pubescence,reproduction,seed,shape,size,staman,stigma,stipe,texture
94	wfo-0001026407	success	221	138	107	114	31	0.484	-11,-6,.5,/3,0.5-0.6,0.5-2,0.9-3,1.2-1.5,1.3,1.5-1.7,1.5-2,1.5-7,2-2.5,2.5-3,3.5,4-5,5,5-10,7-8,abaxially,acute,adaxially,anther,apex,basal,base,becoming,berry,black,brown,brownish,calyx,capitate,chartaceous,cm,conical,connivent,corolla,deep,deltate,dendritic,densely,diameter,ellipsoid,elliptic,entire,erect,evenly,flattened-reniform,fleshy,glabrous,globose,golden,golden-pubescent,growth,inflorescence,internodal,lateral,lax,lobe,lobed,loosely,margin,markedly,membranous,minutely,mixture,mm,narrowly,oblique,occasionally,pale,papillate,pedicel,peduncle,perfect,petiole,pitted,pubescence,pubescent,purple,purplish,reddish,revolute,ripe,shiny,short,shrub,simple,slightly,sparsely,stellate,stem,stiff,stigma,style,surface,terminal,trichome,truncate,tube,vine,violet,way,woody,x,yellow	+,0.5,0.5-1,1,1-1.2,1-10,20-30,20-40,3.5-5.5,5-7,5-merou,7-10,ag,aid,along,always,alyx,anthesi,apart,appearing,area,ark,around,articulated,axi,beneath,berr,blunt,branch,branched,broadly,cell,clear,climbin,congested,dense,denser,discolorous,eaf,eed,exserted,filament,flower,free,fruiting,geminat,glabrescen,glabrou,ilament,interpetalar,irregularly,lamina,leafy,leaving,lengthening,like,long,lower,many,midvein,near,new,nflorescence,numerous,obscured,often,older,open,orolla,outline,pair,paler,papillat,pedice,peg,pentagonal,per,pericarp,persistent,planar,plurifoliate,pore,poricidal,portion,primary,pubescenc,ruit,scar,sinus,sleeve,slit,small,spaced,sparser,spreading,stout,strongly,tangled,tem,testal,thin,time,tip,transition,twining,ud,undulate,unit,upper,usually,vary,vein,weak,ympodial	adhesion,arrangement,blade,climate,colour,form,fruit,glandular,hair,height,history,leaf,length,life,midpoint,na,number,ovary,perennial,plant,position,presence,ray,reproduction,rugulose,seed,shape,size,staman,stipe,texture
95	wfo-0001026422	success	273	123	74	199	49	0.271	0.04,0.06,3.5,6.8,7.6,8.4,acuminate,acute,adnate,anther,apex,apiculate,base,blade,calyx,capitate,chartaceous,cm,corolla,cuneate,deltoid,densely,diameter,dry,elliptic,entire,erect,extra-axillary,flattened-irregular,flattened-reniform,flower,fruit,glabrous,glandular,globose,green,hair,lanceolate,lateral,length,lobe,longer,margin,midpoint,mm,moderately,much,nearly,ovate,pedicel,peduncle,petiole,pubescence,pubescent,ray,red-brown,rounded,shrub,simple,sinuate,stellate,stem,stigma,stipe,style,surface,tip,truncate,tube,unarmed,white,yellow,yellow-tan,yellowish-green	.0,.04,.3,.6,.7,.9,/3,0.08,0.1–0.5,0.2,0.2–0.4,0.3–0.5,0.3–0.7,0.4–1.3,0.4–2.4,0.6–0.9,0.6–1.1,0.6–2.0,0.7–0.8,0.7–1.6,0.8,0.9–1.5,0.9–1.9,0.9–7.5,1.0,1.0–1.9,1.1–1.4,1.2–2.8,1.3–2.2,1.6–1.9,1.6–2.2,1.7–2.4,1.8–2.2,1.8–2.3,1/2–2/3,1/3,1/3–2/3,10,13.2–27.8,1–3,2.0–3.2,2.2–14.0,2.8–4.2,3.5–4.5,3.8–4.8,4.7,4–8,5-merou,5.0,5.8–7.4,5.8–8.3,56,5–7,6–8,7.7–9.2,7.8–26.9,abaxially,absent,adaxially,aequilateral,ag,alveolate,alyx,anthesi,apart,apical,apparently,appearing,appresse,around,articulate,attenuate,axe,ba,bark,basal,becoming,bent,berry,borne,branch,branching,broad,brochidodromous,bud,channeled,cream,darker,deciduous,dentate,development,difoliate,directed,distal,distally,distinct,eaf,edge,eed,either,emerging,endocarp,especially,evenly,exocarp,extending,fertile,filament,filiform,free,geminat,glossy,gradually,gray-brown,gree,homostylous,immature,increasing,individually,intact,internode,interpetalar,intersepalar,juic,layer,light,lon,long,lower,many,many-flowered,mature,midrib,midvein,minute,nflorescence,oblique,oblong,observed,occasionally,orolla,ove,per,perforated,pore,porrect,porrect-stellae,portion,potentially,presumably,raised,reflexed,remaining,rigid,row,ruit,scarcely,sessile,short-stipitate,side,sinus,sloughing,smoot,soon,sparsely,splitting,spreading,stamen,stellae,stellate-pubescent,straight,stripe,suture,tamen,tardily,tem,thin,time,tissue,translucent,transparent,two,typically,ud,unbranched,upper,various,vary,vein,weakly,well-developed,wide,yellow-ferruginous,ympodia,young,±congested,±erect,×,–5	0.1-0.5,0.3,0.3-0.5,0.3-0.7,0.4-1.3,0.4-2.4,0.6,0.6-1.1,0.6-2.0,0.7-0.8,0.7-1.6,0.9-1.5,0.9-1.9,1.3-2.2,1.6-1.9,1.8-2.3,13.2-27.8,2.2-14.0,3.5-4.5,4-8,5.8-7.4,6-8,7.8-26.9,adhesion,arrangement,climate,colour,dioecious,form,growth,height,history,inflorescence,leaf,life,number,ovary,perennial,plant,position,presence,present,reproduction,rugulose,seed,shape,size,staman,texture
96	wfo-0001026424	invalid_json_followup	138	120	69	69	51	0.5	1-1.5,1.5-2,10-15,12-60,15,15-30,3-4,acuminate,acute,age,apex,aspect,axil,base,bluntly,blush-violet,broadly,calyx,campanulate,clonal,cm,corolla,cuneate,cyme,distinct,ellipsoid,elliptic,erect,exceeding,except,facetted,fork,forked,glabrous,glandular,growing,hair,interacuminal,lanceolate,leaf,lobe,lobed,long,midvein,minute,mm,oblique,obovate,often,pedicel,peduncle,petiole,pinnatisect,rarely,rotate-stellate,scorpioid,shrub,simple,slightly,stem,straggly,tissue,triangular,unwinged,usually,within,woody,x,young	-25,-3.5,-4,0.75-1.5,1,1-,1-10,1-2,10,2,3-11,637/1,8-,acuman,acumen,angular,anthesi,ba,becoming,blunt,broad,cell,close,common,conspicuous,cut,dia,downard,eaf,exerted,facing,floral,flower,general,gree,lacking,lanceolate-elliptic,larger,lasting,lavender,line,lon,lower,nflorescence,part,pedicellate,plurifoliat,point,rachi,raised,rh,rounded,second,several,shallowly,short,sinus,soft-wooded,soon,stone,time,tip,toward,tub,ud,unit,violet,year,ympodial	'',1-4,[,``,adhesion,anther,arrangement,blade,characteristic,climate,colour,diameter,form,fruit,green,growth,height,history,inflorescence,length,life,margin,midpoint,na,number,obtuse,ovary,ovate,perennial,plant,position,presence,present,pubescence,ray,reproduction,rugulose,seed,shape,size,staman,stellate,stigma,stipe,style,surface,texture,tube,value,{,}
97	wfo-0001026440	success	181	145	112	69	33	0.619	1-5,1.1-1.4,1.3-1.7,1.5-2.1,1.9-3.7,1/2,1/2-2/3,14-30,2-2.8,2-4,2.9-4.4,3-5,3-7,3-8,3/4,4-12,7-14,9,abaxially,acute,adaxially,along,anther,apex,articulated,basal,base,blade,blunt-tipped,bract-like,branched,broadly,brown,calyx,chartaceous,closely,cm,conical,corolla,dendritic-echinoid,diameter,dichotomy,distal,echinoid,elliptic,entire,first,flower,globose,granular,green,greenish-yellow,hair,inserted,leaf,length,lobe,lobed,long-attenuate,many,margin,minute,minutely,mm,multangulate,multangulate-pubescent,nearly,oblong,obovate,obtuse,ovate,pair,pale,pedicel,peduncle,perfect,persistently,petiole,pitted,porrect-stellate,reniform,ripe,scabrous,semi-ovate,sessile,short-acuminate,short-stalked,shrub,simple,size,small,sometimes,spaced,sparse,stellate,stem,stigma,style,terete,thick,time,tomentose,tomentose-pubescent,tree,truncate,tube,turning,uneven,way,white,x,yellow	0-15,1.1-1.5,1.8-4.5,3.9-6.5,5-7,accrescent,adaxiall,ag,always,anthesi,apparently,appressed,axillary,ba,bark,berry,branch,branche,capitat,dense,developed,directed,distally,eaf,echinoi,eed,filament,fleshy,free,fruiting,high,included,large,lengthening,long,lower,m.,mostly,multangulat,nflorescence,obovoid-oblong,obscure,often,older,openly,orolla,plurifoliate,pore,poricidal,pubescen,rather,ruit,runk,slit,somewhat,stellate-pubescent,suture,tamen,testa,thin,tip,tomentum,translucent,ud,unit,usually,vary,ympodial,young	adhesion,arrangement,capitate,climate,colour,form,fruit,glandular,growth,height,history,inflorescence,life,midpoint,na,number,ovary,perennial,plant,position,presence,present,pubescence,pubescent,ray,reproduction,rugulose,seed,shape,staman,stipe,surface,texture
98	wfo-0001026441	success	197	132	105	92	27	0.533	0-2,0.3-0.7,0.5-1.5,1-1.5,1-2,10,15-20,2-2.5,2-5.5,2-8,4-8,4-8.5,4.5-6.5,5,5-10.5,6-15,7-20,7-8,abaxially,acuminate,adaxially,anther,apex,attenuate,axillary,base,berry,brownish,bud,cell,chartaceous,cm,condition,conical,corolla,diameter,digestion,drying,elliptic-lanceolate,end,enzyme,fresh,fruit,glabrous,green,green-white,greenish,hair,herb,honeycomb-shaped,interjected,lanceolate,lateral,leaf,leaflet,light,like,lobe,long,minute,minutely,mm,mottled,obtuse,odd-pinnate,one,orbicular,ovate,ovoid,pale,pedicel,peduncle,petiole,petiolule,placed,plant,puberulent,pubescent,purple,removed,ripe,rotate,rounded,seed,size,slightly,sparsely,stem,stigma,style,subtending,terminal,testal,throughout,tube,tuber,typically,usually,violet,wall,wet,whitish,wide,x,yellow	.5,0.4-3,0.8,1-10,1.5-2,1.5-2.5,10-14,3-5,4-6,5-merou,9-14,absent,acumen,ag,alyx,apart,apparently,articulated,axe,blade,capitat,ciliate,connivent,covering,decreasing,distal,dorsally,eaf,edge,eed,equal,erec,especially,exceeding,filament,flat,flower,folded,forked,fourt,geminat,generally,glabrou,gradually,hair-like,half,homostylous,internal,larger,lengthening,living,lower,make,margin,middle,mucilaginous,narrow,nflorescence,orolla,pair,perfect,plurifoliate,pore,poricidal,ruit,secondary,semierect,seudostipule,short,slit,spaced,specimen,stamen,star,ste,stolo,straight,subequal,subsessile,symmetrical,tall,tamen,tem,thick,tip,toward,tri-,unit,vary,white,wing,ympodial	adhesion,arrangement,calyx,capitate,colour,form,growth,height,history,inflorescence,length,life,mucilaginousnes,na,ovary,perennial,placement,position,pseudostipule,pubescence,reproduction,rugulose,shape,staman,stolon,surface,texture
99	wfo-0001026453	success	211	113	84	127	29	0.398	.5,0.1-2.7,0.45-5.5,0.5,0.5-0.7,0.5-1,0.8-1.1,1-1.5,1-2,1.5-2,1.9-21.3,15,2-2.5,4m,5.5-8,6-8,7-9,acuminate,acute,almost,anther,apex,attenuate,base,bright,brown,calyx,capitate,cm,conical,corolla,deltate-triangular,diameter,elliptic,entire,flattened,glabrous,globose,growth,inflorescence,lateral,leaf,length,linear,lobe,margin,midpoint,minutely,mm,narrowly,pale,pedicel,peduncle,petiole,poricidal,porrect,pubescence,ray,red,reddish,reniform,sessile,shiny,shrub,simple,small,stellate,stem,stigma,strongly,style,surface,tan,tapering,thin,tip,tree,triangular,trichome,tube,violet,white,x,yellowish	1,1-1.2,10-20,2,30,5-32,6-10,6376,<,abaxially,aberrant,absent,adaxial,adaxially,along,anthesi,apart,armed,articulated,axi,bark,basal,based,beneath,bent,berry,branched,broad,cell,deflexed,dense,densely,denser,directed,distall,distally,eaf,easily,eed,enlarged,enmeshing,equal,evenly,exceeding,exserted,filament,filiform,flower,free,fruiting,glabrescent,grayish,hanging,howard,internode,irregularly,lamina,lengthening,less,like,lobed,long,lower,maturity,midrib,midvein,nearly,new,nflorescence,oblique,occasionally,often,older,one,open,opposite,orange,outline,pair,papillo,parallel,per,perfect,pericarp,pitted,plurifoliat,pore,portion,prickle,primary,pubescent,rest,rounded,ruit,scar,scattered,shallowly,shorter,side,sinuate,slightly,slit,smaller,sometimes,somewhat,sorter,spaced,sparse,sparsely,sparser,spreading,straight,surfac,tangled,testal,time,trunk,ud,unarmed,unit,upper,usually,vein,visible,weak,within,ympodial	adhesion,arrangement,blade,climate,colour,form,fruit,glandular,hair,height,hermaphroditic,history,life,na,number,ovary,perennial,plant,position,presence,present,reproduction,rugulose,seed,shape,size,staman,stipe,texture
100	wfo-0001026460	success	131	109	71	60	38	0.542	.1,0.5-1.5,1-1.5,1.5-2,13.5-21,2.5-3,4.5-5,6-7,6-9,7-9,abaxially,acute-acuminate,adaxially,anther,apex,base,becoming,branched,brown,calyx,capitate,cm,completely,conical,corolla,dark,deltate,dia,elliptic,floccose,glabrous,globose,green,greenish,inflorescence,internodal,leaf,less,lobe,lobed,minutely,mm,nearly,often,opposite,ovary,ovoid-reniform,papillose,pedicel,pitted,pore,poricidal,puberulent,reddish,shaped,shrub,somewhat,soon,stem,stigma,style,subshrub,surface,tear-drop,tiny,tip,trichome,tube,white,x,yellow	.5,1/2,10-15,2-2.5,5,513,8-10,acut,anthesi,axi,berry,closely,deflexed,distal,do,drying,eaf,edicel,eed,erect,fide,filament,filiform,flower,free,frui,fruiting,inflorescenc,like,long,long-exserted,lower,major,membraneous,middle,nflorescence,older,pair,pale,papillo,portion,reddish-brow,reflexed,ruit,santo,scar,simple,slightly,spaced,tall,tapering,tub,ud,unifoliat,unit,vein,widest,woody,ympodial,young	acute,adhesion,arrangement,blade,climate,colour,diameter,form,fruit,glandular,growth,hair,height,history,length,life,margin,midpoint,na,number,peduncle,petiole,plant,position,presence,pubescence,ray,reddish-brown,reproduction,rugulose,seed,shape,size,staman,stellate,stipe,texture,unifoliate
101	wfo-0001026485	success	188	112	80	108	32	0.426	-35,.25,0.25-1,1-10,1-2,1-2.5,1-4,2,2-6,2.3-5,2.5-5,20-30,3-25,3-4,3-6,3-7,3.5-7,4.5-9,5-7,6-9,abaxially,acute,adaxially,andromonoecious,anther,apex,attenuate,base,blade,bright,brown,calyx,cm,compound,connivent,diameter,entire,flattened,flower,fruit,glabrous,globose,greenish-white,inflorescence,leaf,light,lobe,long-attenuate,margin,mm,oblique,obovoid,opposite,orange,ovate,pair,pedicel,peduncle,perennial,petiole,plant,puberulent,pubescent,pyriform,rarely,reflexed,ripe,simple,sparsely,spreading,stellate,stigma,strongly,style,surface,tapering,truncate,tube,x,yellow	-1.5,-22,1.5,1.5-5,10-20,10-25,2-3,2-4,20-40,20-50,4-9,45,5-20,5-merou,6-10,7-15,abaxiall,absen,accrescen,aggregate,alyx,apart,appearing,armed,articulated,axe,broadly,chartaceous,congested,cylindrical,developing,difoliate,directed,distall,dr.,eaf,eed,elliptic,elongating,even,fertile,filament,forked,foveolate,fruiting,geminat,glabrou,heterostylous,hollow,imparipinnate,internode,lanceolate,lateral,leaflet,leaving,like,long,lower,lowermost,major,midvein,narrowly,nearly,nflorescence,occasionally,one,orolla,per,pore,prickle,rachi,recurve,recurved,robust,rugose,ruit,scandent,scar,side,slightly,small,sometimes,spaced,speciman,straight,subcoriaceous,subopposite,swollen,tamen,tem,thickened,time,tip,tissue,tone-cell,toward,triangular,trichome,truncat,unbranched,unit,usually,vary,vein,vin,wide,winged,ympodial	adhesion,arrangement,climate,colour,corolla,form,glandular,growth,hair,height,history,length,life,midpoint,na,number,ovary,position,presence,pubescence,ray,reproduction,rugulose,seed,shape,size,staman,stem,stipe,texture,vine,ye
102	wfo-0001026489	success	153	127	86	67	41	0.562	0.5,0.5-0.75,0.5-1,0.5-2,0.8-1.2,0.8-1.3,0.8-3.7,1-1.5,1.5-5,2-3,2-4,2-5,2.5-13,2.5-4,2/3,5-6,acute,along,anther,anthesi,apex,area,axil,base,beneath,branched,broadly,brown,calyx,closely,cm,corolla,cup-shaped,dark,deflexed,deltoid,dia,elliptic,exserted,flattened,flattened-reniform,glabrous,globose,green,later,leaf,lobe,lobed,margin,minutely,mm,opposite,ovary,paler,pedicel,perpendicular,petiole,pitted,poricidal,pubescent,scar,shaped,shiny,shrub,simple,size,soon,spaced,stem,stigma,style,surface,tear-drop,terminal,thickened,tip,trichome,tube,uniseriate,vein,way,white,whitish,widened,x,young	.3,0.05-0.1,0.25-0.5,0.6-1.4,1.3-3,2-8-flowered,8-13,appearing,ba,bark,berry,densely,differing,difoliate,dry,eaf,edicel,eed,erect,extending,filament,fleshy,free,fruiting,geminat,gra,incrassate,lamina,lateral,lon,long,lower,main,major,middle,minor,nflorescence,occasionally,often,older,one,overlappin,pair,papillo,papillose,parallel,planar,pore,portion,prominent,red-papillose,rhachi,ruit,slender,somewhat,specimen,straight,strongly,tall,tapering,tub,ud,unit,usually,widest,woody,ympodial	adhesion,arrangement,blade,bud,climate,colour,deflexion,diameter,exsertion,form,fruit,glandular,gray,growth,hair,height,history,inflorescence,length,life,midpoint,na,number,overlapping,peduncle,perennial,plant,position,presence,pubescence,ray,reproduction,rugulose,seed,shape,spacing,staman,stellate,stipe,texture,thickening
103	wfo-0001026490	success	272	131	111	161	20	0.408	.5,0.1–0.2,0.1–2.5,0.5–1,0.5–8,0.8–1.5,0.8–12,1.5–2,1.5–3.5,10–20,1–1.2,1–2.5,1–3,2.5–3.5,2–2.5,2–4,3,3–4.2,3–4.5,5–7,7-pinnate,7–15,abaxially,adaxially,along,anther,apex,axillary,brown,calyx,chartaceous,cm,connivent,corolla,covered,crisped,cylindrical,darker,densely,diameter,ellipsoidal,extra-axillary,flattened,flower,free,fruit,fused,glabrous,green,immature,incurved,inflorescence,leaf,length,lenticular,light,lobe,long,lower,main,mature,medium,middle,midvein,mm,moderately,mottled,nearly,oblong,obtusely,orange,ovate-lanceolate,papillose,pedicel,peduncle,pentagonal,petiole,pointed,pubescence,pubescent,rounded,seed,shape,shoot,short,simple,size,slightly,sometimes,sparsely,spur,stem,stigma,striping,style,surface,tawny,teardrop-shaped,terminal,tip,transparent,trichome,tube,vine,violet,white,woody,yellow,½,×,–4.5	0.2–1,0.2–1.5,0.3–3.5,0.4–0.8,0.5–1.5,0.5–3.5,0.7–3,1.2–8,1.5,1.5–5,1.8–2.2,1.9,1–15,1–8,2,2–6,2–8,3–5,3–5-pinnate,3–8,4.6,4–4.5,4–5,5-merous,6,7,=,[,],absent,accrescent,acuminate,acute,ag,alyx,anthesi,apart,apical,apicall,apparently,around,articulated,axe,ba,base,becoming,blade,bract,bracteate,branched,broadly,capitat,cauline,ciliate,climbing,commonly,completely,contiguously,cordate,decreasing,directed,distal,distally,eaf,eed,eglandular,elliptic,entire,equal,exceeding,expanded,filament,flat,fruiting,geminat,ground,interjected,irregularly,lacking,large,lateral,latrorse-introrse,leaflet,lobed,longitudinal,lowermost,lunate,margin,markedly,match,mean,mean=,minute,multicellular,near,nflorescence,node,obliqu,oblique,obliquely,oblon,obtuse,occasionally,one,opening,orolla,ovate,pair,part,per,perfec,perfect,petiolule,plurifoliate,pore,present,pseudostipule,pubescen,punctate,pur,rachi,radial,reflexed,reniform,resulting,revolute,rooting,ruit,sand,seudostipule,shorter,similar,slender,slit,smaller,smooth,somewhat,spaced,stamen,striation,strongly,tamen,tem,thickened,toward,trailing,trichomessympodial,truncate,typically,unbranched,undulate,unit,vary,vegetation,wide,wing,yellowish-tan,youn,–4,–8,–9.5	adhesion,arrangement,capitate,colour,dioecious,form,growth,height,history,life,na,ovary,perennial,plant,position,reproduction,rugulose,staman,texture,young
104	wfo-0001026491	success	165	120	82	83	38	0.497	.5,1-2,1.5-2,1.5-2.5,1.5-3.5,1.7,2.5-3.5,3,3-pinnate,5-6,5-8,6-8,abaxially,acuminate,acute,adaxially,anther,apex,articulated,base,blade,branched,broadly,cellular-papillose,central,cm,crinkly,cuneate,deep,deltoid,diameter,elliptic-lanceolate,entire,equal,glistening,globose,green,hair,highly,inflorescence,lanceolate,leaf,light,lobe,margin,middle,minutely,mm,oblong-elliptic,obtuse,often,ovate,ovate-elliptic,ovoid,pale,pedicel,peduncle,petiole,pubescent,purple,rotate-pentagonal,rotate-substellate,rounded,row,sharp,shortly,shrub,simple,spotted,stigma,straight,strigose,subacute,suborbicular-ovate,surface,tawny,tip,tube,white,whitish,x,yellow	1,10-50,1977,2-3,2-4,2-celled,5-merou,7-8,abaxiall,absent,alyx,anderson,apparently,appressed,averaging,axe,ba,bayonet,bent,berry,bract,branching,capitat,cellular-pilose,connivent,conspicuously,deciduous,densely,directed,distall,eaf,eed,filament,first,flower,geminat,greatly,growing,homostylous,interjected,lateral,leaflet,less,long,lower,lunulat,mean,near,nflorescence,orolla,perfect,pilose,plurifoliate,point,pore,poricidal,porrect-incurved,present,rachi,rarely,readily,reduced,ruit,scandent,seudostipule,similar,slender,small,strigo,strong,strongly,tal,tamen,tem,terminal,tightly,tyle,uniseriate,unit,upright,usually,ventral,ympodial	adhesion,arrangement,calyx,capitate,climate,colour,corolla,distally,form,fruit,glandular,growth,height,history,length,life,midpoint,na,number,ovary,perennial,plant,position,presence,pubescence,ray,reproduction,rugulose,seed,shape,size,staman,stellate,stem,stipe,style,texture,unknown
105	wfo-0001026501	success	195	122	90	105	32	0.462	-1.7,.6,/3,0-1,0.05-0.3,0.27-0.7,0.5-0.6,0.5-0.9,0.5-1,0.6-1.1,0.6-2,0.9-2.2,1-2,1-2.5,1.8-2.2,1/4,2.5-4,2.8-3,3.5-4,6-9,7-9,?,abaxially,acute,anther,apex,apically,base,berry,blade,brown,calyx,chartaceous,cm,cuneate,deltate,densely,diameter,dull,elliptic,entire,flattened-reniform,fruit,glabrous,gray,green,leaf,length,light,lobe,lobed,long,margin,mauve,midpoint,mm,moderately,orange-brown,orbicular,ovate,pale,pedicel,peduncle,petiole,poricidal,ray,rounded,scandent,shoot,short,shrub,simple,sparsely,spherical,spreading,stellate,stellate-pubescent,stem,style,surface,tapering,terminal,tip,tube,unarmed,upper,way,white,wide,yellow	-3,.1,.35,.5,.7,0,0-2,0.1,0.2-1.8,0.5,0.6-1,1,1/2-2/3,1/6-1/2,2-10,3-4,3-5,3-9,4-5,4-7,5-merous,acicular,almost,alyx,apar,apart,apparently,articulated,bark,becoming,borne,branched,brown-green,color,concolorous,curved,discolorous,drying,eaf,eed,elongated,elongating,equal,erect,eye,filament,filiform,filiform-acuminat,flattened,flower,free,fruiting,glabrou,infructescence,known,longer,lower,mature,naked,nflorescence,often,older,one,open,orolla,oung,pair,pendulous,per,perfec,pericarp,plurifoliat,porrect,portion,prickl,prickle,prickly,primary,reddish,ruit,scar,sessile,shorter,slender,small,smooth,sometimes,somewhat,spaced,stalk,stalked,straight,subsessile,tamen,terete,time,trichome,unarme,unit,variously,vary,vein,visible,yellow-green,ympodial	adhesion,arrangement,climate,colour,corolla,filiform-acuminate,form,glandular,growth,hair,height,history,inflorescence,life,na,number,ovary,perfect,plant,position,presence,pubescence,reproduction,rugulose,seed,shape,size,staman,stigma,stipe,texture,ye
106	wfo-0001026503	success	269	123	100	169	23	0.372	.3,.9,0.3–,0.3–0.6,0.4–1.2,0.6–0.7,0.6–1.0,0.7–3.7,0.8–1.1,0.8–1.7,0.8–3.5,1.0–1.6,1.0–3.5,1.1–1.4,1.3–1.6,1.9–5.5,1/3,2.2–2.5,2.2–2.8,2.2–6.3,2.6–2.9,3,3.0–4.5,4.0–12.0,8.2,abaxially,acuminate,adnate,anther,anthesi,apiculate,attachment,attenuate,base,calyx,capitate,chartaceous,cm,corolla,dentate,diameter,dry,eglandular,extra-axillary,flattened-orbicular,flattened-reniform,flower,fruit,glabrous,glandular,globose,green,hair,homostylous,internode,lacking,lanceolate,lateral,leaf,lobe,mature,minute,mm,moderate,nearly,notched,oblong,ovate,pedicel,peduncle,petiole,point,pubescence,pubescent,red,red-brown,rotate-stellate,scarcely,scattered,shrub,simple,small,sparse,sparsely,stellate,stem,stigma,straight,style,tip,tree,truncate,tube,upper,white,yellow,yellow-ferruginous,yellow-tan,young,×	.5,.6,0.03,0.7,1.0–1.5,1.3,1.3–3.7,1.4–1.7,1.4–2.3,1.5–1.8,1.5–2.0,1.5–2.5,1.7,1/3–1/2,1/4–1/3,2.3–2.6,22,2–3,4.7,4.8,4.9–5.8,5,5-merou,5.0,6.0,6.9–10.3,7–10,9.0–1.0,90°,acute,adaxially,aequilateral,ag,always,alyx,apart,apex,apical,apparently,appearing,arching,around,articulate,axe,ba,bark,becoming,bent,berry,blade,branch,branching,brochidodromous,brown,bud,central,channeled,deltoid,depression,developed,development,difoliate,directed,distal,distally,eaf,edge,eed,either,emerging,endocarp,entire,exocarp,extending,fertile,filament,filiform,flattened,flexed,free,geminat,glabrou,glossy,gradually,gree,increasing,intact,interpetalar,intersepalar,irregularly,juic,lackin,layer,lon,long,lower,lying,major,many,margin,midrib,midvein,minor,moderately,near,nflorescence,oblique,obviously,ocasionally,occasionally,opaque,orolla,outline,oval,pale,per,perforated,pore,portion,potentially,present,raised,reddish,reflexe,remaining,rigid,rounded,row,ruit,shallow,short,shortly,side,sinuate,sinus,slightly,sloughing,smoot,spaced,splitting,spread,spreading,stamen,stipitate,subacute,surface,suture,tamen,tem,thin,though,time,tissue,transparent,two,ud,unarmed,usually,vary,vein,weakly,well,wide,without,yellowish,ympodia,±equal,±smooth,±straight	5-merous,adhesion,arrangement,colour,form,growth,height,history,inflorescence,length,life,na,ovary,perennial,plant,position,presence,reproduction,seed,shape,size,staman,texture
107	wfo-0001026513	success	138	90	50	88	40	0.362	0.8-2,1-1.5,1-3,2-5,3-5,4-5,6-8,8-16,acute,anther,apex,base,broadly,calyx,cm,completely,corolla,deltoid,dia,elliptic,fruit,glabrous,globose,green,lanceolate,leaf,lobe,lobed,long-styled,mm,opposite,ovary,papillose,pedicel,petiole,plant,shaped,short-styled,shrub,slender,small,stem,stigma,style,surface,tear-drop,treelet,tube,white,x	.1,.25,.3,.75,/3,2-2.2,3-6-flowered,7-9,anthesi,apiculate,area,ba,bark,berry,caly,closely,darkish,decurrent,deflexed,delicate,differentiated,dry,eaf,edicel,eed,erect,except,exserted,filament,flower,free,fruiting,gre,hirsute,immature,known,lateral,leave,less,live,long,longer,lower,main,mature,middle,minute,minutely,much,nflorescence,obscure,older,overlappin,pair,pale,pore,poricidal,portion,prominent,raised,reflexed,rest,ruit,scar,shiny,simple,somewhat,soon,spaced,specimen,straight,styl,tall,tip,trichome,ud,undersurface,unifoliat,uniseriate,unit,vein,venation,way,wide,widest,woody,ympodial,young	/,0.25,0.3,1,3,adhesion,arrangement,blade,climate,colour,diameter,form,glandular,growth,hair,height,history,inflorescence,length,life,margin,midpoint,na,number,peduncle,perennial,position,presence,pubescence,ray,reproduction,rugulose,seed,shape,size,staman,stellate,stipe,texture,unifoliate
108	wfo-0001026529	success	219	122	91	128	31	0.416	0.3-1,0.5-4.5,1-2,1.1-2.5,1.5-2.5,10-28,11-14,12-22,120-210,3-5,3-9.5,4-8,5-15,5-9,6-20,?,abaxially,acuminate,adaxially,anther,apex,attenuate,base,blade,blue,brownish,chartaceous,clavate,cm,condition,cordate,corolla,creamy,dark,deep,densely,diameter,drying,faintly,fresh,fruit,glabrous,glandular,globose,green,greenish,hair,herb,lanceolate,length,light,lilac,lobe,long,margin,medium,membranous,minutely,mm,moderately,oblique,odd-pinnate,orbicular,ovate,ovoid,pedicel,peduncle,pentagonal,petiole,plant,puberulent,pubescent,pure,rarely,ripe,rounded,seed,shape,size,slightly,stem,stigma,style,substellate,terminal,tube,white,whitish,x,yellow,yellowish	0-25,1,1-10,1-3,1-4.5,1.5-4,10,2,2-5,2-7.5,20-60,3-12,3-6,5-17,5-merou,50-70,600-950,acumen,acute,ag,along,alyx,apart,apparently,articulated,axe,axillary,berry,broadly,bud,capitat,cell,ciliate,connivent,covering,digestion,distal,dorsally,dot,eaf,edge,eed,elliptic,enzyme,erec,especially,exceeding,except,filament,flat,flower,folded,forked,geminat,generally,glabrou,gland,greatly,gree,green-white,hair-like,hal,half,head,homostylous,honeycomb-shaped,interjected,lateral,leaflet,lengthening,like,living,longer,lower,lunate,make,midrib,mucilaginous,narrowly,nflorescence,non-glandular,often,orolla,pair,perfect,petiolulate,petiolule,plurifoliate,pore,poricidal,proximal,reduced,removed,ruit,scattered,sessile,seudostipule,short,slit,spaced,specimen,stamen,ste,straight,subequal,subsessile,subtending,tall,tamen,tem,testal,tetralobulate,thick,throughout,tip,tri-,trichome,typically,unit,unwinged,usually,vary,varying,wall,wet,wide,wing,ympodial	adhesion,arrangement,calyx,capitate,climate,colour,form,growth,height,hermaphroditic,history,inflorescence,leaf,life,midpoint,na,number,ovary,perennial,position,presence,present,pubescence,ray,reproduction,rugulose,staman,stellate,stipe,surface,texture
109	wfo-0001026534	success	150	106	70	80	36	0.467	0.5-1,1-2,1.5-9,10-20,2-2.5,2-3,2-7,2.5-15,3-25,3-4,3-5,3.5-4,4-10,5-6,6-35,7-40,abaxially,acuminate,adaxially,apex,auriculate,base,blade,branched,calyx,chartaceous,cm,connivent,cordate,deltate,densely,diameter,ellipsoidal,entire,flattened,fleshy,fruit,glabrous,glandular,hair,lanceolate,lobe,margin,mm,moderately,obtuse,orange,ovate,ovoid,pale,pedicel,peduncle,petiole,pinkish,puberulent,pubescent,purple,red,simple,stellate,stigma,style,subcoriaceous,tree,truncate,tube,unbranched,white,x,yellow	-1.5,1-2.5,1-3,1.5-6,10-15,10-50,15-50,2-8,2.5-4,3-,3-10,4-foliat,4.5-5,7-12,absent,acute,aggregate,apart,ape,apiculate,articulated,axe,basal,beyond,bright,cell,connective,cylindrical,darker,directed,distally,eaf,eed,eglandular,equal,exserted,flower,leaving,lemon-yello,lon,long,longitudinal,lower,m.,narrowly,nflorescence,nther,often,orolla,pedicellar,perfect,pore,presen,puberulen,rachi,radiu,remnant,ruit,shorter,slightly,small,spaced,sparsely,stamen,stone,stripe,tal,tem,thecae,time,tip,tomento,triangular,truncat,ud,unit,vary,vein,wide,ympodial	adhesion,anther,arrangement,climate,colour,corolla,form,growth,height,hermaphroditic,history,inflorescence,leaf,length,life,midpoint,na,number,ovary,perennial,plant,position,presence,present,pubescence,ray,reproduction,rugulose,seed,shape,size,staman,stem,stipe,surface,texture
110	wfo-0001026535	success	248	118	96	152	22	0.387	.5,1,1.2-2,1.3,2-3,2-5,2.5,3,3-4.5,3-5,3.5-4,7-8,acute,almost,along,anther,apex,apically,apparently,base,berry,black,brachyblast,branch,broadly,brown,calyx,chartaceous,clavate,clustered,cm,condensed,conical,corolla,cupular,dark,deltoid,dendritic,developed,diameter,distributed,dorsal,drying,elliptic,elongated,evenly,except,free,fruit,glabrous,inside,leaf,length,liana,like,lobe,lobed,membranous,mm,mostly,oblong,obovate,older,orange-brown,outside,ovate,ovoid,partly,pedicel,peduncle,plant,pubescent,rachi,rarely,short,shrub,side,sparsely,stem,stigma,style,surface,terminal,thin,tissue,tube,uneven,unevenly,unlignified,violet,white,widely,x,yellowish,young,youngest	.1,.2,.4,.8,0-0.5,0.1-0.2,0.15,0.2,0.2-0.3,0.2-1.5,0.5-1,0.7-1.5,1-2,1-3,1-5,1.5-2,1.5-3,1/2-2/3,1/3,4-15,5-10,5-7,5°,abaxial,abaxially,absent,accrescent,adaxially,age,alternate,alyx,anthesi,apar,area,around,articulated,bark,becoming,branched,branching,clearly,concolorous,cuneate,cup,curved,deeply,delineate,delineated,dendritic-pubescent,dense,detaching,developing,dilated,discolorous,divided,domatia,dry,eaf,eed,ellipsoi,entire,equal,eye,fertilisation,filament,fine,flat,flexuous,flower,forming,frui,fruiting,green-brown,increasing,known,leave,lengthening,linear,lon,long,loop,loose,lower,m.,main,margin,marginal,midvein,minute,minutely,much,naked,network,nflorescence,nther,number,obscure,orolla,pair,papillo,pendulous,perfec,pericarp,petiole,plurifoliat,pointed,pore,poricidal,portion,primary,prominent,protruding,raised,ray,reaching,ridged,rounded,ruit,scar,secondary,see,simple,sinus,slender,slightly,smaller,smooth,soon,spaced,spreading,stump,tearing,terete,tertiary,tip,toward,translucent,trichome,truncate,tufted,two,ud,unarmed,unit,vary,vein,venation,visible,weakly,wide,wider,ympodial	adhesion,arrangement,colour,form,growth,height,history,inflorescence,life,na,ovary,perennial,perfect,position,pubescence,reproduction,rugulose,seed,shape,size,staman,texture
111	wfo-0001026538	success	226	130	99	127	31	0.438	-3.5,0.1-0.3,0.6-0.8,0.8-1.2,0.8-2.2,0.9-1.2,1-2.5,1-3,1.2-1.5,1.2-2.6,1.3-2.8,1.4-2.6,1.7-2.5,12-21.5,2-5,3.5-4.6,3.5-5.8,4-8,5,6-13,6.7-,8.1-14.8,acuminate,acute,anther,apart,apex,base,black,blade,broadly,brown,brown-black,calyx,closely,cm,corolla,decurrent,deltoid,diameter,drying,elliptic,entire,flower,fruit,glabrous,globose,gray,green,hair,inserted,lanceolate,leaf,length,lobe,long-attenuate,margin,mm,mostly,obovate,occasionally,ovate,ovate-lanceolate,pale,pedicel,peduncle,petiole,porrect-stellate,pseudo-terminal,pubescence,rarely,rather,reticulate-punctate,scabridulous,semi-ovate,sessile,short,shrub,simple,small,spaced,stellate,stem,stigma,style,subcampanulate,subconical,suborbicular,surface,terete,thin-textured,tomentose-pubescent,tree,tube,white,x,yellow,yellowish,yellowish-tan	-5.8,.5-3,/15-1/9,0-160,0.3-1.5,0.4-,0.8-1.5,1-1.9,1.2-1.4,1.4-3,1.5-2.5mm,1.8-4.6,1/2,2-3.5,2.1-3.2,2.1-3.4,3-4,3.2-4.8,3.7-5.8,6.3-8.9,8-10,[,],abaxially,accrescent,adaxiall,adaxially,ag,along,anthesi,apparently,appearing,around,articulated,axe,axillary,ba,bark,berry,blunt-tipped,branch,branched,bud,capitat,chartaceous,completely,constricted,covering,cylindrical,dense,densely,directed,distally,due,eaf,edge,eed,enveloping,exserted,farinose,filament,fleshy,free,frui,fruiting,glabrescen,glabrou,lackin,lateral,lengthening,lobed,long,long-stalked,longer,longitudinal,lower,main,many,measured,midrib,mixed,multangulate,nearly,nflorescence,obscured,obtuse,older,orolla,overlapping,perfect,plurifoliate,pore,poricidal,porrect-stellat,pubescent,rachi,ruit,runk,short-stalked,side,slightly,slit,sometimes,somewhat,soon,stamen,suture,tall,tamen,thick,thickened,time,tip,tomentu,touching,ud,unarme,unarmed,unit,usually,vary,vein,way,weakly,wide,ympodial,young	adhesion,arrangement,capitate,climate,colour,form,glandular,growth,height,hermaphroditic,history,inflorescence,life,midpoint,na,number,ovary,perennial,plant,position,presence,present,ray,reproduction,rugulose,seed,shape,size,staman,stipe,texture
112	wfo-0001026539	success	194	136	107	87	29	0.552	.5,0,0.2,0.25,0.9,1,1.5–2,10–15,10–28,2,2.5–4,20,2–2.5,2–4,30,4–6,5.5,5–10,6–15,abaxially,acuminate,acute,adaxially,anther,anthesi,apex,apiculate,articulated,base,becoming,berry,blade,broadly,brown,calyx,campanulate,chartaceous,clustered,cm,connivent,corolla,creamy,cucullate,densely,diameter,elongating,entire,equal,flattened-reniform,flower,fruit,glabrous,globose,growth,hair,height,hooked,lance-elliptic,lateral,leaf,lobe,long-attenuate,long-styled,margin,minutely,mm,nearly,oblanceolate,occasionally,orange,pedicel,peduncle,perennial,petiole,pilosulose,pitted,puberulent,pubescent,red,rounded,rugose,shoot,short,sinuate,slender,somewhat,spreading,staman,stellate,stem,stigma,strongly,style,subwoody,surface,tapering,terminal,terminally,tip,tube,usually,vine,white,winged,yellow,young,×	-6,0.3-0.5,0.5,1-1.5,1-2-celled,15–20,1–2,2-4-celled,2.5,20–35,2–3,2–5,3,3–5,5,5–,absent,ag,always,alyx,approximately,armed,axe,ba,basal,branched,bud,capitat,cell,deltate,dr.,eaf,early,eed,ellipsoid,elongate,exserted,filament,four,glabrou,ine,interpetalar,larger,lengthening,lobed,long,longer,lower,major,midrib,narrowly,nflorescence,often,one,orolla,pair,pericarp,pointed,pore,poricidal,present,prickle,pustulate,rachi,recurve,recurved,robust,ruit,sessil,shallow,side,simple,slightly,slit,stout,straight,tamen,time,tissue,triangular,trichome,tub,unequal,vary,vein,wide,woody	adhesion,arrangement,capitate,climate,colour,dry,form,glandular,history,inflorescence,length,life,midpoint,na,number,ovary,plant,position,presence,pubescence,ray,reproduction,rugulose,seed,sessile,shape,size,stipe,texture
113	wfo-0001026604	success	192	120	89	103	31	0.464	.5,0.8-0.9,1-1.2,1.2-1.7,1.5-2,1.5-9,10-30,2-2.3,2-2.5,2.3-3.5,3-3.5,3-5,3.5-4,4-4.5,4.5-7,absent,acuminate,along,anther,apex,base,berry,brown,c.,calyx,capitate,cm,conical,cordate,corolla,dark,densely,diameter,entire,flattened,fruit,glabrous,globose,growth,leaf-opposed,liana,lobe,lobed,margin,mere,midrib,minute,minutely,mm,narrowly,oblique,ovary,ovate,pale,papillose,pedicel,peduncle,petiole,pitted,poricidal,purple,red,reddish,reniform,rim,ripe,shape,shiny,shrub,simple,stellate,stem,stigma,stout,style,surface,terminal,thin,tip,trichome,truncate,tube,undulation,uniseriate,vining,violet,way,woody,x	.4,.75,0,0.1,0.4-0.6,0.8-1,1.1-1.3,5,5-7,50-100,<,?,age,aid,always,anthesi,apart,appearing,articulated,articulation,atop,bark,basal,branching,brow,cell,clearly,climbing,comical,cucullate,cupped,deflexed,differentiated,distal,distinct,drying,due,eaf,eed,ellipsoid,elongate,expanding,exserted,filament,flexuous,flower,free,fruiting,inflated,later,leaving,lengthening,lower,new,nflorescence,nodding,occasionally,older,outline,overall,ovoid,pair,papillo,part,particularly,peg,per,perfect,pericarp,planar,plurifoliat,poin,point,pore,portion,primary,pubescent,quarter,receptacle-like,ruit,scar,series,sinuate,slender,slightly,slit,somewhat,spaced,strongly,structure,support,swolle,testal,time,tub,twisting,ud,unit,upper,vein,widely,ympodial,½	adhesion,arrangement,blade,climate,colour,dioecious,form,glandular,hair,height,history,inflorescence,leaf,length,life,midpoint,na,number,perennial,plant,position,presence,pubescence,ray,reproduction,rugulose,seed,size,staman,stipe,texture
114	wfo-0001026606	success	213	128	82	131	46	0.385	0.4-0.8,0.5-1.6,1.3-1.9,1.4-2.1,12.5-22.5,2-3,3-6,abaxially,acute,apex,apiculate,asymmetric,asymmetrically,base,berry,black,blade,broadly,chartaceous,cm,coarsely,cordate,densely,diameter,extra-axillary,flower,fruit,glabrate,glabrous,globose,golden,hair,lanceolate,lenticular,linear,lobe,low,margin,midpoint,minutely,mm,obtuse,ovate,pedicel,peduncle,pentagonal,petiole,pitted,present,puberulent,pubescence,pubescent,rarely,ray,ripe,rounded,scabrous,shortly,shrub,simple,small,sometimes,stellate,stellate-pubescent,stelliform,stem,stigma,style,subentire,surface,tan,tapering,toothed,tree,truncate,tube,weakly,white,wider,woolly,x,yellow	0.5–0.8,1.7-2.1,10–20,12-17,15–20,15–25,1–1.5,1–3,2.4-3.6,2–2.5,2–4,3-4.6,3–10,3–4,3–5,3–6,4.2-5.2,4–20,4–7,5-merou,5.8-7.2,5–15,6–7,6–8,7.3-9.7,7–12,8–10,abaxial,abaxiall,absent,adaxial,adaxially,almost,along,alyx,an¬ther,apart,apparently,armed,articulated,axe,ba,band,based,blunt-tipped,branched,broad,capitat,central,closely,compressed,concentrated,cylindrical,developed,difoliate,directed,distally,eaf,eed,entire,eventually,expanded,filament,forming,geminat,glabrou,homostylous,initially,internode,interpetalar,larger,lateral,laterally,lighter,lon,long,lower,main,midvein,moderately,much,nearly,nerve,nflorescence,obsolete,occasionally,often,of¬ten,older,open,orolla,perfect,peripherally,persistently,pore,prickle,prickly,pubescen,rachi,rayed,recurved,reduced,ruit,scar,scattered,sessile,short,slightly,spaced,sparingly,sparsely,spreading,stellae,stout,tall,tamen,tem,thick,thickened,three,tissue,unarmed,usually,vary,vein,warty,wide,widely,yello,ympodia,young	0.5-0.8,1-1.5,15-20,15-25,2-2.5,3-10,3-4,3-5,4-20,4-7,6-7,6-8,7-12,8-10,adhesion,anther,arrangement,calyx,capitate,climate,colour,corolla,form,glandular,growth,height,history,inflorescence,leaf,length,life,na,number,ovary,perennial,plant,position,presence,reproduction,rugulose,seed,shape,size,staman,stipe,texture
115	wfo-0001026607	success	204	120	89	115	31	0.436	0-3,0.1-0.3,0.3-1.8,0.5-5.8,0.8-3.4,0.8-4.5,0.8-5,1-2,1-3.8,1.5-4,10-30,2-2.5,2.4-5.8,2.5-3.8,2.7-19,3-8,4-6,5.8-19.8,6-10,abaxially,acute,adaxially,anther,apex,attenuate,axillary,base,blade,brownish,bud,chartaceous,clavate,cm,condition,corolla,decurrent,deep,diameter,drying,elliptic,finely,fresh,fruit,glabrous,globose,green,greenish,hair,herb,interjected,lanceolate,leaf,leaflet,lobe,long,margin,medium,membranous,minutely,mm,moderately,obtuse,odd-pinnate,orbicular,ovate,ovoid,pedicel,peduncle,pentagonal,petiole,plant,puberulent,pubescent,ripe,rounded,seed,sessile,size,stem,stigma,style,subtending,terminal,tube,typically,violet,whitish,x,yellow	0-4,1-10,1-5,1-8,2-10,2-3,4-10,5,5-merou,absent,acumen,ag,along,alyx,apart,apparently,articulated,axe,basiscopic,berry,capitat,cell,ciliate,clearly,coarse,connivent,covering,decreasing,digestion,distal,dorsally,dot,eaf,edge,eed,enzyme,especially,exceeding,filament,flat,flower,folded,forked,forming,geminat,generally,glabrou,greatly,gree,green-white,hair-like,hal,half,high,homostylous,honeycomb,larger,lateral,lengthening,like,living,lower,make,marked,midrib,minute,much,mucilaginous,nflorescence,often,orolla,pair,perfect,petiolulate,plurifoliate,pore,poricidal,present,rachi,rarely,removed,rosette,ruit,scattered,semierec,seudostipule,shaped,short,side,simple,slit,sometimes,spaced,specimen,stamen,ste,straight,tall,tamen,tem,testal,thick,throughout,tip,toward,tri-,unit,unwinged,usually,vary,wall,wet,white,without,ympodial	adhesion,arrangement,calyx,capitate,climate,colour,form,glandular,growth,height,history,inflorescence,length,life,midpoint,na,number,ovary,perennial,position,presence,pubescence,ray,reproduction,rugulose,shape,staman,stellate,stipe,surface,texture
116	wfo-0001026613	success	159	101	76	83	25	0.478	0.6,1-2,1.5-4,11-19.5,2-7.5,2.3-8,2.5-2.8,3-10,3-5,4-5,4.5-8.5,5,5-6,5-7,6.2-9.5,8-18,8.5-10,8.5-9,9.5-13.5,abaxially,absent,acuminate,adaxially,anther,apex,attenuate,axillary,base,berry,bud,chartaceous,cm,cordate,corolla,densely,diameter,fruit,glabrous,green,hair,herb,interjected,lanceolate,leaf,leaflet,like,lobe,long,m-1.2,membranous,minute,minutely,mm,mottled,odd-pinnate,ovate,pedicel,peduncle,petiole,petiolule,plant,puberulent,pubescent,purple,rotate-pentagonal,size,sparsely,stem,stigma,style,subtending,symmetrical,terminal,tube,x,yellow	0.5-1,1-10,5-merou,5.5-7,6-12,6-8,acumen,ag,along,alyx,apart,apparently,articulated,axe,blade,borne,capitat,ciliate,conical,connivent,decreasing,distal,dorsally,eaf,edge,eed,end,erec,especially,filament,flat,flower,folded,forked,geminat,generally,greatly,hal,half,homostylous,immature,larger,lateral,lengthening,lower,margin,mature,middle,midrib,nflorescence,orolla,pair,perfect,plurifoliate,pore,poricidal,proximal,pubescen,ruit,secondary,semierect,seudostipule,singly,slit,spaced,ste,stolo,subequal,tall,tamen,tem,tip,toward,tri-,tuber,typically,unit,unknow,unknown,unwinged,usually,vary,ympodial	adhesion,arrangement,calyx,capitate,colour,form,growth,height,history,inflorescence,length,life,na,ovary,perennial,position,pseudostipule,pubescence,reproduction,rugulose,seed,shape,staman,surface,texture
117	wfo-0001026614	success	200	113	67	133	46	0.335	.8,0.2,0.4-0.7,1.3-1.8,2.2,2.5,acuminate,acute,anther,apex,base,black,blade,brown,calyx,campanulate,cm,dark,diameter,dried,entire,evenly,extra-axillary,flattened-reniform,flower,fruit,glabrous,globose,golden,hair,lanceolate-attenuate,leaf,linear,lobe,lobed,margin,midpoint,mm,mottled,oblique,orange,orange-red,ovate,ovate-lanceolate,pedicel,peduncle,petiole,pubescence,ray,repand,ripe,rotate-pentagonal,shallowly,shrub,simple,sparsely,stellate,stellate-pubescent,stem,stigma,style,surface,tube,white,x,yellow,yellowish	0.2–0.3,0.5,0.5–2,1-,1.5–2,11-15,15–30,1–2,1–3,1–5,2.2-5.5,2.5–3,20–25,2–4,2–4-branched,2–6.5,3-foliate,3.2-5.2,3–10,4-7,4.5–11,4.5–5.5,5,5-merou,5.3-8.2,50,6.4-8.4,6–8,7.2-9.8,8–10,9–16,>,abaxially,absent,across,adaxiall,adaxially,alyx,apart,apparently,armed,articulated,axe,ba,berry,blunt-tipped,broad-based,capitat,chartaceous,clavate,closely,commonly,concentrated,cylindrical,densely,denser,developed,directed,distally,eaf,eed,erect,especially,expanded,filament,fleshy,foveolate,fruiting,geminate,glabrescent,gland-tipped,globo,homostylous,internode,interpetalar,irregularly,lateral,less,lon,long,lower,midvein,minute,minutely,nearly,nflorescence,obtuse,often,orolla,ovoid,pair,per,perfect,pore,prickle,pubescent,rachi,rarely,reflexed,rounded,ruit,scattered,sessile,shin,side,similar,slightly,smaller,sometimes,somewhat,soon,spaced,spreading,stellae,tall,tamen,tapering,tem,time,tissu,tissue,ud,unarme,unarmed,usually,vary,vein,weakly,well,wide,ympodia,young,–5	0.2-0.3,0.5-3,1-2,1-5,1.5-2,2-4,2-6.5,2.5-3,20-25,3-10,4.5-11,4.5-5.5,6-8,8-10,9-16,adhesion,arrangement,capitate,climate,colour,corolla,form,glandular,growth,height,history,inflorescence,length,life,na,number,ovary,perennial,plant,position,presence,present,reproduction,rugulose,seed,shape,shiny,size,staman,stipe,texture
118	wfo-0001026632	success	108	98	61	47	37	0.565	.5,0,1-2,10-12,6,7,abaxially,abundantly,acuminate,acute,adaxially,anther,apex,base,blade,broadly,cm,densely,diameter,divided,elliptic,erect,exposed,extra-axillary,flower,glandular,hair,halfway,height,lamina,leaf,lobe,long,margin,minute,mm,moderately,ovate,pedicel,peduncle,petiole,prickle,prickly,prominent,pubescent,ray,reddish-brown,rounded,scarcely,short,shrub,simple,stellate,stellate-pubescent,stigma,style,triangular,truncate,tube,unknown,x	1.5,3-4,5-merou,acumen,alyx,armed,ba,bu,capitat,cell,central,commonly,condensed,cyme,developed,eaf,eed,equal,filament,flattened,geminat,interacuminal,lanceolat,lateral,less,little,lon,lower,nflorescence,orolla,porrect-stellate,ruit,sessile,shallow,sinus,straight,structure,tamen,tem,tissue,toward,unarme,unknow,vary,well,ympodial,young	adhesion,arrangement,bud,calyx,capitate,climate,colour,corolla,dense,form,fruit,growth,history,inflorescence,lanceolate,length,life,midpoint,na,number,ovary,plant,position,presence,pubescence,reproduction,rugulose,seed,shape,size,staman,stem,stipe,surface,texture,unarmed,ye
119	wfo-0001026642	success	193	98	61	132	37	0.316	0.1,0.2,0.25,6,<,annual,anther,axillary,bipinnate,black,blue,borne,brown,calyx,clavate,cm,dark,densely,diameter,equal,flattened,fruit,glabrous,globose,green-purple,hair,herb,lavender,leaf,length,lilac,lobe,long,mm,moderately,multicellular,oblong,ovate,pale,pedicel,peduncle,pentagonal,perennial,pinnate,pitted,pubescent,shallowly,shoot,simple,sparsely,stigma,style,subglabrous,surface,tube,uniseriate,violet,white,woody,x,yellow	.05,.1,.8,0.1–0.3,0.4,0.4–2.2,0.5,0.5–,0.5–0.7,0.5–1.7,0.5–2.0,0.5–3.5,0.6,0.6–1.0,0.75–1.0,0.75–2.0,0.7–1.6,0.8–1.2,1.0,1.0–2.0,1.2–1.7,1.2–2.0,1.2–3.5,1.2–6.2,1.6–8.0,1.9–3.0,12–30,1–10,1–3,2.0–4.0,2.5–3.5,2.5–4.0,2.8–3.0,3.0–5.1,3–5,4.0–6.0,4–7,5,5.0–7.0,50–100,abaxial,abaxially,acute,adaxiall,adaxially,ag,along,anthesi,apart,apex,appressed,articulated,axe,ba,base,blade,branched,cell,chartaceous,circular,connivent,cylindrical,decreasing,decumbent,denser,divided,eaf,eed,either,elliptic,erect,filament,fleshy,flower,geminat,glabrescen,gland,glandular,half,indumentum,lon,longitudinal,lower,m.,narrow,nflorescence,number,obtuse,occasionally,often,opening,orolla,pair,perfect,petiole,pinnae,pore,poricidal,present,primary,probably,rapidly,rounded,ruit,secondary,sessile,side,slit,sometimes,spaced,stone,straight,tal,tamen,tem,time,tip,unicellular,unifoliate,unit,usually,vary,vein,wide,wing,ympodial,–1.2,–11.0,–2.0,–4.5,–6,–7	0.1-0.3,0.5-2.0,0.5-3.5,0.5-8.0,0.75-2.0,0.8-1.2,1-3,1.2-1.7,1.2-2.0,2.8-3.0,3.0-5.1,4.0-6.0,5.0-7.0,50-100,adhesion,arrangement,colour,corolla,form,growth,height,history,inflorescence,life,na,ovary,plant,position,pubescence,reproduction,rugulose,seed,shape,size,staman,stem,texture
120	wfo-0001026651	success	222	115	78	144	37	0.351	1.8,2.8,3,acuminate,acute,anther,antrorse,apex,appressed,attenuate,base,brownish-green,calyx,capitate,cell,chartaceous,cm,dark,densely,diameter,drying,dull,entire,equal,erect,flattened,flower,fruit,glabrous,glandular,globose,green,hair,herb,lanceolate,lateral,leaf,length,light,lobe,margin,membranaceous,mm,moderate,narrowly-elliptic,oblong-ellipsoid,ovate-deltate,ovate-reniform,pedicel,peduncle,pedunculate,petiole,plant,pubescence,pubescent,revolute,ripe,rounded,seed,shape,similar,simple,size,slightly,sometimes,stellate,stem,stigma,style,sub-opposite,surface,terminal,translucent,unbranched,undulate,white,yellow,×	-celled,0.2–1.3,0.35–2.6,0.9–3,1,1–2,2.2–10,2–11.5,2–13,2–3,2–3.3,2–4,2–4.5,2–8,3-plurifoliate,3–5,3–7,4,4–6,4–7.8,5-merou,6–10,6–14,8,abaxially,absent,accrescent,adaxiall,adaxially,along,alyx,anisophyllous,antror,antrorsely,apar,arcuate,ark,articulated,asymmetric,axi,beneath,berry,beyond,branch,broadly,brochidodromous,brown,capitat,ciliate,circular,connivent,cordate,cylindrical,cyme,decumbent,decurrent,differing,directed,discolorous,eaf,eed,elliptic,emarginate,exfoliating,exserted,eye,filament,flexuous,frui,geminate,geniculate,glabrescent,glabrou,growt,head,highly,hilum,hollow,impressed,introrsely,less,like,long,longitudinal,lower,lying,major,markedly,matte,midrib,minor,moderately,mostly,much-branched,multicellular,naked,new,nflorescence,normally,obtuse,older,one,onto,opening,orolla,ovate-lanceolate,parallel,per,perfect,pore,poricidal,prominent,reduce,region,ruit,secondary,shiny,shrub,single-celled,slit,small,smaller,spaced,stalk,stamen,straight,subapical,tall,tamen,tem,trichome,turning,uniseriate,unit,upper,usually,vary,vein,venation,visible,wide,woody,ympodial,young	1-2,2-11.5,2-13,2-3.3,2-4.5,2-8,2.2-10,4-6,4-7.8,6-10,6-14,adhesion,arrangement,blade,climate,colour,corolla,form,growth,height,history,inflorescence,life,midpoint,na,number,ovary,perennial,position,presence,ray,reproduction,rugulose,staman,stipe,texture,tube
121	wfo-0001026656	success	211	121	94	117	27	0.445	0-4,0.3-3,0.3-4.2,0.7-10.5,1-1.8,1-10,1-2,1-3.8,1.1-8.1,1.5-7,2-6,2.5-17,20-60,4-13,4-8,5-35,5.5-27,9-11,abaxially,acuminate,acute,adaxially,anther,apex,attenuate,base,blue,broadly,brownish,capitate,chartaceous,cm,condition,corolla,cuneate,densely,diameter,dot,drying,elliptic,fresh,fruit,generally,glabrous,globose,green,greenish,hair,herb,interjected,lanceolate,leaflet,light,like,lobe,long,lunate,membranous,minutely,mm,moderately,mottled,narrowly,oblique,occasionally,odd-pinnate,ovate,ovoid,pair,pedicel,peduncle,pentagonal,petiole,plant,puberulent,pubescent,purple,rotate-pentagonal,scale-like,scattered,seed,stem,stigma,style,subglabrous,symmetrical,terminal,truncate,tube,violet,white,whitish,wide,yellow	0.4-6.5,0.9-13,1,1-4,1-5,10,2-8,4-10,5,5-18,5-merou,absent,acumen,ag,along,alyx,apart,articulated,bearing,blade,borne,bud,cell,ciliate,clavat,connate,connivent,covering,curved,dark,decurrent,digestion,distal,dorsally,eaf,edge,eed,end,enzyme,erec,especially,exceeding,filament,flat,flower,folded,forked,geminat,glaucous,greatly,green-white,greenish-yellow,hair-like,half,homostylous,honeycomb-shaped,larger,lateral,lengthening,living,lower,make,margin,middl,midvein,mucilaginous,nflorescence,non-glandular,often,orolla,petiolulate,petiolule,plurifoliate,pore,poricidal,pubescen,rachi,ranging,removed,ruit,seudostipule,short,singly,slightly,slit,sometimes,somewhat,spaced,specimen,stamen,star,ste,stolo,straight,subequal,subtending,tall,tamen,tem,tertiary,testal,therefore,thick,throughout,tinged,tip,tri-,tuber,typically,unit,unwinged,vary,wall,wet,wing,without,ympodial	adhesion,arrangement,calyx,clavate,colour,form,growth,height,history,inflorescence,leaf,length,life,na,number,ovary,perennial,position,pseudostipule,pubescence,reproduction,rugulose,shape,size,staman,surface,texture
122	wfo-0001026663	success	251	101	77	174	24	0.307	-2.9,0.2-0.6,0.3-0.8,0.9-1.5,1-2.5,1-3.2,1-5,1.1,1.2-2,1.4-2.6,1.6-2.3,10-26,2-12,2.1-2.6,2.5-3.7,2.9-5,2/3,24-45,31,4.7-25.9,8-17,abaxially,acute,adaxially,anther,blunt-tipped,brown,calyx,cm,conical,corolla,dark,diameter,drying,echinoid-pubescent,fleshy,fruit,globose,granular,green,greenish-brown,inserted,lanceolate,leaf,length,lobe,mm,ovate,ovate-lanceolate,pale,pedicel,peduncle,perfect,petiole,plurifoliate,pseudo-terminal,pubescence,rich,scabrous,shrub,slightly,small,stellate,stem,stigma,style,subcampanulate,subglobose,tomentose,tomentose-pubescent,tree,tube,upper,violet,white,whitish,x	-15,-8,-9.7,.5-2.5,/25-1/15,/3,0-160,0.4-2.2,1,1.1-2.1,1.4-3.1,1.9-2.6,1/2,1/3,1/4-1/2,10.3-13.2,12-14,2.8-5.3,3-5,3.5-5,3.8-5.7,4.5-5.7,5-8,5.5-,5.5-8.8,7.5-9,accrescent,acuminate,adaxiall,ag,along,angled,anthesi,apart,apex,apparently,appressed,around,articulated,ascending,attenuate,axe,axillary,bark,base,becoming,berry,blade,branch,branched,broadly,bud,capitat,chartaceous,closely,completely,constricted,covering,cylindrical,densely,directed,distally,distributed,eaf,echinoi,echinoid,edge,eed,elongated,entire,enveloping,especially,evident,exserted,farinose,filament,flared,flower,free,fruiting,glabrescen,glabrescent,glabrous,granular-tomentose,grooved,hair,immature,lateral,lengthening,less,light,line,lined,lobed,long,long-stalke,long-stalked,longer,longitudinal,longitudinally,lower,m.,main,many,margin,matur,midrib,midvein,minute,multangulate,multangulate-pubescent,nearly,nflorescence,obtuse,occasional,occuring,older,opening,openly,orolla,ovate-lanceolat,persistent,pore,poricidal,porrect-stellate,present,pubescent,rachi,rather,ray,ridged,robust,ruit,runk,sessile,short,short-stalked,side,simple,slit,sometimes,somewhat,soon,spaced,sparsely,stalk,stalked,stamen,strongly,subcoriaceous,subglabrous,suture,tall,tamen,tangled,terete,thick,thin,time,tip,tomentum,touching,ud,unarme,unarmed,unit,usually,vary,vein,way,wide,yellow,ympodial,young	5.5-9,adhesion,arrangement,capitate,colour,form,growth,height,history,inflorescence,life,na,ovary,perennial,plant,position,reproduction,rugulose,seed,shape,size,staman,surface,texture
123	wfo-0001026686	success	196	120	95	101	25	0.485	.4,0.6-0.9,1-2,1.2-3.4,1.5-7,1.7-2.5,10-28,2-10,2-9,2.4-3.6,3-4,3.7-8,4-6,5,5-16.5,5-8,6.5-12.7,7-9,8-10,8-27,abaxially,acuminate,adaxially,anther,axillary,berry,brownish,bud,cell,chartaceous,cm,condition,conical,corolla,densely,diameter,digestion,drying,elliptic-lanceolate,enzyme,fresh,fruit,glabrous,green,green-white,greenish,hair,herb,honeycomb-shaped,interjected,lanceolate,lateral,leaf,leaflet,light,like,lobe,long,minute,minutely,mm,mottled,mucilaginous,odd-pinnate,orbicular,ovate,ovoid,pedicel,peduncle,petiole,petiolule,plant,puberulent,pubescent,purple,purple-violet,removed,ripe,rotate-stellate,seed,size,sparsely,stigma,style,subtending,terminal,testal,throughout,tube,wall,wet,whitish,wide,x,yellow	0.2-0.5,1,1-10,1-2.5,1.2-3.6,2.5-8,3-5,5-merou,8-14,absent,acumen,ag,along,alyx,apart,apex,apparently,articulated,axe,base,blade,borne,capitat,ciliate,connivent,covering,decreasing,distal,dorsally,eaf,edge,eed,end,equal,erec,especially,exceeding,filament,flat,flower,folded,forked,geminat,generally,glabrou,gradually,hair-like,half,homostylous,larger,lengthening,living,lower,make,margin,middle,midrib,nflorescence,obtuse,often,orolla,pair,perfect,plurifoliate,pore,poricidal,pubescen,round,ruit,secondary,semierect,seudostipule,singly,slightly,slit,spaced,specimen,stamen,star,ste,stolo,straight,stripe,subequal,subsessile,symmetrical,tall,tamen,tem,thick,tip,toward,tri-,tuber,typically,unit,usually,vary,white,wing,ympodial	adhesion,arrangement,calyx,capitate,colour,form,growth,height,history,inflorescence,length,life,na,ovary,perennial,position,pseudostipule,pubescence,reproduction,rugulose,shape,staman,stem,surface,texture
124	wfo-0001026695	success	128	91	53	75	38	0.414	0.6-8,1-1.5,1.6,2,2.5-5.2,3-4,3-8,4,4-5,6-7,6-8,8-16,abaxially,acumen,acute,adaxially,apex,base,calyx,cm,connate,cordate,corolla,cuneate,diameter,distal,glabrescent,half,herbaceous,leaf,lobe,long,mm,oblique,odd-pinnate,ovate,ovate-lanceolate,pedicel,peduncle,perennial,petiole,plant,pubescent,rounded,short-acuminate,simple,stellate,stigma,style,triangular,wide,without,yellow	1-2,1-4,11-14,2-3,2-6,2.5-3,2.5-7,3-6-foliat,4-5.5,6-12,6.5-13,8-17.5,absen,acuminate,apical,apically,articulate,branched,compound,cyme,decurrent,dehiscent,dichasial,dichasially,dorsally,eaf,ebracteate,edge,eed,exceeding,filament,flat,flower,folded,forked,generally,globo,interjected,introrse,lateral,leaflet,lon,lower,lunat,maturing,monochasial,nflorescence,nther,often,one,orolla,pair,perfect,plan,poricidally,proximal,ruit,sessile,seudostipule,short,slit,stamen,straight,tal,tem,terminal,tuber-bearing,typically,unit,unknow,unknown,vary,whit,ympodial,¼	adhesion,anther,arrangement,blade,climate,colour,form,fruit,glandular,globose,growth,hair,height,history,inflorescence,length,life,margin,midpoint,na,number,ovary,position,presence,pubescence,ray,reproduction,rugulose,seed,shape,size,staman,stem,stipe,surface,texture,tube,white
125	wfo-0001026696	success	139	80	52	87	28	0.374	0.3-4.5,0.8-7,0.9-7.2,1,1-1.3,1.3-2.1,2-17,3-17,3-3.5,3-6,3-8.5,9,abaxially,adaxially,apiculate,broadly,calyx,cm,connate,corolla,densely,diameter,distal,globose,green,green-white,half,herbaceous,lanceolate,light,linear,lobe,long,mm,oblong,odd-pinnate,ovate,ovoid,pedicel,peduncle,perennial,petiole,plant,pubescent,seed,stellate,stigma,style,throughout,white-cream,wide,yellow	1-4,1.5-3,2-3,3-6-foliat,4-16,5-35,acumen,acute,apex,apical,apically,articulate,base,branched,cell,covering,cuneate,cyme,decurrent,dehiscent,dichasial,dichasially,digestion,dorsally,eaf,ebracteate,edge,eed,emoval,entire,enzyme,exceeding,filament,flat,flower,folded,forked,generally,globo,hair-like,honeycomb,introrse,lateral,light-yello,living,lon,lower,lunat,make,margin,maturing,monochasial,mucilaginous,nflorescence,nther,obtuse,often,orolla,pattern,perfect,plan,poricidally,proximal,reveal,rounded,ruit,seudostipule,short,simple,sinuate,slit,specimen,stamen,straight,tal,tem,testal,thick,throughou,tuber-bearing,typically,unit,vary,wall,without,ympodial,¼	adhesion,anther,arrangement,colour,form,fruit,growth,height,history,inflorescence,leaf,length,life,light-yellow,na,ovary,position,pubescence,reproduction,rugulose,shape,size,staman,stem,surface,texture,true,tube
126	wfo-0001026706	success	232	112	87	145	25	0.375	-3.1,0.2-0.3,0.2-0.5,0.8-1.2,0.8-1.5,1-2.2,1-5,1.1-4,1.5-3,12,14-32,2.2-3.3,2.5-3,2/3-3/4,3-4.6,3.1-3.8,4,4.2-12,4.5-5.5,5.3-6.4,6.1-,7-16,9.8-15.4,acute,anther,apex,attenuate,blunt-tipped,brown,calyx,cm,coriaceous,corolla,dark,densely,diameter,entire,fleshy,flower,fruit,glabrate,globose,golden,green,inserted,lanceolate,leaf,length,lobe,lower,margin,mm,obtuse,ovate,ovate-elliptic,pale,pedicel,peduncle,petiole,pseudo-terminal,pubescence,pubescent,reticulate-punctate,semi-ovate,shrub,simple,small,softly,stellate,stem,stigma,style,subcampanulate,subconical,subglobose,suborbicular,surface,tall,tomentose-pubescent,tree,tube,velutinous,white,whitish,x,yellow,yellowish-tan	-4.4,-5.5,-6.1,.5,/14-1/6,0-240,0.6-2.2,0.8-2.8,0.9-1.9,0.9-2,1/2-2/3,10-15,2.3-3.8,2.7-4,2.9-6,3.6-5.7,5-6.5,6-10,6-8,8-14,abaxially,accrescent,adaxiall,adaxially,ag,anthesi,apart,apparently,appearing,around,articulated,axe,axillary,ba,bark,base,becoming,berry,blade,branch,branched,bud,capitat,chartaceous,closely,completely,covering,crisped,cuneate,cylindrical,dendritic-echinoid,dendritic-multangulate,directed,distally,eaf,edge,eed,enveloping,exserted,farinose,filament,fourth,free,fruiting,furfuraceou,glabrous,grayish,hair,herbarium,indument,lackin,lacking,lateral,lengthening,lobed,long,long-stalked,longitudinal,m.,main,many,matted,midrib,minute,mixed,multangulat,multangulate,nearly,nflorescence,oblong,obscured,occasionally,often,older,orolla,ovate-lanceolate,perfect,persistent,plurifoliate,pore,poricidal,porrect-stellate,rachi,rather,reddish,ruit,runk,sessile,short-,short-stalked,side,slightly,slit,somewhat,soon,spaced,sparsely,specimen,splitting,stalked,stamen,strongly,sulcate,suture,tamen,thin-walled,time,tip,tomentu,touching,translucent,transparent,ud,unarme,unarmed,unevenly,unit,upper,vary,vein,wavy,way,wide,ympodial,young	abaxial,adaxial,adhesion,arrangement,capitate,colour,form,growth,height,history,inflorescence,life,na,ovary,perennial,plant,position,reproduction,rugulose,seed,shape,size,staman,texture,unknown
127	wfo-0001026707	success	196	118	84	112	34	0.429	-1/3,/3,0.05-0.15,0.3-0.8,0.5-1,0.6-0.7,0.7-1,0.7-1.4,0.7-1.5,1.5-1.8,1.6-2,1/3,1/8-1/4,11-16,2-2.3,2.5-4,3-4,3-4.5,3-7,4,8-15,?,abaxially,acute,anther,apex,apically,attenuate,base,berry,blade,broad-deltate,calyx,chartaceous,clustered,cm,connivent,densely,diameter,entire,equal,flattened-reniform,fruit,glabrous,green,lateral,leaf,length,lobe,lobed,long,margin,mauve,midpoint,mm,moderately,narrow-oblong,obtuse,orange-brown,pedicel,peduncle,petiole,poricidal,ray,red-brown,rounded,shrub,small,spherical,stellate,stellate-pubescent,stem,stout,style,surface,tapering,terminal,tip,tree,tube,upper,way,white,wide	-3,-5,.5,.8,0,0-20,0.05,0.1-0.2,0.5-3,0.6-0.8,1-1.7,1-3,1-5,1/3-1/2,1/3-3/4,1/4-1/3,2-10,2-6,2.5-3,2.5-6,3-8,5-10,5-25,5-7,5-8,5-merous,alyx,apar,apart,apparently,articulated,bark,branche,branched,broadly,color,concolorous,curved,cuspidat,decurrent,discolorous,drying,eaf,eed,elongating,erect,eye,filament,flower,foliaceous,free,fruiting,fused,gently,glabrescent,glabrou,gray,inflated,infructescence,juvenil,known,less,longer,lower,mature,naked,narrow-deltate,nflorescence,older,one,open,orolla,oung,per,perfec,pericarp,plurifoliat,porrect,porrect-lepidote,portion,prickle,prickly,pubescent,reflexed,ruit,scar,sessile,shorter,simple,slender,smooth,sometimes,spaced,sparsely,spreading,stalk,stalked,straight,tamen,terete,time,trichome,unarmed,unit,variously,vary,venation,visible,weakly,yellow-green,ympodial,¼	adhesion,arrangement,branch,climate,colour,corolla,cuspidate,form,glandular,growth,hair,height,hermaphroditic,history,inflorescence,life,na,number,ovary,perennial,plant,position,presence,present,pubescence,reproduction,rugulose,seed,shape,size,staman,stigma,stipe,texture
128	wfo-0001026711	success	210	125	91	119	34	0.433	-15,-5,0-6,0.1,0.3-1,0.5-1.5,0.7-,0.7-1.4,0.75-1,0.8-2.2,0.9-1.1,1.5-2.2,1.7-4,1/2-2/3,1/3,2-2.2,2-3.5,2.1-2.5,3-4.5,3.5-5.2,4.5-7,7-8,acute,anther,apex,apically,base,berry,blade,calyx,cm,connivent,cuneate,densely,diameter,dull,erect,evenly,flattened-reniform,fruit,glabrous,green,lateral,leaf,length,lobe,lobed,long,lower,margin,maturity,mauve,midpoint,mm,narrow-deltate,obtuse,orange,orange-brown,pale,pedicel,peduncle,petiole,poricidal,porrect,purple,ray,red,rounded,sessile,shallowly,shrub,smooth,sometimes,spherical,stalked,stellate,stellate-pubescent,stem,style,surface,tapering,terminal,thick-chartaceous,tip,tube,upper,way,weakly,wide,yellow,young	-2,-6,-7,.2,.5,.8,0,0-0.2,0-25,0-4,0.15,0.2-0.3,0.7-0.9,0.8,0.9-1.5,1-,1-2,1-30,1.5-,1/,1/4,1/4-1/3,2-2.5,2-4,2-6,3-4,3-5,3-7,4-8,5-merous,abaxially,acicular,acuminat,alyx,ame,apar,apart,apparently,articulated,bark,branched,brow,c.,cell,concolorous,curved,deltate,difoliate,discolorous,distance,drying,eaf,eed,elliptic,elongating,equal,extending,faint,filament,flower,free,fruiting,geminat,infructescence,less,longer,mature,midvein,moderately,nflorescence,occasionally,older,one,open,orolla,oung,outline,pair,pendulous,per,perfec,pericarp,perpendicular,pit,portion,prickl,prickle,prickly,primary,raised,reduced,reflexed,ruit,scar,shorter,side,slender,small,somewhat,spaced,spreading,stalk,straight,tamen,terete,tertiary,time,trichome,unarmed,uniform,unit,variously,vary,vein,venation,visible,woody,yellow-green,ympodial	0.2,8,acuminate,adhesion,arrangement,climate,colour,corolla,form,glandular,growth,hair,height,history,inflorescence,life,na,number,ovary,perennial,plant,position,presence,pubescence,reproduction,rugulose,seed,shape,size,staman,stigma,stipe,texture,ye
129	wfo-0001026717	success	207	123	98	109	25	0.473	0.3-0.6,0.6-1.5,1-2,1-2.5,1-3,1.3-2.5,1.4-2.2,13-28,14-22,2.5-4.5,2.5-5.5,3-4,3-6,3.3-11,4-6,4-8,4-9,5,5-11,5-13.5,7-11,abaxially,acuminate,adaxially,anther,apex,attenuate,axillary,base,brownish,bud,cell,chartaceous,cm,condition,conical,corolla,dark,diameter,drying,elliptic,fresh,fruit,glabrous,green,green-white,greenish,hair,herb,honeycomb-shaped,interjected,lanceolate,leaf,leaflet,light,like,lobe,long,membranous,minute,minutely,mm,mottled,mucilaginous,obtuse,odd-pinnate,orbicular,ovate,ovoid,pedicel,peduncle,pentagonal,petiole,petiolule,plant,puberulent,pubescent,purple,ripe,rotate,round,seed,sessile,size,sparsely,stigma,style,subtending,terminal,testal,throughout,tube,violet,wet,whitish,wide,x,yellow	0.3-2.5,0.3-5,0.8,1-10,1.8-3,15-34,2.2-5,3-5,5-6,5-merou,5.3-9,acumen,ag,along,alyx,apart,apparently,articulated,axe,berry,blade,borne,capitat,ciliate,connivent,covering,darker,decreasing,decurrent,digestion,distal,dorsally,eaf,edge,eed,end,enzyme,equal,erec,especially,exceeding,filament,flat,flower,folded,forked,geminat,generally,glabrou,gradually,hair-like,half,homostylous,larger,lateral,lengthening,living,lower,make,margin,medium,middle,midrib,narrow,nflorescence,often,one-quarte,orolla,pair,perfect,plurifoliate,pore,poricidal,present,pubescen,removed,ruit,secondary,semierect,seudostipule,singly,slightly,slit,spaced,specimen,stamen,ste,stolo,straight,stripe,subequal,subglabrous,subsessile,symmetrical,tall,tamen,tem,thick,tip,toward,tri-,tuber,typically,unit,usually,vary,wall,wing,ympodial	adhesion,arrangement,calyx,capitate,colour,form,growth,height,history,inflorescence,length,life,na,ovary,perennial,position,pseudostipule,pubescence,reproduction,rugulose,shape,staman,stem,surface,texture
130	wfo-0001026725	success	166	120	82	84	38	0.494	.5,/4,0.7-1.2,1-1.2,1-1.5,1-4.5,1-5,1.5,1.5-2,1.6-2,2,3.5-4,3.6-7.7,5-20-flowered,8-18.6,accrescent,acute,anther,apart,apex,bark,base,beneath,broadly,calyx,capitate,cm,corolla,cup-shaped,dark,dia,ellipsoid,elliptic,evenly,flattened-reniform,fruit,glabrous,glandular-papillose,globose,green,greenish-white,incrassate,leaf,lobe,lobed,margin,minutely,mm,onto,opposite,ovary,ovate,ovoid,pale,paler,pedicel,petiole,pitted,poricidal,pubescent,reddish-brown,rounded,scar,scarious,shrub,size,spaced,stem,stigma,style,surface,tan,tip,triangular,trichome,tube,tuft,uniseriate,way,white,winged,x	.3,0.2,1.2-1.7,1/2,2.2-4,5-5.5,5-6,8-9,anthesi,attenuate,axil,becoming,berry,black,bluish,brownish-papillose,character,crackin,deflexed,differing,difoliate,dry,drying,eaf,edicel,eed,extremely,filament,free,fruiting,geminat,geographically,inflorescenc,interpetalar,large,lateral,less,lon,long,lower,main,major,margine,material,middle,minor,nflorescence,occasionally,often,older,one,open,pair,papillo,papillose,planar,pore,portion,prominent,proximal,reflexed,ruit,shaped,short,simple,sinus,slender,slightly,split,straight,stretching,subshrub,tall,tapering,tear-drop,ud,unit,upper,varying,vein,widest,woody,ympodial,young	0.5,accrescence,adhesion,arrangement,blade,bud,climate,colour,cracking,diameter,form,glandular,growth,hair,height,history,inflorescence,length,life,midpoint,na,number,peduncle,perennial,plant,position,presence,pubescence,ray,reproduction,rugulose,seed,shape,spacing,staman,stellate,stipe,texture
131	wfo-0001026733	success	188	133	98	90	35	0.521	-13,-7,0.3-0.5,0.5-2,1-1.5,1-3,1-7,1.5-14,1.5-2,1.5-2.5,10-20,2-2.5,2-3,2.5-7.5,3-15,3-3.5,3-7,4,4-23,4-5,5-8,abaxially,acuminate,adaxially,apex,base,blade,calyx,chartaceous,cm,connivent,cordate,curled,deltate,dense,densely,diameter,eglandular-pilose,eglandular-pubescent,eglandular-villous,ellipsoidal,elliptic-ovate,entire,especially,flattened,forked,fruit,fusiform,glabrate,glabrous,gland-tipped,glandular-,glandular-puberulent,glandular-tomentose,green,greyish,hair,hirsute,immature,lanceolate,lobe,long,longitudinal,margin,membranaceous,midrib,mm,moderately,oblique,ovate,pedicel,peduncle,petiole,pilose,pubescent,pubescent-pilose,shining,simple,sometimes,sparsely,stellate,stigma,stripe,style,submarginally,toward,tree,truncate,tube,unbranched,vein,villous,white,white-puberulent,wide,x,yellow,yellowish	-1,-11,-14,-15,-2,-4,-8,.5-3,0.3-2,0.5,0.5-1,0.5-4,1,1-2,15-,2-4,2-6,20-50,25-40,3-4-foliat,4.5-5,7-10,8-12,acute,acute-acuminate,aggregate,apart,ape,articulated,axe,basal,beyond,capitat,cell,ciliat,color,connective,cylindrical,dia,directed,distally,eaf,eed,equal,exceeding,exserted,flower,glandula,leaving,linear-triangular,lon,lower,narrowly,near,nflorescence,nther,orolla,ovoid,ovum,pedicellar,perfect,pore,present,pubescent-pilo,rachi,radiu,remnant,ripe,round,ruit,shorter,slightly,small,smooth,spaced,stamen,stone,swelling,tal,tem,thecae,time,triangular,ud,unit,unknow,unknown,usually,vary,ympodial	adhesion,anther,arrangement,capitate,climate,colour,corolla,form,glandular,growth,height,hermaphroditic,history,inflorescence,leaf,length,life,midpoint,na,number,ovary,perennial,plant,position,presence,pubescence,ray,reproduction,seed,shape,size,staman,stem,stipe,texture
132	wfo-0001026734	success	266	120	85	181	35	0.32	0.1,0.3,1,3,8,accrescent,acuminate,anther,apex,base,blade,bright,broadly,brown,calyx,chartaceous,clavate,cm,connivent,corolla,cuneate,cylindrical,dark,densely,diameter,drying,elliptic,entire,flattened,flower,fruit,glabrous,glandular,globose,green,growth,hair,immature,internodal,lanceolate,lateral,leaf,length,less,lobe,lobed,long,long-attenuate,margin,maturity,membranaceous,midpoint,mm,moderately,narrow,oblong,obtuse,ovary,ovate,pale,pedicel,peduncle,petiole,pubescence,pubescent,purple,ray,reniform,shape,shrub,simple,size,slightly,sparsely,stellate,stem,stigma,style,subopposite,surface,tube,white,wide,yellow,yellowish	0.2,0.5,0.6,0.7–0.9,0.7–1,0.8–1,1.6–2,1.6–2.5,1.8–2.2,1.8–3,1/4,1–1.2,1–3,2.2–7,2.3–5,2.5–3,2–2.4,2–3,3.2–3.8,3–4,3–4-celled,3–8,4–6,4–7,4–8,4–9,5-merou,5–9,abaxial,abaxially,absent,acute,adaxial,adaxiall,adaxially,ag,also,always,alyx,anthesi,apical,apice,archin,ark,articulated,associated,asymmetric,axi,barely,becoming,beneat,beneath,berry,branch,branched,caly,camptodromous,capitate,celled,central,closely,commonly,congested,covered,covering,cyme,dense,denser,differing,directed,discolorous,distally,downward,dried,due,eaf,eed,eglandular,emergent,erect,f.,fewer,flat,foliate,forked,found,free,frequently,geminate,glabrescen,glabrescent,gray,held,ilament,initially,introrsely,irregular,j,lamina,large,longer,longitudinal,lower,lying,material,mature,maturit,midri,minute,mostly,much,multiseriate,near,new,nflorescence,normally,obovate,observed,often,old,older,one,one-celled,opening,orolla,other,oung,pair,paired,papillose,perfect,pit,plane,pointing,pore,poricidal,porrect,porrect-stellate,portion,purplish,rachi,raised,rarely,rayed,reaching,rounded,ruit,scandent,secondary,sessile,shiny,short-stalked,shorter,slit,smaller,sometimes,spaced,sparse,spread,spreading,stalk,still,subsessile,surfac,terminal,trichome,tuft,ud,unbranched,unequal,uniseriate,unit,upward,vary,vein,venation,vestiture,visible,whole,ympodial,¾	0.7-0.9,0.8-1,1-3,1.6-2,1.6-2.5,1.8-3,2-2.4,2.2-7,2.3-5,2.5-3,3-8,4-9,5-9,adhesion,arrangement,climate,colour,form,height,history,inflorescence,life,na,number,perennial,plant,position,presence,reproduction,rugulose,seed,staman,stipe,texture,ye
133	wfo-0001026739	success	197	120	96	101	24	0.487	0-38,0.25-0.94,0.4-5,1-2,1-3,1.2-2.1,1.4-3.5,16-54,2-9,2.5-13.5,2.6-4.8,2.7-6.9,3-4,3.2-17.5,4-8,5.6-13.1,6-13,6.6-18,abaxially,acumen,acuminate,acute,adaxially,anther,apex,articulated,attenuate,axillary,base,brown,brownish,bud,clavate,cm,condition,connivent,coriaceous,corolla,densely,diameter,distal,drying,fresh,fruit,glabrous,globose,green,greenish,hair,half,herb,high,interjected,lanceolate,leaf,leaflet,light,linear,lobe,margin,mm,moniliform,oblanceolate,odd-pinnate,orbicular,ovate,ovoid,pedicel,peduncle,pentagonal,petal,petiole,plant,pubescent,purple,ripe,rotate,rounded,seed,short,simple,size,sometimes,stem,stigma,stripe,style,sub-glabrous,subtending,terminal,tube,tuber,white,whitish,x,yellow	0-0.34,0.5-1.2,1-10,10-60,2-4,2-5.3,2-6,3.8-8.5,5-merou,7-9,abaxiall,ag,along,alyx,apart,apparently,arranged,asymmetric,axe,basiscopic,bead,berry,blade,capitat,cell,covering,dark,decreasing,digestion,dorsally,eaf,edge,eed,enzyme,erec,exceeding,filament,flat,flower,folded,forked,geminat,generally,glabrou,green-white,hair-like,hal,homostylous,honeycomb-shaped,larger,lateral,lengthening,like,living,long,lower,make,mucilaginous,multiple,necklace,nflorescence,orolla,pair,perfect,plurifoliate,pore,poricidal,removed,rest,ruit,sessile,seudostipule,side,slit,spaced,specimen,stamen,stolon,straight,subequal,tall,tamen,tem,testal,thick,throughout,tip,tissue,toward,tri-,typically,unit,usually,vary,wall,wet,wide,wing,winged,yellowish,ympodial	adhesion,arrangement,calyx,capitate,colour,form,growth,height,history,inflorescence,length,life,na,ovary,perennial,position,pseudostipule,pubescence,reproduction,rugulose,shape,staman,surface,texture
134	wfo-0001026740	success	171	106	70	101	36	0.409	0.5-1,1-2,1-3,1-5,10-20,2-3,2-4,2.5-27,2.5-3,2.5-4.5,2.5-6,3-15,3-3.5,3.5-40,4-5,4.5-10,5-40,5-8,6-10,acuminate,acute,apex,base,blade,calyx,cm,cordate,curled,deltate,densely,diameter,eglandular,ellipsoidal,elliptic,entire,flattened,fruit,glabrous,glandular-puberulent,greenish,hair,lanceolate,lobe,margin,mm,moderately,oblong,ovate,pedicel,peduncle,petiole,pilose,puberulent,pubescent,purple,simple,sparsely,stellate,stigma,style,subcoriaceous,tomentose,tree,truncate,tube,violet,white-puberulent,whitish,x,yellow	-17,-2,0-10,1-10,1-12,1-4,10-30,20-50,3-5,3-foliat,8-19,abaxially,absen,absent,acute-acuminate,adaxially,aggregate,also,apart,ape,apiculate,articulated,axe,basal,beyond,branched,browni,cell,ciliate,connective,connivent,corky,cylindrical,darker,directed,distally,eaf,eed,equal,especially,exceeding,exserted,fleshy,flower,glabrate,immature,leaving,lon,long,lower,mature,narrowly,near,nearly,nflorescence,nther,obtuse,often,orange,orolla,ovoid,pedicellar,perfect,pilo,pore,present,rachi,radiu,rarely,remnant,reticulate,ruit,scar,sessile,shorter,slightly,small,sometimes,spaced,stamen,stone,stripe,swelling,tal,tems,thecae,time,toward,triangular,truncat,ud,unbranched,unit,unlobed,vary,vein,villous,wide,woody,ympodial,young	adhesion,anther,arrangement,climate,colour,corolla,form,glandular,growth,height,hermaphroditic,history,inflorescence,leaf,length,life,midpoint,na,number,ovary,perennial,plant,position,presence,pubescence,ray,reproduction,rugulose,seed,shape,size,staman,stem,stipe,surface,texture
135	wfo-0001026752	success	169	131	95	74	36	0.562	-25,-4,1,1-12,1-2,1-5,1-6,1.5-2,1.5-2.5,10-20,2-2.5,2.5-20,2.5-5,20-30,3-18,3-4,3.5-4,4-45,4-5,abaxially,abruptly,adaxially,also,apex,apiculate,articulated,base,black,blade,branched,calyx,campanulate,chartaceous,cm,cordate,cuneate,darker,deltate,densely,diameter,ellipsoidal,elliptic-oblong,elliptic-ovate,entire,finely,flattened,fleshy,forked,fruit,glabrous,globose,green,greenish-brown,hair,immature,lanceolate,leaving,less,lobe,long,margin,mm,moderately,near,nearly,papillose,pedicel,pedicellar,peduncle,petiole,pilose,possibly,presence,pubescent,pubescent-pilose,purplish,rarely,rather,remnant,ripe,short-acuminate,simple,stellate,stigma,stripe,style,tree,truncate,tube,unbranched,violet,white,whitish,x,yellow	-3,-50,0-,1-1.5,1-3,1.5-12,15-35,2,2-3,2-4,3,3-5,3-foliat,7-15,8-16,absent,acute,aggregate,apart,ape,axe,basal,beyond,capitat,cell,connective,connivent,coriaceous,cylindrical,dilated,directed,distally,eaf,eed,equal,exceeding,exserted,flower,laterally,lon,lower,narrowly,nflorescence,nther,obtuse,orolla,ovoid,perfect,pilo,pore,present,rachi,radiu,ruit,slightly,small,somewhat,spaced,stamen,stone,tal,tem,thecae,time,tomento,triangular,ud,unit,unknow,vary,vein,wide,yello,ympodial	adhesion,anther,arrangement,capitate,climate,colour,corolla,form,glandular,growth,height,hermaphroditic,history,inflorescence,leaf,length,life,midpoint,na,number,ovary,perennial,plant,position,pubescence,ray,reproduction,rugulose,seed,shape,size,staman,stem,stipe,surface,texture
136	wfo-0001026754	success	176	104	70	106	34	0.398	0.5-1,0.9-1.1,10,2,2-2.5,2-3,2-4,2.5-3.5,5,5-lobed,5.5-9,abaxially,acute,anther,apex,asymmetric,basal,base,berry,calyx,clavate,cm,conical,corolla,deeply,densely,diameter,ellipsoid,elliptic,entire,glabrous,globose,growth,half,inflorescence,irregularly,lamina,later,lateral,leaf,lobe,lobed,margin,membranous,minutely,mm,narrowly,oblique,pedicel,peduncle,petiole,pubescent,simple,sparsely,splitting,stellate-rotate,stem,stigma,style,surface,terminal,truncate,tube,vein,vine,white,woody,x,yellow,yellowish	-6+,.5,0.5,1,1-,1.5-3,1/2,198.,2/3,3-4-celled,30+,4-5,5-merou,7-9,9,9-11,adaxially,ag,along,alyx,anthesi,apar,apparently,ark,articulated,axi,branched,broadly,brow,cabrera,complete,connivent,cucullat,dendritic,denser,distal,divided,eaf,ed,especially,exerted,extending,fide,filament,flower,free,halfway,ilament,leaving,lengthening,like,long,loosely,lower,many,mature,midvein,minute,mixture,mostly,new,nflorescence,older,orolla,outline,pair,papillo,peg,perfect,pinnate,planar,plurifoliat,pore,poricidal,portion,primary,puberulent,ruit,scandent,scar,seen,sleeve,slender,slit,small,sometimes,spaced,spreading,tangled,tem,time,tip,transparent,trichome,tub,twinin,twining,ud,uniseriate,unit,upper,vary,way,weak,within,ympodial	1-6,adhesion,arrangement,blade,brown,climate,colour,form,fruit,glandular,hair,height,history,length,life,midpoint,na,number,ovary,perennial,plant,position,presence,pubescence,ray,reproduction,rugulose,seed,shape,size,staman,stellate,stipe,texture
137	wfo-0001026756	success	147	123	88	59	35	0.599	0-7-1.2,0.25-0.5,0.5-1,0.5-3,1-1.5,1.5-1.7,1.5-10,1.5-2,1.8-3,3-4,3.5-8.5,5-10,5-5.5,6-16,abaxial,abaxially,acute,adaxially,anther,apex,attenuate,base,bilobed,broadly,brown,calyx,cm,conical,corolla,corresponding,dark,deltate,dendritic,densely,dia,difoliate,distal,elliptic,glabrous,globose,green,hard,irregular,lax,leaf,like,lobe,lobed,long,minutely,mm,nearly,occasionally,opposite,ovary,ovate,ovoid-reniform,pale,pedicel,petiole,pinkish-white,pitted,pore,poricidal,pubescence,pubescent,rest,shape,shaped,shrub,simple,somewhat,sparsely,stem,stigma,style,surface,tear-drop,thick,tip,tree,trichome,tube,unifoliate,uniseriate,white,wide,woody	.25,.5,1-2,1.5-3,5-10-flowered,6-10,along,anthesi,apiculate,ba,bark,berry,closely,deflexed,denser,differing,eaf,edicel,eed,erect,exserted,filament,fleshy,free,fruiting,geminat,glabrescent,grayish-brow,inflorescenc,lamina,lateral,lower,main,major,middle,minor,nflorescence,older,overlappin,pair,papillo,perhaps,pericarp,planar,portion,present,ruit,scar,soon,spaced,strongly,tall,tub,ud,unit,vein,widest,ympodial,young	adhesion,arrangement,blade,climate,colour,diameter,form,fruit,geminate,glandular,grayish-brown,growth,hair,height,history,inflorescence,length,life,margin,midpoint,na,number,peduncle,plant,position,presence,ray,reproduction,rugulose,seed,size,staman,stellate,stipe,texture
138	wfo-0001026777	success	168	98	64	104	34	0.381	0.5-1,0.5-1.5,1-1.3,1-1.5,1-10,1-2,1-4,1.2-1.8,1.5-3,2-4,2-4.5,3-3.5,5-14,5-7,acuminate,acute,anther,apex,base,beneath,blue,brown,calyx,capitate,cm,corolla,cup,elliptic,fide,flattened,flattened-reniform,glabrous,globose,green,growth,leaf,lobe,lobed,margin,mm,narrowly,nearly,opposite,ovary,pedicel,petiole,pubescent,quadrate-deltoid,russet,seed,shaped,shiny,shrub,size,sparsely,stem,stigma,style,surface,tear-drop,tube,vellozo,white,x	.25,.5,/3,0.25-0.5,0.5-5,0.9-3,1.5-5,2-5,4-8,5-50-flowered,anthesi,apart,apiculate,axil,ba,beginning,berry,body,branching,campanulate,cell,decurrent,deflexed,dense,dia,differing,difoliate,distal,eaf,edicel,eed,end,exserted,filament,filiform,flexuous,free,fruiting,geminat,glabrate,greyi,hyaline,incrassate,inflorescenc,irregularly,lateral,like,lon,long,lower,main,major,matted,middle,minor,minutely,near,new,nflorescence,occasionally,often,older,one,onto,outline,overtopping,pair,papillo,papillose,pitted,planar,pore,poricidal,portion,prominent,quite,rest,ruit,scar,sinuate,slightly,smooth,somewhat,soon,spaced,straight,tall,tapering,testa,thread-like,tip,trichome,tuft,ud,uniseriate,unit,vein,wall,way,widest,woody,yellowish,ympodial,young	0.25,adhesion,arrangement,blade,climate,colour,diameter,form,fruit,glandular,greyish,hair,height,history,inflorescence,length,life,midpoint,na,number,peduncle,perennial,plant,position,presence,pubescence,ray,reproduction,rugulose,shape,staman,stellate,stipe,texture
139	wfo-0001026782	success	206	122	81	125	41	0.393	-4,-5,0.5-1,0.5-2,1,1-1.5,1.5,2,2-5,3,3-4,8-10,abaxially,acute,adaxially,annual,anther,anthesi,apex,apiculate,base,blade,blue,bluish,brown,calyx,cm,cordate,dark,darker,deltoid,diameter,except,finely,fruit,glabrous,globose,green,greenish,hair,herb,immature,irregularly,length,light,lilac,lobe,margin,maturity,midpoint,mm,mottling,narrowly,obtuse,ovate,pedicel,peduncle,petiole,pubescence,purple,ray,reniform,rotate-campanulate,simple,small,stellae,stellate,stellate-tomentose,stem,stigma,style,surface,tapered,thin-textured,tomentose,triangular,tube,white,x,yellow,yellowish-brown	-10,0.5,0–1,0–10,1.3,1.4–2,1.5–2.5,1.8–3,1/3–1/2,10–15,15,1–3,1–5,2-foliate,2–4,3.5–8.5,3–12,4,4–10-rayed,4–13,4–6-rayed,4–9,5,6,6-7,7,abundant,abundantly,accrescent,acicular,adaxiall,additional,armed,articulate,axe,becoming,berr,clavat,clustered,coarse,commonly,curved,dehiscent,densely,dilated,divided,eaf,eed,enclosing,exceeding,fertile,filament,flower,fruiting,geminat,glabrou,gland-tipped,gradually,internode,interpetalar,larger,like,lon,long,lower,lowermost,main,male,midrib,minute,much,much-branched,nearly,nflorescence,numerous,often,one,orolla,pair,partially,perfect,pore,porrect-stellate,prickle,pubescent,pustulate,rachi,radiu,rarely,ruit,sessile,shallow,short,shorter,slightly,smaller,somewhat,sparsely,spreading,stalk,staminate,ste,stellate-pubescent,stipitate,straight,strongly,tall,tamen,tem,terminal,thick-stalked,tip,tissue,tooth,two,unbranched,upper,upward,vary,vein,way,woody,ympodia,–5,–6	0-1,1-5,1.4-2,1.8-3,10-15,3-10,3-12,4-13,4-5,4-6,4-9,adhesion,arrangement,clavate,climate,colour,corolla,form,glandular,growth,height,history,inflorescence,leaf,life,lobed,na,number,ovary,plant,position,presence,present,reproduction,rugulose,seed,shape,size,staman,stipe,texture
140	wfo-0001026788	success	291	154	125	166	29	0.43	.05,.3,0.2–0.3,0.3–0.4,0.3–0.5,0.4–0.6,0.6–1.0,0.6–1.3,0.6–1.9,0.8–1.1,0.9–1.2,0.9–1.3,0.9–2.0,1.0–1.5,1.0–2.0,1.1–1.3,1.2–1.7,1.3–1.6,1.3–2.5,1.7–1.9,1/3,1/4–1/3,2.1–2.9,2.7–5.7,2.8–3.1,2/3s,3.8,3.8–4.9,4,4–8,6.4,7.8–11.0,8,abaxially,acuminate,acute,adaxially,adnate,aequilateral,anther,apex,attachment,attenuate,basal,base,blade,brown,calyx,chartaceous,cm,corolla,deltoid,densely,developed,diameter,distal,distinctly,entire,erect,extra-axillary,flattened-orbicular,flattened-reniform,flower,fruit,glabrous,glandular,globose,hair,incurved,internode,interpetalar,lanceolate,lateral,leaf,lobe,lobed,long,margin,markedly,mature,midpoint,mm,moderately,nearly,notched,oblique,orange,oval,ovate,pedicel,peduncle,petiole,point,portion,proximal,pubescent,ray,reddish,restricted,rounded,scandent,scarcely,shrub,simple,sinuate,slightly,small,sometimes,somewhat,sparsely,stellate,stem,stigma,style,subcoriaceous,tissue,tree,tube,upper,well,white,yellow,±dense,±glabrous,×	.0,.04,/3,0.4–0.7,0.5–0.7,0.5–0.8,0.8–1.8,0–,1.2–1.6,1.3–1.8,1.4–2.2,1.5–1.9,1.5–2.2,1.7,10.8,1–3,2.0,2.5–11.0,2.9–4.0,2/3,2–3,3,3.0,3.4,4.0,4.6–6.0,4–7,5,5-merou,7.0–8.9,8.3–10.9,8.5,90°,absent,adjacent,ag,alveolate,alyx,anthesi,apart,apical,apparently,appearing,appressed,around,articulate,axe,ba,bark,based,becoming,berry,branch,branching,broad,broad-based,broadly,brochidodromous,bud,capitat,channeled,clinate,connivent,curved,deciduous,deflexed,dentate,development,difoliate,directed,distally,distinct,dry,eaf,edge,eed,either,emerging,evenly,exocarp,extending,fertile,filament,filiform,flat,flexed,free,geminat,glossy,gradually,homostylous,hort,increasing,intact,intersepalar,juic,layer,laying,less,lon,longer,lower,many,midrib,midvein,minute,nflorescence,occasionally,opaque,orolla,per,perforated,pore,porrect,porrect-stellate,potentially,presen,prickle,primary,raised,reflexe,remaining,retrorse,rigid,row,ruit,scattered,sessile,shoot,side,sigmoid,sinus,sloughing,smoot,soon,spaced,splitting,spread,stamen,stellae,stellate-pubescent,straight,surface,suture,swelling,tamen,tem,thin,time,transparent,triangular,two,ud,unarmed,unbranched,vary,vein,weakly,wide,yellow-ferruginou,yellow-ferruginous,yellow-tan,ympodia,young,±90°,±equal	0–2.5–11.0,adhesion,arrangement,capitate,climate,colour,form,growth,height,history,inflorescence,length,life,na,number,ovary,perennial,plant,position,presence,present,pubescence,reproduction,seed,shape,size,staman,stipe,texture
141	wfo-0001026790	success	236	133	104	132	29	0.441	-11,-19,-4,-40,0-10,0.2-0.4,0.2-0.6,0.2-1.5,0.5-2,0.5-4,0.6-10,0.7-3,1-1.5,1.5-3,1.5-5,1.8-4,1.9-2.6,1/4,1/4-1/2,2-11,2.5-4.5,2.7-3.2,3.5-17,4-9,5-10,6-12,6-8,6.5-9,7-15,abaxially,acute,andromonoecious,anther,apex,base,berry,blade,calyx,chartaceous,cm,connivent,cordate,cream,dark,deltate,densely,diameter,dull,elliptic,equal,erect,flattened-reniform,flower,fruit,glabrous,glandular,green,hair,lanceolate,lateral,leaf,length,lobe,lobed,long,long-styled,lower,margin,marking,maturity,mauve,midpoint,mm,moderately,narrow-deltate,orange-brown,ovate,pale,pedicel,peduncle,petiole,plant,poricidal,ray,rounded,short-styled,shrub,smooth,sparsely,spherical,stellate,stellate-pubescent,stem,style,surface,tapering,terminal,tip,tube,upper,way,wide,yellow,young	-1/2,-1/3,-10,-2,-3,-6,-merous,0,0-150,0-20,0-30,0-5,0.2,0.2-2,0.7-1.5,0.8,1,1-2,1-3,1.5,1.5-2.5,1.5-4,1/2-3/,1/5-1/3,1/6-1/4,2,2-,2-3,2-30,2-5,2-7,4-,4-11,4-7,5,5-9,7-12,7-13,7-20,acuminat,adaxially,alyx,ame,apar,apart,apically,apparently,articulated,bark,becoming,branched,broad-deltate,brown-green,c.,concolorous,conical,curved,discolorous,distance,drying,eaf,eed,elongated,elongating,entire,extending,filament,flattened,free,fruiting,gently,green-brown,heterostylous,inflorescenc,infructescence,longer,mature,midvein,minute,near,nflorescence,obtuse,older,one,open,orolla,oung,pair,pendulous,per,pericarp,plurifoliat,porrect,portion,prickle,prickly,primary,red-brow,red-brown,reduced,reflexed,ruit,scar,sessile,side,simple,sometimes,spaced,spreading,stalk,stalked,stout,straight,tamen,terete,tertiary,time,toward,trichome,unarme,unarmed,unit,usually,variously,vary,vein,venation,visible,weakly,woody,yellow-green,ympodial	1/2-3/4,adhesion,arrangement,climate,colour,corolla,form,growth,height,history,inflorescence,life,na,number,ovary,perennial,plurifoliate,position,presence,present,pubescence,reproduction,seed,shape,size,staman,stigma,stipe,texture
142	wfo-0001026818	success	252	122	95	157	27	0.377	-15,-2.5,-3,0-1,0.3-0.8,0.5-1,0.5-1.5,0.5-2.5,0.7-2,1.8-3.5,2-4,2-4.5,2.5-4,2.7-4,3-5,4-10,4-7,5-11,5-15,6-10,6.5-9.5,7-30,7-50,8-11,abaxially,acute,adaxially,anther,apex,attenuate,base,blade,branched,broadly,calyx,campanulate,cm,coarsely,cordate,deltoid,densely,dentate,diameter,elliptic,elliptic-ovate,erect,extra-axillary,fruit,glabrous,globose,hair,inflorescence,lanceolate,leaf-opposed,length,lenticular,lobe,margin,midpoint,minutely,mm,obtuse,orange,orange-red,ovate,pedicel,peduncle,perennial,petiole,pitted,pubescence,pubescent,ray,reniform-ovate,sessile,shallowly,simple,size,sparsely,spreading-hirsute,spreadingly,stellae,stellate,stellate-pubescent,stem,stigma,style,surface,tan,thin-textured,truncate,tube,white,x,yellow	-1.5,-2,-4.5,-7,0-1.5,0.1-0.3,0.3-1,0.3-2.5,1,1-4,1.5-,1/3,2,2-15,2-3,2-foliate,2.5-5,4-6,5-12,5-20,5-9,7-15,8-15,abrupt,abundant,accrescent,acute-,adaxiall,along,always,apart,apparent,articulated,ascending,average,axe,ba,becoming,broad-based,capitat,capitate-glandular,cast,cauline,class,closely,commonly,compresse,connivent,covering,cream,cylindrical,density,depressed-deltoid,directed,distal,distall,distinct,eaf,eed,elongate,entire,equaling,especially,essentially,felty-pubescent,female-sterile,filament,flower,foliar,frui,fruiting,geminate,grading,inserted,interlobal,large-leaved,larger,largest,lateral,laterally,less,lignescent,like,long,longest,lower,major,maturit,mesocarp,middle,midrib,mixture,mostly,multiseriate,nearly,nflorescence,numerous,oblique,obtuse-,occasionally,often,one,orolla,oung,outline,ovate-lanceolate,per,perfect,persistent,pore,prickle,prickly,principal,prominent,purplish,rachi,radiu,ripe,round-tipped,ruit,scattered,short,shorter,side,similar,sinus,smaller,sometimes,somewhat,spaced,sparse,spreading,stalk,stalked,ste,stipitate,tal,tamen,termination,thickened,time,tooth-like,transition,trichome,two,unarmed,unbranched,unit,usually,variable,vary,vein,vivo,weakly,wide,yellowish,ympodial	adhesion,arrangement,capitate,climate,colour,corolla,form,glandular,growth,height,history,leaf,life,na,number,ovary,plant,position,presence,reproduction,rugulose,seed,shape,staman,stipe,texture,ye
143	wfo-0001026819	success	218	114	87	131	27	0.399	0-27,0.5-1.5,1-2,1.5-10,1.5-12,1.5-3.3,1.6-3.5,10-26,2-5,2.5-5,3-120,3-18,3-35,3-38,4-7,5-30,6-11,abaxially,acute,adaxially,anther,attenuate,blue,broadly,brownish,capitate,chartaceous,cm,condition,corolla,densely,diameter,dot,drying,elliptic,fresh,fruit,glabrous,globose,green,greenish,hair,herb,interjected,lanceolate,leaflet,light,like,lobe,long,lunate,membranous,minutely,mm,moderately,mottled,narrowly,odd-pinnate,ovate,ovoid,pedicel,peduncle,pentagonal,petiole,plant,puberulent,pubescent,purple,rotate-pentagonal,scale-like,scattered,seed,slightly,stem,stigma,stripe,style,subglabrous,terminal,tinged,tube,usually,violet,white,whitish,wide,yellow	0.3-4.7,1-10,1-2.3,1-5,1.2-36,1.5-3.0,1.5-3.5,10,2-6,3-20,4,4-10,5-merou,7,absent,acumen,acuminate,ag,along,alyx,apart,apex,articulated,ascending,base,bearing,blade,borne,bud,cell,ciliate,clavat,connate,connivent,covering,cuneate,curved,dark,decurrent,digestion,distal,dorsally,eaf,edge,eed,end,enzyme,erec,especially,exceeding,filament,flat,flower,folded,forked,geminat,generally,glabrou,glaucous,greatly,green-white,greenish-yellow,hair-like,half,homostylous,honeycomb-shaped,larger,lateral,lengthening,living,lower,make,margin,middle,midvein,mucilaginous,nflorescence,non-glandular,oblique,often,orolla,pair,pedice,petiolule,plurifoliate,pore,poricidal,rachi,ranging,removed,ruit,seudostipule,short,singly,slit,sometimes,somewhat,spaced,specimen,stamen,star,ste,stolo,straight,subequal,suborbicular,subrosette,subtending,symmetrical,tall,tamen,tem,tertiary,testal,therefore,thick,throughout,tip,tri-,truncate,tuber,typically,unit,unwinged,vary,wall,wet,wing,within,without,ympodial	adhesion,arrangement,calyx,clavate,colour,form,growth,height,history,inflorescence,leaf,length,life,na,number,ovary,perennial,position,pseudostipule,pubescence,reproduction,rugulose,shape,size,staman,surface,texture
144	wfo-0001026821	success	204	127	92	112	35	0.451	.2,/3,0.4-1.5,0.5-1.2,0.7-1.8,0.8-1,1-2,1-20,1-5,1.2-1.5,1.5-2.5,10-15,2-3.5,2.5-18,3-18,4-4.5,5-12,5-20,5-34,abaxially,acuminate,adaxially,anther,apart,apex,apically,apiculate,appressed,base,blade,broadly,brown,cm,cordate,dark,diameter,due,ellipsoidal,elliptic,flattened,flower,fruit,fused,gglobose,glabrous,green,hair,herb,lanceolate,lateral,leaf-opposed,length,light,lobe,long,long-attenuate,margin,mature,membranous,minutely,mm,oblique,oblong,obtuse,odd-pinnate,pale,pedicel,peduncle,petiole,pilose,puberulent,pubescent,remnant,rounded,scandent,small,somewhat,spaced,sparsely,stellate,stigma,stripe,style,subglabrous,substellate,surface,thickening,tube,wall,white,x,yellow	0-20,0.2-1.5,0.3-1.2,0.3-2.5,0.5-3.5,1-1.5,1-3,17,1977,2-15,2-6,2-celled,3-11,3-6,3-7,3-branched,3-celled,5-10,5-merou,acut,adaxial,ag,alyx,anderson,angular,apical,articulated,auriculate,axe,ba,basal,bayonet,berry,bract,cell,chartaceous,ciliat,cuneate,deltate,directed,distal,distally,eaf,eed,equal,especially,exceeding,filament,forked,frequent,geminat,glabrou,gland-tipped,greatly,homostylous,incurved,interjected,interstaminal,large,leaflet,longitudinal,lower,lowermost,many,mean,membrane,minute,moderately,much,narrowly,nflorescence,obliquely,occasional,occasionally,one-celled,opening,orolla,pair,paired,per,perfect,petiolule,plurifoliate,pore,present,pseudostipular,pubescen,rachi,rarely,reduced,reniform,ruit,seudostipule,short,slender,slightly,slit,smaller,stamen,subtended,tamen,tem,terminal,time,tri-,truncat,unbranched,unit,vary,wide,winged,ympodial	adhesion,arrangement,calyx,climate,colour,corolla,dioecious,form,glandular,growth,height,history,inflorescence,leaf,life,midpoint,na,number,ovary,perennial,plant,position,presence,pubescence,ray,reproduction,rugulose,seed,shape,size,staman,stem,stipe,texture,truncate
145	wfo-0001026827	success	143	113	80	63	33	0.559	.5,/3,0.2-0.5,0.4-0.6,0.5-2,0.6-1,1-,1-1.1,1-2.1,1.3-1.6,1.5-2,2-2.2,2-2.5,2-4,3-9,5-6,abaxially,acute,age,and/or,anther,apex,arachnoid,attenuate,base,branched,broadly,calyx,clavate,cm,conical,corolla,deltate,dendritic,densely,diameter,distally,especially,glabrous,growth,inflorescence,internodal,irregularly,lanceolate,leaf,lengthening,like,lobe,lobed,margin,mm,narrowly,oblanceolate,ovary,papillate,pedicel,peduncle,petiole,pore,poricidal,pubescent,reddish,revolute,shrub,simple,sinus,slender,slit,sparsely,stem,stigma,style,surface,tip,trichome,tube,uniseriate,way,white,x	1-1.5,1-2,7-9,?,adaxiall,anthesi,apart,appearing,bark,branch,crowded,deciduou,dense,dry,drying,eaf,ellipsoid,erect,exerted,filament,fleshy,flower,free,glabrescent,know,known,lamina,less,lower,minutely,near,new,nflorescence,nodding,ot,pair,paler,papillat,perfect,planar,plane,plurifoliat,portion,primary,rachi,scar,small,soon,stout,straight,strongly,surfac,terminal,thick,thickened,third,tub,ud,unit,upper,vein,widest,ympodial	adaxially,adhesion,arrangement,blade,climate,colour,form,fruit,glandular,hair,height,hermaphroditic,history,length,life,midpoint,na,number,perennial,plant,position,presence,pubescence,ray,reproduction,rugulose,seed,shape,size,staman,stellate,stipe,texture
146	wfo-0001026830	success	198	123	97	101	26	0.49	0-10,0.3-1.3,0.4-1,0.5-1.0,0.9-1.9,1-11,1-2,1.4-4,1.5-4,10-57,2-4,2.5-5,3.5-8.5,4-14.5,4-7,4.4-14.5,4.5-17.5,5-11,6-13,abaxially,adaxially,along,anther,axillary,bead,brown,brownish,bud,ciliate,clavate,cm,condition,coriaceous,corolla,deep,diameter,drying,elliptic,finely,fresh,fruit,glabrescent,glabrous,globose,green,greenish,hair,herb,interjected,lanceolate,leaf,leaflet,like,linear,lobe,long,margin,medium,mm,moderately,moniliform,necklace,odd-pinnate,orbicular,ovate,ovoid,pair,pedicel,peduncle,pentagonal,petiole,plant,plurifoliate,puberulent,pubescent,purple,ripe,rotate,seed,short,simple,size,stigma,stolon,stripe,style,subglabrous,subtending,terminal,tri-,tube,tuber,unit,white,whitish,x,yellow	0.5-1.2,1-10,1.1-2.7,2-6,2.5-4.4,2.7-8,4-10,5-merou,7-18,acumen,acuminate,acute,adaxiall,ag,alyx,apart,apex,apparently,arranged,articulated,asymmetric,attenuate,axe,base,basiscopic,berry,blade,capitat,cell,connivent,covering,decreasing,digestion,distal,dorsally,eaf,edge,eed,enzyme,erec,exceeding,filament,flat,flower,folded,forked,geminat,generally,glabrou,green-white,hair-like,hal,half,high,homostylous,honeycomb,lateral,lengthening,light,living,lower,make,mucilaginous,multiple,nflorescence,orolla,perfect,petiolulate,pore,poricidal,removed,rounded,ruit,sessile,seudostipule,shaped,side,slit,spaced,specimen,stamen,straight,subequal,subglabrou,tall,tamen,tem,testal,thick,throughout,tip,tissue,toward,typically,unwinged,usually,vary,wall,wet,yellowish,ympodial	adhesion,arrangement,calyx,capitate,colour,form,growth,height,history,inflorescence,length,life,na,ovary,perennial,position,pseudostipule,pubescence,reproduction,rugulose,shape,staman,stem,surface,sympodial,texture
147	wfo-0001026831	success	207	129	96	111	33	0.464	-6.5,-9,/4,0-6,0.1,0.1-0.25,0.2-1,0.3-0.65,0.5-1.2,0.6,0.6-2,0.65-1,0.7-2,1-2.2,1-2.5,1.5-2.5,1/3,2-2.5,2.3-2.9,2.5-4.5,3-6,7-10,7-8,abaxially,acute,anther,apex,apically,attenuate,base,berry,blade,bright,calyx,chartaceous,cm,connivent,cream,dark,deltate,densely,diameter,dull,elliptic,equal,flattened-reniform,fruit,glabrous,gray-brown,green,lateral,leaf,length,less,lobe,lobed,long,lower,margin,marking,maturity,mauve,membranous,midpoint,mm,moderately,narrow-cuneate,orange,orange-brown,pale,pedicel,peduncle,petiole,poricidal,ray,reduced,rounded,shrub,smooth,sometimes,sparsely,spherical,stellate,stellate-pubescent,stem,style,surface,tapering,tip,tube,upper,way,white,wide,yellow,young	-0.25,-5,.5,0-10,0-20,0-3,0.1-0.2,0.15-0.25,0.2-0.4,0.3-0.6,0.7-1.1,1-10,1-2,1-3,1-4,1-6,1.2-2,1/3-1/,1/3-2/3,1/5-1/4,2-3,2-4,3-5,3.5-10,5-merous,alyx,apar,apart,apparently,articulated,bark,branched,broad-deltate,brow,caudat,cell,concolorous,curved,difoliate,distance,drying,eaf,eed,elongating,erect,extending,eye,filament,flower,free,fruiting,fully,geminat,glabrescent,herbaceous,infructescence,longer,mature,midvein,multangulate,naked,nflorescence,oblong,occasionally,older,one,open,opening,orolla,oung,outline,ovate,pair,pendulous,per,perfec,pericarp,porrect,portion,prickl,prickle,prickly,primary,raised,red-brown,ruit,scandent,scar,sessile,shiny,shorter,side,slender,spaced,spreading,stalk,subsessile,tamen,terete,tertiary,time,trichome,unit,usually,vary,vein,venation,visible,white-gray,yellow-green,ympodial	1/3-1/2,adhesion,arrangement,caudate,climate,colour,corolla,form,glandular,growth,hair,height,history,inflorescence,life,na,number,ovary,perennial,plant,position,presence,present,pubescence,reproduction,rugulose,seed,shape,size,staman,stigma,stipe,texture
148	wfo-0001026841	success	139	104	64	75	40	0.46	0.25-0.5,0.5-1,0.5-2,0.6-1,0.8-1,0.8-3,1.5,1.5-2,3-6.5,3.5-5,4-8,6-8,9.2-18,acute,anther,anthesi,apart,apex,base,bi-lobed,broadly,calyx,clavate,cm,conical,corolla,deltoid,dia,ellipsoid,elliptic,filiform,glabrous,globose,green,inflorescence,later,leaf,lobe,lobed,margin,mm,opposite,ovary,paler,pedicel,petiole,pore,poricidal,pubescent,raised,scar,shaped,shining,shrub,sparsely,stem,stigma,style,tear-drop,thickened,tip,tube,white,x	.25,.5,/4,0.05,0.25-0.3,0.5-0.75,0.75-1,2-2.5,5-8-flowered,7-9,along,arch,axi,ba,bark,beneath,berry,coroll,curly-tipped,decurrent,deflexed,eaf,edicel,eed,exsertion,filament,free,fruiting,glabrate,greyish-gree,hyaline,immature,joined,known,lateral,like,lon,long,lower,main,middle,minutely,nflorescence,older,pair,papillo,papillose,portion,prominent,reddish,reflexed,rest,ruit,series,simple,slender,slightly,spaced,straight,tall,tapering,terminal,trichome,ud,unevenly,unifoliat,uniseriate,unit,vein,way,widest,winged,woody,ympodial,young	0.25,adhesion,arrangement,blade,bud,climate,colour,diameter,form,fruit,glandular,greyish-green,growth,hair,height,history,length,life,midpoint,na,number,peduncle,perennial,plant,position,presence,pubescence,ray,reproduction,rugulose,seed,shape,size,spacing,staman,stellate,stipe,surface,texture,unifoliate
149	wfo-0001026849	success	180	125	101	79	24	0.561	0-10,0.5-1,1,1-1.5,1-2,1-6,1.5-2.5,1.75-2,11,2,2-3,38/2,5-10,637/2,7-8,acute,adult,anther,apex,aster,axil,base,brown,calyx,capitate,cell,cm,colour,conical,corolla,cyme,discoidal,distinctly,entire,erect,except,expanded,filled,flesh,flowered,fork,free,glabrous,glandular,granule,green,grey-brown,growth,hair,inflorescence,lavender,leaf,less,linear-lanceolate,little,lobe,long-cuneate,loosely,margin,maturity,minute,minutely,mm,oblong,oblong-lanceolate,ovary,pale,pedicel,peduncle,petiole,poricidal,pruinose,reproducing,reticulate,rh,rotate,rounded,sea,seed,shallow,short-lived,shrub,simple,sinus,slightly,sometimes,stem,stigma,stone,stony,stout,style,surface,tip,tube,undulate,vegetatively,violet,well,x,young	-50,100-130,30-,40,5,80-,adherent,amongst,appearing,aspect,australian,berry,composed,conspicuous,curved,cut,deflexed,developed,dia,distinct,eed,ellipsoid,emarginate,enlarge,exceeding,exerted,facetted,filament,floral,flower,fruiting,general,globose,globular,greater,gree,half,interacuminal,large,leave,lengthening,lon,long,lower,mature,mid-vein,native,nflorescence,occasionally,often,pal,pedicellate,petal,plurifoliat,pore,preparation,purple,rarely,relatively,rhachi,ruit,ruiting,shed,slende,slit,soft-wooded,solanum,solitary,somewhat,soon,thus,tissue,tub,ud,unarmed,unit,uvenile,way,ympodial	8,adhesion,arrangement,diameter,enlarged,form,fruit,height,history,juvenile,length,life,na,number,plant,plurifoliate,position,pubescence,reproduction,shape,size,slender,staman,texture
150	wfo-0001026851	success	267	123	82	185	41	0.307	.8,2,4-5,5,acute,andromonoecious,anther,apex,base,berry,bilobed,blade,bright,broadly,calyx,capitate,circular,cm,connivent,cordate,dark,diameter,except,fading,flattened,fruit,glabrous,gland,globose,glossy,greenish,hair,hyaline,inside,irregularly,lateral,leaf,less,light,lighter,lobe,lobed,long,margin,matte,membranous,minute,minutely,mm,moderately,orange,outside,ovate,pedicel,peduncle,petiole,pilose,plant,pubescence,pubescent,shrub,similar,simple,size,slightly,stellate,stem,stipitate,stipitate-glandular,straw-colored,style,suborbicular,surface,tapering,tip,triangular,tube,white,wide,wing,yellow,yellowish	-2,-celled,.4,0.3–1,0.8–1.5,0–1,1,1-7,1.5,1.5–2,1.5–2.8,10-15,15,175–415,1979,1–4.5,1–7,2.2–3.6,2.5–4,2/3,2–10,2–3,2–3.5,300,3–3.6,3–5,4–5-celled,4–6,4–6-celled,5-merous,5–6.5,5–7-celled,6–11,7–12,8–10.5,8–15,=,abaxial,abaxiall,abundant,acicular,adaxial,almost,alyx,apar,appearing,armed,articulated,average,ba,becoming,branched,c.,ciliate,coarse,coarsely,coil,complete,conspicuous,conspicuously,curve,densely,dentate,difoliate,directed,distall,distally,dot,eaf,eed,elongating,endocarp,enlarged,entire,equal,evenly,exceeding,eye,fertile,fide,filament,fine,flexuous,flower,free,fruiting,geminat,grading,gradually,green,heavily,heterostylous,infructescence,lacking,large,larger,lenticel,little,live,long-styled,lower,major,making,merely,midrib,minor,mostly,much,n,naked,narrowly,near,nearly,nee,nflorescence,occasionally,often,one,orolla,otherwise,oung,pair,papillo,pattern,per,pericarp,pore,poricidal,portion,preserved,prickle,prickly,recurved,reflexed,rest,ruit,sap,scanden,scant,scar,scarious,scattered,sessile,shiny,short-styled,slender,small,smaller,sometimes,somewhat,spaced,sparsely,specimen,speckled,spongy,sprawling,spreading,stamen,staminat,straight,tall,tamen,tasteles,terete,thick,thickened,tooth,tough,trichome,twice,unarmed,unbranched,uniform,unit,usually,vary,vein,visible,watery,way,well,winged,ympodial,–13,–2	0.3-1,0.8-1.5,1.5-2,13,2-10,2-3.5,4-6,5-6.5,6-11,7-12,adhesion,alternate,arrangement,climate,colour,corolla,form,glandular,growth,height,history,inflorescence,length,life,midpoint,na,number,ovary,perennial,position,presence,ray,reproduction,rugulose,seed,shape,staman,stigma,stipe,texture,width
151	wfo-0001026858	success	153	105	76	77	29	0.497	-30,-4,0.8,0.8-1,1-,1-10,1-11.5,1-5,1.3-1.5,1.5-4,2-3,2-4,2.5-3,3-4,4.5-10.5,6-10,6-18,6-7,abaxially,abruptly,acute,adaxially,apex,base,calyx,cm,connate,cordate,corolla,cuneate,diameter,diminishing,distal,forked,generally,glabrescent,glabrous,globose,green,green-white,half,herbaceous,interjected,lateral,leaf,leaflet,light,long,mm,oblique,oblong,obtuse,odd-pinnate,ovate,ovate-lanceolate,ovoid,pair,pedicel,peduncle,perennial,petiole,plant,rounded,seed,shiny,size,slightly,stellate,stigma,style,throughout,toward,triangular,tuber-bearing,wide,yellow	0-.,0.5,1-4,2-2.5,3-,3-6-foliat,4-24,5-15,acumen,apical,apically,articulate,branched,cell,covering,cyme,dehiscent,dichasial,dichasially,digestion,dorsally,eaf,ebracteate,edge,eed,emoval,enzyme,exceeding,filament,flat,flower,folded,globo,hair-like,honeycomb,introrse,living,lobe,lon,lower,lunat,make,maturing,minute,monochasial,mucilaginous,mucronate,nflorescence,nther,often,orolla,pattern,perfect,plan,poricidally,proximal,reveal,ruit,seudostipule,short,slit,specimen,stamen,straight,tal,tem,testal,thick,throughou,typically,unit,vary,wall,white-crea,without,ympodial,¼	0-2,3-15,anther,arrangement,colour,form,fruit,growth,height,history,inflorescence,length,life,lunate,na,number,ovary,position,pseudostipule,pubescence,reproduction,rugulose,shape,stem,surface,texture,true,tube,white-cream
152	wfo-0001026870	success	206	110	83	123	27	0.403	.5,0-0.1,0.2-0.35,0.25-0.5,0.4-0.8,0.5-1,0.7-1.4,1.4-1.8,2-3,2-3.5,2-5,2-6,2-7,3-12,4-5,5-7.5,7-11,7-8,9.5-12,absent,acute,anther,apex,base,black,blade,brownish,calyx,chartaceous,cm,cuneate,deeply,deltate,densely,diameter,dioecious,elliptical,erect,extra-axillary,forked,fruit,glabrous,globose,grey,grey-green,hair,inflorescence,lanceolate,length,lobe,lobed,long,margin,midpoint,mm,obtuse,ovate,ovate-reniform,pedicel,peduncle,perennial,petiole,plant,present,purple,ray,rhizomatous,rotate,rotate-stellate,rusty,shrub,simple,stellate-pubescent,stem,stigma,style,surface,throughout,tube,unknown,white,x,yellow	%,.05,0,0-1,0.05-0.15,0.2-1.2,0.25-0.4,0.3-0.4,0.7-2,1,1-11,1-4,1-5,1.5-2,1.9-3,10-14,11-14,12-28,140-600,15-25,18-30,2-foliate,2.5-12,3-10,3-5,300-600,4-7,4-9,5-merou,6-70,abaxially,abundant,accrescent,acicular,adaxiall,adaxially,alyx,apart,armed,articulated,ascending,axe,ba,basal,broad-based,broadly,brown,color,cylindrical,d.,diamete,directed,distal,distall,distributed,dult,eaf,eed,eglandular,enclosing,female,filament,finely,finger,flattened,flower,fruiting,functional,geminat,glabrou,gland-tipped,heterostylous,index,interpetalar,lamina,lateral,lobing,lon,longer,lower,male,mature,midvein,minute,nflorescence,oblique,orolla,part,per,pore,porrect,presen,prickle,probably,pseudo-racemose,reticulate,ridged,ruit,sessile,short,side,solitary,spaced,stage,stalk,stellae,straight,tal,tamen,terete,thick,time,tissue,triangular,unbranched,unit,unknow,uvenile,vary,vein,wide,yellowish,ympodial	adhesion,arrangement,climate,colour,corolla,form,glandular,growth,height,history,leaf,life,na,number,ovary,position,presence,pubescence,reproduction,rugulose,seed,shape,size,staman,stellate,stipe,texture
153	wfo-0001026874	success	222	118	77	145	41	0.347	.3,.5,0-1,0.5,1.5,3-5,acuminate,acute,anther,apex,asymmetric,attenuate,base,blade,broadly,calyx,cm,connivent,dark,diameter,entire,flower,fruit,glabrate,glabrous,glandular,glandular-pubescent,globose,growth,hair,lanceolate,leaf,length,lenticular,lobe,margin,midpoint,mm,moderately,near,obtuse,orange,ovate,pedicel,peduncle,petiole,pinnatifid,point,present,pubescence,pubescent,reddish,repand,ripe,rounded,scabrous,shiny,shrub,simple,slender,sparsely,stellate,stellate-pentagonal,stem,stigma,style,subulate,surface,tan,thin-textured,truncate,tube,weakly,white,widest,x,yellow	0,0.2–0.6,1.5–2.5,1.5–4,1.5–5,12–20,15-20,1–,1–3,2,2-foliate,2–2.5,2–3,2–4,2–5,2–6,2–several-branched,4.5,4–7.5,5.5,5.5–7.5,5–15,6-7,6–12,6–9,8-12,8–20,9.5–11.5,abaxially,absent,across,adaxiall,adaxially,along,apar,apical,axe,basally,based,berry,beset,broad,capitate,caudate,clavat,colored,compressed,deltoid,dense,densely,depressed,developed,drying,eaf,eed,erect,except,filament,filiform,finely,flowering,foveolate,fruiting,geminat,generally,glabrou,gland,green,hermaphroditic,internode,interpetalar,juvenile,lance,lanceolat,lanceoloid,larger,lateral,laterally,lighter,like,lon,long,lower,main,major,midrib,midvein,minute,narrowly,new,nflorescence,often,orolla,ovoid,per,perfect,pore,portion,prickle,prickly,prominently,pubescen,rachi,recurved,reduced,ruit,scattered,sessile,short,side,similar,slightly,small,sometimes,somewhat,spaced,sparse,spreading,stalked,stellae,stellate-tomentose,straight,swollen,tall,tamen,tem,tip,tipped,tissue,tooth,ud,unarmed,upon,usually,variable,vary,varying,vein,vestiture,warty,widely,yello,ympodia,–5,–many	0.2-0.6,1-3,1.5-2.5,1.5-4,12-20,2-2.5,2-3,2-6,4-7.5,5.5-7.5,6-12,6-9,8-20,9.5-11.5,adhesion,arrangement,clavate,climate,colour,corolla,form,height,history,inflorescence,life,na,number,ovary,perennial,plant,position,presence,ray,reproduction,rugulose,seed,shape,size,staman,stipe,texture
154	wfo-0001026895	success	166	122	88	78	34	0.53	0.5-1.2,0.5-1.5,0.5-2,0.8-1,1-1.5,1-5,1.4-2.1,1.5-2,2-2.3,2-2.5,2-3,2/3,3-12,4.5-5,acute,along,anther,apex,apically,attenuate,base,broadly,brown,calyx,capitate,cm,conical,corolla,dark,deltoid,dendritic,denser,dia,drying,elliptic,flattened,glabrous,globose,green,hard,incrassate,internodal,lamina,leaf,lobe,lobed,margin,minutely,mm,mustard,narrowly,often,ovary,pale,pedicel,petiole,pitted,pointed,poricidal,pubescent,reddish,reniform,scattered,shape,shrub,shrublet,simple,size,small,sparsely,stem,stigma,style,surface,swollen,swollen-based,tan,tip,toothed,trichome,tube,uniseriate,vein,way,white,woody,x,yellow	.5,0-0.5,0.5-1,2.5-3.2,5-6,5-8-flowered,abaxial,adaxial,anthesi,apical,appearing,ba,bark,berry,borne,broad,campanulate,closely,contracted,deflexed,differing,difoliate,eaf,edicel,eed,ellipsoid,elongate,erect,filament,filiform,free,fruiting,geminat,glabrate,lateral,like,lon,long,long-exserted,lower,main,major,middle,minor,minute,nflorescence,obovate,older,overlappin,pair,papillo,pericarp,pore,portion,present,projection,reddish-brow,ruit,scar,shaped,shoot,short,side,somewhat,soon,spaced,tall,tear-drop,thin,tub,tuft,type,ud,unit,usually,widest,ympodial,young	0.5,adhesion,arrangement,blade,climate,colour,diameter,form,fruit,glandular,growth,hair,height,history,inflorescence,length,life,midpoint,na,number,peduncle,plant,position,presence,pubescence,ray,reddish-brown,reproduction,rugulose,seed,staman,stellate,stipe,texture
155	wfo-0001026905	success	204	124	92	112	32	0.451	0-2,0.15,0.3-0.4,0.4-1,0.5-0.7,0.5-1.5,0.6-0.7,0.75-1.1,0.9-1.3,1-2,1-2.5,1-3.7,1.9-2.5,1/2-3/4,1/3,2.5-2.9,2.5-3.5,3-5,3-8,6-8,7-8,abaxially,acute,anther,apex,apically,attenuate,base,berry,blade,calyx,chartaceous,cm,connivent,cream,dark,deltate,densely,diameter,dull,equal,flattened-reniform,fruit,glabrous,green,inflorescence,lateral,leaf,length,lobe,lobed,long,lower,margin,marking,maturity,mauve,midpoint,mm,moderately,oblong,orange,orange-brown,ovate,pale,pedicel,peduncle,petiole,poricidal,ray,red,rounded,shallowly,shrub,sometimes,sparsely,spherical,stellate,stellate-pubescent,stem,style,surface,tapering,tip,tube,upper,usually,way,white,wide,yellow,young	-1.5,-10,-2,-2/3,-3,-4,.2,.5,0,0-20,0-25,0.1,0.2-0.3,0.2-0.5,0.4,0.4-0.9,0.7-1.4,1,1-20,1-4,1-6,1/4,1/5-1/3,2-3,2/3-3/,5-6,5-merous,acuminat,alyx,ame,apar,apart,apparently,articulated,bark,branched,brow,c.,cell,curved,difoliate,discolorous,distance,drying,eaf,eed,elongating,erect,extending,eye,filament,flower,free,fruiting,geminat,gray-green,infructescence,longer,mature,midvein,naked,older,one,open,orolla,oung,outline,pair,pendulous,per,perfec,pericarp,pit,porrect,portion,prickl,prickle,prickly,primary,raised,reduced,ruit,scar,sessile,shorter,side,slender,small,smooth,somewhat,spaced,spreading,stalk,stalked,straight,subentire,tamen,terete,tertiary,time,trichome,unarmed,unit,variously,vary,vein,venation,visible,weakly,woody,yellow-green,ympodial	2/3-3/4,acuminate,adhesion,arrangement,climate,colour,corolla,form,glandular,growth,hair,height,history,life,na,number,ovary,perennial,plant,position,presence,present,pubescence,reproduction,rugulose,seed,shape,size,staman,stigma,stipe,texture
156	wfo-0001026923	success	177	115	85	92	30	0.48	0.25-0.5,0.5-1,0.6-0.8,0.8-1,1,1-1.5,1-7,10,2,2-6,3-5,4-18,5-10,5-15,5-9,abaxially,acuminate,acute,adaxially,anther,apex,base,black,blade,brown,calyx,chartaceous,cm,cuneate,deltate,densely,diameter,elliptic,elliptic-ovate,entire,equal,flattened,flower,fruit,glabrescent,glabrous,glandular,globose,green,hair,leaf,leaf-opposed,light,lobe,margin,midpoint,mm,moderately,oblong,orange,pedicel,peduncle,petiole,possibly,pubescence,pubescent,purple,ray,red,ripening,rounded,rugulose,shrub,simple,small,sometimes,sparsely,stellate,stem,stigma,strongly,style,surface,tip,tree,tube,white,x,yellow,yellowish	-5,.1-0.3,.5,0-5,0.5,1-3,1-4,1.5-2,1.5-4,2-2.5,2-3,20-50,3-4,4-5-,5-6,absent,accrescent,adaxiall,ag,apart,apparently,articulated,axe,ba,branched,capitat,center,connivent,covering,curved,cylindrical,denser,directed,distally,eaf,eed,eglandular,erect,filament,forked,frui,fruiting,fused,geminate,gland-tippe,held,intermediate,lanceolate,large,lateral,like,long,longitudinal,lower,many-foliate,midvein,much,multangulate,nearly,nflorescence,opening,orolla,paired,peltate,perfect,pore,rachi,relatively,ruit,scale,sessile,short,slightly,slit,smaller,somewhat,spaced,ste,straight,subtending,tal,tamen,tem,time,trichome,unit,uprigh,usually,vary,whitish,wide,ympodial	0.1-0.3,adhesion,arrangement,capitate,climate,colour,corolla,dense,form,gland-tipped,growth,height,history,inflorescence,length,life,na,number,ovary,plant,position,presence,reproduction,seed,shape,size,staman,stipe,texture,ye
157	wfo-0001026924	success	190	113	84	106	29	0.442	0-0.2,0-2.3,0.2-0.4,0.5-0.6,0.5-0.7,0.5-6,0.8-2.6,0.9-1.3,1-1.5,1-4,1.1-4.2,2-4,2.8-8.5,4.3-6.2,5-7,7-8,8-9,acute,adaxially,anther,apex,base,blade,brown,calyx,chartaceous,cm,connivent,cordate,cuneate,densely,diameter,drab,drying,eglandular,entire,extra-axillary,finally,fruit,glabrous,globose,green,grey,grey-green,herbaceous,inflorescence,lanceolate,length,light,lobe,lobed,long,margin,midpoint,minutely,mm,narrowly,obtuse,ovate,pale,pedicel,peduncle,petiole,present,purple,ray,resprouter,rostrate,rusty,shallowly,simple,stellate,stellate-pubescent,stem,stigma,style,surface,triangular,truncate,tube,undulate,x,yellow,yellowish	%,-4,0-1.5,0-2,0.05-0.1,0.05-0.2,0.1-0.3,0.4-0.5,0.5-0.8,0.5-1.5,0.7-1.1,0.7-1.2,0.8-1.2,1-6,10-13,17-40,2-,2-2.5,2-foliate,3,3-6,4-7,5,5-merou,6-8,7-10,abaxially,absen,absent,accrescent,acicular,across,adaxiall,alyx,apart,apparently,appearance,axe,capitat,curved,cylindrical,d.,directed,distall,distally,distributed,dult,eaf,eed,erect,finger,first,flower,fruiting,geminat,glabrou,gland-tipped,hair,half,lamina,lateral,less,longer,lower,markedly,mature,mid-poin,minute,nflorescence,oblique,orolla,part,per,perfect,pore,porrect,prickle,pseudo-racemose,rachi,raisin-like,ruit,short,slightly,spaced,sparsely,stage,stalk,stellae,straight,tal,tamen,thick,thicker,thicknes,throughout,time,unarme,unarmed,unbranched,unit,unknow,uvenile,vary,white,wide,ympodial	adhesion,arrangement,capitate,climate,colour,corolla,form,growth,height,history,leaf,life,na,number,ovary,perennial,plant,position,presence,pubescence,reproduction,rugulose,seed,shape,size,staman,stipe,texture,unknown
158	wfo-0001026925	success	215	121	91	124	30	0.423	.5,0.1,0.1-0.3,0.5-1.5,0.9-1.8,1-1.4,1-25,1-3.5,1.8-2,1/3,1/3-1/2,2.4-2.6,2.4-3,3-7,4-14,4-7,5-8,6-10,6-17,6-8,7-12,abaxially,acute,andromonoecious,anther,apex,attenuate,base,berry,blade,calyx,chartaceous,cm,connivent,cream,dark,deltate,diameter,elliptic,equal,erect,flattened-reniform,fruit,glabrescent,green,hair,lateral,leaf,length,lobe,lobed,long,lower,margin,marking,maturity,mauve,membranous,midpoint,mm,moderately,narrow-deltate,orange-brown,ovate,pale,pedicel,peduncle,petiole,plant,poricidal,ray,shrub,smooth,sparsely,spherical,stellate,stellate-pubescent,stem,style,surface,tapering,terminal,tip,tube,upper,way,white,wide,yellow,yellow-orange,young	-2,/6,0,0-10,0-20,0-5,0-7,0.1-0.2,0.2,0.5-4,0.7-1.8,00-200,1-1.3,1-3,1-4,1.5-2,1.5-2.5,1.5-4.5,1.8-2.5,1/4-2/3,1/6-1/3,2-4,2-5,2.5-6,2/,3-20,4-10,4-5,5-6,5-merous,5.5-10,acuminat,alyx,ame,apar,apart,apically,apparently,articulated,bark,branched,broad-deltate,brow,c.,concolorous,curved,distal,distance,drying,eaf,eed,elongating,extending,filament,flattened,flower,free,fruiting,gently,glabrous,green-brown,hermaphrodite,heterostylous,infructescence,lobing,long-styled,longer,lowermost,mature,midvein,minute,nflorescence,oblong,older,one,open,orolla,oung,pair,pendent,pendulous,per,pericarp,plurifoliat,porrect,portion,prickl,prickle,prickly,primary,rarely,red-brown,reduced,reflexed,rounded,ruit,scar,secondary,sessile,short-styled,side,simple,sometimes,spaced,spreading,stalk,stalked,staminat,stout,straight,tamen,terete,tertiary,time,translucent,trichome,unarmed,unit,vary,vein,venation,visible,woody,ympodial	2/3,adhesion,arrangement,climate,colour,corolla,form,glandular,growth,height,history,inflorescence,life,na,number,ovary,perennial,position,presence,present,pubescence,reproduction,rugulose,seed,shape,size,staman,stigma,stipe,texture
159	wfo-0001026946	success	205	104	79	126	25	0.385	0.5-2,1-2,1-4,1.5-2,1.6-3.7,10-39,12-23,2-15,2.5-10.5,3.5-10,5-7,6-24,8-15,abaxially,acute,adaxially,anther,attenuate,axillary,brownish,bud,chartaceous,clavate,cm,condition,corolla,creamy,deeply,densely,diameter,drying,elliptic,fresh,fruit,glabrous,globose,green,greenish,hair,herb,lanceolate,like,lobe,long,membranous,minutely,mm,mottled,odd-pinnate,ovate,ovoid,pedicel,peduncle,pentagonal,petiole,plant,puberulent,pubescent,pure,purple,ripe,seed,short,short-pubescent,size,slightly,stellate,stem,stigma,streak,style,subtending,terminal,tube,white,whitish,x,yellow,yellow-white	0-20,0-5,0.9-3.5,0.9-4.3,1,1-10,2,2-5,2.7-9,3-20,3-5,3-6,4-7,4.1-9.4,5-merou,8-25,acumen,acuminate,ag,along,alyx,apart,apex,apparently,articulation,axe,base,berry,blade,borne,broadly,capitat,cell,ciliate,connivent,covering,digestion,distal,dorsally,dot,eaf,edge,eed,end,enzyme,erec,especially,exceeding,except,extremely,filament,flat,flower,folded,forked,geminat,generally,glabrou,greatly,green-white,hair-like,half,homostylous,honeycomb-shaped,interjected,lateral,leaflet,lengthening,living,lower,make,margin,midrib,mucilaginous,narrowly,nflorescence,oblique,often,orbicular,orolla,pair,perfect,petiolulate,petiolule,plurifoliate,pore,poricidal,proximal,pubescen,reduced,removed,rounded,ruit,scattered,sessile,seudostipule,singly,slit,spaced,specimen,stamen,ste,stolo,straight,subequal,tall,tamen,tem,testal,thick,thir,throughout,tip,tri-,truncate,tuber,typically,unit,unwinged,usually,variable,vary,wall,wet,wing,ympodial	adhesion,arrangement,calyx,capitate,colour,form,growth,height,hermaphroditic,history,inflorescence,leaf,length,life,na,ovary,perennial,position,pubescence,reproduction,rugulose,shape,staman,surface,texture
160	wfo-0001026962	success	205	127	95	110	32	0.463	.05,0.3-0.7,0.5-1,1,1-1.2,1-1.5,1-3,1-6,1.5-17,1.5-2,1.5-5,10-12,15-22,2-2.5,2-6,2/3-3/4,3-3.5,4-5,6-7,abaxially,acute,adaxially,anther,apex,articulated,base,blade,broadly,calyx,chartaceous,closely,cm,connivent,corolla,deltate,densely,diameter,difoliate,dry,elliptic,entire,evenly,flattened-reniform,flower,fruit,glabrous,globose,green,inflorescence,internodal,leaf,lobe,lobed,margin,material,mm,narrowly,obconic,oblong,occasionally,often,opposite,overlapping,packed,pale,pedicel,peduncle,petiole,pubescent,purplish,rounded,sagittate,shrub,size,slightly,small,sometimes,somewhat,stellate,stem,stigma,style,surface,tinged,tip,tree,triangular,tube,unifoliate,way,white,woody,x,yellow,yellowish	.5,0,0.5,0.5-0.8,0.5-1.5,0.8-1,1-2,1-4.5,1.5-3,10-20,2-5,3-6,9-12,9-17,abrupt,abruptly,accrescent,ag,alyx,anthesi,apparently,appearing,arising,axe,bark,basebud,becoming,beneath,brittle,bud,capitat,cell,composed,constricted,cucullat,cylindrical,darker,deflexed,denser,differing,dimorphic,eaf,eed,elongate,except,exerted,filament,free,fruiting,geminat,glabrate,glabrou,ilament,incrassate,later,lateral,like,long,longitudinal,main,major,minor,minutely,nflorescence,obovoid,older,one,opening,orolla,oung,outline,ovate-lanceolate,pair,papillose,paten,pendent,perfect,pitted,pore,portion,prominent,pubescen,rachi,raised,reflexed,remaining,rest,rounder,ruit,shaped,simple,slender,slit,soon,straight,tal,tapering,tear-drop,tooth,trichome,trunk,unarmed,unbranched,uniseriate,unit,vary,vein,whit,ympodial,young	adhesion,arrangement,capitate,climate,colour,form,geminate,glandular,growth,hair,height,history,length,life,midpoint,na,number,ovary,perennial,plant,position,presence,pubescence,ray,reproduction,rugulose,seed,shape,staman,stipe,texture,ye
161	wfo-0001026963	success	151	98	68	83	30	0.45	0.2-0.6,0.8-3,1-1.5,1.2-1.5,1.5-4.5,1.5-6,2-2.5,2-4.5,3-5,6-7,abaxially,abruptly,acute,anther,apex,apical,base,c.,calyx,capitate,cm,conical,coriaceous,corolla,cup-shaped,diameter,elliptic,elongate,flower,glabrous,growth,herb,heterostylous,inflorescence,internodal,lobe,lobed,long-styled,long-triangular,margin,membranous,midpoint,minute,mm,ovary,ovate,pedicel,peduncle,petiole,pubescent,ray,shallowly,simple,sparsely,stellate,stem,stigma,style,subshrub,surface,tapering,tooth,truncate,tube,way,white,x,yellowish	-5,.4,.5,0.5,0.5-0.6,1-2,1.1-1.4,3-5-rayed,4,4-5,5-6,<,absent,acicular,anthesi,armed,articulated,bark,brow,closely,clustered,creeping,curved,dark,deep,densely,eaf,eed,ellipsoid,elongating,filament,free,included,inflorescenc,know,known,like,long,lower,markedly,mature,minutely,new,nflorescence,nodding,node,oblique,older,outline,pair,papillo,per,plurifoliat,pore,poricidal,porrect,portion,prickle,prickly,primary,prominent,reddish,reflexed,rooting,rootstock,ruit,scar,scattered,sessile,short-styled,side,slit,small,sometimes,spaced,tip,trichome,ud,unarmed,unit,vein,woody,ympodial	adhesion,arrangement,blade,climate,colour,form,fruit,glandular,hair,height,history,leaf,length,life,na,number,perennial,plant,position,presence,present,pubescence,reproduction,rugulose,seed,shape,size,staman,stipe,texture
162	wfo-0001026964	success	128	104	67	61	37	0.523	.2,.5,0,0.5,0.5-1,10,10-30,2-2.5,3-5,7-8,acuminate,acute,along,anther,apex,attenuate,axillary,base,calyx,cm,conical,conspicuously,corolla,diameter,elliptic,filiform,glabrous,green,greenish,herb,horizontal,lenticellate,lightly,lobe,lobed,long,margin,minutely,mm,nearly,obovate,ovary,papillate,pedicel,petiole,pinnate,poricidal,pubescent,purple,rugose,shape,simple,size,slender,smooth,somewhat,sparsely,stigma,style,surface,tip,trichome,tube,uniseriate,winged,x,yellow	1-1.2,1-2.5,2-4,3.5-7,4.5-8.5,?,anthesi,basal,beak,bearing,berry,capitat,differentiated,distinct,eaf,edicel,equal,erec,exserted,filament,fleshy,flower,free,fruiting,glabrou,globose,immature,known,lateral,leaflet,line,long-attenuate,lower,nflorescence,noddin,often,one,onto,open,ot,pair,petiolule,portion,primary,purpli,rachi,reflexed,ruit,scar,side,small,tal,tem,terminal,time,tub,ud,unifoliat,unit,vein,ympodial	adhesion,arrangement,blade,capitate,climate,colour,form,fruit,glandular,growth,hair,height,history,inflorescence,leaf,length,life,midpoint,na,nodding,number,peduncle,perennial,plant,position,presence,pubescence,purplish,ray,reproduction,rugulose,seed,staman,stellate,stem,stipe,texture
163	wfo-0001026965	invalid_json_followup	157	120	76	81	44	0.484	-2.5,.6,0.5-,0.6-2,0.7-1,0.7-1.5,0.8-1.25,1.1-1.65,1.3-2,1.5-2,1.5-4,1.7-2,1.9-2.4,2.5-4,2/3,abundant,acute,anther,antrorse,apex,basal,base,broadly,calyx,campanulate,capitate,cm,cuneate-attenuate,diameter,ellipsoidal,elliptic,elliptical,flexuose,glabrous,glandular,globose,herb,herbaceous,lobe,longitudinally,margin,mm,narrowly,non-glandular,obovate,opposite,ovate,pale,papillae,petiole,pinnatifid,pinnatipartite,procumbent,prostrate,pubescent,ridged,rounded,seed,short,simple,stem,stigma,striate,style,subglobose,surface,trans-ovoidal,trichome,tube,unequal,uniseriate,violet,white,winged,x,yellow	.3,.5,0.2,0.4,0.5-1.5,0.6-1.1,0.7-1.1,25,3-,3-4,3.5-6.2,3.5-9,5-15,6.4-12,8-17,abaxially,accrescent,adaxially,ag,appressed,articulated,berry,c.,coat,coiled,connectival,covering,cylindrical,difoliat,dorsal,eaf,eed,eglandular,embryo,evident,exserted,filament,fruiting,hig,latitudinally,long,longer,longitudinal,lower,mixed,multi-seeded,noticeable,opening,orolla,outer,ovat,pair,papery-scarious,papillose,partially,pore,poricidal,portion,prolongation,ree,reticulate,ruit,segment,similar,slightly,slit,small,smooth,straight,strongly,styl,tem,time,tip,tuberculate,unifoliate,unit,vary,venation,wider,ympodial	'',3-15,[,``,adhesion,arrangement,blade,characteristic,climate,colour,corolla,form,fruit,growth,hair,height,history,inflorescence,leaf,length,life,midpoint,na,number,ovary,pedicel,peduncle,perennial,plant,position,presence,pubescence,ray,reproduction,rugulose,shape,size,staman,stellate,stipe,texture,value,{,}
164	wfo-0001026981	success	252	114	85	167	29	0.337	-0.8,-35,0.05-0.1,0.3-0.5,0.4-0.5,0.5,0.5-30,0.6-1.4,0.6-2,0.8-1.2,1-3.3,1.5-2.0,1.5-8.5,1.8-2.8,3.5-14,4,6-10,7.5,<,abaxially,adaxially,anther,apex,asymmetric,base,brown,calyx,capitate,cm,conical,cordate,corolla,densely,diameter,entire,fruit,glabrescent,glandular,globose,green,herb,imparipinnate,interrupted,irregularly,leaf,linear,lobe,lobed,long,margin,maturity,minutely,mm,multicellular,obovate,orange,orbicular,ovary,ovate,pale,pedicel,peduncle,pentagonal,perennial,petiole,plant,present,pubescence,pubescent,rounded,sparsely,stem,stigma,style,surface,thick,trichome,tube,uni-,uniseriate,variously,velvety,villous,wide,yellow	-0.4,-14,-2,-2.5,-4,-8,.2,.2-0.2,0-5,0.1-0.2,0.1-0.3,0.15-0.2,0.2,0.2-0.4,0.2-2,0.25-0.4,0.3.6,0.4-0.7,0.4-2,0.45-1.3,0.5-0.3,0.7-0.8,0.8-6,0.9-1.4,0.9-1.5,1,1-2,1-2-cellular,1-3,1-3-celled,1-4,1.5-5,1/3,11,196.,2-3,2-3-branched,2-locular,3-foliate,4-8,4-celled,absen,absent,abundant,academy,accrescent,acute,adpressed,along,amongst,angled,anthesi,apical,appearance,appendage,appressed,articulated,articulation,axi,basiscopically,bay,beak,becoming,bract,bracteole-like,cell,citrus-like,coastal,column,composed,cone,d,dark,deltate,distal,eaf,ebracteate,edicel,eed,erect,exserted,filament,flower,fruiting,giving,gree,hair-like,half,halfway,head,included,initially,interjected,internode,jointles,larger,later,lateral,leaflet,less,like,lime,lon,lower,mainly,mixed,much,narrowly,nflorescence,occasionally,outgrowth,pair,patent,per,petiolule,population,primary,procumbent,pronounced,proximal,pseudostipule,rachi,reflexed,rick,robust,ruit,scen,secondary,see,sessile,several,shaggy,shaped,short,shorter,silky,simple,slender,smaller,sometimes,sparser,specimen,spreadin,staminal,sterile,straight,strong,tangled,tem,terminal,tertiary,testa,tightly,transparent,tub,type,unicellular,unit,upto,usually,viny,wall,winged,without,ympodial,‘,’	0.3-0.6,adhesion,arrangement,blade,climate,colour,form,growth,hair,height,history,inflorescence,length,life,midpoint,na,number,position,presence,ray,reproduction,rugulose,seed,shape,size,staman,stellate,stipe,texture
165	wfo-0001026987	success	214	121	95	119	26	0.444	0-1,0.2-0.4,0.2-0.5,0.4-0.7,0.4-1,0.5-0.7,0.5-1,0.5-2,0.7-0.8,0.7-1.5,1-2,1-3,1-4,1.1-6,1.5-2,2.5-11,3.5-3.8,3.5-5,4-6,5-10,5.5-7,7-10,absent,acute,adaxially,anther,apex,base,bent,blade,calyx,chartaceous,cm,connivent,cordate,cuneate,deltate,densely,diameter,entire,extra-axillary,fruit,glabrous,glandular,glandular-hairy,globose,grey,hair,hastate,inflorescence,lanceolate,lateral,leaf,length,lilac,lobe,lobed,long,loosely,margin,midpoint,mm,obtuse,often,ovate,pale,pedicel,peduncle,perennial,petiole,present,purple,ray,red,rhizomatous,shallowly,shrub,simple,sparsely,stellate,stellate-pubescent,stigma,style,summit,thick,thin,throughout,time,toward,triangular,tube,twisted,white,x,yellow	%,0-0.1,0-0.2,0-10,0-4,0.05-0.1,0.2-1,0.25-0.4,0.4-0.5,0.5-2.5,0.7-1,1-11,1.1-2.6,1.4-3,15-35,2-5,2-7,2.5-6.5,4-7,4.5-6,5-8,5-merou,6-20,8-10,8-11.5,8-12,8-13,abaxially,absen,abundant,accrescent,across,adaxiall,adult,alyx,apart,articulated,ascending,axe,ba,basal,berry,branch,branche,broad-based,capitat,curved,cylindrical,decimetre,deflexed,directed,distall,distributed,dm,eaf,eed,eglandular,erect,filament,finger,flower,fruiting,gland-tipped,green,half,homostylous,interpetalar,juicy,juvenile,lacking,lamina,less,longer,lower,mature,mesocarp,mid-point,minute,narrowly,nflorescence,oblique,orolla,pair,part,per,perfect,pore,porrect,prickle,rachi,ruit,scarcely,sessile,shallowly-lobed,short,slightly,spaced,sparse,stalk,stellae,straight,succulen,surface,tal,tamen,tem,thickened,tissue,unarme,unarmed,unbranched,unit,unknow,upper,upward,vary,wide,yellowish,ympodial	adhesion,arrangement,capitate,climate,colour,corolla,form,growth,height,history,life,na,number,ovary,plant,position,presence,pubescence,reproduction,seed,shape,size,staman,stem,stipe,texture
166	wfo-0001026992	success	243	128	98	145	30	0.403	0.2-0.5,0.25-0.45,0.5-1.2,0.8-3.4,1-4,1.2-1.4,1.2-1.7,1.3-2.6,1.3-4.3,1.4-1.9,1.7-1.9,1.7-2.4,1.7-4.3,12-33,2-10,2.8-4.7,3-4,5-15,5.3-12.1,6-10,8,8-14,abaxial,abaxially,abruptly,acuminate,acute,adaxially,anther,apex,attenuate,base,blade,blunt-tipped,broadly,brown,calyx,chartaceous,cm,corolla,dark,deltoid,diameter,drying,elliptic,entire,flower,fruit,globose,granular-tomentose,greenish,hair,homostylous,inserted,lance-ovate,lanceolate,leaf,length,lobe,margin,mm,moderately,orange-tan,ovate,pedicel,peduncle,petiole,plant,pubescence,pubescent,reniform,reticulate-punctate,ripe,scabridulous-,short,shrub,simple,size,small,sometimes,stellate,stem,stigma,style,subcampanulate,surface,tan,terminal,tomentose,tree,tube,velutinous,violet,white,whitish,x,yellow,yellowish	-2.5,/7,0.6-1.5,00-170,1.4-1.6,1.5-3.4,1/2,10-12,2-5.6,2.3-3.3,2.6-4.6,2.8-4.6,3.3-5.5,3.3-5.6,4-8,5-merou,8-11,accrescent,adaxiall,ag,along,alyx,angled,anthesi,apart,apparently,appressed,approximately,around,articulated,axe,axillary,ba,bark,berry,branch,branched,capitat,completely,coriaceous,covering,crown,cylindrical,densely,directed,distally,eaf,echinoi,echinoid,edge,eed,enveloping,equal,evident,exserted,farinose,filament,flat-topped,fleshy,forming,free,fruiting,geminate,glabrescen,glabrous,grooved,high,immature,lacking,lateral,lengthening,less,line,lobed,long,long-stalked,longitudinal,longitudinally,lower,m.,main,many,mature,maturity,midrib,minute,mostly,multangulate,nearly,nflorescence,oblong,obtuse,occasional,occasionally,often,older,orolla,ovate-lanceolate,overlapping,perfect,plurifoliate,pore,poricidal,porrect-stellate,rachi,rare,rather,ruit,runk,semi-ovate,sessile,short-,short-stalked,shorter,side,slit,somewhat,spaced,sparingly,split,spreading,stalked,stamen,stout-stalked,subglobose,suture,tamen,terete,thin-textured,time,tip,ud,unarme,unarmed,unequal,unit,usually,vary,vein,way,weakly,wide,ympodial,young,½	5-merous,adhesion,arrangement,capitate,climate,colour,form,glabrescent,glandular,growth,height,history,inflorescence,life,midpoint,na,number,ovary,perennial,position,presence,ray,reproduction,rugulose,seed,shape,sparing,staman,stipe,texture
167	wfo-0001026994	success	266	124	95	171	29	0.357	-10,-20,-30,.5,0.05-0.1,0.5-0.6,0.5-0.7,0.5-0.8,0.5-2,1,1-1.4,1-1.5,1-1.6,1.2-1.6,2-,2-2.6,2.2-3.2,2.5-6.5,4,4-15,5-,6-20,7-13,8-12,abaxially,acuminate,acute,anther,apex,basal,base,bright,broadly,brown,calyx,capitate,cm,corolla,crenate,dark,deeply,densely,diameter,elliptic,fruit,glabrous,glandular,globose,grayish,green,greenish,half,herb,imparipinnate,inflorescence,interrupted,irregularly,lanceolate,leaf,lobe,lobed,locule,long,margin,minutely,mm,moderately,narrowly,obovate,ovary,pedicel,peduncle,perennial,petiole,puberulent,pubescent,purple,ripe,rotate-stellate,simple,size,sparsely,stem,stigma,stripe,style,surface,thick,trichome,tube,uniseriate,velvety,white,wide,yellow	-0.7,-foliate,.2,0.05-0.2,0.1,0.1-0.2,0.1-0.3,0.15-0.2,0.2-0.4,0.2-0.5,0.25,0.3-0.4,0.4-0.5,0.4-1.2,0.5,0.5-0.9,0.5-1.2,0.5-1.3,0.7-2.5,0.9-1.2,0.9-1.3,1-1.2,1-2,1.2-3.5,1.4-2.1,10-20,12-,2,2-4,2-5-locular,20-50,3,3-branched,4-celled,5,5-7,8,absent,abundant,acroscopically,additional,adpressed,along,also,amongst,andscattered,anthesi,apical,apically,appearance,appendage,articulate,articulation,basally,basiscopically,becoming,beneath,bent,berry,bifurcate,bifurcation,bract,bracteate,branched,broader,cell,celled,column,conical,crenat,crowded,darker,decreasing,decumbent,decurrent,developed,distal,eaf,ebracteate,edicel,eed,eglandular,erect,especially,essentially,exserted,fewer,filament,flower,fruiting,giving,gree,habitat,hair-like,hal,halfway,head,interjected,internode,investing,lamina,large,larger,largest,lateral,leaflet,leave,less,like,lon,loosely,lower,markedly,medial,midvein,much,narrower,narrowing,nearly,nflorescence,node,oblique,occasionally,often,outgrowth,pair,paler,papillate,petiolule,present,primary,pseudostipule,rachi,rarely,reflexed,regularly,robust,rocky,secondary,sessile,set,shaggy,short,silky,sinus,slightly,sometimes,specimen,spreadin,spreading,staminal,sterile,straight,tall,tem,terminal,tertiary,testa,tip,toward,ud,unicellular,unit,usually,wall,weak-walled,well,winged,woody,ympodial,young	adhesion,arrangement,blade,climate,colour,decurred,form,growth,hair,height,history,length,life,midpoint,na,number,plant,position,presence,pubescence,ray,reproduction,rugulose,seed,shape,staman,stellate,stipe,texture
168	wfo-0001026996	success	188	112	82	106	30	0.436	0-6,0.6-1,1-2,1-3,1-4,1.2-1.8,1.8-4.4,15-28,2-3,3-10,3-5,3.3-6,3.8-14.1,4-4.4,4-8,4.5-10.5,5-8,6-8,6.9-10.9,8.7-18.6,abaxially,acumen,adaxially,anther,apart,axillary,blue,brownish,bud,clavate,cm,condition,coriaceous,corolla,dark,deep,diameter,drying,elliptic,fresh,fruit,glabrous,globose,green,greenish,herb,interjected,lanceolate,leaf,leaflet,lengthening,lilac,lobe,medium,mm,mottled,mucilaginous,odd-pinnate,ovate,ovoid,pair,pedicel,peduncle,pentagonal,petiole,plant,pore,purple,rotate,seed,size,slit,stigma,stripe,style,subtending,terminal,tube,white,whitish,x,yellow	0.9-2.7,1-5,1.3-7.7,14-33,3-7,5-merou,abaxiall,acuminate,acute,ag,along,alyx,apex,apparently,arranged,articulated,asymmetric,attenuate,axe,base,basiscopic,bead,berry,blade,capitat,cell,connivent,considerably,covering,decreasing,digestion,distal,dorsally,eaf,edge,eed,enzyme,erec,exceeding,filament,flat,flower,folded,forked,geminat,generally,glabrou,green-white,hair-like,half,homostylous,honeycomb-shaped,larger,lateral,like,linear,living,long,lower,make,middl,moniliform,multiple,necklace,nflorescence,orbicular,orolla,perfect,petiolulate,plurifoliate,poricidal,removed,ripe,rounded,ruit,sessile,seudostipule,side,slightly,sometimes,spaced,specimen,stamen,stolon,straight,subglabrou,symmetric,tall,tamen,tem,testal,thick,throughout,tip,tissue,toward,tri-,tuber,typically,unit,unwinged,usually,vary,wall,wet,ympodial	adhesion,age,arrangement,calyx,capitate,colour,form,growth,height,history,inflorescence,length,life,na,number,ovary,perennial,position,pseudostipule,pubescence,reproduction,rugulose,shape,spacing,staman,stem,subglabrous,surface,texture,ye
169	wfo-0001027009	success	226	116	89	137	27	0.394	0-0.2,0-0.3,0.4-1,0.7-1,0.7-1.3,0.8-1.3,0.8-2.1,1.4-4,2-3,2.3-3,3-3.5,3-5,3.3-3.6,4-6.5,4-9.5,5-23,6-9,6.5-11,7-12.5,7-8,absent,acute,adaxially,andromonoecious,anther,apex,attenuate,base,black,blade,brown,calyx,capitate,chartaceous,cm,connivent,cuneate,deeply,densely,diameter,elliptical,erect,extra-axillary,fruit,glabrous,glandular,globose,green,grey,grey-green,hair,inflorescence,lanceolate,length,lobe,lobed,margin,midpoint,mm,obtuse,ovate,pale,pedicel,peduncle,perennial,petiole,plant,present,purple,ray,rhizomatous,ripe,rotate,shallowly,shrub,simple,slightly,stellate-pubescent,stem,stigma,strongly,style,surface,throughout,tube,white,x,yellow,yellowish-green	%,0-0.5,0-1.2,0-1.5,0-15,0-5,0-8,0.1-0.2,0.15-0.3,0.5-2,0.7-0.9,0.8-1.2,1-1.5,1-1.8,1-2,1-2.5,1-3,1-5,1-9,1.3-2.2,1.6-3.5,10-15,10-20,2-4,2-6,2-foliate,20-30,23-48,3-10,35-400,40-125,5,5-7,5-merous,6-8,7-11,abaxially,abundant,accrescent,acicular,adaxiall,alyx,apart,armed,articulated,ascending,axe,ba,basal,bilobe,bisexual,broad-based,broadly,curved,cylindrical,d.,deflexed,deltate,dimorphic,directed,distal,distall,distributed,dult,eaf,eed,eglandular,entire,filament,finger,flower,fruiting,functional,geminate,gland-tipped,half,heterostylous,incised,index,interpetalar,juic,lamina,larger,lateral,lobing,lon,long,longer,lower,male,markedly,mature,mesocarp,midvein,minute,minutely,moist,nflorescence,oblique,orolla,part,per,pore,porrect,presen,prickle,pricklie,probably,pseudo-racemose,rarely,reticulate,ridged,ruit,short,side,spaced,stage,stalk,stellae,straight,tal,tamen,terete,thick,time,tip,tissue,unarmed,unbranched,unit,unknow,uvenile,vary,vein,wide,yellowish,ympodial	adhesion,arrangement,bilobed,climate,colour,corolla,form,growth,height,history,leaf,life,na,number,ovary,position,presence,pubescence,reproduction,rugulose,seed,shape,size,staman,stellate,stipe,texture
170	wfo-0001027010	success	198	111	78	120	33	0.394	0.4-5.1,0.5-1.5,1.2-1.7,1.2-1.9,14-46,2.1-4.3,2.2-12.9,3-10,3-6,3-8,4-12,4-8,4.4-29,4.9-31,5-14,abaxially,acuminate,acute,adaxially,anther,apex,attenuate,axillary,base,blade,brownish,bud,clavate,cm,condition,coriaceous,corolla,deep,diameter,drying,elliptic,fresh,fruit,glabrescent,glabrous,green,greenish,hair,herb,lanceolate,leaf,light,lobe,long,mm,occasionally,odd-pinnate,ovate,ovoid,pedicel,peduncle,pentagonal,petiole,plant,purple,ripe,rotate,scabrous,seed,short,size,stigma,stripe,style,subtending,terminal,tube,usually,white,whitish,wide,x,yellow	0-2,0-2.5,0-3,1-10,1-2,1-4,1-7,1.4-6.9,10-60,2-6,2-9.4,2.1-15.3,3-5,3.5-13.6,5-13,5-merou,acumen,adaxiall,ag,along,alyx,apart,apparently,arranged,articulated,asymmetric,axe,basiscopic,bead,capitat,cell,coloration,connivent,covering,decreasing,digestion,distal,dorsally,eaf,edge,eed,enzyme,erec,exceeding,filament,flat,flower,folded,forked,geminat,generally,glabrescen,glabrou,green-white,hair-like,hal,half,high,homostylous,honeycomb-shaped,interjected,larger,lateral,leaflet,lengthening,like,living,lower,make,moniliform,mucilaginous,multiple,narrow,necklace,nflorescence,orbicular,orolla,pair,perfect,petiolulate,plurifoliate,pore,poricidal,present,removed,rounded,ruit,scabrou,sessile,seudostipule,side,slightly,slit,sometimes,spaced,specimen,spot,stamen,stolon,straight,subequal,tall,tamen,tem,testal,thick,throughout,tip,tissue,toward,tri-,tuber,typically,unit,vary,wall,wet,wing,winged,ympodial	adhesion,arrangement,calyx,capitate,climate,colour,form,glandular,growth,height,history,inflorescence,length,life,margin,midpoint,na,number,ovary,perennial,position,presence,pubescence,ray,reproduction,rugulose,shape,staman,stellate,stem,stipe,surface,texture
171	wfo-0001027019	success	142	108	73	69	35	0.514	0.5-1,1-1.5,1-2,1.5-2,1.5-3,10,12-30,2-3,2-8,4-5,7-14,abaxially,acute,adaxially,along,anther,apex,attenuate,base,branched,bright,calyx,capitate,cm,corolla,cyathiform,deltoid,densely,dia,flattened,glabrous,globose,golden,green,inflorescence,leaf,like,live,lobe,lobed,long,midrib,minutely,mm,obovate,opposite,ovary,ovoid-reniform,pale,papillose,pedicel,petiole,pitted,plant,poricidal,pubescent,shrub,small,somewhat,sparsely,stem,stigma,strongly,style,surface,tan,tip,tree,trichome,tube,white,winged,x	.5,/4,0-0.5,1/2,10-40-flowered,2-5,4-8.5,abaxial,abruptly,anthesi,apparent,ba,bark,berry,constriction,deflexed,difoliate,distal,eaf,edicel,eed,ellipsoid,elliptic,erect,even,exserted,filament,fleshy,free,fruiting,geminat,glabrate,inflorescenc,largely,later,lon,lower,major,minor,narrowed,nflorescence,older,onto,overlapping,papillo,planar,pore,portion,reddish-brow,rest,ruit,scar,shaped,spaced,straight,tall,tapering,tear-drop,third,tub,ud,unit,waxy,way,widest,wing,woody,ympodial,young	adhesion,arrangement,blade,climate,colour,diameter,form,fruit,glandular,growth,hair,height,history,length,life,margin,midpoint,na,number,peduncle,perennial,position,presence,pubescence,ray,reddish-brown,reproduction,rugulose,seed,shape,size,staman,stellate,stipe,texture
172	wfo-0001027030	success	234	113	82	152	31	0.35	0.05-0.1,0.4-0.5,0.5,0.5-0.7,0.6-0.7,0.6-0.8,0.7-1,0.8-0.9,1,1-1.3,1-3,1.2-1.6,1.6-2,2-6,2.2-3.2,5-12,acute,anther,apex,base,basiscopically,branched,bright,brown,calyx,capitate,cm,corolla,crenate,decurrent,deeply,densely,diameter,elliptic,entire,fruit,glandular,globose,grayish,green,herb,imparipinnate,inflorescence,interrupted,lanceolate,like,lobe,long,margin,minutely,mm,narrowly,oblique,obovate,ovary,pale,papillate,pedicel,peduncle,perennial,petiole,present,pubescence,pubescent,rotate-stellate,simple,size,soft,sometimes,sparsely,stem,stigma,style,surface,tall,thick,truncate,tube,velvety,white,wide,yellow	-11,-15,.2,.5,0-4,0.1-0.7,0.1-0.9,0.15-0.2,0.2,0.2-0.3,0.2-1,0.3-,0.3-0.5,0.3-0.7,0.4-0.8,0.4-1.5,0.5-,0.5-0.8,0.5-1,0.6-1.8,0.8-1,0.9-1.1,1-,1-1.2,1-3.4,1.5-,2-,2-3,2-4,2-4.8,2-7,2-foliate,2-locular,3-4-celled,3-8,3-9,4-celled,8-celled,abaxial,abaxially,absent,abundant,acuminate,adaxially,adpressed,angled,anthesi,apical,appearance,appendage,articulated,articulation,axi,basal,beneath,berry,beyond,bract,cell,column,conical,crenat,crenation,dark,darker,deeper,denser,diamete,distal,due,eaf,edicel,eed,eglandular,evenly,exserted,extremely,filament,flower,fruiting,giving,gland,gree,growt,hair-like,hal,half,halfway,interjected,internode,interspersed,investing,irregularly,lamina,larger,lateral,leaflet,less,lon,longer,loosely,lower,multicellular,near,nflorescence,node,occasionally,often,outgrowth,pair,paler,petiolule,primary,pseudostipule,reflexed,robust,ruit,secondary,sessile,silky,similar,slender,slightly,small,smaller,somewhat,spread,spreadin,spreading,staminal,sterile,straight,stripe,tem,terminal,tertiary,testa,tiny,trailing,trichome,ud,unicellular,uniseriate,unit,usually,vein,wall,weak,winged,woody,ympodial,young	1-4,2-9,adhesion,arrangement,blade,climate,colour,dioecious,form,growth,hair,height,history,leaf,length,life,midpoint,na,number,plant,position,presence,ray,reproduction,rugulose,seed,shape,staman,stellate,stipe,texture
173	wfo-0001027035	success	199	125	100	99	25	0.503	0-36,0.1-0.9,0.3-2.3,0.4-12.8,0.5-3.4,0.5-7,0.9-3.1,1-3,1-3.4,1.5-5.9,1.8-5.2,10-80,2-7,2.8-10.3,3-10,4-18.5,4.9-23.5,abaxially,acuminate,acute,adaxially,anther,apex,articulated,asymmetric,attenuate,axillary,base,basiscopic,blue,brownish,bud,clavate,cm,completely,condition,corolla,deep,diameter,distal,drying,elliptic,fresh,fruit,glabrescent,glabrous,globose,green,greenish,hair,half,herb,high,interjected,lanceolate,leaf,leaflet,light,lilac,lobe,long,medium,mm,moniliform,odd-pinnate,orbicular,ovate,ovoid,pair,pedicel,peduncle,pentagonal,petiole,petiolulate,plant,purple,ripe,rotate,rounded,seed,sessile,shape,short,side,size,sometimes,stigma,stripe,style,subtending,terminal,tissue,tube,tuber,usually,white,whitish,wide,x,yellow	0-7,0.5-5,0.8-3,0.8-4.2,1-2,1-8,1.7-8,2-38,3-5,4-18,5-merou,acumen,adaxiall,ag,along,alyx,apart,apparently,arranged,axe,bead,blade,capitat,cell,coloration,connivent,covering,decreasing,digestion,dorsally,eaf,edge,eed,enzyme,erec,exceeding,filament,flat,flower,folded,forked,geminat,generally,glabrescen,glabrou,green-white,hair-like,hal,homostylous,honeycomb,larger,lateral,lengthening,like,living,lower,make,mucilaginous,multiple,necklace,nflorescence,orolla,perfect,plurifoliate,pore,poricidal,present,removed,ruit,second,seudostipule,shaped,slightly,slit,smaller,spaced,specimen,stamen,stolon,straight,subequal,subglabrous,tall,tamen,tem,testal,thick,throughout,tip,toward,tri-,typically,unit,unwinged,variable,vary,wall,wet,ympodial	adhesion,arrangement,asymmetry,calyx,capitate,colour,form,growth,height,history,inflorescence,length,life,na,number,ovary,perennial,position,pubescence,reproduction,rugulose,staman,stem,surface,texture
174	wfo-0001027050	success	244	130	102	142	28	0.418	-12,-9,/3,0.1-0.3,0.1-3,0.2-1,0.3-1.5,0.5-3,1-1.5,1.5-6,10-13.5,2-2.5,2-5,2-8,2.5-3,3-5,4-20,4-8,5-10,5-9,6-8,8-26,acuminate,acute,anther,apex,base,blade,broadly,brown,calyx,capitate,chartaceous,cm,coarsely,conical,cordate,cuneate,densely,diameter,elliptic,entire,equal,erect,ferruginous,flattened-reniform,fruit,glabrous,glandular-puberulent,green,growth,hair,inflorescence,lanceolate,lateral,leaf,leaf-opposed,length,lobe,lobed,long,margin,midpoint,minutely,mm,moderately,narrowly,obtuse,ovate,pale,pedicel,peduncle,pericarp,petiole,plant,present,pubescent,ray,ripe,rounded,shallowly,shiny,shrub,small,sparsely,spherical,stellate,stellate-pubescent,stem,stigma,style,surface,toothed,tree,triangular,truncate,tube,way,white,wide,yellow,yellowish-green	.2,.5,0-0.2,0-3,0.2-0.5,0.8,0.9-2.1,1,1-2,1.5-2,12-15,15-50+,2-3,2-4,5,5-6,5-7,5-merous,50,7-30+,abaxial,abaxially,absen,absent,abundant,adaxial,adaxiall,adult,alyx,andromonoeciou,apar,arme,articulated,axe,bark,basal,berry,branch,branched,broad,broad-based,brow,closely,connivent,curved,deeply,difoliate,directed,distal,distall,distally,drying,eaf,eed,eglandular,erec,except,filament,flattened,flower,free,fruiting,geminat,half,heterostylous,infructescence,inside,interpetalar,juicy,juvenile,larger,least,less,like,long-styled,longer,lower,markedly,mature,mid-way,midrib,midvein,minute,moist,mucilaginous,multiseriate,near,nflorescence,numerous,oblique,occasionally,often,older,orolla,oung,ovate-lanceolate,papillat,per,pore,poricidal,porrect,portion,prickle,pricklier,prickly,rest,ruit,scar,scattered,secondary,sessile,several,short-stalked,short-styled,shorter,side,slightly,somewhat,spaced,stalk,stalked,straight,tall,tamen,terete,thicker,time,tip,tissue,touching,trichome,unarmed,unbranched,unit,usually,vary,weakly,whitish,woody,ympodial,young,younger	adhesion,alternate,andromonoecious,arrangement,climate,colour,corolla,form,glandular,height,history,life,na,number,ovary,papillate,perennial,position,presence,pubescence,reproduction,rugulose,seed,shape,size,staman,stipe,texture
175	wfo-0001027050	success	234	118	93	141	25	0.397	0.2-0.6,0.2-1,0.5-1,0.5-3,1-1.5,1.5-2,1.5-6,10-13.5,2-10,2-2.5,2-3,2-5,2-8,2.5-3,3-15,3-5,4-40,4-8,5-9,6-8,8-40+,acuminate,acute,adaxially,andromonoecious,anther,apex,base,blade,broadly,brown,calyx,chartaceous,cm,coarsely,cordate,cuneate,densely,diameter,eglandular,elliptic,entire,extra-axillary,ferruginous,flattened,fruit,glabrous,glandular-puberulent,globose,green,growth,hair,inflorescence,lanceolate,leaf,leaf-opposed,length,lobe,lobed,margin,mm,moderately,narrowly,obtuse,ovate,pale,pedicel,peduncle,petiole,plant,present,ray,rounded,shallowly,shrub,simple,small,sparsely,stellate,stellate-pubescent,stem,stigma,style,surface,toothed,tree,triangular,truncate,tube,white,x,yellow,yellowish-green	.2,0-0.2,0-0.5,0-1,0-3,0.1-3,0.3-0.6,0.4-1,0.5-0.8,0.8,1-2,1-5,10-30,11-21,12-15,14-20,15-50+,16-40,2-3-locular,2-4,2-6,2-foliate,23-40+,4-19,5,5-10,5-6,5-7,5-merous,7-30+,8-26,abaxially,absen,absent,abundant,accrescent,across,adaxiall,adult,anvil-shape,apart,armed,articulated,axe,ba,branche,branched,broad-based,capitat,connivent,contiguous,cross-section,curved,cylindrical,deeply,directed,distall,distally,distributed,drying,eaf,eed,erect,except,exocarp,filament,flower,forked,fruiting,functional,geminat,half,held,interpetalar,juicy,juvenile,lateral,less,like,long,longer,lower,markedly,mature,mesocarp,midpoint,midvein,minute,minutely,moist,mucilaginous,multiseriate,nearly,nflorescence,oblique,often,orolla,ovate-lanceolate,pair,per,pinnatifid,pitted,placenta,pore,porrect,prickle,rachi,ruit,scattered,sessile,shorter,side,slightly,somewhat,spaced,stalk,stalked,stellae,straight,tal,tamen,tem,thick,thicker,throughout,time,tip,tissue,unarme,unarmed,unbranched,unit,upper,upright,usually,vary,weakly,whitish,wide,ympodial,younger	adhesion,arrangement,capitate,colour,corolla,form,glandular,height,history,life,na,number,ovary,perennial,position,presence,pubescence,reproduction,rugulose,seed,shape,size,staman,stipe,texture
176	wfo-0001027067	success	228	128	102	126	26	0.447	0-0.1,0-1.8,0-7,0.2-0.4,0.3-1,0.35-0.5,0.5-1,0.8-1,1.2-1.4,1.5-2,1.7-2.8,1.7-3.3,15-27,2-3,2.5-3.8,2.5-4,2.9-3.7,3.5-9,4-5.5,5-12.5,6-10,6-8,7-16,8-14,absent,acute,adaxially,anther,apex,articulated,attenuate,base,black,blade,broadly,brown,calyx,chartaceous,cm,cuneate,dark,deeply,densely,diameter,extra-axillary,finally,firm,flattened,flower,fruit,glabrous,globose,green,grey,hair,inflorescence,lanceolate,lateral,leaf,length,lobe,lobed,long,margin,mid-point,mm,obtuse,ovate,pale,papery,pedicel,peduncle,perennial,petiole,pink,plant,present,purple,ray,rhizomatous,rotate,scattered,shrub,simple,skin,slightly,sparsely,stellate,stellate-pubescent,stem,stigma,streak,style,thick,throughout,time,truncate,tube,twisted,x,yellow,yellowish-green	%,.05,0-0.2,0-0.5,0-12,0-6,0.4-0.5,0.4-0.7,0.5-1.5,0.5-2,0.9-2.5,1-2,1-4,1-7,1.4-2.5,11-16,11-20,13-65,15-60,2-10,2-4.5,2-7,2-foliate,2-locular,2.7-5,20-45,20-50,20-65,3-10,3-4,3-5,3-6,3.5-5.5,4-9,5-6,5-9.5,5-merou,5.5-12.5,6-7,7-11,7-8,abaxial,abaxially,abundant,accrescent,acicular,across,adaxiall,adult,alyx,andromonoecious,apart,armed,axe,ba,bilobe,broad-based,connivent,curved,cylindrical,decimetr,directed,distall,dult,eaf,eed,eglandular,erect,exocarp,filament,finger,fruiting,functional,geminate,gland-tipped,half,heterostylous,hig,index,interpetalar,juic,juvenile,less,lobing,lon,longer,lower,mature,mesocarp,midpoint,midvein,minute,moist,nflorescence,oblique,orolla,part,per,pore,porrect,presen,prickle,pseudo-racemose,rachi,ruit,sessile,short,side,somewhat,spaced,sprawling,stalk,stellae,straight,tamen,tissue,transparent,unbranched,unit,vary,vein,weakly,white,wide,yellowish,ympodial	adhesion,arrangement,bilobed,colour,corolla,form,glandular,growth,height,history,life,na,number,ovary,position,presence,pubescence,reproduction,rugulose,seed,shape,size,staman,stipe,surface,texture
177	wfo-0001027069	success	200	123	97	103	26	0.485	0-4,0.15-0.8,0.5-1.5,0.5-5,0.8-3.3,1-2,1-2.5,1-5,1-7.7,1.5-12,1.5-5,10-25,2.5-12,3-19,3.5-6,4-9,7-10,abaxially,acuminate,acute,adaxially,along,anther,apex,axillary,base,berry,blotch,brown,brownish,bud,chartaceous,cm,condition,cordate,corolla,cuneate,darker,diameter,drying,elliptic,elliptical-conical,especially,flat,fresh,fruit,glabrescent,glabrous,green,greenish,hair,herb,lanceolate,leaflet,light,like,linear,lobe,long,margin,membranous,midrib,minutely,mm,narrowly,obtuse,odd-pinnate,ovate,ovoid,pair,pedicel,peduncle,petiole,plant,puberulent,pubescent,purple,seed,short,simple,size,sparsely,stellate,stem,stigma,stripe,style,subtending,terminal,truncate,tube,vertical,white,whitish,wide,x,yellow	0.2-3,0.5-5.5,1-10,1.5-3,1.5-6,2-5,2-6,3-11,4-8,5-merou,acumen,ag,alyx,apart,apparently,articulated,axe,blade,borne,broadly,capitat,cell,ciliate,connivent,covering,decreasing,decurrent,digestion,distal,dorsally,eaf,edge,eed,end,enzyme,erect,exceeding,filament,flower,folded,forked,geminat,generally,glabrou,green-white,hair-like,half,homostylous,honeycomb-shaped,interjected,lateral,lax,lengthening,living,lower,make,middl,mucilaginous,nflorescence,orolla,perfect,petiolule,plurifoliate,pore,poricidal,pubescen,rachi,rare,rarely,removed,ruit,seudostipule,singly,slightly,slit,sometimes,spaced,specimen,stamen,ste,stolo,straight,subequal,tall,talle,tamen,tem,testal,thick,throughout,tip,toward,tri-,tuber,typically,unequal,unit,unwinged,usually,vary,wall,wet,ympodial	adhesion,arrangement,calyx,capitate,colour,form,growth,height,history,inflorescence,leaf,length,life,na,ovary,perennial,position,pseudostipule,pubescence,reproduction,rugulose,shape,staman,stipe,surface,texture
178	wfo-0001027091	success	142	121	81	61	40	0.57	0.8,1-1.6,1.1-1.6,1.8-2.6,1/2-2/3,2.3-2.9,2.5-3.5,3-8,3-9,4-10,5-11,8.5-11.5,9-13,acute-tipped,along,annual,anther,arcuate,armed,base,beneath,blade,blue,bristly,broadly,brown,calyx,campanulate,cm,dark,densely,developing,dm,dry,few-rayed,glabrous,gland,glandular,green,hair,herb,internodal,invested,lenticular,linear-lanceolate,lobe,long,low,main,maturity,mm,oriented,ovate,pedicel,petiole,prickly,radially,reticulately,ridge,scattered,sessile,short-stipitate,simple,sometimes,sparsely,spherical,splitting,stellae,stellate-pentagonal,stem,strait,surface,tapering,terminally,tightly,tube,undulate,variously,vein,violet,wrinkled	.3,0.7,30-60,6-10,6-10-flowere,accrescent,across,alyx,anthesi,berry,branched,capitate-glandular,cauline,deltoid,dia,difoliate,divided,eaf,eed,enveloped,extended,fully,geminat,high,lon,longer,mostly,narrowly,near,nflorescence,obtuse,occasionally,orolla,per,pinnatifid,pinnatisect,rounded,ruit,short,slende,somewhat,spreadingly,ste,suffused,tamen,taprooted,terete,tigma,tub,twice,tyle,unexpande,uniseriate,unit,usually,vary,vestiture,wholly,yello,ympodial,younger	adhesion,apex,arrangement,climate,colour,corolla,diameter,form,fruit,growth,height,history,inflorescence,leaf,length,life,margin,midpoint,na,number,ovary,peduncle,plant,position,presence,pubescence,ray,reproduction,rugulose,seed,shape,size,staman,stellate,stigma,stipe,style,texture,unexpanded,yellow
179	wfo-0001027102	success	167	107	77	90	30	0.461	.5,0.2-2,0.5-2,0.5-3,1-1.5,1-2,1-2.5,1.5-2,10-20,2-3,3,3-12,3-4,4-5,abaxially,acuman,acuminate,acute,adaxially,almost,anther,apex,base,blade,broadly,calyx,chartaceous,cm,connivent,cuneate,deltate,densely,diameter,elliptic,entire,flattened,fruit,glabrous,globose,hair,lanceolate,leaf,leaf-opposed,lobe,long-tapered,margin,mm,moderately,narrowly,oblong,orange,pedicel,peduncle,petiole,pubescent,ripe,rugulose,shrub,simple,size,small,somewhat,stellate,stem,stigma,style,subcoriaceous,surface,tip,tomentose,truncate,tube,unbranched,white,x,yellow,yellow-brown	.5-6,0.5,0.5-1,1-3,1-4,1-6,15,15-35,2-2.5,3-5,4-7,5-12,<,absen,absent,accrescent,adaxial,adaxiall,ag,aggregate,alyx,apart,appearance,articulated,axe,ba,broad,cell,channe,ciliate,congested,corky,curved,cylindrical,differing,difoliate,dimorphic,directed,distally,eaf,eed,few-,filament,flower,forked,free,fruiting,geminat,giving,ilament,long,longitudinal,m.,major,minor,multiseriate,nflorescence,obtuse,often,one,opening,orolla,ovate,per,perfect,pore,portion,rachi,rarely,roughened,ruit,short,slender,slit,spaced,sparsely,stone,straight,tal,tem,time,triangular,truncat,unarme,unit,usually,vary,wide,ympodial,young	adhesion,arrangement,climate,colour,corolla,form,glandular,growth,height,history,inflorescence,length,life,midpoint,na,ovary,perennial,plant,position,presence,pubescence,ray,reproduction,seed,shape,staman,stipe,sympodial,texture,true
180	wfo-0001027104	success	141	114	75	66	39	0.532	0.15-0.35,0.5-0.8,1-1.5,1-3,1.2-6,1.5-2.3,1.5-4.2,10-15,2-3,2-6,2.2-5,3-5.5,6-7.5,abaxially,acuminate,acute,adaxially,apex,apical,apically,attenuate,base,calyx,cm,condition,connate,cordate,corolla,dehiscent,diameter,distal,epiphytic-like,finely,globose,green,green-white,growing,half,herbaceous,introrse,living,lobe,long,maturing,mm,mos,mucilaginous,mucronate,odd-pinnate,often,ovate,ovoid,pedicel,peduncle,perennial,petiole,plant,poricidally,pubescent,rarely,seed,short,slit,stellate,stigma,straight,style,terrestrial,throughout,tone,truncate,white,wide,yellow,yellow-green	1-4,3-6-foliat,4-15,5-15,acumen,articulate,branched,cell,covering,cyme,dichasial,dichasially,digestion,dorsally,eaf,ebracteate,edge,eed,emoval,enzyme,epiphyti,exceeding,filament,flat,flower,folded,forked,generally,globo,hair-like,honeycomb,lateral,linear,lon,lower,make,monochasial,narrowly,nflorescence,nther,orolla,ovat,pattern,perfect,plan,proximal,reveal,ruit,seudostipule,simple,specimen,stamen,tall,tem,testal,thick,throughou,tuber-bearing,typically,unit,vary,viole,wall,without,ympodial,¼	adhesion,anther,arrangement,blade,climate,colour,epiphytic,form,fruit,glandular,growth,hair,height,history,inflorescence,leaf,length,life,margin,midpoint,na,number,ovary,position,presence,pubescence,ray,reproduction,rugulose,shape,size,staman,stem,stipe,surface,texture,tube,violet,wet
181	wfo-0001027114	success	154	110	77	77	33	0.5	-17,-2,-30,.5,0.5-1,1-1.1,1-1.2,1-1.5,1.5-2,1/2,13-21,2-2.5,2-3,3-4,3-7,6-8,6-9,abaxial,abaxially,acute,anther,apex,appearing,base,bushy,calyx,capitate,cm,conical,corolla,dark,deltate,dendritic,densely,dia,elliptic,flattened-reniform,glabrous,globose,green,inflorescence,leaf,lobe,lobed,long,margin,minute,minutely,mm,occasionally,opposite,ovary,pedicel,petiole,pitted,poricidal,pubescent,reddish,reddish-brown,scattered,shoot-terminal,shrub,simple,size,soft,stem,stigma,style,surface,thickened,tip,trichome,tube,uniseriate,way,white,wide	1-2,1.5-1.7,20-40,5,7-10,7-9,adaxially,along,alternating,anthesi,apar,axillary,ba,bark,berry,branched,closely,commonly,differing,difoliate,drying,due,eaf,edicel,eed,erect,exserted,filament,flowered,free,fruiting,geminate,glabrou,growt,halfway,inflorescenc,investing,lamina,lateral,like,lon,lower,main,major,many,minor,nflorescence,older,opening,pair,papillo,planar,plurifoliate,pore,portion,projection,rapid,rest,ruit,scar,several,shoot,slit,spaced,tall,tapering,time,triangular,tub,ud,unevenly,unit,vein,woody,yellowish,ympodial,young	adhesion,alternate,arrangement,climate,colour,diameter,form,fruit,glandular,growth,hair,height,history,length,life,midpoint,na,number,peduncle,perennial,plant,position,presence,pubescence,ray,reproduction,rugulose,seed,shape,staman,stellate,stipe,texture
182	wfo-0001027117	success	235	108	75	160	33	0.319	0-5,0.1-0.7,0.6-0.9,0.7-1.3,0.7-1.5,0.8-,1-2,1.5-,1.5-2.3,1.5-6.5,1.7-2.5,2-3,2.3-2.8,4-6.5,4.5-6.5,5-11,5-14,6-10,acute,almost,anther,apex,attenuate,base,black,blade,brown,calyx,chartaceous,cm,cordate,dark,densely,diameter,evenly,flattened-reniform,fruit,green,herb,lateral,leaf,length,lobe,lobed,long,margin,maturity,mauve,midpoint,mm,moderately,narrow-deltate,oblong,pale,pedicel,peduncle,petiole,ray,rounded,shallowly,smooth,sparsely,spherical,staman,stellate,stellate-pubescent,stem,style,surface,tapering,tube,unequal,wide,yellow,young	-1.5,-11,-12,-2.8,-3/4,.5,/3,0-10,0-15,0-20,0-25,0-40,0.1,0.1-,0.15-0.25,0.15-0.35,0.2,0.2-0.45,0.5,0.5-1.5,0.7-0.9,1-4,1-6,1.2,1.8-2.5,1/,1/3,1/4,1/8-1/2,10-20,2-6,2-8,25-100,3-10,3-15,3-6,4-7,4-8,4.5-8,5-merous,6-9,7-,8,abaxially,accrescent,acicular,alyx,ame,apar,apart,apically,apparently,articulated,bark,berry,beyond,branched,brittle,c.,cell,concolorous,connivent,curved,deltate,discolorous,distance,drying,eaf,eed,elongating,enclosing,erect,extending,fifth,filament,fine,flower,four,free,fruiting,gently,glabrescent,glabrous,gra,herbarium,infructescence,irregularly,less,lon,long-acuminat,longer,lower,mature,membranous,midvein,narrow-elliptic,narrow-lanceolate,nflorescence,obovate,older,one,open,orolla,oung,outline,ovate,pair,pendulous,per,perfec,pericarp,perpendicular,pit,plurifoliat,poricidal,porrect,portion,prickl,prickle,prickly,primary,raised,red-brown,reduced,reflexed,ruit,scar,sessile,shiny,shorter,side,small,sometimes,spaced,specimen,spreading,stalk,stalked,straight,tamen,tearing,terete,tertiary,time,tip,tissue,translucent,trichome,unit,upper,variously,vary,vein,venation,visible,way,weakly,woody,yellow-green,ympodial	0.1-0.2,0.15-0.45,7-8,adhesion,arrangement,climate,colour,corolla,form,glandular,growth,hair,height,history,inflorescence,life,na,number,ovary,perennial,plant,position,presence,pubescence,reproduction,rugulose,seed,shape,size,stigma,stipe,texture,ye
183	wfo-0001027123	success	181	119	88	93	31	0.486	-10,.3,.5,0.7-3.5,0.8-1.3,1,1-1.2,1-1.5,1.5-2,2-2.6,2-5.5,2-lobed,2.5-10.4,2.5-4,2.5-6,3-4,4-5,5-6,acute,anther,apex,attenuate,base,branched,bright,broadly,brown,calyx,clavate,cm,commonly,conical,corolla,cup-shaped,dark,deltate,dendritic,densely,diameter,elliptic,flattened,glabrous,glandular,green,inflorescence,leaf,less,lobe,lobed,long,loosely,margin,mauve-purple,minute,minutely,mm,narrowly,ovary,papillate,pedicel,peduncle,perhaps,petiole,pitted,pubescent,reddish,reniform,revolute,shining,shiny,simple,sparsely,stellate,stem,stigma,strongly,style,subshrub,surface,terminal,tip,trichome,tube,violet,way,white,x,¾	-20,0.3-1.6cm,0.5,0.5-0.8,0.9-1.3,2-2.2,2-2.5,2-3,3-15,4-6,5-10,abaxial,adaxial,adaxially,along,anthesi,appearing,axe,axi,bark,campanulate,cell,completely,constricted,coriaceous,darker,denser,drying,eaf,edge,eed,enlarged,erect,exerted,fide,filament,flower,free,fruiting,globose,inserted,lamina,lax,lewi,like,lon,loose,lower,midvein,monopodia,nflorescence,nodding,older,outline,pair,papillae,perfect,petal,planar,plurifoliate,portion,primary,prominent,scar,scatted,scattered,shin,shinin,short,sinuate,sleeve,slightly,sometimes,soon,spaced,stoutish,straight,testal,thick,time,trailing,tub,turned,ud,unit,upper,usually,vein,warty,widely,wood,ympodial,young	0.3-1.6,adhesion,arrangement,blade,climate,colour,form,fruit,growth,hair,height,history,length,life,midpoint,na,number,perennial,plant,position,presence,pubescence,ray,reproduction,rugulose,seed,shape,size,staman,stipe,texture
184	wfo-0001027125	success	155	117	75	80	42	0.484	.5,0,0.5,1,4,5,50,6,abaxially,acuminate,acute,adaxially,anther,anthesi,apex,armed,base,blade,blue,brown,calyx,campanulate,clavate,cm,completely,connivent,coriaceous,corolla,diameter,elliptic,elongating,entire,equal,flattened,fleshy,foveolate,fruit,glabrous,globose,green,light,lobe,margin,minutely,mm,mostly,narrowly,oblong,papillate,pedicel,peduncle,petiole,prickle,recurved,rounded,rugose,simple,slender,somewhat,spreading,stellate,stem,stigma,strongly,style,surface,terminal,thick,tip,truncate,tube,vine,woody,yellow,×	/4,0.3,0.3-0.6,0.8,1.2-2,10–,10–15,12,12–17,1–,25–50,3,3–,3–10,3–5,3–7,4–6,5–10,5–7,6–,6–9,?,absent,ag,alyx,apiculate,articulated,axe,ba,becoming,bilobe,branched,bud,clustered,cucullat,deeply,dr.,eaf,eed,ellipsoid,exserted,filament,flower,internode,lateral,lengthening,lobed,long,long-styled,lower,major,middle,midrib,nflorescence,orolla,plurifoliat,pore,poricidal,rachi,recurve,robust,ruit,side,slit,stout,subwoody,tamen,terminally,thickened,time,triangular,unit,vary,vein,way,wide,widest,ympodial,youn,–9	0.3-0.8,1-3-7,10-15,10-25-50,12-17,3-5,4-6,5-7,9,adhesion,arrangement,bilobed,climate,colour,dry,form,glandular,growth,hair,height,history,inflorescence,leaf,length,life,midpoint,na,number,ovary,perennial,plant,position,presence,pubescence,ray,reproduction,seed,shape,size,staman,stipe,texture
185	wfo-0001027131	success	186	109	79	107	30	0.425	0-0.1,0.4-0.8,0.5-1,0.9-2.5,1-1.5,1-4,1.4-2,1.5-3.3,1.7-3.5,2.6-3,3-4,3-9,4.5-8.5,5.5-6.5,7-11,7-8,9.5-11.5,abaxially,absent,acute,adaxially,anther,apex,attenuate,base,black,blade,brown,calyx,chartaceous,cm,cordate,dark,densely,diameter,entire,extra-axillary,fruit,gland-tipped,globose,green,grey,hair,inflorescence,juicy,length,lobe,long,margin,midpoint,mm,moist,obtuse,ovate,pale,pedicel,peduncle,perennial,petiole,plant,present,purple,ray,rhizomatous,rotate,rusty,short,shrub,simple,stellate-pubescent,stem,streak,style,tube,white,x,yellow,yellowish,yellowish-green	%,.05,.7,0-0.3,0-2,0-3,0-5,0.2-2.2,0.4-1,0.5-0.8,0.7-2.5,1-1.2,1-2,1-3,12-20,17-35,2-5,2.3-2.7,4-10,4-7,4-8,4-locular,5-merou,7-9,absen,across,adaxiall,alyx,andromonoecious,anvil-shape,apart,articulated,ascending,axe,ba,broad-based,circular,cross-section,cylindrical,d.,directed,distall,distally,distributed,dult,eaf,eed,eglandular,elliptical,erect,exocarp,finger,flower,fruiting,functional,geminat,half,heterostylous,hig,lamina,lateral,less,longer,lower,markedly,mature,mesocarp,mid-point,minute,nflorescence,oblique,onl,orolla,part,per,placenta,plurifoliate,pore,porrect,possibly,prickle,pseudo-racemose,ridged,ruit,spaced,stage,stalk,stalked,stellae,straight,tamen,terete,thick,thicker,thicknes,throughout,time,unarme,unarmed,unbranched,unit,unknow,uvenile,vary,weakly,wide,ympodial	0.7,adhesion,arrangement,climate,colour,corolla,form,glandular,growth,height,history,leaf,life,na,number,ovary,position,presence,pubescence,reproduction,rugulose,seed,shape,size,staman,stellate,stigma,stipe,surface,texture
186	wfo-0001027146	success	213	140	116	97	24	0.545	0-11,0.3-2.2,0.5-3.2,0.7-2.4,1-2,1-2.5,1-9.5,1.9-10,10,13-36,2-13,2-4.2,3.3-6.1,3.5-22,4-12.5,4-8,6,6-10,6-17.5,6.5-52,abaxially,acuminate,adaxially,along,anther,apex,attenuate,axillary,base,berry,brownish,bud,cell,chartaceous,ciliate,clavate,cm,coarsely,condition,conical,corolla,covering,deep,diameter,drying,elliptic,especially,finely,flower,fresh,fruit,glabrous,green,green-white,greenish,hair,hair-like,herb,interjected,lanceolate,lateral,leaf,leaflet,like,lobe,long,make,margin,medium,membranous,midrib,minute,minutely,mm,mottled,mucilaginous,odd-pinnate,orbicular,ovate,ovoid,pedicel,peduncle,pentagonal,petiole,petiolule,plant,puberulent,pubescent,purple,ripe,rotate,seed,sessile,simple,size,stem,stigma,style,subglabrous,subsessile,subtending,terminal,testal,thick,throughout,tinged,tip,tube,violet,wall,wet,white,whitish,wide,x,yellow	0.6-3.3,0.8,0.8-3.1,0.8-5.8,1-10,2-12.2,2-5,4-11,4-38,5-merou,acumen,ag,alyx,apart,apparently,arranged,articulated,asymmetrical,axe,basiscopic,bead,blade,capitat,commonly,connivent,dark,darker,decreasing,digestion,distal,dorsally,eaf,edge,eed,enzyme,erec,exceeding,filament,flat,folded,forked,fourt,fourth,geminat,generally,glabrou,gradually,half,homostylous,honeycomb-shaped,lengthening,living,lower,moniliform,multiple,necklace,nflorescence,orolla,pair,perfect,plurifoliate,pore,poricidal,proximal,rarely,ray,removed,ruit,secondary,semierect,seudostipule,side,slit,sometimes,spaced,specimen,stamen,ste,stolon,straight,subequal,subglabrou,symmetrical,tall,tamen,tem,tissue,toward,tri-,tuber,typically,unit,unwinged,usually,vary,wing,ympodial	arrangement,calyx,capitate,colour,form,growth,height,hermaphroditic,history,inflorescence,length,life,na,ovary,perennial,position,pseudostipule,pubescence,reproduction,rugulose,shape,staman,surface,texture
187	wfo-0001027154	success	215	121	81	134	40	0.377	.5,.6,0.2,0.4-0.5,1-1.3,1.9,2.9,5,abaxially,adaxially,anther,apex,attenuate,broad,calyx,chartaceous,clavate,cm,connivent,densely,diameter,extra-axillary,ferruginous,flattened,flower,foveolate,fruit,globose,green,highly,immature,lanceolate,leaf,length,linear,lobe,long,margin,mature,minutely,mm,nearly,outline,ovate,paler,pedicel,peduncle,petiole,plant,pubescent,ray,reniform,rotate-pentagonal,rounded,sessile,shape,shrub,simple,size,slightly,sometimes,stellae,stellate-tomentose,stem,stigma,stipe,stipitate,style,sulcate,surface,tan,tardily,tomentose,tube,unknown,variable,white,x,yellow,yellowish,young	-15,-16,.2,0,0.3–0.6,1.5–2.5,1.5–3,17–19,1–2,2,2-6,2.5-5,23,26,2–2.5,2–4,3-7,35,3–10,4.5–5,4.5–8,4–8,6–8,6–9-rayed,7.5-11,7–20,8,8-11,absent,accrescent,acute,adaxiall,ag,alyx,ample,apart,armed,articulated,axe,ba,basal,base,berry,blade,branch,branched,broad-based,capitat,color,curved,cylindrical,deltate,difoliate,directed,distally,eaf,eed,entire,evidently,except,filament,finer,flowering,free,fruiting,geminat,glabrescen,glabrous,hair,ilament,interpetalar,irregularly,juvenile,larger,less,lighter,like,lobed,lognitudinal,m.,major,midpoint,midrib,minute,mostly,much,near,nflorescence,normally,oblique,often,older,opening,orolla,part,per,perfect,pinnately,pore,prickle,rachi,rarely,reaching,recurved,reflexed,repand,ruit,shiny,side,sinus,slit,smaller,spaced,sprout,ste,stout,straight,tal,tem,third,three,tissue,truncate,unarme,unarmed,underside,uniform,unit,usually,vary,vein,within,ympodial,–4	0.3-0.6,0.6,1-2,1.5-3,10,17-19,2-2.5,3-10,4-8,4.5-5,4.5-8,6-8,6-9,7-20,adhesion,arrangement,capitate,colour,corolla,form,glabrescent,growth,height,history,inflorescence,life,na,number,ovary,perennial,position,presence,present,pubescence,reproduction,rugulose,seed,staman,stellate,texture
188	wfo-0001027157	success	207	139	110	97	29	0.531	0-3,0.15-0.3,0.7-2,0.9-2.8,1,1-2,1-3,1-3.8,1-6,1.5-6.5,10-30,2,2-15,2-2.5,2-3,2-5,2.5-3,3.3-7.8,4-5,6.5-14.5,9-12,abaxially,absent,acuminate,acute,adaxially,anther,apex,attenuate,axillary,base,broadly,brownish,bud,chartaceous,clavate,cm,condition,conical,cordate,corolla,cuneate,decreasing,deeply,densely,diameter,drying,elliptic,end,fresh,fruit,glabrous,greatly,green,greenish,hair,herb,interjected,lanceolate,leaf,leaflet,like,lobe,long,membranous,minutely,mm,narrowly,oblique,obtuse,odd-pinnate,one,orbicular,ovate,ovoid,pair,pedicel,peduncle,petiole,petiolule,placed,plant,plurifoliate,puberulent,pubescent,rarely,ripe,rounded,seed,size,sometimes,stellate,stem,stigma,style,subtending,terminal,tinged,toward,tri-,tube,tuber,typically,unit,violet,white,whitish,wide,x,yellow	1-10,2.3-4,3-12,3-7,3.8-8.3,5-merou,acumen,ag,along,alyx,among,apart,apparently,articulated,axe,berry,blade,capitat,cell,ciliate,connivent,covering,decurrent,digestion,distal,dorsally,eaf,edge,eed,enzyme,erec,especially,exceeding,filament,flat,flower,folded,forked,geminat,generally,glabrou,grassland,green-white,hair-like,half,homostylous,honeycomb-shaped,lateral,lengthening,living,low-growing,lower,make,margin,markedly,middl,midrib,mucilaginous,nflorescence,orolla,perfect,petiolulate,pore,poricidal,removed,ruit,semi-rosette,sessile,seudostipule,shady,short,situation,slightly,slit,spaced,specimen,stamen,ste,stolo,straight,subsessile,sunny,tall,tamen,tem,testal,thick,throughout,tip,unequal,unwinged,usually,vary,wall,wet,woodland,ympodial	adhesion,arrangement,calyx,capitate,colour,form,growth,height,history,inflorescence,length,life,na,number,ovary,perennial,placement,position,pseudostipule,pubescence,reproduction,rugulose,shape,staman,stolon,surface,sympodial,texture,type
189	wfo-0001027184	success	219	142	121	98	21	0.553	.5,.7,.8,0.2-0.4,0.4-2,0.4–0.9,0.5-2,0.8,1.5-5,13–18,19,1–2,1–4,2,2–4-celled,3-foliolate,3–,3–4-celled,4,4–12,7,abaxially,acute,adaxially,along,anther,apex,articulated,axi,axillary,base,blue,borne,bract-like,branch,brown,calyx,chartaceous,cm,connivent,covered,densely,diameter,entire,epidermal,especially,extension,filament,flattened,fleshy,flower,fruit,generally,glabrescent,glabrous,globose,grading,hair,hairlike,half,herbaceous,imparipinnate,lanceolate,leaf,leaflet,leafy,least,light,lobe,long,lower,membranous,meter,midrib,minutely,mm,mostly,oblong,older,orange,pedicel,peduncle,petiole,pilose,prominent,prominently,puberulent,pubescent,raised,rarely,red,reticulate,ripe,secondary,several,shape,shoot,short,simple,size,slightly,small,somewhat,sparsely,stellate,stem,stigma,style,surface,tertiary,tip,tube,vein,vine,wall,weak,white,x,yellow,young,–9	.3,0-,0-0.2,0.8–1.6,0–3,1-2,1.5,1.8–3.5,1–2.5,2.8–4.1,3-4-,3.5–8,5,5-7,9,absent,accrescent,adaxiall,adventitious,ag,always,alyx,apart,appressed,axe,ba,basal,blade,broad,broadly,cell,clavat,cluster,cordat,cylindrical,directed,eaf,eed,elliptic,fasciculate,foliaceous,free,fruiting,geminat,glabrou,ilament,introrsely,larger,largest,lateral,less,like,longitudinal,m.,margin,much,narrowly,nearly,nflorescence,node,obtuse,often,opening,opposite,orolla,ovate,ower,per,petiolule,plurifoliate,pore,portion,pseudostipule,rachi,revolute,root,ruit,scarcely,slit,soft-woody,spaced,straight,subopposite,sulcate,terminal,tightly,tree,truncate,trunk,unarme,unbranched,unequal,uniform,unit,usually,vary,visible,ympodial	arrangement,clavate,colour,corolla,form,growth,height,history,inflorescence,length,life,na,ovary,perennial,plant,position,pubescence,reproduction,rugulose,seed,texture
190	wfo-0001027186	success	168	116	82	86	34	0.488	.4,0.5-1,1-1.5,1-2.5,1.4-1.6,1.5,1.5-2,1.5-2.5,1.6-5,15,2-6,2-lobed,3.5-4,4-15,4-9,5-10,6-7,?,abaxially,acute,adaxially,anther,apex,attenuate,base,berry,broadly,brown,calyx,clavate,cm,conical,corolla,dark,deltate,dendritic,diameter,dry,elliptic,entire,fruit,glabrous,globose,green,growth,immature,lobe,lobed,margin,maturity,minutely,mm,narrowly,ovary,ovoid,pale,pedicel,peduncle,petiole,pitted,poridical,pubescent,reddish,reniform,seed,shiny,simple,slightly,sparsely,stem,stigma,style,surface,terminal,tip,tree,tube,way,white,woody,x,yellow	-6,.5,2.5-3,3-4,30-40,9-10,abaxial,age,always,anthesi,apart,apparently,axil,bark,branch,branched,dbh,deflexed,denditic,densely,denser,eaf,ellipsoid,enlarging,exerted,filament,filiform,flower,free,fruiting,glabrescent,golden,incrassat,irregularly,keeled,lamina,lengthening,less,like,longer,loose,lower,m.,midrib,much,new,nflorescence,occasionally,pair,papillat,papillate,pendent,perfect,pericarp,planar,plane,plurifoliat,pointed,pore,portion,primary,pubescen,rachi,rough,ruit,scar,scattered,short,slit,small,soon,spaced,spreading,stalk,straight,strongly,time,treelet,trichome,tub,ud,uniseriate,unit,variably,vein,ympodial	1,adhesion,arrangement,blade,climate,colour,form,glandular,hair,height,hermaphroditic,history,inflorescence,leaf,length,life,midpoint,na,number,perennial,plant,position,presence,present,pubescence,ray,reproduction,rugulose,shape,size,staman,stellate,stipe,texture
191	wfo-0001027187	success	224	117	89	135	28	0.397	.5,0.3–1,0.6,0.8–2,1.0,1.2,1.5–3.5,1–1.5,1–1.8,1–2,1–3,2.5–4,2.5–6,2–2.5,2–3,2–7,3.5–10,3–10.5,3–7,4,5–11,5–15,6–8,7–12,andromonoecious,anther,apex,base,blade,blue,broadly,calyx,cm,cordate,cuneate,darker,deltate-lanceolate,deltoid-ovate,densely,diameter,extra-axillary,finely,flattened-reniform,foveolate,fruit,glabrous,glandular-puberulent,globose,green,herb,irregularly,lanceolate,leaf,lenticular,light,lobe,lobed,margin,maturity,minutely,mm,moderately,mottling,narrowly,obtuse,pedicel,peduncle,perennial,petiole,pubescent,ray,rotate-stellate,rounded,serrate,shallowly,simple,sky,sparsely,stellate,stellate-pubescent,stem,stigma,style,subglobose,surface,tube,yellow,young,×	0,0.05–0.1,0.15–0.4,0.2,0.4,0.5,0.5–1,0.5–1.5,1,1-celled,12,13–18,1–3-celled,2,2-,2–5,3-foliate,3.2,3–10,3–6,4.5–8,4–5,5,5-merous,5.4,5.5,5–10,5–6,5–8,6,7,7–15,9,abaxially,accrescent,acute,acute-acuminate,adaxiall,adaxially,alyx,apart,armed,articulated,axe,berry,branched,bud,capitat,central,chartaceous,completely,connivent,continuum,covering,cylindrical,decumbent,deflexed,deltate,directed,distal,distall,downward,eaf,eed,equal,erect,exserted,filament,flower,forked,fruiting,geminat,grading,hair,hermaphroditic,lateral,like,lon,long,long-stalked,lower,major,morphology,nflorescence,node,offset,often,one,open,orolla,outline,perfect,plurifoliate,pore,prickle,prickle-like,producing,proximal,rarely,rind,root,rooting,ruit,sessile,short-stalked,showing,side,sinus,small,sometimes,spaced,spreading,stalk,staminate,stout,straight,strongly,subequal,subsessile,tall,tamen,tapered,tem,toug,triangular,truncate,unbranched,unequal,unit,usually,vary,vein,weakly,wide,ympodial	adhesion,arrangement,capitate,colour,corolla,form,growth,height,history,inflorescence,length,life,na,number,ovary,plant,position,presence,present,pubescence,reproduction,rugulose,seed,shape,size,staman,stipe,texture
192	wfo-0001027198	success	191	121	88	103	33	0.461	.5,0.5-0.75,0.5-1,0.8-1,1-1.5,1-10,1.5-10,1.5-2,11-20,3/4,5-6,7.5-9,acuminate,acute,anther,apex,attenuate,base,beneath,bushy,calyx,channeled,clavate,cm,corolla,cyathiform,deltoid,dendritic,densely,dia,elliptic,flower,glabrous,globose,golden,green,inflorescence,leaf,like,lobe,lobed,long,margin,medium,minute,minutely,mm,obovate,often,opposite,ovary,ovoid-reniform,pale,paler,pedicel,petiole,pitted,plant,puberulent,pubescence,pubescent,rounded,shaped,shining,short,shrub,simple,size,slightly,small,speciman,stem,stigma,style,styled,surface,tannish-yellow,tear-drop,tree,trichome,tube,type,uniseriate,vein,way,white,x,young	.4,0.05-1.0,0.7-1,1-5,10-11,2-5.5,4-9,5-120-flowered,abruptly,always,anthesi,apart,axil,ba,beginning,berry,broadening,caly,closely,complex,constriction,corky,corresponding,decurrent,differing,difoliate,dry,eaf,edge,edicel,eed,entire,erect,evenly,exserted,extremely,eye,female,filament,found,free,fruiting,furcate,geminat,glabrate,impressed,inflorescenc,invisible,large,lateral,live,lon,lower,main,major,male,many,meet,middle,minor,naked,nearly,nflorescence,older,overlapping,ovoid,papillo,papillose,pendan,planar,pore,poricidal,portion,rather,reddi,reflexed,rest,ruit,scar,sessile,set,slender,soon,spaced,specimen,straight,strong,tall,testae,thickened,thin,time,tip,top,two,ud,undersurface,unit,usually,widest,woody,yellowish,ympodial	0.5,adhesion,arrangement,blade,climate,colour,diameter,form,fruit,glandular,growth,hair,height,history,length,life,midpoint,na,number,peduncle,perennial,position,presence,ray,reddish,reproduction,rugulose,seed,shape,staman,stellate,stipe,texture
193	wfo-0001027200	success	139	99	66	73	33	0.475	0.5-1,0.6-1,1-1.4,1-1.5,1.2-1.5,1.5-2,1.5-5,2.5-3,3-3.5,3.5-6,6-8,8-15,acute,anther,apex,base,beneath,broadly,brown,calyx,capitate,cm,conical,corolla,dark,deeply,deltoid,densely,dia,elliptic,glabrous,globose,green,grey-brown,horizontally,inflorescence,leaf,lobe,lobed,minutely,mm,nearly,ovary,ovoid-reniform,papillose,pedicel,petiole,pitted,poricidal,puberulent,shrub,size,small,sparsely,spreading,stem,stigma,style,surface,tip,tree,tube,unifoliate,vein,white,x	0.05-0.25,0.25-0.5,0.5-0.75,0.7-2.5,1.6-6,2-3,9-11,across,anthesi,aspec,ba,bark,berry,branch,branche,converging,decurrent,deflexed,differing,eaf,eed,except,filament,flattened,free,fruiting,geminate,giving,golden,impressed,lateral,lightly,like,lon,long,lower,main,major,margin,middle,minor,minute,near,node,non-reproductive,occasionally,older,onto,papillo,planar,pore,portion,prominent,reflexed,rest,ruit,shaped,slightly,sparse,straight,tall,tear-drop,trichome,unicellular,uniseriate,unit,widened,widest,winged,woody,yellowish,ympodial,young	adhesion,arrangement,branching,climate,colour,diameter,form,fruit,glandular,growth,hair,height,history,length,life,midpoint,na,number,peduncle,perennial,plant,position,presence,pubescence,ray,reproduction,rugulose,seed,shape,staman,stellate,stipe,texture
194	wfo-0001027204	success	154	125	91	63	34	0.591	-8,.5-1,.8-2,0.5-4,1-3.5,1-7,1.5-3.5,1.5-6.5,1.5-9,15-35,2-2.5,2-4,3-20,3-5,4-6,5-19,5-30,5-9,6-10,acuminate,acute,along,angled,apex,articulated,base,blade,branched,brown,calyx,chartaceous,cm,cuneate,cylindrical,decurrent,dense,densely,diameter,distally,eglandular,elliptic,entire,especially,expanded,forked,fruit,glabrate,glabrous,glandular,globose,greenish,hair,lanceolate,lobe,margin,mm,moderately,near,nearly,orange,ovate,pedicel,peduncle,petiole,pink,pseudohair,puberulent,pubescent,pubescent-pilose,purplish,reddish,ripe,rugose,shrub,simple,sparsely,stellate,stellate-campanulate,stigma,style,subcoriaceous,triangular-deltate,tube,twice,unbranched,violet,white,x,x1-2,yellow,yellowish	-4.5,-40,1,1-10,1-14,2-5,2-8,4-5-foliat,6-12,8-15,abaxially,absen,adaxial,adaxially,aggregate,apart,axe,cell,channe,connivent,denser,directed,distall,eaf,eed,except,flower,leaving,lon,long,lower,membranaceous,midrib,narrowed,narrowly,nflorescence,nther,obtuse,often,orolla,peg,perfect,pore,present,pubescen,rachi,radiu,ruit,scar,short,spaced,stone,subacute,tal,tem,time,tip,triangular,truncat,unit,vary,wide,ympodial	adhesion,anther,arrangement,climate,colour,corolla,form,growth,height,hermaphroditic,history,inflorescence,leaf,length,life,midpoint,na,number,ovary,perennial,plant,position,presence,pubescence,ray,reproduction,seed,shape,size,staman,stem,stipe,texture,truncate
195	wfo-0001027213	success	231	152	121	110	31	0.524	-19,-3.3,0-2.5,0.2-0.4,0.2-0.5,0.8-1.8,1-5,1.1-1.7,1.2-1.6,1.2-1.7,1.2-2.5,1.3-2.2,1.7-3.6,1.7-3.9,1.8-3.2,10-24,12.3-16.3,2-5,2.9-3.8,2.9-4.8,2/3,3.5-8,4-9.5,5.7-6.2,8-24,abaxially,acuminate,acute,adaxially,anther,apart,apex,articulated,attenuate,basal,base,blade,blunt-tipped,broadly,brown,calyx,cell,cm,conical,corolla,cuneate,cylindrical,dark,deltoid,diameter,drying,elliptic,entire,epidermal,eventually,few-rayed,flower,fruit,glabrescent,glabrous,globose,granular,grayish-brown,green,group,hair,homostylous,immature,inserted,lanceolate,leaf,length,lobe,long-stalked,margin,mm,multangulate,oblanceolate,obtuse,ovate,ovate-lanceolate,pale,pedicel,peduncle,petiole,porrect-stellate,prominent,pseudo-terminal,pubescence,pubescent,reniform,scabrous,short,short-,short-attenuate,short-stalked,shrub,simple,sometimes,spaced,sparsely,stellate,stem,stigma,style,subcampanulate,surface,thick-stalked,tomentose,tomentose-pubescent,tree,tube,violet,white,whitish,whitish-green,x,yellow,yellow-green,yellow-tan,yellowish	-230,-4.5,/10,0-160,0.7-2.3,1-2,1.8-2.8,1/2-2/3,2.4-4.7,2.5-5.1,3.5-5,4.2-5.9,5-7.5,5-8,5-merou,8.2-10.5,9-13,accrescent,ag,along,alyx,anthesi,apparently,ark,around,axe,axillary,ba,branch,branched,capitat,completely,covering,decurrent,directed,distally,eaf,early,edge,eed,enveloping,exserted,farinose,filament,free,fruiting,glabrescen,high,lackin,lateral,lengthening,lobed,long,long-,longitudinal,lower,m.,main,many,midrib,mixed,moderately,mostly,multangulat,nearly,nflorescence,obovate,obscured,often,older,orbicular,orolla,partly,perfect,plurifoliate,pore,poricidal,porrect-stellat,rachi,rather,relatively,reticulate-punctate,ruit,sessile,side,slit,somewhat,stamen,suture,tamen,terete,thick,thin-stalked,ti,time,tip,tomentu,touching,ud,unarme,unarmed,unit,unwinged,vary,vein,vestigial-rayed,way,wide,ympodial,young	5-merous,adhesion,arrangement,capitate,climate,colour,form,glandular,growth,height,history,inflorescence,life,midpoint,na,number,ovary,perennial,plant,position,presence,ray,reproduction,rugulose,seed,shape,size,staman,stipe,texture,ye
196	wfo-0001027214	success	181	121	95	86	26	0.525	-20,-38,.25,.5,0.5-0.8,0.5-1,0.7-2,0.7-2.5,1-2.8,1.2-3,1.5,1.5-1.8,1.5-6,10-,10-13,12-17,15-25,2,2-9,5-6,6-,6-12,7-12,abaxially,adaxially,anther,apical,basal,base,broadly,calyx,cell,cm,composed,conical,conspicuously,corolla,deltate,densely,diameter,drying,elliptic,finely,flattened-round,fruit,glabrous,green,greenish,groove,height,herb,inflorescence,lanceolate,lateral,leaflet,length,like,lobe,lobed,long,long-conical,margin,minutely,mm,narrowly,nearly,occasionally,once-branched,ovary,papillate,pedicel,petiole,pinnate,pointed,poricidal,projection,pubescent,rachi,rest,rugose,seed,sharply,simple,stigma,style,surface,terminal,tip,triangular,trichome,tube,uniseriate,white,white-lenticellate,x	-9,..,0,0-16,0.25,0.3-1.5,0.3-1.7,0.8-1,1-1.5,3-,3-6,4-5,8-9,absent,acuminate,acute,along,anthesi,anticlinal,apex,berry,capitat,climbing,decurrent,dr.,eaf,edicel,eed,epidermal,erect,exserted,extending,filament,flower,free,fruiting,globose,grown,horizontal,inflorescenc,irregular,lamina,less,lon,long-acuminate,lower,markedly,midrib,nflorescence,noddin,nodding,oblique,obovate,often,onto,open,opposite,pair,paired,papilla,per,perfectly,petiolule,portion,reflexed,rugosity,ruit,scar,scattered,scrambling,sinuous,smaller,somewhat,tem,thickening,time,truncate,tub,ud,unevenly,unifoliat,unit,vein,whitish,without,ympodial	.0,2.0,adhesion,arrangement,capitate,colour,dry,form,growth,history,leaf,life,na,perennial,plant,position,presence,pubescence,reproduction,shape,size,staman,stellate,stem,texture,unifoliate
197	wfo-0001027219	success	143	111	78	65	33	0.545	/4,0.3,0.4-0.6,0.5-0.8,1,1-2,1.5-2,1.5-2.5,2,2-2.5,2-3.5,2-4,3-5,3-6,6-8,acuminate,acute,anther,apex,axillary,base,berry,bright,broadly,brown,calyx,capitate,cm,conical,corolla,cup-shaped,deltate,densely,diameter,elliptic,entire,flower,glabrescent,glabrous,green,greyish,growth,hard,leaf-opposed,less,lobe,lobed,long-conical,long-styled,margin,maturity,mm,ovary,pale,papillose-pubescent,pedicel,peduncle,petiole,poricidal,purple,shoot,short,short-styled,shrub,simple,stem,stigma,stout,style,surface,terminal,tip,tube,violet,way,white,x,–1/3	.5,0.5,1-15,1-3,2-3,7-8,absent,age,anthesi,bark,berr,c.,closely,completely,drying,eaf,edge,eed,erect,exerte,exfoliatin,filament,free,fruiting,glabrou,globose,heterostylous,known,lengthening,lower,minutely,new,nflorescence,overlappin,pair,papillo,pendent,pericarp,planar,plurifoliat,pointed,pore,portion,primary,pubescent,ruit,scar,sharply,slightly,slit,sometimes,somewhat,soon,spaced,thickened,trichome,tuft,ud,uniseriate,unit,vein,weight,woody,yellowish,ympodial	adhesion,arrangement,blade,climate,colour,form,fruit,glandular,hair,height,history,inflorescence,leaf,length,life,midpoint,na,number,perennial,plant,position,presence,pubescence,ray,reproduction,rugulose,seed,shape,size,staman,stellate,stipe,texture
198	wfo-0001027221	success	261	112	81	180	31	0.31	0.3-0.6,0.4–0.6,0.5–2,0.8–1,1,1.4-2,11–14,13–16,1–2,2.5–2.8,2.5–5,2.9–3.6,2–2.5,3.1-4.8,3–6,4.5–11,6.5–7,8.5–18,acute,andromonoecious,anther,apex,attenuate,base,berry,blade,blue,bright,calyx,cm,diameter,extra-axillary,flattened-reniform,flower,fruit,glabrous,glandular-pubescent,globose,hair,intensity,lanceolate,leaf,light,lobe,margin,midpoint,minutely,mm,orange,outline,ovate,pale,pedicel,peduncle,persistently,petiole,pitted,plant,ray,rounded,shrub,simple,size,stellate,stellate-pubescent,stellate-tomentose,stem,stigma,style,subcordate,surface,triangular-caudate,tube,variable,violet,viscid,x,yellow,–11.5,–15,–4	-9.5,.5,0,0.4,1-4,1.5-2,1.6–2,11-17,14–17,2,2.2-3.2,2/3,25-30,2–3,2–5,4,4–8-rayed,5-8,5-merou,6-8,9,abaxial,abaxiall,abaxially,acicular,actually,acutely,adaxially,along,also,always,alyx,ample,apart,apparent,apparently,appear,armed,aromatic,articulated,ba,becoming,blunt-tipped,branched,broad-based,bud,capitat,caudate,central,chartaceous,clavate,closely,common,contrasting,coroll,curved,cylindrical,darker,deeply,delicate,dense,densely,development,difoliate,directed,discrete,distally,eaf,eed,entire,equal,eventually,evidently,exceeding,expanded,fewer,filament,frequently,fresh,fruiting,geminat,glabrescent,gland,half,herbarium,hermaphrodite,homostylous,interpetalar,juic,lateral,least,like,likely,lobed,long,lower,main,major,material,microscope,midrib,midvein,minor,mostly,much,nearly,nerve,nflorescence,obtuse,often,older,orolla,ovate-oblong,ovate-triangular,pair,paired,per,perfect,perhaps,peripherally,plurifoliate,pore,predominately,prickle,probably,rachi,rarely,reflexed,repand,ruit,sessile,short-stalked,side,similar,sinus,slightly,smaller,sometimes,somewhat,soon,source,spaced,sparsely,specimen,splitting,sprout,stalk,stalked,stamen,stellae,straight,sulcate,tal,tapered,tem,thick-textured,thickened,time,tip,tissue,tomentose,toward,unarmed,unbranched,underside,unequal,unit,unpleasantly,usually,vary,vein,viscidity,way,weakly,white,wide,ympodial,youn,young,–3	4–8,adhesion,arrangement,capitate,climate,colour,corolla,form,glandular,growth,height,history,inflorescence,juicy,length,life,na,number,ovary,perennial,position,presence,present,pubescence,reproduction,rugulose,seed,shape,staman,stipe,texture
199	wfo-0001027223	success	189	97	71	118	26	0.376	.5,0.19-0.75,0.3-1.2,1-3,1.8-3.5,16-41,3-10,3-5.2,3.5-4,3.7-9.3,5-8,5.9-12.2,9-15,9-22,abaxially,adaxially,anther,axillary,brownish,bud,clavate,cm,condition,conical,connivent,corolla,deep,densely,diameter,dot,drying,elliptic,fresh,fruit,glabrous,green,greenish,hair,herb,hyaline,lanceolate,leaf,light,lobe,long,mm,odd-pinnate,ovoid,pedicel,peduncle,pentagonal,petiole,plant,pubescent,purple,ripe,rotate,seed,size,sometimes,stigma,stripe,style,subtending,terminal,tube,white,whitish,wide,x,yellow	1-2,1.3-2,1.5-3.5,2-4,2-7,3-11,3-5,3.5-6,3.5-7,4-6,5-10,5-21,5-merou,9-35,acumen,acuminate,adaxiall,ag,alyx,apart,apex,apparently,articulated,asymmetric,attenuate,axe,base,basiscopic,berry,blade,capitat,cell,covering,decreasing,digestion,distal,dorsally,eaf,edge,eed,end,enzyme,erec,exceeding,filament,flat,flower,folded,forked,geminat,generally,glabrou,green-white,hair-like,hal,half,homostylous,honeycomb-shaped,interjected,larger,lateral,leaflet,lengthening,like,living,lower,make,middle,mucilaginous,nflorescence,one,orbicular,orolla,ovate,pair,perfect,petiolulate,placed,plurifoliate,pore,poricidal,present,removed,rounded,ruit,sessile,seudostipule,short,shortly,side,slightly,slit,spaced,specimen,stamen,ste,stolo,straight,subequal,tall,tamen,tem,testal,thick,throughout,tip,tissue,toward,tri-,tuber,typically,unit,unwinged,usually,vary,wall,wet,ympodial	abaxial,adaxial,adhesion,arrangement,calyx,capitate,colour,form,growth,height,history,inflorescence,length,life,na,ovary,perennial,position,pubescence,reproduction,rugulose,shape,staman,stem,surface,texture
200	wfo-0001027229	success	206	111	82	124	29	0.398	0-0.2,0.1-3,0.2-0.4,0.2-2,0.5-0.9,0.6-1,1-1.5,1-2,1.5-2.5,1.5-3,1.8-2.7,2-5,3-6,3.5-5,3.5-6,4-10,4-5,4-6,4-7,5-15,5-6,7-11,acute,adaxially,anther,apex,attenuate,base,blade,broadly,calyx,chartaceous,cm,cordate,cylindrical,densely,diameter,extra-axillary,fruit,glabrous,glandular,globose,green,hair,herbaceous,inflorescence,lanceolate,lateral,length,lilac,lobe,lobed,long,margin,midpoint,mm,obtuse,ovate,pale,pedicel,peduncle,pentagonal,petiole,present,ray,reniform,resprouter,shallowly,simple,sparsely,stellate,stellate-pubescent,stigma,style,surface,tan,throughout,time,triangular,tube,x,yellow	%,0-0.1,0-8,0.1-0.3,0.1-0.6,0.1-1,0.1-1.4,0.2-1.7,0.5-0.7,0.5-3,0.6-0.7,1-6,1-7,1-8,1.1-1.2,1.3-1.7,12-17,2-10,2-4,2-foliate,2-locular,2.5-6,20-65,25-35,30-145,30-300,40-55,5-9,5-merou,8-12,8.5-12,abaxially,absen,absent,abundant,accrescent,acicular,across,adaxiall,adult,alyx,apart,armed,articulated,axe,ba,branche,capitat,circular,cross-section,decimetre,directed,distall,eaf,eed,eglandular,elliptica,erect,especially,exceeding,exocarp,filament,finger,flattened,flower,fruiting,geminat,gland-tipped,homostylous,index,interpetalar,juicy,lamina,lobing,lon,longer,lower,mature,mesocarp,mid-point,midvein,minute,minutely,moderately,moist,nflorescence,oblique,orolla,part,per,perfect,placenta,pore,porrect,presen,prickle,prostrate,pseudo-racemose,rachi,reticulate,ruit,short,side,spaced,sprawling,stage,stalk,stalked,stellae,straight,tal,tamen,tem,thick,tissue,toward,transparent,unbranched,unit,uvenile,vary,vein,wide,ympodial	adhesion,arrangement,capitate,climate,colour,corolla,form,growth,height,history,leaf,life,na,number,ovary,perennial,plant,position,presence,pubescence,reproduction,rugulose,seed,shape,size,staman,stem,stipe,texture
201	wfo-0001027232	success	195	124	94	101	30	0.482	0-0.1,0.3-0.4,0.3-0.45,0.3-0.5,0.5-0.8,0.6-0.9,0.7-1.5,1.5-2.5,1.5-3,1.8-3.9,2-3.4,2.1-2.8,2.5-3,3.5-10,4-10,4-5.5,4-6,4-8,4.5-6.5,5-11.5,5-8,absent,acute,adaxially,anther,apex,base,black,blade,bluntly,broadly,brown,calyx,chartaceous,cm,cordate,cylindrical,deeply,deltate,diameter,discoid,erect,extra-axillary,flattened,flower,fruit,glabrous,gland-tipped,globose,green,hair,inflorescence,irregularly,lancolate,length,lilac,lobe,lobed,long,margin,mid-point,midpoint,mm,moderately,obtuse,orbicular,outline,ovate,pale,pedicel,peduncle,perennial,petiole,present,purple,ray,rhizomatous,rostrate,short,shrub,simple,sparsely,stellate,stellate-pubescent,stigma,straight,style,surface,thick,throughout,triangular,tube,x,yellow	%,0-7,0.15-0.3,0.25-0.4,0.4-0.8,0.45-0.6,0.7-1.3,0.8-3.2,0.9-7.5,1-10,1-locular,1.1-1.5,10-30,14-18,14-30,15-100,2-25,25-35,3-5,3-9,350-800,5-merous,6-8,7-9,abaxially,absen,accrescent,acicular,across,adaxiall,adult,apart,apparen,armed,articulated,axe,ba,branche,capitat,confined,decimetre,directed,distall,distributed,eaf,eed,eglandular,exocarp,filament,finger,forked,fruiting,half,incomplete,index,juicy,lamina,lateral,less,lobing,longer,lower,mature,mesocarp,midrib,midvein,minute,minutely,nflorescence,oblique,orolla,part,per,perfect,placenta,pore,porrect,prickle,reticulate,ruit,septum,sessile,side,spaced,sparse,stalk,stellae,succulent,tal,tamen,tem,time,transparent,unarme,unbranched,unit,unknow,vary,vein,wide,ympodial	adhesion,arrangement,capitate,climate,colour,corolla,form,glandular,growth,height,history,leaf,life,na,number,ovary,plant,position,presence,pubescence,reproduction,rugulose,seed,shape,size,staman,stem,stipe,texture,unknown
202	wfo-0001027234	success	206	131	99	107	32	0.481	-0.15,-3,-3.5,0.05-0.1,0.1,0.2-1.3,0.3-1,0.5-2,0.5-3,0.6-0.8,0.7-1.3,0.7-1.5,0.8-0.9,0.9-1.6,1-2,1.5-2.2,1.5-4,1.8-3,12-18,2-4,2/3-4/5,3-5,8-16,abaxially,acute,almost,anther,apex,apically,attenuate,base,berry,black,blade,broad-deltate,brown,calyx,cm,concolorous,cordate,dark,diameter,drying,entire,equal,erect,flattened-reniform,fruit,glabrescent,glabrous,herb,lateral,leaf,length,lobe,lobed,long,margin,maturity,mauve,membranous,midpoint,mm,moderately,near,oblong,obtuse,orbicular,ovate,pale,pedicel,peduncle,petiole,poricidal,purple,ray,red,rounded,scandent,shrub,simple,smooth,sometimes,sparsely,spherical,spreading,stellate,stellate-pubescent,stem,style,surface,tapering,tip,trichome,tube,unarmed,way,wide,yellow	-1.5,-2,-6,.5,0-20,0-4,0.1-2,0.15,0.3-0.4,0.5-0.7,1,1-4,1.2-2,1.5-3.5,1/3,1/4-1/3,3-10,3-6.5,4-5-merous,8-15,absent,acuminat,alyx,apar,apart,apparently,articulated,bark,beyond,blac,branched,cell,curved,deltate,difoliate,dot,eaf,eed,elongating,eye,filament,filiform,flower,free,fruiting,geminat,glabrou,glan,gland,globular,gray,green,herbaceous,infructescence,longer,lower,mature,multangulate,naked,narrowly,nflorescence,older,one,open,orolla,oung,outline,pair,pendulous,per,perfec,pericarp,perpendicular,pit,porrect,portion,prickle,prickly,primary,protruding,raised,reduced,reflexed,ruit,scar,scattered,sessile,shorter,slightly,spaced,stalk,stalked,straight,tamen,terete,tertiary,time,unarme,unit,vary,vein,venation,visible,white,winged,yellowish,ympodial	acuminate,adhesion,arrangement,climate,colour,corolla,form,glandular,growth,hair,height,history,inflorescence,life,na,number,ovary,perfect,plant,position,presence,present,pubescence,reproduction,rugulose,seed,shape,size,staman,stigma,stipe,texture
203	wfo-0001027235	success	189	115	86	103	29	0.455	.5,0.5,1,1.2,1.5,10,11,12,14,18,2,2.5,3,30,35,4,40,8,9,?,accrescent,anther,apex,armed,base,black,blade,brown,calyx,chartaceous,chocolate-brown,cm,completely,covering,deeply,densely,diameter,difoliate,extra-axillary,flower,fruit,fruiting,glabrous,globose,green,hair,herb,leaf,length,linear-lanceolate,lobe,lobed,margin,midpoint,mm,moderately,narrowly,nearly,obtuse,pedicel,peduncle,per,petiole,pinnatifid,pinnatisect,prickle,pubescent,ray,reniform,rotate-stellate,rounded,sparsely,stellate,stem,stigma,strongly,style,surface,tan,triangular,tube,turning,white,yellow,zygomorphic,×	13,5,5-merous,6,abaxial,abaxially,absent,abundant,acicular,acute,adaxial,adaxially,alternating,alyx,apart,articulated,asymmetrical,axe,ba,berry,burr-like,c.,cordate,creating,curved,cylindrical,dimorphic,directed,distally,dry,drying,eaf,eed,enantiostylou,filament,four,geminate,glabrou,gland-tipped,interpetalar,introrsely,invested,irregularly,larger,left-handed,like,lon,long,longitudinal,lower,lowermost,maturity,midrib,midvein,multicellular,multiseriate,nflorescence,occasional,occasionally,often,one,opening,opposite,orolla,pair,pinnate,pore,prickly,rachi,raised,ridge,right,ruit,secondary,shallowly,side,simple,slightly,slit,spaced,stalk,ste,straight,tamen,tapering,tearing,tem,tightly,tissue,unbranched,undulate,unequa,unicellular,uniseriate,unit,upper,upward,usually,vary,vein,venation,wid,ympodial	adhesion,arrangement,climate,colour,corolla,form,glandular,growth,height,history,inflorescence,life,na,number,ovary,perennial,plant,position,presence,present,pubescence,reproduction,rugulose,seed,shape,size,staman,stipe,texture
204	wfo-0001027236	success	199	146	118	81	28	0.593	-4.5,-5,/6,1,1-1.5,1-2.5,1-3,1.5-2,10,10-20,2-2.5,2-3,2-5,2-6,2.5-,3-3.5,3-4,4-5,5-,5-6,5-9,7-14,8-10,abaxially,acute,adaxially,anther,anthesi,apex,articulated,asymmetric,basal,base,becoming,berry,blue,branched,brown,calyx,chartaceous,clavate-truncate,cm,cordate,corolla,dark,densely,diameter,flattened,flower,foveolate,fruit,fused,glabrous,glandular,glandular-hirsute,globose,green,growth,heterostylous,internodal,lanceolate,length,like,lobe,lobed,lobed-angulate,long-styled,margin,middle,midpoint,minutely,mm,older,ovary,ovate-cordate,pedicel,peduncle,petiole,plant,prickle,pubescence,pubescent,ray,reniform,reticulate,ripe,rounded,runcinate,rusty,short-styled,shrub,simple,stellate,stellate-pilose,stem,stigma,style,subcoriaceous,subglobose,suborbicular,subsagittate,surface,tapering,terete,tiny,trichome,tube,unarmed,villous,villous-glandular,violet,viscid,woody,x,yellow,yellow-orange,young,¼	-82,0.2-0.3,0.6-0.7,1-2,1.2-1.5,2-,3-8,30-50,5-8,armed,bark,brow,caly,closely,compressed,discolorous,distal,eaf,eed,eglandular,erect,exserted,filament,free,fruiting,glabrescent,gland-tipped,lateral,lengthening,light,long,lower,minute,mixed,multangulate,nearly,new,nflorescence,obverse,ochraceous,ovate-turbinate,papillo,partially,per,perfect,pericarp,plurifoliat,pore,poricidal,porrect,portion,prickly,raise,recurved,reflexe,ruit,scandent,scar,sessile,slightly,slit,smooth,somewhat,space,sparsely,stalked,staminate,stellate-glandular,striped,tall,testa,tip,ud,unevenly,unit,upper,velutinous,viscid-tomentose,woolly,ympodial,½	2-5-8,adhesion,arrangement,blade,climate,colour,form,hair,height,history,inflorescence,leaf,life,na,number,papillose,perennial,position,presence,present,reproduction,rugulose,seed,shape,size,staman,stipe,texture
205	wfo-0001027237	success	122	103	64	58	39	0.525	0.5-1,1-1.2,1.5-2,1.5-2.5,2-3,3-3.5,3-4,6-11,6-8,8,anther,apiculate,bark,base,black,broadly,brown,calyx,clavate,cm,corolla,cucullate,cup-shaped,dark,deltoid,drying,flattened,glabrous,globose,green,greenish-white,inflorescence,internodal,leaf,lobe,lobed,margin,minutely,mm,ovary,paler,papillate,papillose,pedicel,pitted,reflexed,regularly,reniform,scar,shaped,shrub,small,spaced,stem,stigma,style,surface,tear-drop,tip,tree,tube,white,widely,x	.5,/4,30-100-flowered,5,anthesi,apart,apiculae,appearing,ba,berry,blac,branc,branched,completely,deflexed,dia,difoliate,edicel,eed,ellipsoid,erect,exsertion,filament,free,fruiting,geminate,greyi,later,long,lower,many,nflorescence,occasionally,older,papillo,part,plurifoliat,pore,poricidal,portion,regulary,ruit,shining,slender,straight,tall,tapering,terminal,time,ud,unit,upper,usually,way,woody,x.,ympodial,young	0.5,adhesion,apex,arrangement,blade,bud,climate,colour,diameter,form,fruit,glandular,greyish,growth,hair,height,history,length,life,midpoint,na,number,peduncle,petiole,plant,position,presence,pubescence,ray,reproduction,rugulose,seed,shape,size,spacing,staman,stellate,stipe,texture
206	wfo-0001027238	success	204	128	97	107	31	0.475	.3,0-1,0-1.5,0.3-0.5,0.3-0.8,0.3-5,0.5-1,0.5-16,1-1.5,1.5-3,1.5-4,15-30,2-4,3-4,3-6,4-10,5-15,abaxially,acuminate,acute,adaxially,anther,apex,base,black,blade,brown,calyx,chartaceous,cm,connivent,cuneate,deltate,densely,diameter,elliptic,elliptic-ovate,entire,equal,extra-axillary,flattened,flower,foliaceous,fruit,glabrescent,glabrous,globose,hair,lavender,leaf,light,like,lobe,margin,membranaceous,midpoint,mm,multangulate,near,oblique,oblong,obtuse,outline,pale,pedicel,peduncle,petiole,porrect-stellate,pubescent,purple,ray,reniform,ripe,rounded,shiny,shrub,simple,small,sometimes,sparsely,stellate,stellate-pubescent,stem,stigma,strongly,style,surface,tip,toward,tree,tube,unequal,white,whitish,x,yellow,yellowish	-25,-5,.5,0-0.7,0.3-1,0.5-2,1-2,1.5-7,10,2-3,3-5,4-,4-16,4-5,4-8,5-7,5-merou,6-15,6-8,accrescent,adaxiall,ag,alyx,apparently,articulated,axe,ba,berry,branch,capitat,contiguous,covering,cylindrical,dark,differentiated,directed,discolorous,distally,eaf,eed,filament,fleshy,fork,free,frui,fruiting,geminate,gland,gland-tipped,green,greenish,growt,homostylous,interpetalar,introrsely,juic,large,lighter,long,longitudinal,lower,major,minor,minutely,mixed,narrowly,nearly,new,nflorescence,often,one,opening,orolla,paired,part,perfect,pericarp,pitted,plurifoliate,pore,rachi,ruit,scandent,sessile,short-stalked,side,similar,slit,somewhat,sparse,sprawling,ste,straight,subtending,tamen,tem,time,tissue,triangular,unarme,unbranched,unit,vary,vein,wide,without,ympodial	adhesion,arrangement,capitate,climate,colour,corolla,form,glandular,growth,height,history,inflorescence,length,life,na,number,ovary,perennial,plant,position,presence,present,pubescence,reproduction,rugulose,seed,shape,size,staman,stipe,texture
207	wfo-0001027242	success	238	113	86	152	27	0.361	0-0.7,0.15-0.25,0.25-0.5,0.3-0.5,0.3-1.1,0.6-3,0.7-1.2,1-2.5,1.5,1.5-2,1.5-3,1.9-5,2.5-3,2.8-3.7,4-5.5,4.5-11,5.5-7,6-21,6-8,7-8,absent,acute,anther,apex,base,blade,calyx,chartaceous,cm,cuneate,deltate,densely,diameter,entire,extra-axillary,flattened,fruit,glabrous,gland-tipped,globose,hair,inflorescence,leaf,length,light,lobe,lobed,margin,midpoint,minutely,mm,moderately,narrowly,orange,ovate,pale,pedicel,peduncle,perennial,petiole,pink,plant,present,purple,ray,red,reticulate,rhizomatous,rostrate,shallowly,short,shrub,simple,sparsely,stellate,stellate-pubescent,stigma,style,subcoriaceous,surface,toward,tube,white,whitish,x,yellow	%,.05,.2,0-1.5,0-15,0-20,0-5,0.2-0.7,0.2-1,0.5-1,0.6-0.9,1-1.2,1-1.5,1-2,1-locular,10-22,12-16,15-25,2,2-2.9,2-3,3-12,3-4.5,3-6,3-7,3.5-4.5,4-30,4-7,4.5-10.5,5-merou,6-14,6-7,8-15,9-11,abaxially,absen,accrescent,acicular,across,adaxially,adult,alyx,andromonoecious,apart,apparen,articulated,axe,ba,bract-like,branch,branche,capitat,confined,connivent,contiguous,cylindrical,directed,distall,dm,eaf,eed,erect,exocarp,filament,finger,flower,forked,fruiting,geminate,green,half,heterostylous,incomplete,index,interpetalar,juicy,juvenile,lamina,lateral,less,lobing,long,longer,loosely,lower,mature,mesocarp,mid-point,midrib,midvein,minute,mixed,much,nearly,nflorescence,oblique,obtuse,occasionally,often,one,orolla,pair,part,per,perfect,placenta,plurifoliate,pore,porrect,prickle,pseudo-racemose,pseudo-umbellate,rachi,rooting,rounde,ruit,septum,sessile,side,slightly,smaller,smooth,spaced,sparse,sprawling,stellae,straight,strongly,succulent,tall,tamen,tapered,tem,thick,throughout,time,tip,tissu,tissue,triangular,unarme,unarmed,unbranched,unit,upper,usually,vary,vein,weakly,wide,yellowish,ympodial	adhesion,arrangement,capitate,climate,colour,corolla,form,glandular,growth,height,history,life,na,number,ovary,position,presence,pubescence,reproduction,rugulose,seed,shape,size,staman,stem,stipe,texture
208	wfo-0001027244	success	294	124	96	198	28	0.327	-12,-2,-3.2,.5,0.05,0.2-1,0.3-0.6,0.45-0.6,0.5-0.8,0.7-1.5,0.9-1.3,1,1.1-1.3,1.2-1.6,1.5-2.4,1.5-6.5,1.7-3.0,2.1-8,3.5-13,4-12,7-12,acute,anther,apex,base,bifurcate,branched,broadly,brown,calyx,capitate,cm,cordate,corolla,crenate,curved,dark,deltate,densely,dentate,diameter,elliptic,fruit,glabrous,glandular,globose,green,greenish,herb,imparipinnate,inflorescence,interrupted,irregularly,lanceolate,length,lobe,lobed,long,margin,minute,mm,narrowly,obovate,often,orbicular,ovary,pedicel,peduncle,perennial,petiole,present,pubescent,purple,rotate-stellate,rounded,simple,size,slender,sparsely,stem,stigma,stripe,strongly,style,surface,thick,trichome,truncate,tube,uniseriate,velvety,vivid,white,wide,woody,yellow	-1.2,0-,0.02-,0.04-,0.05-1,0.07-0.15,0.1-,0.1-0.3,0.1-0.5,0.1-0.6,0.15-0.2,0.2,0.2-,0.25-0.4,0.3,0.3-0.4,0.3-0.5,0.3-0.8,0.4-,0.4-0.6,0.4-1,0.5,0.5-1,0.6-0.9,0.6-09,0.7-1,0.7-2,0.7-3,0.8-1.2,0.9-1.7,1-2-celled,1-2.5,1-3.5,1-celled,1.5-2,1.5-2.1,1/2,2-,2-4,2-4-celled,2-9,2-foliate,2-locular,3-5,3/4,4-celled,5-,5-10,5-9-celled,8-16,8-celled,abaxially,absent,abundance,abundant,acroscopically,acuminate,adaxially,adpressed,alfway,along,also,always,amongst,angled,anthesi,apical,apparently,appearance,appendage,arequipa,around,articulated,articulatio,articulation,axi,basal,berr,berry,bract,bracteate,c.,cage,cell,column,common,conical,deciduous,decumbent,decurrent,deeper,dense,density,developed,diamete,distal,eaf,edicel,eed,eglandular,either,elliptical,erect,exserted,extremely,filament,flower,flushed,forming,fruiting,general,giving,glabrescent,gland,gree,hair-like,half,halfway,head,hyaline,interjected,internode,investing,lamina,larger,largest,lateral,leaflet,leave,like,lobing,lon,longer,lower,middle,midvein,mixed,mixture,multicellular,near,node,oblique,occasionally,onto,outgrowth,pair,papillate-pubescent,patent,petiolule,population,primary,pseudostipule,rachi,reflexed,rest,ripe,ruit,scattered,secondary,sessile,shaggy,short,shorter,silky,sinus,small,sometimes,somewhat,sparse,sparser,spreading,staminal,sterile,stout,straight,tall,tem,terminal,tertiary,testa,tiny,tip,tipped,toward,two,ud,undulate,unicellular,unit,united,upper,usually,variable,variety,vein,wall,winged,ympodial	adhesion,arrangement,blade,climate,colour,form,growth,hair,height,history,leaf,life,midpoint,na,number,plant,position,presence,pubescence,ray,reproduction,rugulose,seed,shape,staman,stellate,stipe,texture
209	wfo-0001027248	success	158	114	81	77	33	0.513	.5,0.5-1,0.5-2.5,0.7-1.2,1-1.5,1-2,1-3,1-5,3-4,3-7,3.5-4,5-5.5,6-13,6.5-8,abaxially,acute,adaxially,anther,apex,arachnoid,arachnoid-pubescent,area,base,beige,broadened,broadly,brown,calyx,cm,conical,corolla,dark,deltate,densely,dia,difoliate,dirty,elliptic,fruit,geminate,glabrous,globose,green,leaf,lobe,lobed,long,margin,merely,minutely,mm,nearly,occasionally,opposite,ovary,ovoid-reniform,pale,patch,pedicel,petiole,pitted,poricidal,pubescence,pubescent,scattered,shrub,size,small,sparsely,stem,stigma,style,surface,tip,top,tree,trichome,tube,unifoliate,white,wide	0,2-2.5,2-4.5,3-7-flowered,4-8,7-9,abaxial,along,anthesi,ape,appearing,arachnoid-pubescen,bark,beneath,berry,brownish,brownish-gra,closely,deflexed,denser,differing,eaf,edicel,eed,ellipsoid,erect,exserted,felty,filament,fleshy,free,fruiting,glabrescent,grayish-green,impressed,lamina,later,lateral,lightly,lower,main,major,minor,nflorescence,node,older,overlappin,pair,papillo,papillose,per,planar,pore,portion,present,ruit,scar,shaped,shoot,simple,somewhat,soon,spaced,specimen,strongly,tall,tear-drop,thick,tub,ud,unit,vein,wid,winged,woody,ympodial,young	adhesion,arrangement,blade,brownish-gray,climate,colour,diameter,form,glandular,growth,hair,height,history,inflorescence,length,life,midpoint,na,number,peduncle,perennial,plant,position,presence,ray,reproduction,rugulose,seed,shape,staman,stellate,stipe,texture
210	wfo-0001027258	success	178	142	105	73	37	0.59	/4,0.25-0.5,0.5-1,0.6-2,0.9-1.3,1-2.3,1.2-2,1.5-1.6,2-2.5,3-4,3-6,3.5-4,4-5,4.5-5,6-8,7-13,abaxially,acuminate,acute,adaxially,age,along,anther,apex,apical,attenuate,axil,bark,base,broadly,calyx,capitate,cm,corolla,decurrent,deltate,densely,dia,ellipsoid,elliptic,entire,evenly,exserted,flattened-reniform,fruit,fruiting,glabrous,globose,green,greenish-yellow,internodal,large,lateral,leaf,length,lengthening,lenticel,lobe,lobed,main,margin,minutely,mm,occasionally,onto,opposite,ovary,ovate,pale,papillose,pedicel,petiole,pitted,pore,poricidal,projection,prominent,pubescent,reddish,scar,shrub,simple,size,slightly,slit,spaced,sparsely,stem,stigma,strongly,style,surface,tip,treelet,trichome,tube,tuft,uniseriate,urceolate,vein,way,white,winged,x,yellowish-tan	.25,.5,1-1.5,1-4,2.5-8,5-10-flowered,7-9,abruptly,anthesi,apar,apiculae,ba,beneath,berry,crystal,darker,deflexed,dense,deposit,differing,difoliate,dissecting,drying,eaf,edicel,eed,enlarge,extending,fide,filament,fragrant,free,geminat,glabrou,incrassate,lamina,long,lower,major,microscope,middle,minor,minute,nee,nflorescence,often,older,pair,papillo,planar,portion,red-papillose,ruit,sand,scattered,slender,small,speck,straight,sweetly,swollen,tall,tiny,tub,ud,unit,visible,widening,widest,woody,yellowish,ympodial,young	0.25,adhesion,apart,arrangement,blade,bud,climate,colour,diameter,exsertion,form,glandular,growth,hair,height,history,inflorescence,life,midpoint,na,number,peduncle,perennial,plant,position,presence,pubescence,ray,reproduction,rugulose,seed,shape,spacing,staman,stellate,stipe,texture
211	wfo-0001027260	success	176	126	90	86	36	0.511	0.25-1,0.5-3,0.5-6.5,0.8-2,1-3,1-4,1-6,1.5-13,1.5-2,10-25,2-10,2-18,2-2.5,2.5-3.5,3-11,3-4.5,3-6,3.5-25,4-32,6-20,abaxially,acuminate,acute-,adaxially,age,also,apex,basal,base,blade,branched,chartaceous,clavate,cm,cordate,darker,densely,diameter,eglandular,ellipsoidal,elliptic,elliptic-ovate,entire,fading,flattened,fruit,glabrate,glabrous,globose,greenish,hair,lanceolate,lavender,lobe,long,longitudinal,margin,mm,moderately,often,ovate,pedicel,peduncle,petiole,pilose,pink,puberulent,puberulent-pubescent,pubescent,pubescent-pilose,purple,shrub,simple,small,sparsely,stellate,stigma,stripe,style,subcoriaceous,tree,truncate,tube,unbranched,vein,white,x,yellow,yellow-green,yellowish	-17,-2,-60,-7,0.5-1,0.75-1,1-,1-2,1-7,15-30,2-,2.5-14,3-,3-10,4-25,4-5-foliat,4-6,4.5-14,5-,5-25,5-40,5-merous,absent,acute,aggregate,alyx,apart,ape,articulated,axe,berry,beyond,cell,connective,connivent,cylindrical,diamete,directed,distally,eaf,eed,equal,exceeding,exserted,flower,leaving,lon,lower,membranaceous,narrowly,nearly,nflorescence,nther,obtuse,orolla,pedicellar,perfec,perfect,pilo,pore,presen,puberulent-pubescen,rachi,radiu,remnant,ruit,shorter,slightly,spaced,stamen,stone,strongly,tal,tapered,tem,thecae,time,tomento,triangular,ud,unit,usually,vary,wide,yellow-orang,ympodial	adhesion,anther,arrangement,calyx,climate,colour,corolla,form,glandular,growth,height,history,inflorescence,leaf,length,life,midpoint,na,number,ovary,plant,position,presence,present,pubescence,ray,reproduction,rugulose,seed,shape,size,staman,stem,stipe,surface,texture
212	wfo-0001027265	success	159	92	57	102	35	0.358	0.2-0.4,0.5-1,1.2-2,2,2-3,2/3,abaxially,adaxially,anther,base,calyx,chartaceous,ciliate,cm,diameter,extra-axillary,flattened-reniform,fruit,glabrous,globose,herb,hermaphroditic,leaf-opposed,light,lobe,lower,minutely,mm,nearly,oblong,orange,ovate-lanceolate,pedicel,peduncle,petiole,pitted,puberulent,pubescent,purple,recurved,red,rotate-stellate,seed,simple,sometimes,sparsely,stigma,style,subcoriaceous,surface,tip,triangular,tube,white,white-puberulent,x,yellow	-2.5,.2,.3,.5,0.1–2,0.5,0.5–0.6,1-1.3,1-2.5,1-3,1.2-1.3,1.2–1.4,1.5-2.5,1.5–1.8,1.5–2,1.5–4,2-,2-4,20-30,2–2.5,2–3,3-,3-lobed,30–50,4-5,4.5–8,4–6,4–7-branched,5-merou,58409,accrescent,acute,adaxiall,alyx,apart,apex,apparently,articulated,axe,ba,berry,blade,broad,capitat,connivent,covering,croat,cylindrical,dehiscent,eaf,eed,entire,erect,filament,flower,foliate,frui,fruiting,geminat,granule,hair,juic,larger,lon,long,long-attenuate,longitudinall,low,margin,mesocarp,near,nflorescence,node,numerous,obtuse,orolla,paired,partially,pore,present,prominent,rachi,rarely,ripe,rooting,ruit,scarcely,sclerotic,slightly,somewhat,spaced,tall,tamen,tem,time,unit,usually,vary,weak,wide,winged,ympodial	0.1-2,0.5-0.6,1.2-1.4,1.5-1.8,1.5-4,2-2.5,30-50,4-6,4.5-8,adhesion,arrangement,capitate,colour,corolla,form,growth,height,history,inflorescence,leaf,length,life,na,ovary,perennial,plant,position,pubescence,reproduction,rugulose,shape,size,staman,stem,texture
213	wfo-0001027265	success	156	91	56	100	35	0.359	0.2-0.4,0.5,0.5-1,1.2-2,2,2-3,2/3,abaxially,adaxially,anther,calyx,chartaceous,ciliate,cm,diameter,extra-axillary,flattened-reniform,fruit,glabrous,globose,herb,hermaphroditic,leaf-opposed,light,lobe,lower,minutely,mm,nearly,oblong,orange,ovate-lanceolate,pedicel,peduncle,petiole,pitted,puberulent,pubescent,purple,red,rotate-stellate,seed,simple,sometimes,sparsely,stigma,style,subcoriaceous,surface,tip,triangular,tube,white,white-puberulent,x,yellow	-2.5,.2,.3,.5,0.1–2,0.5–0.6,1-1.3,1-2.5,1-3,1.2-1.3,1.2–1.4,1.5-2.5,1.5–1.8,1.5–2,1.5–4,2-,2-4,20-30,2–2.5,2–3,3-,3-lobed,30–50,4-5,4.5–8,4–6,4–7-branched,5-merou,58409,accrescent,acute,adaxiall,alyx,apart,apex,apparently,articulated,axe,ba,base,blade,broad,capitat,connivent,covering,croat,cylindrical,dehiscent,eaf,eed,entire,erect,filament,flower,foliate,frui,fruiting,geminat,granule,hair,juic,larger,lon,long,long-attenuate,longitudinall,low,margin,mesocarp,near,nflorescence,node,numerous,obtuse,orolla,paired,partially,pore,prominent,rachi,rarely,recurved,ripe,rooting,ruit,scarcely,sclerotic,slightly,somewhat,spaced,tall,tamen,tem,time,unit,vary,weak,wide,winged,ympodial	0.1-2,0.5-0.6,1.2-1.4,1.5-1.8,1.5-4,2-2.5,30-50,4-6,4.5-8,adhesion,arrangement,capitate,colour,corolla,form,growth,height,history,inflorescence,leaf,length,life,na,ovary,perennial,plant,position,pubescence,reproduction,rugulose,shape,size,staman,stem,texture
214	wfo-0001027276	success	219	96	64	155	32	0.292	-22,.5,1,1.5,10,6,7,80,alternate,anther,bifid,black-green,brown,calyx,clonal,cm,cone,conspicuously,corolla,dense,diameter,drying,fruit,glabrous,globular,gray-green,green,growth,indumentum,inflorescence,lanceolate,least,length,linear,lobe,loose,minutely,mm,new,oblong-lanceolate,ovary,pedicel,petiole,plant,prickly,purple,reticulate,scabrous,short,slightly,somewhat,staman,stellate,stellate-funnelform,stem,stigma,style,subshrub,surface,tapered,trichome,unequal,yellow-green,×	0,0.5,0.5–1,1.2–1.5,1.5–2,1–1.5,1–2,2,2–5,2–6,4–5,4–9,5,5-merous,5–10,5–12mm,5–7,9–12,absent,acuman,acumen,acute,ale,along,alyx,anthesi,apex,apparently,armed,around,aspect,ba,base,becoming,beneath,berry,beyond,boht,borne,branche,broadly,c.,caly,central,covered,cyme,dark,densely,detaching,different,dioeciou,drop,eaf,eduncle,eed,ending,entire,erect,even,eventually,except,expanding,exserted,extending,falling,female,filament,filiform,fine,flower,following,functionally,fused,gra,growt,hermaphrodite,inaperturate,including,ingle,largest,lighter,lobed,lon,long,lower,margin,mostly,mout,near,newer,next,older,open,opening,orphologically,petal,plurifoliat,pollen,poricidal,porrect-stellate,prickle,producing,proportion,ra,rarely,red-tinged,remaining,resprout,retained,rickle,rotate,ruit,ruiting,scarcely-rooted,scattered,seaso,shed,shor,side,slender,small,solitary,sparsely,splitting,stalked,stamen,staminate,stellate-pubescent,stigmatic,stolon,straight,successively,surrounding,suture,taminate,tapering,tem,tending,throughout,time,tip,toward,type,unarme,underground,unit,verall,vestigial,wavy,wide,widened,without,woody,ympodial,–	-,1-1.5,1.2-1.5,1.5-2,2-5,4-5,4-9,5-10,5-7,adhesion,arrangement,colour,dioecious,form,height,history,leaf,life,na,peduncle,position,presence,present,pubescence,reproduction,rugulose,seed,shape,size,texture,tube,unarmed
215	wfo-0001027284	success	172	122	88	84	34	0.512	.3,0.1–0.5,0.2–,0.7–0.9,0.7–1,1.2–1.5,1.5–2,1.5–2.5,1.5–8,1.8–2,1–1.5,1–3,2.5–3.5,2–2.2,3.5–14,3–4,4,4–12,4–6,9–18,abaxially,acuminate,acute,adaxially,anther,apex,axillary,base,blade,brownish,calyx,cm,cordate,deltoid,diameter,elliptic,entire,extra-axillary,fine,flattened-reniform,flower,fruit,glabrous,globose,green,inflorescence,lobe,long,margin,maturity,midvein,minutely,mm,near,nearly,oblique,orangish,ovate,ovoid,pale,pedicel,peduncle,petiole,pubescence,pubescent,rarely,reticulate-rugulose,rounded,scandent,shortly,shrub,simple,size,sometimes,soon,sparsely,stellate,stem-terminal,stigma,style,surface,tan,tip,truncate,tube,vine,white,x	0.1–2,1.5–5.5,1–2,2.5–3,2–16,5-merous,5–7,5–8,accrescent,alyx,anthesi,axe,berry,branch,branched,c.,capitat,ciliat,climbing,conspicuous,contiguousl,cylindrical,deflected,densely,distally,eaf,eed,enlarged,filament,flattened,fleshy,fruiting,glabrescen,glabrou,gradually,herbaceous,immature,leafy,lower,m.,nflorescence,nternode,one,orolla,pair,pendulou,perfec,pink,pinnate,planar,plurifoliate,pointed,prominent,rachi,reduced,ruit,sand-punctat,sand-punctate,scar,secondary,seen,side,slightly,somewhat,spaced,spreading,tamen,tem,thickened,thickly,time,toward,tree,unbranched,understory,unifoliat,unit,vary,vein,venation,weakly,wide,woody,ympodial	adhesion,arrangement,capitate,climate,colour,corolla,form,glabrescent,glandular,growth,hair,height,history,leaf,length,life,midpoint,na,number,ovary,perennial,perfect,plant,position,presence,ray,reproduction,rugulose,seed,shape,staman,stem,stipe,texture
216	wfo-0001027289	success	194	112	83	111	29	0.428	0-0.7,0.25-0.7,0.3-1,0.5-0.7,0.5-1.4,0.8-2.6,1.1-1.5,1.4-1.8,1.5-3.5,10.5-12.5,2.5-2.8,3.5-5,3.5-7.5,4-11,4-7,5.5-7.5,6-8,6-9,abaxially,absent,acute,adaxially,anther,apex,base,black,blade,broadly,brown,calyx,chartaceous,cm,connivent,cordate,cylindrical,deltate,densely,diameter,eglandular,entire,fruit,glabrous,gland-tipped,globose,green,grey,hair,inflorescence,lanceolate,leaf-opposed,length,lobe,lobed,long,margin,midpoint,mm,obtuse,ovate,pedicel,peduncle,perennial,petiole,pink,plant,present,purple,ray,rhizomatous,rusty,shallowly,short,shrub,simple,stellate,stellate-pubescent,style,tube,white,x,yellow,yellowish,yellowish-green	%,.05,0-1,0-3,0.05-0.1,0.3-0.9,0.4-0.8,1,1-2,1-5,1.2-2.5,1.3-1.5,1.5-2,1.5-2.3,10-16,12-17,16-35,2-foliate,2.4-3,30-160,4-locular,5-merou,7-10,7-13,7-8,absen,accrescent,acicular,across,adaxiall,alyx,andromonoecious,apart,articulated,ascending,axe,ba,bark,circular,cork,cross-section,directed,distall,distally,distributed,dm,eaf,eed,elliptica,erect,exocarp,finger,flower,fruiting,functional,furrowed,geminate,glabrou,half,heterostylous,juicy,lamina,lateral,less,longer,lower,markedly,mature,mesocarp,mid-point,minute,moist,nflorescence,oblique,orolla,part,per,placenta,pore,porrect,prickle,probably,pseudo-racemose,ruit,solitary,spaced,stage,stalk,stalked,stellae,straight,strongly,tal,tamen,tem,thick,thicker,thicknes,throughout,time,transparent,unarme,unarmed,unbranched,unit,unknow,uvenile,vary,weakly,wide,ympodial	adhesion,arrangement,climate,colour,corolla,form,glandular,growth,height,history,leaf,life,na,number,ovary,position,presence,pubescence,reproduction,rugulose,seed,shape,size,staman,stem,stigma,stipe,surface,texture
217	wfo-0001027290	success	165	113	81	84	32	0.491	%,.8,0-2.5,0.1-0.9,0.3-0.5,0.8-1.2,0.9-1.2,1.1-4.4,1.4-1.6,1.5-1.8,1.5-2,2.8-5.5,20-45,3.5-5,4-6,5-9.5,6-8,7-8,8-10,8-9,absent,adaxially,anther,apex,articulated,attenuate,base,blade,broadly,calyx,chartaceous,cm,cordate,cylindrical,densely,diameter,entire,extra-axillary,flower,fruit,glabrous,gland-tipped,globose,green,grey-green,hair,inflorescence,lamina,length,lobe,lobed,long,margin,mid-point,midpoint,mm,moist,obtuse,ovate,pedicel,peduncle,perennial,petiole,present,purple,ray,rhizomatous,rusty,shallowly,short,shrub,simple,sparsely,stellate-pubescent,style,thick,tube,unknown,x,yellow,yellowish-green	0-0.7,0-1,0-3,0.05-0.25,0.2-0.4,0.7-0.9,0.7-1.2,1-1.7,1-2,1-5,1.6-1.8,11-15,180-420,2-11,2-6,3-35,3-5,3-6,5-20,5-merou,50-70,abaxially,acicular,across,adaxiall,alyx,apart,armed,ascending,axe,ba,d.,directed,distall,distributed,eaf,eed,eglandular,erect,finger,fruiting,functional,half,juic,lateral,lon,longer,lower,mature,mesocarp,midvein,minute,nflorescence,oblique,onl,orolla,part,per,pore,porrect,presen,prickle,pseudo-racemose,ruit,spaced,stage,stalk,stellae,straight,tal,tamen,tem,throughout,time,unbranched,unit,unknow,uvenile,vary,vein,white,wide,yellowish,ympodial	adhesion,arrangement,climate,colour,corolla,form,glandular,growth,height,history,juicy,leaf,life,na,number,ovary,plant,position,presence,pubescence,reproduction,rugulose,seed,shape,size,staman,stellate,stem,stigma,stipe,surface,texture
218	wfo-0001027299	success	237	143	92	145	51	0.388	2.7,5.2,abaxially,acuminate,anther,apex,asymmetric,base,becoming,blade,calyx,campanulate,cm,composed,cordate,deltoid,densely,diameter,distally,elongating,entire,erect,expanded,flower,fruit,glabrous,globose,hair,hirsute,inflorescence,initially,intense,interwoven,lanceolate,lateral,leaf,length,lenticular,linear,lobe,long,margin,midpoint,minutely,mm,narrowly,obtuse,orange,ovate,overtopped,pedicel,peduncle,pentagonal,petiole,pitted,plump,pubescence,pubescent,purplish,ray,reniform,repand,ripe,rotate,short-stalked,shrub,similar,simple,slightly,somewhat,soon,stalked,stellae,stellate,stellate-pubescent,stellate-tomentose,stem,stigma,style,sun,surface,tan,terminal,thick-textured,truncate,tube,undulate,usually,violet,weakly,yellow,young	.5,0.2–3,0.3–0.8,0.5–1.5,0.8–1,0.8–1.2,0–10,1.2–1.5,1.3–1.7,1.5,1.5–3,1.5–4,11–17,15,15–19,1–2,1–3.5,1–4,2.5–4,2.5–5,25-30,2–13,2–2.7,3–3.5,4.5–13,4–10,5,5-merou,5–10,5–12,6,6–10,6–8,6–9,7–11,7–9,8–13,8–20,9–25,abaxial,accrescent,acicular,adaxially,along,alyx,apart,apiculate,apparently,appearing,articulated,ascending,axe,barely,branch,branched,bristle,bristle-like,broadly,c.,cauline,common,conduplicate,contiguous,coriaceous,deciduou,delicate,deltate,dense,densest,developed,directed,distall,eaf,eed,equalling,erry,exceeding,falcate,filament,filiform,fruiting,geminat,glabrou,intergrading,internode,intervening,like,long-stalked,lower,maturit,midvein,midzone,mixed,nearly,nflorescence,often,one,orolla,ovoid,perfect,plurifoliate,pore,prickle,prickly,principal,racemose,rachise,rarely,reaching,secondary,short,shorter,side,slender,smaller,sometimes,some­what,spaced,sparse,spreading,spreadingly,stalk,stipitate-stellate,straight,styl,tall,tamen,tapering,tardily,tem,tippe,ud,ultimate,unarme,unarmed,vary,varying,vein,well,wooll,woolly,ympodia,×,–7,–9	0-10,0.2-3,0.5-1.5,1-2,1.2-1.5,1.3-1.7,1.5-3,1.5-4,11-17,2-2.7,2.5-4,2.5-5,3-3.5,4.5-13,5-10,5-12,6-8,7-11,7-9,8-20,9,9-25,adhesion,arrangement,climate,colour,corolla,form,glandular,growth,height,history,life,maturity,na,number,ovary,perennial,plant,position,presence,present,reproduction,rugulose,seed,shape,size,staman,stipe,texture,x
219	wfo-0001027302	success	188	140	108	80	32	0.574	.5,0.4-5,0.5-1,0.6-1,0.8-1,1-1.3,1-1.5,1-3,1.2-2.5,1.5-2,10,2,2-3,2-6,2.2,2.7-7.5,3.5-5,3/4,7,7/8,abaxial,abaxially,acuminate,acute,age,along,anther,apex,appearing,base,becoming,blade,branching,bright,brownish-yellow,calyx,capitate,clavate,cm,conical,cordate,corolla,crispate,deltoid,dendritic,densely,diameter,elliptic,entire,flattened,free,glabrous,globose,growth,later,lateral,leaf,length,lenticular,lobe,lobed,long-triangular,main,margin,minutely,mm,monochasial,narrowly,occasionally,ovary,ovate,overtopping,pale,pericarp,petiole,pitted,plant,plurifoliate,pore,poridical,puberulent,pubescent,red,reddish-brown,scattered,shoot,shrub,simple,slit-like,small,somewhat,stem,stigma,style,surface,terminal,thin,tiny,tip,tree,trichome,truncate,tube,undulate,vein,violet,way,x	0.5,1,1-2,1.2-1.6,10-20,5-7,6-12,adaxial,adaxially,anthesi,apical,ba,bark,basal,berry,broader,cultivation,decurrent,deflexed,denser,dichasia,discussion,eaf,edicel,eed,especially,ew,exserted,filament,fine,flat-topped,flower,fruiting,growing,inserted,juvenile,larger,lax,less,like,lon,long,lower,m.,nflorescence,nodding,older,otherwise,pair,papillo,pedicle,per,planar,portion,prominent,pyramidal,reflexed,ruit,scar,scrambling,secondary,see,shade,shin,sleeve,sparsely,stamen,strongly,tall,tapering,time,tub,ud,unit,usually,wide,winged,woody,ympodial,young	adhesion,arrangement,climate,colour,dichasial,form,fruit,glandular,hair,height,history,inflorescence,life,midpoint,na,number,pedicel,peduncle,perennial,position,presence,pubescence,ray,reproduction,rugulose,seed,shape,size,staman,stellate,stipe,texture
220	wfo-0001027310	success	215	124	94	121	30	0.437	-2.2,-20,/3,0-20,0.05-0.15,0.7-2,0.9-0.17,1-1.2,1-1.7,1-6,1.1-1.5,11-16,2-3.1,2-4,2.2-2.5,2.8-3,20-60,4-9,4.5-5.5,5-7,9-13,abaxially,acute,andromonoecious,anther,apex,apically,base,blade,calyx,chartaceous,cm,connivent,cuneate,dark,deltate,densely,diameter,entire,equal,evenly,flattened-reniform,fruit,glabrous,glaucous,green,hair,lanceolate,lateral,leaf,length,lobe,lobed,long,margin,maturity,mauve,midpoint,minutely,mm,moderately,orange-brown,pedicel,peduncle,petiole,pitted,plant,poricidal,purple,ray,red,rounded,shallowly,shrub,simple,sometimes,sparse,spherical,stellate,stellate-pubescent,stem,style,surface,tapering,terminal,tip,toward,tree,truncate,tube,way,wide,yellow,young	.8,0,0-5,0.05,0.1,0.1-0.2,0.15-0.3,0.6-1,1.5-2.2,1.5-5,1/10-1/6,1/3-1/2,1/3-3/4,2-10,2-5,2/3,22-30,3-15,4-10,4.5-7,5-10,5-20,5-merous,6-8,7-10,8-10,abaxial,acut,adaxial,alyx,apar,apart,apparently,articulated,bark,berry,branched,branching,broadly,curved,discolorous,distal,drying,eaf,eed,elongating,erect,faint,filament,flattened,flower,foliaceous,free,fruiting,fused,gently,glabrescent,glabrou,gray,green-brown,hermaphrodite,heterostylous,inflated,infructescence,less,long-styled,longer,lower,lowermost,mature,nflorescence,older,one,open,orolla,oung,pair,pale,pendulous,per,pericarp,plurifoliat,porrect,porrect-lepidote,portion,prickle,prickly,primary,pubescent,reddi,reflexed,ruit,scar,secondary,sessile,short-styled,shorter,smooth,spaced,sparsely,spreading,stalk,stalked,staminat,stout,straight,strongly,tamen,terete,tertiary,time,trichome,unarme,unarmed,unit,vary,vein,venation,visible,woody,ympodial	adhesion,arrangement,climate,colour,corolla,form,glandular,growth,height,history,inflorescence,life,na,number,ovary,perennial,plurifoliate,position,presence,present,pubescence,reproduction,rugulose,seed,shape,size,staman,stigma,stipe,texture
221	wfo-0001027313	success	173	126	79	94	47	0.457	.7,0.15,1.5,4,5,abaxially,acute,adaxially,anther,apex,apparently,atenuate,attenuate,base,blade,cm,cordate,dbh,densely,diameter,dull,entire,flower,fruit,globose,green,hair,half,high,irregularly,lanceolate,lateral,leaf,lobe,long,loosely,lower,margin,maturing,midpoint,minutely,mm,obtuse,ovate,pedicel,peduncle,persistently,petiole,pitted,purplish,ray,shrub,simple,sinuate,slender,small,sparse,stellate,stellate-pubescent,stellate-tomentose,stem,stigma,style,surface,thick-chartaceous,tomentose,tree,triangular,tube,unarmed,undulate,usually,violet,weak,whitish,whitish-tomentose,yellow,yellowish,×	.5,0.1–0.3,0.5–0.6,0.8–1,1.2–1.3,1.2–1.4,1.5–2,1–1.3,1–2,1–4,2–3-branched,2–4.5,2–8.5,3–3.5,3–4,3–5.5,3–9,4.5–5,5-merou,5.5–16,5.5–7,50,5–6,6–11,6–8,adaxiall,along,alyx,apar,apical,articulated,axe,branch,branched,broadbased,capitat,difoliate,directed,distall,eaf,eed,filament,filiform,finely,geminat,glabrous,homostylous,immature,internode,interpetalar,like,little,lon,midvein,minute,much,narrowly,nearly,nflorescence,orolla,ovoid,perfect,pore,porrect,prickle,principal,rarely,ruit,scar,sessile-stellate,short-stalked,short-stipitate,shorter,side,similar,sinus,sometimes,splitting,stalk,stellae,stellate-tomento,tamen,tem,time,tissue,ud,unarme,vary,vein,vigorous,wide,ympodia,–12,–3	0.5-0.6,1-1.3,1-2,1-4,1.2-1.3,1.2-1.4,12,2,3-5.5,3-9,4.5-5,5.5-16,5.5-7,6-11,6-8,adhesion,arrangement,calyx,capitate,climate,colour,corolla,form,glandular,growth,height,history,inflorescence,length,life,na,number,ovary,perennial,plant,position,presence,present,pubescence,reproduction,rugulose,seed,shape,size,staman,stipe,texture
222	wfo-0001027315	success	217	103	73	144	30	0.336	0.15-0.2,0.2-0.5,0.3-0.6,0.3-1,0.4-0.7,0.5,0.6-0.8,1.3-3,10-20,2,2-2.5,2-5,2-7.5,3,acute,anther,apex,base,blue-green,brown,calyx,capitate,cm,conical,corolla,deltate,densely,diameter,dioecious,echinoid,elliptic,entire,flattened,glabrous,globose,growth,inflorescence,internodal,length,lobe,margin,midpoint,minutely,mm,ovary,paler,pedicel,peduncle,petiole,pitted,plant,poricidal,present,pubescent,purple,ray,reddish,reniform,ripe,shiny,shrub,simple,stellate,stem,stigma,style,surface,thin,tube,white,x,yellowish,young	.15,.5,.5x,.9,0.2,0.25-0.4,0.3-0.5,0.6-0.6,0.6-0.7,0365,1-1.3,1-1.5,1-2,1.5-1.7,1.5-2,1.5-3,2/3,3-3.5,3-5,3-7,5-7,8,<,?,abaxially,adaxially,age,almost,along,anthesi,arching,armed,articulated,bark,berry,broad-based,consisting,correlated,dark,dense,difoliate,discolorous,drying,eaf,eed,ekman,ellipsoid,especially,exerted,female,fide,filament,filiform,flower,free,fruiting,fused,geminat,glabrescen,globular,greyish-white,half,hangin,highly,immature,impressed,lamina,lengthening,lepidote,like,lobed,long,lower,male,marginal,markedly,midrib,minute,mixture,new,nflorescence,oblique,obscuring,occasionally,often,older,overlappin,packed,pair,pale,papillo,pentagonal,per,pericarp,pistillate,plan,planar,pore,porrect,portion,prickle,pricklines,primary,prominent,rest,rhachi,rounded,ruit,scar,scattered,sessile,shoot,short,short-stalked,shorter,similar,slit,smaller,solitary,somewhat,sparse,sparsely,stalked,staminate,stellate-lepidote,straight,strongly,throughout,tightly,tip,trichome,ud,unarmed,unisexual,unit,vein,venation,vestigial,visible,way,without,woody,ympodial,½	0.9,1,3.5,adhesion,arrangement,blade,climate,colour,form,fruit,glandular,hair,height,history,leaf,life,na,number,perennial,position,presence,pubescence,reproduction,rugulose,seed,shape,size,staman,stipe,texture
223	wfo-0001027317	success	144	103	76	68	27	0.528	.25,0.1-0.2,0.4-1.5,0.5-1,0.8-3.5,1,1-1.5,1-2,1.4-1.6,2-9,3-3.5,4.5-5,?,abaxial,acuminate,acute,adaxially,along,anther,anthesi,apex,base,bilobed,broadly,calyx,closely,cm,conical,corolla,deflexed,densely,dia,elliptic,erect,filiform,fruit,glabrous,globose,golden,green,leaf,like,lobe,lobed,long,margin,minute,mm,nearly,offset,opposite,ovary,pale,pedicel,petiole,poricidal,pubescent,rest,scar,shrub,simple,size,slightly,spaced,sparsely,stem,stigma,style,surface,tip,trichome,tube,uniseriate,vein,white,x	.5,0.3-1,0.5-3,1-5,1.5-2,2-3-flowered,7-9,apical,apically,arch,ba,bark,beneath,berry,cucullate,deciduous,deltoid,differing,difoliate,drying,eaf,edicel,eed,ellipsoid,elongated,expanded,filament,free,fruiting,geminat,greyish-whit,immature,inflorescenc,joined,known,lateral,lon,long-exserted,lower,main,major,mature,minor,minutely,nflorescence,older,overlappin,pair,papillo,papillose,pointed,pore,portion,projection,prominent,reflexed,ruit,series,shaped,soon,strongly,tall,tear-drop,tub,ud,woody,ympodia,young	arrangement,colour,diam,diameter,diphyllous,form,geminate,greyish-white,growth,height,history,inflorescence,length,life,na,overlapping,peduncle,perennial,plant,position,pubescence,reproduction,rugulose,seed,shape,spacing,texture
224	wfo-0001027323	success	175	93	60	115	33	0.343	1-1.5,1.2-1.5,14-21,2-3,2-6,2.5-3,20-45,3-5,5-7,acute,anther,apex,area,attenuate,base,berry,broadened,calyx,campanulate,cm,corolla,dia,elliptic,fleshy,fruit,glabrous,globose,grey,immature,leaf,lobe,lobed,long-triangular-deltoid,margin,minutely,mm,opposite,ovary,ovoid-reniform,papillose,pedicel,petiole,pinkish-grey,pitted,plant,poricidal,red-papillose,reddish-grey,size,stem,stigma,style,surface,tan,tip,treelet,tube,white,winged,x	.75,/3,0.5-1,1-2,10-15,5-20-flowered,6-11,7-9,adaxial,along,anthesi,apparent,appearing,arising,asymmetric,ba,bark,bud,character,closed,closely,cork,decurrent,deflexed,densely,differing,difoliate,dried,dry,eaf,edicel,eed,elongate,entire,erect,erose,exserted,filament,five-pointed,flopping,flower,free,fruiting,furcate,geminat,glabrate,growing,held,higher,hood,hooded,interpetalar,lateral,like,live,lon,long,lower,main,major,matte,mature,measured,middle,minor,nflorescence,occasionally,older,one,onto,overlapping,ovoid,pair,papillae,papillo,partially,persistent,planar,pore,portion,prominent,proximal,rather,rest,ridge,ruit,scar,secondary,seen,shaped,sinus,slightly,small,smoot,soon,spaced,specimen,straight,tall,tear-drop,thickened,thin,tiny,trunk,two,ud,unit,upper,vein,visible,way,widest,woody,ympodial,young	0.75,adhesion,arrangement,blade,climate,colour,diameter,form,glandular,growth,hair,height,history,inflorescence,length,life,midpoint,na,number,peduncle,perennial,position,presence,pubescence,ray,reproduction,rugulose,seed,shape,staman,stellate,stipe,texture
225	wfo-0001027340	success	189	106	80	109	26	0.423	0.5-0.9,1-2,1.5-2.7,10-16,16-22,2-3,2-4,2.7-4.5,3.5-5,3.5-9,4-6,4-7.5,5-11,5-6,7-18,7-8,8-9.5,abaxially,absent,adaxially,anther,auriculate,axillary,brownish,bud,chartaceous,cm,condition,corolla,diameter,distal,drying,elliptic,fresh,fruit,glabrous,globose,green,greenish,hair,half,herb,interjected,lanceolate,leaflet,like,lilac-purple,lobe,long,membranous,minute,minutely,mm,odd-pinnate,ovate,ovoid,pair,papillose,pedicel,peduncle,petiole,plant,puberulent,pubescent,purple,rotate,seed,size,sparsely,splotched,stem,stigma,style,subtending,terminal,tinged,tube,whitish,x,yellow	1-10,1-3,2-3.5,2.5-4.5,3-4,5-merou,6-8.5,8-14,abruptly,acumen,acuminate,ag,along,alyx,apart,apex,apparently,articulated,articulation,axe,base,berry,blade,capitat,cell,ciliate,connivent,cordate,covering,dark,decreasing,developing,digestion,distinct,dorsally,eaf,edge,eed,enzyme,especially,exceeding,filament,flat,flower,folded,forked,geminat,generally,glabrou,green-white,hair-like,hal,high,homostylous,honeycomb-shaped,indistinct,lateral,lengthening,living,lower,make,margin,midrib,mucilaginous,narrow,narrowed,nflorescence,orolla,perfect,petiolulate,plurifoliate,pointed,pore,poricidal,purpl,removed,ripe,rounded,ruit,semi-erec,semi-rosette,sessile,seudostipule,short,shortly,slightly,slit,spaced,specimen,stamen,ste,straight,tall,tamen,tem,testal,thick,throughout,tip,tri-,truncate,unit,usually,vary,wall,wet,wing,ympodial,young	adhesion,arrangement,calyx,capitate,colour,form,growth,height,history,inflorescence,leaf,length,life,na,ovary,perennial,position,presence,pseudostipule,pubescence,reproduction,rugulose,shape,staman,surface,texture
226	wfo-0001027354	success	166	112	82	84	30	0.494	0.5,0.5-2,0.7-1.3,1,1-1.2,1-7,1.5-1.8,1.5-2,1.7-5,2.5-3.5,3-4,3.4-4,3/4,4-10,5-7,6.5-13,acute,anther,apex,appearing,base,bi-lobed,blade,branch,calyx,cm,conical,corolla,dark,deltoid,dendritic,diameter,elliptic,flattened,fork,free,fruit,glabrate,glabrous,globose,golden,growth,later,lateral,leaf,length,lenticular,lobe,lobed,minutely,mm,narrowly,occasionally,ovary,pedicel,pericarp,petiole,pitted,plurifoliate,poricidal,pubescent,purplish-black,reddish-brown,shrub,small,sparsely,stem,stigma,style,surface,terminal,thin,tiny,tip,tree,tree-like,trichome,tube,violet,way,white,x	.5,0,1-1.5,10,10-20,8-12,abaxial,abaxially,absent,adaxial,age,along,anthesi,apical,ba,bark,basal,becoming,belo,berry,branching,covered,densely,denser,dichasia,drying,eaf,edicel,eed,entire,erect,ew,exserted,filament,flower,fruiting,inserted,less,like,long,loose,loosely,lower,m.,monochasial,mostly,near,nflorescence,nodding,older,pair,papillo,per,planar,pore,portion,pubescen,pyramidal,raised,ruit,scar,secondary,side,simple,sleeve,slightly,slit-like,somewhat,stamen,strongly,tall,tapering,thecalyx,time,tub,type,ud,unit,vein,wide,winged,woody,ympodial,young	adhesion,arrangement,climate,colour,form,glandular,hair,height,history,inflorescence,life,margin,midpoint,na,number,peduncle,plant,position,presence,pubescence,ray,reproduction,rugulose,seed,shape,size,staman,stellate,stipe,texture
227	wfo-0001027359	success	224	140	107	117	33	0.478	-0.25,-2,/3,0-9,0.1,0.1-0.2,0.3-1.2,0.5-2,0.6-1,1-1.2,1-2,1.2-1.5,1.5-2.5,1.8-3.2,2-4,2.5-3.5,2.5-5.5,4-,5-6.5,6-8,abaxially,acute,anther,apex,apically,apparently,base,berry,blade,bright,calyx,cell,chartaceous,cm,cream,cuneate,dark,deltate,densely,diameter,dull,entire,equal,erect,flattened-reniform,fruit,glabrescent,glabrous,green,lateral,leaf,length,lobe,lobed,long,margin,marking,maturity,membranous,midpoint,minutely,mm,moderately,near,obtuse,occasional,orange-brown,outline,ovate,pale,pedicel,peduncle,petiole,pit,poricidal,purple,raised,ray,red,reticulate,scandent,shallowly,shrub,simple,small,smooth,sometimes,sparsely,spherical,spreading,stellate,stellate-pubescent,stem,style,surface,tapering,terminal,tip,trichome,tube,undulate,way,white,wide,yellow,yellow-brown,young	-20,-3,-4,-7,-9,.1,.2,.5,/4,0,0-2,0-3,0-5,0.1-1.5,0.3-0.5,0.5,0.5-1,0.6-0.8,1-3,1-4,1-5,1.2-2,1.5-2,1/5-1/4,2-10,2-3,3-10,4-5,5-,5-merous,7-8,acut,alyx,apar,apart,articulated,ba,bark,branched,brow,concolorous,coroll,curved,difoliate,distinctive,drying,eaf,eed,elongate,elongating,eye,filament,filiform,flattened,flower,free,fruiting,geminat,gray,herbaceous,infructescence,less,like,longer,lower,mature,naked,narrow-deltate,narrow-ovate,nflorescence,often,older,one,open,orolla,oung,ovoid,pair,per,perfec,pericarp,porrect,portion,prickle,prickly,primary,rachi,rarely,reflexed,ruit,scar,sessile,shorter,slender,slightly,spaced,stalk,stalked,stump,tamen,terete,tertiary,time,tinge,ud,unarme,unarmed,unit,usually,variously,vary,vein,venation,visible,weakly,woody,ympodial	adhesion,alternate,arrangement,climate,colour,corolla,form,glandular,growth,hair,height,history,inflorescence,life,na,number,ovary,perennial,perfect,plant,position,presence,present,pubescence,reproduction,rugulose,seed,shape,size,staman,stigma,stipe,texture
228	wfo-0001027365	success	233	132	87	146	45	0.373	.5,0,2,2.8,3,acuminate,acute,adaxially,andromonoecious,anther,apex,apparently,base,blade,blue,broadly,brown,calyx,capitate,chartaceous,cm,congested,cuneate,cylindrical,dark,densely,diameter,elliptic,entire,equal,extraaxillary,flattened,flower,fruit,glabrous,glandular,globose,green,hair,inflorescence,juicy,lanceolate,leaf,length,light,lobe,long,margin,maturity,midpoint,mm,moderately,nearly,oblique,obtuse,orange,outline,pedicel,peduncle,petiole,plant,pubescent,ray,reflexed,reniform,repand,rotate-stellate,rugose,shallowly,simple,slightly,sparsely,stellate,stem,stigma,strongly,style,subcoriaceous,surface,tan,tapered,tree,truncate,tube,unarmed,violet,yellow	.1,.1–0.3,.2,0.1–0.3,0.2–0.5,0–0.03,0–0.1,1,1.1–1.4,1.5–1.8,10–15,11–14,14–15,15–30,1–1.9,1–4,2.2–2.3,2.3–4.2,2.5–4.5,2.6–3,2–,2–5,3–10,3–3.5,3–3.9,4.5–5,4–4.5,4–5,5-merous,5–5.5,5–8,6–7.5,7–1,7–15,8–15,8–9,abaxial,abaxially,absent,adaxial,ag,along,alyx,andromonoeciou,anthesi,apart,articulated,axe,ba,bark,becoming,berry,bilobe,branched,broad-based,central,column,connivent,curved,db,difoliate,directed,discolorous,distally,dried,eaf,eed,eglandular,either,emergent,filament,flowering,free,fresh,frui,fruiting,functionally,geminat,golden-tan,half,hermaphroditic,heterstylous,included,inflated,interpetalar,knobby,lighter,like,lobed,longitudinal,lower,major,membranaceous,midvein,moderate,mostly,mpodial,multangulate,multangulate-stellate,multiseriate,multiseriate-stalked,nflorescence,often,one,opening,orolla,part,pericarp,pore,porrect-stellate,portion,prickle,pronounced,rachi,reduced-stellate,ruit,runk,sessile,sharp,shiny,short-stalked,side,slit,somewhat,spaced,stalk,stalked,staminate,stellate-pubescent,stout,straight,subtending,tamen,thi,time,tissue,unbranched,unit,vary,vein,wide,within,young,×,–2,–20	0-0.03,0.1-0.3,0.2-0.5,1-1.9,1-2,10-15,14-15,15-30,2-5,2.5-4.5,2.6-3,20,3-10,4-5,4.5-5,7-10,7-15,adhesion,arrangement,bilobed,climate,colour,corolla,dbh,form,growth,height,history,life,na,number,ovary,perennial,position,presence,present,pubescence,reproduction,seed,shape,size,staman,stipe,texture,x
229	wfo-0001027366	success	136	103	66	70	37	0.485	/4,0.7-1,1-1.5,1-2,1-3,11-21,2-2.5,4-4.5,4-5,5-7,6-19,abaxially,acute,adaxially,anther,apex,base,bright,broadly,brown,calyx,capitate,cm,conical,corolla,dark,deltate,dia,drying,elliptic,glabrous,globose,golden,green,greenish-white,internodal,leaf,lobe,lobed,long,long-triangular,margin,minutely,mm,opposite,orbicular,ovary,ovoid-reniform,pale,pedicel,petiole,pitted,poridical,rounded,shining,shrub,sometimes,somewhat,stem,stigma,style,surface,tip,tube,way,wide	.5,/2,0.25-0.5,0.5-1,1.5-2,3-10-flowered,3-9,603,anthesi,ape,axe,ba,bark,berry,closely,conspicuously,deflexed,eaf,edicel,eed,erect,et,except,exserted,fide,filament,free,fruiting,lamina,lateral,less,lon,lower,main,middle,nflorescence,older,overlappin,ovoid,packed,pair,papillo,papillose,parallel,planar,pointed,pore,portion,ramo,reddish,ruit,scar,secondary,shaped,simple,straight,tall,tear-drop,trichome,tub,ud,unifoliat,unit,vein,venation,widest,woody,yellowish-gre,ympodial,young	0.5,adhesion,arrangement,blade,climate,colour,diameter,form,fruit,glandular,growth,hair,height,history,inflorescence,length,life,midpoint,na,number,peduncle,plant,position,presence,pubescence,ray,reproduction,rugulose,seed,shape,size,staman,stellate,stipe,texture,unifoliate,yellowish-grey
230	wfo-0001027368	success	145	124	86	59	38	0.593	-20,-5,.5,0.3-2.5,0.5-3.5,0.5-5,0.8-2,1-2,1-6,1.5-2,1.5-2.5,2,2-2.5,2-3,3-12.5,4-6,5-15,5-6,abaxially,abruptly,acuminate,acute,adaxially,apex,base,blade,branched,calyx,chartaceous,cm,connivent,cuneate,decurrent,deltate,dendritically,densely,diameter,distally,ellipsiodal,elliptic,elliptic-ovate,entire,except,glabrous,globose,hair,lanceolate,lenticular,lobe,margin,midvein,mm,moderately,narrowed,narrowly,nearly,oblong,occasionally,often,ovoid-fusiform,pedicel,peduncle,petiole,puberulent,pubescent,purple,ray,shrub,simple,small,sparsely,stellate,stigma,style,subcoriaceous,subhastate,three,triangular,truncate,tube,unbranched,unknown,usually,white,x,yellow	-10,-15,-2,1-15-flower,2-4,2-9,3,4-many-foliat,5-10,8-13,absen,adaxiall,aggregate,also,apart,articulated,axe,ba,cell,color,contiguous,cylindrical,darker,denser,directed,eaf,eed,forked,gland,lighter,long,long-stalked,lower,nflorescence,nther,obtuse,orolla,otherwise,pore,pubescen,rachi,radiu,ruit,sometimes,spaced,stalked,star,stone,subcapitat,tal,tem,terminal,time,tip,unit,vary,vein,wide,ympodial	absent,adhesion,anther,arrangement,climate,colour,corolla,form,fruit,glandular,growth,height,history,inflorescence,leaf,length,life,midpoint,na,number,ovary,perennial,plant,position,presence,present,pubescence,reproduction,rugulose,seed,shape,size,staman,stem,stipe,subcapitate,surface,texture
231	wfo-0001027369	success	191	104	74	117	30	0.387	-11,.5,.7,/4,0-1,0.1,0.25-0.4,0.6-0.8,1-2.5,1.2-2.5,1.2-3,1.5-2,2-5,3-4,4-8,7-15,abaxially,almost,anther,apex,apically,base,berry,blade,calyx,cm,cordate,densely,diameter,fruit,glabrous,hair,known,lanceolate,lateral,leaf,length,lobe,lobed,long,margin,mauve,membranous,midpoint,mm,moderately,orbicular,pale,pedicel,peduncle,petiole,poricidal,ray,reniform,rounded,scandent,shrub,simple,smooth,sparsely,spherical,spreading,stellate,stellate-pubescent,stem,style,surface,tapering,terminal,tip,tube,way,wide,yellow	-1,-10,-2,.1,.4,0,0-15,0-3,0-5,0-6,0.05-0.15,0.1-0.2,0.1-0.3,0.2-0.5,0.3-1.5,0.5,0.5-0.8,0.5-1.5,1-,1-2,1-3,1-4,1/3,2-3,2-4,3,3-10,4-5,5,5-merous,acut,alyx,ame,apar,apart,apparently,articulated,bark,branched,broad-deltate,c.,color,concolorous,curved,deltate,difoliate,distance,drying,eaf,eed,elongating,equal,erect,extending,eye,filament,filiform,flower,free,fruiting,geminat,glabrou,glaucous,gra,green,herbaceous,infructescence,know,less,lon,lower,mature,midvein,multangulate,naked,narrowly,nflorescence,older,one,open,orolla,oung,pendulous,per,perfec,pericarp,perpendicular,porrect,portion,prickl,prickle,prickly,reflexed,ruit,scar,sessile,side,slender,slightly,spaced,stalk,stalked,straight,strongly,tamen,terete,time,trichome,unarmed,unequal,unit,vary,venation,visible,wider,winged,ympodial	acute,adhesion,arrangement,climate,colour,corolla,form,glandular,growth,height,history,inflorescence,life,na,number,ovary,plant,position,presence,pubescence,reproduction,rugulose,seed,shape,size,staman,stigma,stipe,texture,ye
232	wfo-0001027378	success	149	101	66	83	35	0.443	.2,0.5–1,1.2–1.5,1.2–1.8,1.5–1.8,1.5–8,15–35,1–1.5,1–3,2.5–7,2–11,2–2.2,2–2.5,3–5,4–6,5–13,abaxially,adaxially,anther,blue,broadly,calyx,chartaceous,cm,diameter,extra-axillary,fleshy,flower,fruit,glabrous,half,herbaceous,lanceolate,leaf,light,lobe,long,lower,minutely,mm,moderately,ovate,ovoid,papillose,pedicel,peduncle,pentagonal,petiole,pubescent,rotate-stellate,rounded,simple,slender,somewhat,sparsely,stem,stigma,style,terrestrial,trichome,tube,unknown,vein,vine,white,x	0.7–1,0.8–2.5,2.3–5,3–4.5,3–6,4–9,5-8,5-merous,5–10,5–7,6–10,6–7,acuminate,acute,adaxial,alyx,apar,apex,apicall,axe,base,berry,blade,c.,capitat,ciliate,clavate,climbin,color,cordate,cylindrical,deeply,deltoid,densely,eaf,eed,filament,flattened,fruiting,glabrou,hair,hair-tipped,like,lon,longer,m.,margin,markedly,membranous,narrowly,nflorescence,nternode,obscure,often,orolla,palmate,perfec,plurifoliat,pointed,primary,rachi,revolute,ruit,sand-punctat,sand-punctate,scattered,short,side,slightly,small,spaced,tamen,tem,tip,tooth,unbranched,unit,unknow,vary,venation,wide,widely,ympodial	0.2,adhesion,arrangement,capitate,climate,climbing,colour,corolla,form,growth,height,history,inflorescence,length,life,midpoint,na,number,ovary,perfect,plant,position,presence,pubescence,ray,reproduction,rugulose,seed,shape,size,staman,stellate,stipe,surface,texture
233	wfo-0001027378	success	141	105	71	70	34	0.504	.2,1-1.5,1-3,1.2-1.5,1.5-1.8,1.5-8,15-35,2-11,2-2.2,2-4,2.5-7,3-5,4-6,5-13,abaxially,acuminate,adaxially,anther,apex,apparently,basally,base,blade,blue,broadly,calyx,chartaceous,climbing,cm,cordate,deeply,diameter,extra-axillary,fleshy,flower,fruit,glabrous,hair,herb,lanceolate,leaf,light,lobe,margin,minutely,mm,oblong,ovate,pedicel,peduncle,perfect,petiole,pubescent,revolute,rotate-pentagonal,rounded,simple,small,somewhat,spaced,sparsely,stigma,style,terrestrial,tooth,tube,unknown,white,widely,x,yellow	0.7-1,0.8-2.5,2.3-5,3-4.5,3-6,4-9,5-8,5-merou,6-10,6-7,acute,ag,alyx,apart,apicall,articulated,axe,ba,capitat,ciliate,clavate,connivent,cylindrical,deltoid,densely,directed,distally,eaf,eed,equal,filament,fruiting,geminat,hair-tipped,large,long,longer,longitudinal,lower,moderately,multicellular,narrowly,nflorescence,node,obscure,often,opening,orolla,plurifoliate,pore,pubescen,rachi,rooting,scattered,short,slender,slightly,slit,tamen,tem,tip,trailing,unbranched,unit,unknow,vary,vein,weakly,wide,ympodial	adhesion,arrangement,capitate,climate,colour,corolla,form,glandular,growth,height,history,inflorescence,length,life,midpoint,na,number,ovary,plant,position,presence,pubescence,ray,reproduction,rugulose,seed,shape,size,staman,stellate,stem,stipe,surface,texture
234	wfo-0001027380	success	134	113	78	56	35	0.582	.5,0,1-1.5,11-17,2-3,2-3.5,2.5-3,3-4,30-35,4-6.5,5,5-8,?,abaxially,acuminate,adaxially,almost,anther,apex,articulated,base,berry,blade,broadly,calyx,chartaceous,cm,conical,deeply,developed,diameter,distally,entire,erect,extra-axillary,flattened,flower,fruit,glabrous,globose,greenish-brown,hair,leaf,len,lobe,long,margin,minute,minutely,mm,oblique,orange-red,ovate-lanceolate,pedicel,peduncle,petiole,pubescent,red,reticulate,rounded,scarcely,shallow,shrub,simple,slender,slightly,small,sparsely,stellate,stem,stigma,style,thickening,tree,truncate,visible,white,x	1136.,5-merous,9-10,accrescen,adaxiall,alyx,apparently,armed,axe,ba,bark,brown,capitat,drying,eaf,eed,filament,forked,fruiting,geminate,hartley,homostylous,hooked,lon,loose,lower,mpodial,nflorescence,occasionally,open,orolla,oung,pair,paler,perfec,perfect,prickle,primary,rachi,rip,ruit,scattered,scramblin,smooth,somewhat,sparse,structure,tall,tamen,testa,triangular,unarmed,unbranched,unknown,vary,vein	adhesion,arrangement,capitate,climate,colour,corolla,form,glandular,growth,height,history,inflorescence,length,life,midpoint,na,number,ovary,plant,position,presence,pubescence,ray,reproduction,ripe,rugulose,seed,shape,size,staman,stipe,surface,texture,tube,ye
235	wfo-0001027381	success	262	120	91	171	29	0.347	.8,0-1,0.4-0.6,0.5-0.6,0.5-1,0.6-0.7,1-2,1-2.5,1.5-4,2-6,3-4,3-7.5,3.5-4,4-5,4-8,5-11,7-8,abaxially,along,anther,apex,base,blackish,blade,brown,calyx,capitate,chartaceous,clavate,cm,cordate,densely,diameter,distributed,drying,dull,elliptic,erect,evenly,free,fruit,glabrous,globose,grey,lateral,leaf,length,light,like,lobe,lobed,long-deltoid,margin,maturity,mauve,midpoint,mm,obconical,oblong,obtuse,orange,ovate,pale,pedicel,peduncle,petiole,plant,present,ray,rounded,shiny,shrub,side,size,smooth,stellate,stellate-pubescent,stem,stigma,style,surface,tapering,thin,trichome,truncate,tube,white,x,yellow,yellowish,young	.3,.4,/5,0-1.5,0.1,0.2,0.3-0.5,0.5,0.5-0.7,0°,1-1.5,1/3-1/2,1/4-1/3,2,2-2.5,2-3,2-4,3-5,5-8,5-merou,8-10,absent,accrescent,acute,adaxially,age,almost,alyx,angle,apically,apparently,area,articulated,attachment,bark,berry,branch,branched,clearly,concolorous,covering,cream,curved,dark,delineated,deltoid,density,difoliate,dilated,distance,divided,eaf,eed,ellipsoi,elongated,elongating,epidermi,equal,even,exserted,extending,eye,faint,fertile,filament,filiform,flat,flattened,flower,fruiting,geminat,gland,green,greyi,higher,inconspicuous,indumentum,infructescence,irregula,known,lamina,lanceolate,lengthening,less,long,longer,longitudinal,lower,main,marking,mature,midvein,minute,mostly,naked,never,nflorescence,oblique,obscuring,often,orange-green,orolla,pair,papillose,part,pendulous,per,perfect,pericarp,point,pore,poricidal,porrect,portion,prickle,primary,prominently,protruding,puffy,rachi,raised,rarely,reduced,region,rest,right,ruit,scar,sessile,shallow,simple,sinus,slender,slightly,slit,small,smoot,sometimes,sparse,sparsely,spreading,stalk,straight,striate,stump,surrounded,tamen,terminal,tertiary,time,tip,tissue,translucent,ud,unarme,unarmed,unit,usually,variable,variously,vary,vein,venation,visibl,visible,wide,widening,without,woody,yellow-green,ympodial	adhesion,arrangement,climate,colour,corolla,form,glandular,greyish,growth,hair,height,history,inflorescence,life,na,number,ovary,perennial,position,presence,pubescence,reproduction,rugulose,seed,shape,staman,stipe,texture,unknown
236	wfo-0001027384	success	155	105	79	76	26	0.51	/3,0.4-1.1,0.5-1,0.9-1,1-1.3,1-1.5,1-3,1-4,1.5-2,2.5-6.5,3-3.5,3-4,3/4,5-5.5,7-14,7.5-8,anther,apart,base,beginning,broadly,brown,bud,calyx,capitate,clavate,closely,cm,corolla,deep,dia,ellipsoid,flattened-reniform,fruiting,glabrous,globose,green,hard,later,leaf,lobe,lobed,long,long-exserted,minutely,mm,narrowly,obovate,opposite,ovary,overlapping,papillose,pedicel,petiole,pitted,poricidal,pseudo-terminal,reddish-purple,scar,shrub,slender,small,spaced,stem,stigma,style,sulcate,surface,tapering,tip,tree,triangular,tube,way,white,widely,woody,x,young	.25,.5,.75,4-7,5-15-flowered,abov,acute,anothe,anthesi,apex,ba,bark,beneath,berry,breaking,cuneate,difoliate,distal,drying,eaf,edicel,eed,equal,erect,filament,free,geminate,herbarium,incrassate,inflorescenc,lateral,lower,main,margin,member,middle,mustard,nflorescence,occasionally,older,pair,pale,paler,papillo,peeling,planar,pore,portion,prominent,rarely,rounded,ruit,section,shaped,shining,simple,siz,specimen,straight,subcoriaceous-fleshy,tall,tear-drop,thick,transverse,trichome,tub,tuft,ud,uniseriate,unit,vein,widest,without,yellow,yellowish,ympodial	0.75,1.5,arrangement,colour,diameter,form,fruit,growth,height,history,inflorescence,length,life,na,peduncle,perennial,plant,position,pubescence,reproduction,rugulose,seed,shape,size,spacing,texture
237	wfo-0001027389	success	154	110	78	76	32	0.506	.1,.25,.5,0.25-0.5,0.5-1.5,0.6-1,1-1.5,1-2,11-14,2-2.5,3-3.5,3-4.5,5-7,anther,apart,apex,base,broadening,broadly,brown,bud,calyx,cm,conical,corolla,dark,decurrent,deltoid,dia,elliptic,erect,filiform,foetid,foliage,glabrous,globose,green,hispidulous,inflorescence,leaf,lobe,lobed,margin,minutely,mm,nearly,opposite,ovary,ovate,ovoid-reniform,papillose,pedicel,petiole,pitted,pore,puberulent,raised,reddish-golden,scar,shaped,shrub,slight,slightly,sparsely,stem,stigma,style,surface,tear-drop,tip,top,trichome,tube,uniseriate,white,winged,x,young	0.25-0.3,0.5-0.75,1,1.8-1.9,4-5-flowered,7-8,acuminate,acute,along,anthesi,ba,bark,beneath,berry,deflexed,dry,eaf,edicel,eed,ellipsoid,evenly,except,expanded,exserted,filament,free,fruiting,geminate,lateral,like,lon,long,lower,main,making,material,middle,nflorescence,node,non-reproductive,obovoi,occasionally,often,older,one,pair,paler,papillo,poricidal,portion,prominent,prominently,proximal,raise,reflexed,rest,ruit,shin,side,simple,slender,soon,spaced,straight,tall,tapering,thread-like,truncate,ud,unifoliat,unit,vein,widest,woody,yellowish,ympodial	adhesion,arrangement,colour,diameter,elevation,form,fruit,growth,height,history,length,life,na,number,peduncle,perennial,plant,position,presence,present,pubescence,ray,reproduction,rugulose,seed,shape,size,spacing,staman,stellate,texture,unifoliate
238	wfo-0001027395	success	153	106	78	75	28	0.51	.5,0.25-0.5,0.6-1.1,0.75-1,1-1.5,1-2,1-5,1.1-1.5,1.5-1.9,1.5-2.5,1.6-2.9,12.5-17.3,2-3,2.2-7,3.5-4,5-6.5,8,anther,apiculate,base,beneath,berry,black,calyx,capitate,cm,conical,corolla,cucullate,deltoid,densely,dia,fruit,glabrous,globose,green,immature,imperceptibly,large,leaf,lobe,lobed,long,major,minor,minutely,mm,narrowly,nearly,obovate,occasionally,opposite,ovary,papillose,pedicel,petiole,pore,poricidal,primary,pubescent,rusty-papillate,secondary,shaped,shiny,shrub,size,stem,stigma,style,tapering,tear-drop,tip,trichome,tube,uniseriate,vein,white,x	.25,10-20-flowered,11-15,4-6,acute,anthesi,apex,apically,attenuate,bark,becoming,beginning,caly,closely,constricted,decurrent,deflexed,depressed,differing,difoliate,drying,eaf,edicel,eed,enlarging,erect,exfoliating,exserted,filament,fleshy,free,fruiting,geminat,inflorescenc,known,lateral,lon,lower,main,margin,midrib,nflorescence,older,once-furcate,overlapping,ovoid,pair,papillo,partially,piece,planar,pointed,portion,raised,restricted,robust,ruit,scar,shining,simple,small,somewhat,spaced,straight,tall,thick,thickened,transverse,ud,unit,within,without,woody,ympodial,young	adhesion,arrangement,colour,diameter,form,growth,height,history,inflorescence,length,life,na,number,peduncle,perennial,plant,position,presence,pubescence,ray,reproduction,rugulose,seed,shape,staman,stellate,surface,texture
239	wfo-0001027396	success	244	139	110	134	29	0.451	-5,0-3,0-4,0.5-1,0.5-2,0.7-2.5,0.8-1.3,1.5-3.5,1/3,1/4-1/3,10-30,10-35,12-25,2-3,2-3.5,2.5-4,2.8-4.5,3.5-6,4,4-7,5.5-7.5,6-20,6.5-7.5,7-10,8-20,abaxially,acute,almost,andromonoecious,anther,apex,apically,attenuate,base,black,blade,brown,calyx,chartaceous,cm,connivent,cream,cuneate,dark,deltate,densely,diameter,elliptic,elongate,equal,flattened-reniform,flower,fruit,glabrous,glandular,green,hair,herb,lateral,leaf,length,lobe,lobed,long,long-styled,margin,marking,maturity,mauve,midpoint,mm,moderately,near,obtuse,often,orange,pale,pedicel,peduncle,petiole,plant,poricidal,pubescent,purple,ray,rotate,short-styled,shrub,simple,smooth,sometimes,somewhat,sparsely,spherical,stellate-pubescent,stem,stout,style,tapering,tearing,tip,trichome,tube,upper,way,white,wide,yellow,yellowish,young	-2,-6,/3,0-100,0-30,0-5,0.1-0.5,0.1-1,0.4-0.7,0.5-1.5,0.5-2.5,0.8,1,1-4,1.2-2,1.5-3,1.8-3,1/2-2/3,1/6,10-15,10-25,15-40,2-7,20-100,3-,3-9,4-5,4-6,5-10,5-20,5-30,5-50,5-8,5-merous,7-15,abaxial,adaxial,alyx,ame,apar,apart,apparently,articulated,ba,bark,berry,broad,broad-deltate,bulbous,c.,concolorous,curved,decurrent,difoliate,discolorous,distal,distance,drying,eaf,eed,elongating,erect,extending,extensive,fewer,filament,flattened,free,fruiting,fully,geminat,glabrescent,gray-brow,hermaphrodite,heterostylous,infructescence,less,lignified,lobing,lon,long-acuminat,longer,lower,lowermost,mature,midvein,nflorescence,older,one,open,opening,orolla,oung,pair,pendulous,per,pericarp,perpendicular,porrect,portion,prickl,prickle,prickly,primary,red-brown,reflexed,ruit,scar,secondary,sessile,side,spaced,spreading,stalk,stalked,staminat,straight,surface,tamen,terete,tertiary,time,unarmed,unbranched,unit,usually,variously,vary,vein,venation,visible,woody,yellow-green,ympodial	adhesion,arrangement,climate,colour,corolla,form,growth,height,history,inflorescence,life,long-acuminate,na,number,ovary,perennial,position,presence,present,pubescence,reproduction,seed,shape,size,staman,stellate,stigma,stipe,texture
240	wfo-0001027416	success	137	107	65	72	42	0.474	.5,0.2-0.4,0.3-0.5,0.5-1.0,1.3-2.0,1.5-2.0,2.6-3.0,4-7,4-8,5-10,5.5-8.5,8-10,acute,annual,anther,apically,base,blade,blue,broadly,brown,calyx,campanulate,capitate,cm,dark,dm,dry,enveloped,few-rayed,foveolate,glabrous,green,hair,herb,heteromorphic,incurved,internodal,lenticular,linear,lobe,long,maturity,minutely,mm,otherwise,ovary,ovate,pedicel,pentagonal-stellate,prickly,slender,slightly,smooth,spherical,splitting,stem,strigulose,tightly,tube,violet,viscid-villous,weakly,wholly,yellow	1.0,1/2-2/3,3-7,4.0-5.5,5-9-flowere,accrescent,across,along,alyx,anthesi,appearance,beneath,berry,borne,branching,capitate-glandular,cauline,deltoid,developing,dia,difoliate,divided,eaf,eed,erect,externally,fine,geminat,gland,invested,lanceolate,lon,main,much-dissected,narrowly,nflorescence,often,orolla,pinnatifid,prickle,quantity,reticulately,ruit,scattered,sessile,short,short-stipitate,simple,slende,somewhat,spreading,stellae,straight,strait,tall,tamen,taprooted,terete,thrice,tigma,tub,twice,tyle,ultimate,uniseriate,unit,usually,varying,vein,villous,wrinkled,ympodial	adhesion,apex,arrangement,climate,colour,corolla,diam,diameter,form,fruit,glandular,growth,height,history,inflorescence,leaf,length,life,margin,midpoint,na,number,peduncle,petiole,plant,position,presence,present,pubescence,ray,reproduction,rugulose,seed,shape,size,staman,stellate,stigma,stipe,style,surface,texture
241	wfo-0001027432	success	215	137	111	104	26	0.516	0.1,0.3-0.4,0.5-1,1-1.5,1-3,1.4-2,1.5-,1.5-2,1/4,10-22,2-2.5,2-3-lobed,3,3-10,3-4,3-7,3.5-4.5,4.5-,5-10,6-10,6-7,7-,8-10,8-16,abaxially,acute,angulate,anther,apex,apical,attenuate,base,berry,blade,brownish,c.,calyx,campanulate,chartaceous,clavate,cm,coriaceous,corolla,cream,cuspidate,densely,diameter,entire,ferruginous,flower,fruit,glabrous,glandular,glandular-pubescent,globose,green,greenish,growth,heterostylous,hirsute,irregularly,leaf,light,lobe,lobed,margin,maturing,midpoint,mm,mucilaginous,near,ovary,ovate,ovate-elliptic,pedicel,peduncle,perfect,petiole,plant,poricidal,puberulent,rarely,ray,reniform,reticulate,scabrous,shrub,simple,somewhat,stellate,stem,stigma,style,sub-coriaceous,subglobose,surface,tan,tapering,terminal,tip,tomentose,trichome,tube,velutinous,way,white,woody,x,yellow,yellowish,young	-1.5,.5,0.2-0.3,0.3-1.0,0.3-3.5,0.5-0.1,0.8-1.0,1-multicellular,1/3,20-30,3-5,3-6,30,4-5,acicular,adaxially,apart,armed,articulate,bark,basal,branched,branching,brow,confined,conical,curved,distal,eaf,eed,eglandular,epidermi,erect,especially,exserte,fewer,filament,flattened,free,fruiting,glabrescent,juvenile,laterally,leave,lengthening,like,linear-lanceolate,long,long-styled,lower,many,many-celled,minute,much,multangulate,multiangulate,new,nflorescence,ochraceous,older,one,partially,per,pericarp,plurifoliat,pore,porrect,porrect-stellate,portion,prickle,prickly,prominent,pubescent,raise,recurved,ruit,sessile,short-styled,similar,slightly,spaced,sparsely,staminate,stellate-pubescen,stellate-pubescent,stellate-tomentose,stipitate,straight,subsessile,terete,testa,thick,time,tomentose-floccose,tomentose-scabrous,ud,unarmed,unevenly,unicellular,unit,upper,villose,visible,ympodial	adhesion,arrangement,climate,colour,form,hair,height,history,inflorescence,length,life,na,number,perennial,position,presence,pubescence,reproduction,rugulose,seed,shape,size,staman,stipe,texture,ye
242	wfo-0001027437	success	193	115	86	107	29	0.446	0,0.2-0.4,1-1.5,1-2,1-4,2-2.5,2-3,2-4.5,2.5,2.8-6,4,4-4.5,4-5,5-12,5-6,6-8,7-17,acuminate,acute,anther,apex,attenuate,base,beige,berry,brown,calyx,chartaceous,clavate,cm,cordate,corolla,dark,diameter,elliptic,entire,erect,fruit,glandular,glandular-viscous,globose,green,growth,heterostylous,hirsute,internodal,lateral,lenticulate,linear-lanceolate,lobe,lobed,margin,middle,midpoint,minute,mm,oblanceolate,ovary,pedicel,peduncle,petiole,puberulent,pubescence,pubescent,ray,reddish,reticulate,rusty,scabrous,shrub,sparsely,stellate,stellate-rotate,stem,stigma,style,subcampanulate,subreniform,subspherical,surface,tomentose,triangular-lanceolate,tube,white,woody,x	0.4-0.5,1,1-3,1.2-1.5,2-2.5mm,2-several,30,abaxially,adaxially,anthesi,antrorse,armed,articulated,bark,basal,beneath,branched,compressed,corymbose,curved,cyme,decurrent,densely,diamete,discolorous,distal,eaf,eed,egalndular,elongate,erec,exceeding,filament,flower,free,fruiting,glabrous,impressed,inserted,laterally,leaving,lengthening,like,long,long-styled,lower,mixed,mixture,near,nerve,new,nflorescence,oblong,older,one,ovate,partially,perfect,pericarp,plurifoliat,pore,poricidal,porrect,portion,prickle,prickly,prominent,raise,recurved,reduced,reflexed,rugose,ruit,scar,scarce,sessile,short-styled,simple,slightly,slit,spaced,sparse,stalked,staminate,stipitate,straight,strongly,tall,terete,testa,thick,three,time,tinge,tip,trichome,ud,unarmed,unevenly,unicellular,unit,upper,velutinous,venation,within,yellow,ympodial	adhesion,arrangement,blade,climate,colour,form,hair,height,history,inflorescence,leaf,length,life,na,number,perennial,plant,plurifoliate,position,presence,present,reproduction,rugulose,seed,shape,size,staman,stipe,texture
243	wfo-0001027447	success	197	108	83	114	25	0.421	0-0.4,0.15-0.25,0.2-1,0.25-0.5,0.4-0.6,0.6-0.8,0.6-1,1-2.5,1.3-1.7,1.5-3,17-28,2.3-5,3-4.5,3.5-4.5,3.8-4.3,4-8,7-14,7-8,abaxially,absent,acuminate,acute,adaxially,andromonoecious,anther,apex,base,blade,brown,calyx,chartaceous,cm,cuneate,densely,diameter,elliptical,entire,erect,extra-axillary,flower,fruit,glabrous,globose,green,hair,inflorescence,leaf,length,lobe,lobed,long,margin,midpoint,mm,moderately,obtuse,ovate,pale,pedicel,peduncle,perennial,petiole,plant,present,pubescence,ray,red,rhizomatous,rostrate,shallowly,shrub,simple,sparsely,stellate,stellate-pubescent,style,succulent,thick,throughout,tube,white,x,yellow	%,.25,0-0.5,0-1,0-10,0-2.5,0-4,0.2-0.6,0.25-0.3,0.5-1.7,1-1.4,1-10,1-2,1-locular,1.2-1.7,10-20,13-18,2.1-3.2,2.5-4,25-30,3-6,4-6,4-9,5-13,5-8,5-merou,6-10,7-10,7-14.5,8-13,absen,acicular,across,adaxiall,adult,alyx,apart,articulated,axe,ba,branch,branche,confined,cross-section,cylindrical,decimetre,directed,distall,distally,dm,eaf,eed,eglandular,elliptica,exocarp,finger,fruiting,functional,gland-tipped,half,heterostylous,incomplete,index,juicy,juvenile,lamina,lateral,less,lobing,longer,lower,markedly,mature,mesocarp,midrib,midvein,minute,nflorescence,oblique,orolla,pair,part,per,placenta,pore,porrect,prickle,pseudo-racemose,ruit,septum,sessile,short,side,spaced,stellae,straight,surface,tal,tamen,tem,thicker,time,transparent,unarme,unarmed,unbranched,unit,unknow,upper,vary,vein,weakly,wide,ympodial	adhesion,arrangement,climate,colour,corolla,form,glandular,growth,height,history,life,na,number,ovary,position,presence,reproduction,seed,shape,size,staman,stem,stigma,stipe,texture
244	wfo-0001027449	success	160	108	75	85	33	0.469	.5,/3,0.5-1,0.5-1.5,0.8-1.5,0.9-1.1,1.4-1.5,2-4,3,3-3.5,3-7,5-6,8-15,acuminate,acute,anther,apex,area,base,beneath,brown,calyx,cm,corolla,dark,dia,dry,elliptic,fruit,glabrous,globose,green,inflorescence,leaf,lobe,lobed,long,long-triangular,material,minutely,mm,narrowly,obconic,oblique,often,opposite,ovary,ovoid-reniform,pale,papillose,pedicel,petiole,pitted,pore,poricidal,pubescent,red-papillose,shaped,shrub,size,small,stem,stigma,style,surface,tear-drop,tip,tree,trichome,tube,tuft,uniseriate,way,white,x	.4,.75,1.2-1.5,1.5-2.5,10-15-flowered,2-3,4-6,anthesi,appearing,arising,around,axil,bark,becoming,beginning,berry,bud,closely,cup,deciduous,deflexed,dense,densely,density,differing,difoliate,eaf,edicel,eed,ellipsoid,erect,exserted,extreme,filament,forming,free,frui,fruiting,geminat,glabrate,inflorescenc,lamina,later,lateral,like,lon,long-acuminate,lower,main,major,minor,nflorescence,older,one,orangish,overlapping,packed,pair,persistent,pointed,portion,prominent,raised,reddish-brow,reflexed,rest,ruit,scar,simple,slender,soon,sparse,sparsely,straight,styl,tall,tapering,trunk,ud,unit,varying,vein,woody,ympodial,young	adhesion,arrangement,blade,climate,colour,diameter,form,glandular,growth,hair,height,history,length,life,margin,midpoint,na,number,peduncle,plant,position,presence,pubescence,ray,reddish-brown,reproduction,rugulose,seed,shape,staman,stellate,stipe,texture
245	wfo-0001027452	success	152	100	64	88	36	0.421	.5,0.5-1,0.5-1.5,0.5-2,0.5-2.5,1-3,1-4.5,1.5,1.5-3,10-20,2-6,2-foliate,4,4-6,5-12,acute,anther,apex,base,blade,brown,calyx,chartaceous,ciliate,cm,densely,diameter,dm,drying,elliptic,elliptic-ovoid,entire,flower,fruit,glabrous,globose,hair,herb,immature,linear-lanceolate,lobe,margin,maturing,membranaceous,mm,moderately,oblong,obtuse,pedicel,peduncle,petiole,pubescent,rotate,rounded,seed,semitransparent,sparsely,stigma,style,tube,usually,white,x,yellow	1,1-2,1-5,2-4,3-6,3-9,5-20,abaxially,absent,abundant,adaxiall,adaxially,along,axe,berry,beyond,branched,cell,celled,center,connected,cordate,decurrent,dehiscing,denser,eaf,eed,emarginat,equal,explosively,exserted,filament,flat,frui,geminat,growt,held,interpetalar,large,long,lower,lying,maturit,mesocarp,nearly,new,nfloresence,notched,often,one-,orolla,outer,parallel,per,perpendicular,placenta,pressure,pubescen,rachi,raised,ridge,ruit,running,short,significantly,single,slightly,smaller,smoother,sometimes,stamen,straight,swollen,tal,tamen,tem,tissue,triangular,two-celled,unbranched,unit,vary,vein,wall,watery,wid,woody,ympodial	adhesion,arrangement,climate,colour,corolla,form,geminate,glandular,growth,height,history,inflorescence,leaf,length,life,midpoint,na,number,ovary,perennial,plant,position,presence,pubescence,ray,reproduction,rugulose,shape,size,staman,stellate,stem,stipe,surface,texture,ye
246	wfo-0001027471	success	165	108	78	87	30	0.473	/4,0.1-0.2,0.2-0.4,0.2-0.5,0.5,0.5-0.6,0.5-1.5,0.9-1,1-1.2,1-1.5,1.4-3,2-2.5,2-3,2-lobed,3-4,3-7,4-5,acute,anther,apex,base,bifid,brittle,calyx,cm,conical,corolla,diameter,elliptic,entire,flattened,glabrous,globose,growth,herb,inflorescence,internodal,leaf,leaf-opposed,less,lobe,lobed,long-triangular,margin,maturity,mm,open-conical,ovary,ovate,pale,pedicel,peduncle,perfect,petiole,poridical,pubescent,red-orange,reniform,shape,shrub,simple,size,small,somewhat,sparsely,stem,stigma,style,subshrub,surface,tan,thin,tip,tube,way,white,x,yellowish	.5,0.4-1,0.5-0.7,0.7-0.9,1-1.6,1.5-2,6-7,abaxially,adaxially,age,along,anthesi,appressed,ascending,bark,berry,branched,c.,closely,deltate,dendritic,densely,desnsely,differing,difoliate,distant,drying,eaf,eed,erec,erect,especially,filament,flower,free,fruiting,furcate-dendritic,geminate,included,lamina,lengthening,like,lower,major,midvein,minor,minutely,mixture,new,nflorescence,nodding,node,occasionally,orbicular,overlapping,pair,papillat,pericarp,petal,pitted,planar,plane,pore,portion,primary,pubscent,rachi,reflexed,ruit,scar,scattered,similar,slender,slightly,slit,spaced,straight,thickened,trichome,trifoliat,ud,uniseriate,unit,usually,vein,woody,ympodial	adhesion,arrangement,blade,climate,colour,dense,form,fruit,glandular,hair,height,history,length,life,midpoint,na,number,plant,position,presence,present,pubescence,ray,reproduction,rugulose,seed,staman,stellate,stipe,texture
247	wfo-0001027473	success	138	120	85	53	35	0.616	.25,/2,0.5-1,0.8-1,1-1.5,1-2,1.3-2,1.5-2,1.8-2,2-2.5,2.5-3,3.5-5,4.5-13,5,8.5-37,?,abaxially,acute,adaxially,anther,apex,base,berry,brown,calyx,clavate,cm,conical,corolla,deccurent,decurrent,deep,dendritic,densely,di-,dia,flattened-reniform,glabrous,globose,green,incrassate,later,leaf,like,lobe,lobed,long,long-triangular,margin,minutely,mm,near,obovate,occasionally,ovary,pale,pedicel,petiole,pitted,pointed,pubescent,pubesent,rootstock,rusty,sessile,shape,shrub,somewhat,sparsely,stem,stigma,strongly,style,subshrub,surface,thick,trichome,trifoliate,tube,way,white,wide,winged,woody,young	0.25-0.5,1/3,6-9,absen,along,anthesi,ape,apparently,bark,deflexed,denser,differing,drying,eaf,eed,empty,erect,filament,free,fruiting,geminat,giving,lateral,less,lower,main,major,middle,minor,minute,older,overall,pair,papillo,planar,pore,poricidal,portion,ruit,sac,shaped,sterile,tall,tear-drop,tip,unit,usually,vein,widest,wing,yellowish,yellowish-brow,ympodial	absent,adhesion,arrangement,blade,climate,colour,diameter,form,fruit,glandular,growth,hair,height,history,inflorescence,length,life,midpoint,na,number,peduncle,plant,position,presence,pubescence,ray,reproduction,rugulose,seed,size,staman,stellate,stipe,texture,yellowish-brown
248	wfo-0001027483	success	164	84	60	104	24	0.366	0.2-1.9,0.6,1-2.5,1.2-2.5,1.5-10,1.5-2.6,1.5-3,2-4,2-4.5,3-15,3-6,3.5-20,4.5-8,5-6,acute,calyx,cm,coarsely,connate,corolla,dehiscent,diameter,distal,elliptical,finely,globose,green,green-white,half,herbaceous,lateral,leaf,leaflet,light,lobe,long,medium,minute,mm,odd-pinnate,ovate,ovoid,pedicel,peduncle,perennial,petiole,plant,poricidally,pubescent,rotate,seed,size,stigma,style,terminal,throughout,violet,violet-purple,wide,yellow	0-1.,1,1-2,1-4,1-5,2,2-3,3-6-foliat,5-10,abaxially,acumen,adaxially,apex,apical,apically,articulate,basal,base,branched,cell,covering,cuneate,cyme,decurrent,dichasial,dichasially,digestion,diminishing,dorsally,dot,eaf,ebracteate,edge,eed,emoval,enzyme,erec,exceeding,filament,flat,flower,folded,forked,generally,globo,gradually,hair-like,honeycomb,interjected,interpetiolar,introrse,lighter,living,lon,lower,lunat,make,maturing,monochasial,mucilaginous,nflorescence,nther,obtuse,often,orolla,pair,pattern,perfect,petiolule,plan,proximal,purple,rachi,ray,reveal,rosette,rounded,ruit,sessile,seudostipule,short,slit,smooth,sometimes,specimen,stamen,straight,subsessile,tall,tem,testal,thick,tissu,toward,tuber-bearing,typically,uniform,unit,vary,varying,wall,white,ympodial,¼	adhesion,anther,arrangement,colour,form,fruit,growth,height,history,inflorescence,length,life,na,ovary,position,pubescence,reproduction,rugulose,shape,staman,stem,surface,texture,tube
249	wfo-0001027503	success	197	115	98	99	17	0.497	.5,0.2,0.4-0.7,0.5,0.5-0.6,0.8-1,1-1.2,1-3,1.2-2.5,10,2-3,2.5-5.5,4,<,abaxially,adaxially,age,along,anther,articulated,base,beige,berry,broadly,calyx,clavate,cm,conical,consisting,coriaceous,corolla,deltate,densely,diameter,dioecious,distally,echinoid,elliptic,female,flower,fruit,glabrous,globose,greenish,grey,growth,inflorescence,internodal,lanceolate,leaf,lengthening,lepidote,less,lobed,long,lower,male,midrib,mixture,mm,narrowly,nearly,ovary,pale,pedicel,peduncle,plant,pore,poricidal,porrect,pubescence,pubescent,ray,ripe,shiny,shoot,short,shrub,simple,small,solitary,sparsely,stellate,stem,stigma,style,surface,tan,thick,thin,tip,tree,trichome,tube,white,x,yellowish,½	0.15-0.2,0.5-0.7,0.6-0.7,0.9-1.2,1,1.1-1.5,2.5-3,20-40,549,8-11,acute,almost,anthesi,apex,armed,bark,beneath,berr,bluntly,branched,broad-based,common,deflexed,dense,due,eaf,eed,ellipsoid,elongate,enclosing,entire,erect,expanding,fide,filament,foliose,free,fruiting,glabrescen,greatly,included,juvenile,known,lamina,large,like,likely,lobe,margin,minutely,new,nflorescence,occasionally,often,older,overlappin,packed,pair,papillo,partially,peguero,pericarp,petiole,pistillate,planar,plurifoliat,portion,prickle,prickly,primary,prominent,rest,rhachi,rounded,rudimentary,ruit,scar,seen,similar,slit,somewhat,staminate,stout,straight,tightly,time,tiny,truncate,tubular,ud,unarme,unarmed,underside,unisexual,unit,vein,visible,without,ympodial	arrangement,colour,form,height,history,length,life,na,perennial,position,presence,reproduction,rugulose,seed,shape,size,texture
250	wfo-0001027506	success	215	134	104	111	30	0.484	-0.35,-20,-7,-7.5,.2,/6,0-10,0.2-0.3,0.25,0.5-1.5,0.5-6,0.7-1.3,1.2-1.5,1.8,1/3,2-3.2,2.2-3.5,2.5-5,3-5,3-6,3.5-5,6.5-10,7-8,8-10,abaxially,acuminate,acute,andromonoecious,anther,apex,apically,base,becoming,berry,blade,brown,calyx,chartaceous,cm,connivent,cordate,cream,cuneate,dark,densely,diameter,dry,entire,equal,flattened-reniform,fruit,glabrous,green,hard,lateral,leaf,length,lobe,lobed,long,margin,marking,maturity,mauve,midpoint,mm,moderately,narrow-deltate,occasionally,orange,orange-brown,ovate,pale,pedicel,peduncle,petiole,plant,poricidal,purple,ray,shrub,simple,small,smooth,sometimes,spherical,stellate,stellate-pubescent,stem,style,subentire,surface,tapering,terminal,tip,tree,truncate,tube,upper,way,wide,woody,yellow,young	-1,-3,.5,/2,0,0-2,0-6,0-60,0.1-,0.1-0.3,0.2,0.8-1.5,1-2,1-3,1-4,1.5-2.2,1/6-1/4,10-40,2.5-8,3-10,5-10,5-7,5-merous,6-13,7-9,9-13,acuminat,alyx,ame,apar,apart,apparently,articulated,bark,branched,brow,c.,cell,concolorous,curved,distal,drying,eaf,eed,elongating,erect,filament,fine,flattened,flower,free,fruiting,glabrescent,hermaphrodite,heterostylous,infructescence,lengt,long-styled,longer,lower,lowermost,mature,multangulate,nflorescence,older,one,open,orolla,oung,outline,pair,pendulous,per,pericarp,pit,plurifoliat,porrect,portion,prickl,prickle,prickly,primary,raised,reddish,reduced,reflexed,ruit,scar,sessile,short-styled,spaced,spreading,stalk,stalked,staminat,stout,tamen,terete,tertiary,time,trichome,twice,unarmed,unit,variously,vary,vein,venation,visible,yellow-green,ympodial	adhesion,arrangement,climate,colour,corolla,form,glandular,growth,hair,height,history,inflorescence,life,na,number,ovary,perennial,position,presence,present,pubescence,reproduction,rugulose,seed,shape,size,staman,stigma,stipe,texture
251	wfo-0001027510	success	195	117	88	107	29	0.451	.5,.7,0-0.4,0-0.5,0.2-0.4,0.4-0.9,0.5-0.6,0.5-1.1,0.7-1.5,0.9-3.4,1.5-2,1.5-2.5,2-2.2,2.5-3,2.6-6,3-5,4-5.5,4-6,4-9,5-10,6-13,6-7.5,abaxially,absent,acute,adaxially,anther,apex,base,blade,broadly,calyx,capitate,chartaceous,cm,connivent,cordate,densely,diameter,elliptic,entire,erect,extra-axillary,fruit,glabrous,gland-tipped,globose,green,grey,hair,inflorescence,interpetalar,juicy,lanceolate,leaf,length,lobe,margin,midpoint,minutely,mm,obtuse,ovate,pale,pedicel,peduncle,perennial,petiole,pubescent,purple,ray,red,reticulate,rhizomatous,rotate-stellate,short,shrub,simple,stellate,stellate-pubescent,stigma,style,succulent,surface,tissue,tube,x,yellow	%,0-0.9,0-2,0-5,0.1-0.3,0.7-1.6,0.8-1.8,1-2,1-3,1-locular,1.5-3,1.5-4,1.6-2,10-12,10-13,10-15,17-35,2-3,2-5,2-foliate,2.6-5.5,3-6,4-5,4-8,5-merou,6,6-8,9-12,absen,abundant,accrescent,across,adult,alyx,apart,apparen,articulated,axe,ba,contiguous,cylindrical,deltate,directed,distall,distributed,eaf,eed,eglandular,exceeding,filament,finger,flower,forke,fruiting,geminat,homostylous,incomplete,juvenile,lamina,lateral,leafy,lobed,long,lower,mature,mesocarp,minute,nearly,nflorescence,oblique,orolla,pair,part,per,perfect,placenta,pore,porrect,prickle,pseudo-umbellate,rachi,ruit,septum,sessile,shallowly,soliary,spaced,stalk,stellae,tal,tamen,tem,thick,throughout,time,tissu,transparent,unarme,unarmed,unbranched,unit,upper,usually,vary,wide,without,ympodial	adhesion,arrangement,climate,colour,corolla,forked,form,glandular,growth,height,history,life,na,number,ovary,plant,position,presence,present,pubescence,reproduction,rugulose,seed,shape,size,staman,stem,stipe,texture
252	wfo-0001027536	success	200	133	103	97	30	0.515	-3,0.4-2.0,1-1.5,1-2,1.5-2,2-10,2-2.5,2-3,2-5,3-3.5,3-5,4,4-10,4-12,4-5,4-8,5-6,5-7,8-10,abaxially,acute,adaxially,anther,apart,apex,apiculate,articulated,base,blade,brown,calyx,cm,connivent,curved,decurrent,densely,depressed-globose,diameter,eglandular,elliptic,entire,ferruginous,flower,fruit,glabrous,gland-tipped,glandular,glandular-stellate,globose,hair,inflorescence,leaf,leathery,lenticular,linear-lanceolate,lobe,long,longer,lower,margin,midpoint,mixed,mm,mostly,multiseriate-stalked,oblanceolate,pedicel,peduncle,perennial,persistently,petiole,pubescent,reddish,sessile,short,shrub,similar,simple,slender,slightly,spaced,stellate,stem,stigma,straight,style,subcampanulate,subcoriaceous,subreniform,surface,time,tip,tomentose,trichome,tube,unbranched,upper,velutinous,villose,white,x,yellow,zygomorphic	-15,2-,2-4,20,3-4,3-forked,30-50,5-10,8-,accrescent,adaxiall,alyx,ape,apical,armed,asymmetric,axe,ba,basal,berry,bicolored,bisexua,branch,branched,chartaceous,clavate-truncat,compressed,dark,distal,dry,eaf,eed,enlarged,epicarp,equal,erect,exceeding,ferruginous-tomentose,filament,fine,fleshy,free,fruiting,gynoecia,held,impressed,introrse,laterally,like,many-foliat,maturit,multiseriate,nflorescence,one,opening,ornamentation,orolla,part,per,perfect,persistent,pore,prickle,primary,prominent,rachi,recurved,reduced,reflexed,reticulated,ruit,single,small,somewhat,sparsely,splitting,stalk,stamen,staminate,subulate,surrounded,tal,tamen,tem,terete,thick,unarme,unarmed,unisexual,unit,upright,usually,vary,vein,wide,yellowish,ympodial	adhesion,arrangement,bisexual,clavate-truncate,climate,colour,corolla,form,growth,height,history,length,life,na,number,ovary,plant,position,presence,present,pubescence,ray,reproduction,rugulose,seed,shape,size,staman,stipe,texture
253	wfo-0001027538	success	137	97	63	74	34	0.46	.5,.9,0-0.1,0.3-0.4,0.4-0.5,0.4-0.85,0.5-1,0.9-1,0.9-1.2,0.9-1.8,1.5-3.5,4-5,8,8-13,absent,acute,adaxially,anther,apex,attenuate,base,blade,brown,calyx,chartaceous,cm,cordate,densely,diameter,entire,extra-axillary,flower,fruit,glabrous,grey-green,hair,inflorescence,lateral,length,lobe,long,margin,mid-point,midpoint,mm,obtuse,ovate,pedicel,peduncle,petiole,present,prostrate,ray,rusty,simple,stellate,stellate-pubescent,thick,time,tube,unknown,x,yellow	%,0-1.5,0-2,0.05-0.15,0.1-0.2,0.3-0.45,0.5,0.5-1.5,0.6-1,1,1-4,1.9-2.4,2-4,20-25,5-merou,7-12,?,abaxially,absen,acicular,across,adaxiall,alyx,apart,armed,articulated,axe,ba,directed,distall,distributed,eaf,eed,eglandular,finger,fruiting,gland-tipped,globo,half,lamina,less,lon,lower,mature,midvein,minute,nflorescence,oblique,orolla,part,per,pore,porrect,prickle,ruit,sessile,short,shru,spaced,stage,stalk,stellae,straight,tamen,tem,throughout,unarmed,unbranched,unit,unknow,uvenile,wide,yellowish,ympodial	-12,adhesion,arrangement,climate,colour,corolla,form,glandular,globose,growth,height,history,leaf,life,na,number,ovary,plant,position,presence,pubescence,reproduction,rugulose,seed,shape,shrub,size,staman,stem,stigma,stipe,style,surface,texture
254	wfo-0001027548	success	216	126	96	120	30	0.444	-11.5,.3,0.3-1.2,0.5-2,1,1-1.5,1-2.5,1-3.5,1.2,1.5-2.5,3-7,4-8,4.5,6-9,acuminate,acute,almost,anther,apex,attenuate,base,berry,black,brown,c.,calyx,capitate,cm,conical,connivent,corolla,dark,deltate,dendritic,densely,diameter,dull,ellipsoid,elliptic,elongate,entire,flattened-reniform,glabrous,glandular,globose,green,growth,immature,inflorescence,leaf,like,lilac,lobe,lobed,loose,loosely,margin,matte,membranous,minutely,mm,narrowly,pale,papillae,papillate,pedicel,peduncle,perfect,petiole,pitted,puberulent,pubescent,reddish,ripe,simple,size,sparse,stellate,stem,stigma,style,surface,terminal,thickened,tinged,tiny,tip,trichome,tube,uniseriate,vine,way,white,woody,x,yellow	0.2,0.5,1-10,1.5,1.5-2,10-12,10-50,4-6,5-merou,7-10,8-9,abaxiall,adaxially,ag,along,also,although,alyx,anthesi,apart,apical,apparently,appearing,area,ark,articulated,articulation,axi,basal,beneath,bent,branch,branched,branching,bu,cell,darker,deflexe,denser,depressed-elliptic,drying,eaf,early,eed,em,exserted,extending,filament,flexuous,flower,free,fruiting,geminat,glabrescen,half,herbarium,ilament,irregularly,lamina,leaving,lengthening,less,lon,long,long-styled,lower,many,minute,mixed,near,new,nflorescence,occasionally,older,orolla,outline,pair,papillo,per,pericarp,planar,plurifoliate,point,pore,poricidal,portion,primary,prominent,rachi,rectangular,revolute,ruit,scar,scattered,slender,slit,small,sometimes,somewhat,spaced,sparsely,specimen,spreading,strongly,swollen,tapering,testal,thin,time,transparent,twinin,type,ud,unit,upper,usually,vary,vein,warty,ympodial	8,adhesion,arrangement,blade,climate,colour,form,fruit,hair,height,history,length,life,midpoint,na,number,ovary,perennial,plant,position,presence,pubescence,ray,reproduction,rugulose,seed,shape,staman,stipe,texture
255	wfo-0001027581	success	200	108	65	135	43	0.325	acute,anther,apex,base,berry,broadly,brown,calyx,clavate,cm,connivent,corolla,cup-shaped,dark,deltate,densely,diameter,ellipsoidal,elliptic,entire,evenly,flattened-reniform,globose,golden,green,growth,inflorescence,leaf,length,lobe,lobed,long,loosely,margin,minutely,mm,moderately,pedicel,peduncle,petiole,pitted,plane,pubescent,purple,ray,reddish,ripe,shiny,shrub,simple,size,small,sparsely,stellate,stem,stigma,style,surface,terminal,thin,tree,tube,unevenly,wide,yellow	0.2–0.3,0.3,0.3–1,0.5–1,0.5–1.5,1,1.2–1.5,1.3–1.5,1.5,1.5–2,1.5–3,10,100+,10–16,12,12–30,15–20,1–1.5,1–3-rayed,2.5–3,200,3.5–4.5,3–3.5,4.5–16,4–8,5-merou,6–7,7–10,7–9,8,8–10,9–11,9–9.5,>,abaxial,abaxially,adaxial,ag,along,alyx,anthesi,apar,ark,articulated,axe,beneath,branched,branching,brow,bulbous,c.,clearly,closely,dichasia,discolorous,distally,drying,eaf,echinoid,eed,erec,exserted,filament,flower,free,fruiting,glabrescent,glabrous,gradually,greyish,ilament,lamina,largest,lengthening,less,like,longest,lower,many,midvei,minute,mixed,multangulate,multiseriate,narrowing,near,new,nflorescence,nodding,older,orolla,pair,papillo,part,per,perfect,pericarp,plurifoliate,pore,poricidal,porrect-stellate,portion,primary,reflexed,rhachi,ruit,scar,scarcely,sessile,short-stalked,slit,smaller,spaced,spreading,stalk,stout,tall,tem,time,tip,trichome,ud,undersurface,unit,upper,vary,varying,vein,visible,way,weak,whit,woody,yellowish,ympodial	1-1.5,1.3-1.5,1.5-2,1.5-3,12-30,15-20,2.5-3,3-3.5,4-8,4.5-16,7-10,7-9,9-9.5,adhesion,arrangement,blade,climate,colour,form,fruit,glandular,hair,height,hermaphroditic,history,life,midpoint,na,number,ovary,perennial,plant,position,presence,present,pubescence,reproduction,rugulose,seed,shape,staman,stipe,texture
256	wfo-0001027584	success	144	108	73	71	35	0.507	-2,0.5-1,0.5-1.5,0.9-1,0.9-2.5,1-1.2,1.5-2,1.6-1.9,11.5-45,2,2-10,3,3-.,4-6,4-7,4.5-20,abruptly,absent,acuminate,anther,apex,attenuate,base,branched,broadly,calyx,cm,conical,corolla,darker,deltate,densely,diameter,ellipsoid,elliptic,flattened,four,fruit,glabrous,green,herb,lobe,lobed,long,margin,minutely,mm,nearly,ovary,ovate,pale,papillate,pedicel,peduncle,petiole,reddish,reniform,scattered,shrub,smooth,sparsely,stem,stigma,stripe,style,suffruticose,surface,tan,time,tube,uniseriate,white,x	-16,..,.5,1.2-1.4,1.5-8,10-15,100,2.5-3,7-10,8-9,anthesi,apical,bark,becoming,beginning,beneath,branch,brittle,brow,c.,capitat,cell,cucullate,deflexe,dry,eaf,edicel,eed,erec,filament,flower,fruiting,irregular,lamina,lower,markedly,narrowly,nflorescence,open,outer,outline,pair,per,pericarp,planar,plurifoliat,pointed,present,primary,regularly,ruit,scar,single,single-stemmed,sinuate,small,sparse,striate,testal,thickening,thin,tip,triangular,trichome,tuft,ud,unit,vein,wall,without,ympdoial	adhesion,arrangement,blade,brown,capitate,climate,colour,form,glandular,growth,hair,height,history,inflorescence,leaf,length,life,midpoint,na,number,plant,plurifoliate,position,presence,pubescence,ray,reproduction,rugulose,seed,shape,size,staman,stellate,stipe,texture
257	wfo-0001027585	success	217	116	90	127	26	0.415	0-0.5,0-1,0-2,0.15-0.25,0.25-0.35,0.6-0.9,1-3,1-4,10-25,12-23,2-5,2.3-2.8,3-3.5,3-4,4.5-20,5-8,6-8,7-10,7-9,absent,acuminate,acute,anther,apex,base,blade,brown,calyx,chartaceous,cm,connivent,cuneate,cylindrical,deltate,densely,diameter,elliptic,entire,erect,extra-axillary,flattened,fruit,glabrous,globose,green,hair,inflorescence,lanceolate,lateral,leaf,length,lilac,lobe,lobed,long,loosely,margin,midpoint,mm,oblate,ovate,pale,pedicel,peduncle,perennial,petiole,plant,present,pubescent,ray,rhizomatous,ripe,rounded,shallowly,shrub,simple,sparsely,sprawling,stellate,stellate-pubescent,stigma,style,surface,throughout,time,tube,unripe,vine,x,yellow	%,.05,0,0-15,0-4,0.2-0.3,0.2-0.4,0.5-1,0.7-4.5,0.9-1.8,1,1.9-2.5,11-15,13-18,15-20,15-30,2-3,2-6,2-foliate,2-locular,22-25,29-40,3-7,3.8-4.2,4-8,5-17,5-7,5-merou,6-7,7-14.5,8-10,8-14,abaxially,absen,accrescent,acicular,across,adaxiall,adaxially,adult,alyx,andromonoecious,anvil-shape,apart,articulated,axe,ba,branch,branche,broad-based,capitat,confined,cross-section,curved,decimetre,directed,distall,distributed,dm,eaf,eed,eglandular,exocarp,finger,flower,fruiting,functional,geminat,gland-tipped,half,heterostylous,interpetalar,juicy,juvenile,lamina,less,longer,lower,mature,mesocarp,mid-point,midrib,midvein,minute,moist,narrowly,nflorescence,oblique,orolla,pair,part,per,placenta,pore,porrect,prickle,purple,rachi,ruit,scarcely,sessile,short,side,spaced,sparse,stalked,stellae,straight,tal,tamen,tem,thick,tissue,transparent,triangular,unarme,unarmed,unbranched,unit,upper,vary,vein,weakly,white,wide,yellowish,ympodial	adhesion,arrangement,capitate,climate,colour,corolla,form,glandular,growth,height,history,life,na,number,ovary,position,presence,pubescence,reproduction,rugulose,seed,shape,size,staman,stem,texture
258	wfo-0001027594	success	168	105	72	96	33	0.429	.5,0.3-1.2,0.7-1,0.7-1.2,1-2,1.5-2,10-15,2.5,2.5-4,3-4,3/4,4-5,acute,anther,apex,attenuate,base,berry,bright,brown,calyx,capitate,cm,corolla,dark,decurrent,deltoid,dia,flattened-reniform,fleshy,glabrous,glandular,globose,green,hard,immature,lavendar,leaf,lobe,lobed,margin,maroon,minutely,mm,oblanceolate,occasionally,often,opposite,orange,ovary,pale,papillose,pedicel,petiole,pitted,puberulent,ripe,seed,shaped,shrub,stem,stigma,style,surface,tear-drop,tinged,tube,way,white,winged,x,yellow-tan	.1,.2,0.6-1.4,0.9-2.5,1,2-2.2,2-3,2-5,4.7-6.8,5-20-flowered,across,age,anthesi,ba,bark,becoming,bi-lobed,body,branch,closely,constriction,curved,difoliate,distal,eaf,edicel,eed,elliptic,erect,especially,extending,filament,free,fruiting,geminat,geminate,incrassate,interpetalar,junction,lateral,lenticellat,less,locule,lon,long,lower,main,major,middle,minor,minute,nflorescence,non-reproductive,oblong,obovate,obovoid,older,one,ovate,overlappin,pair,paler,papillo,pore,poricidal,portion,prominent,raised,reflexed,reproductive,rounded,ruit,scar,shoot,simple,sinus,slender,slightly,small,spaced,straggly,straight,tall,tapering,thin,tip,trichome,two,ud,uniseriate,unit,vein,widest,woody,ympodial,young	adhesion,arrangement,climate,colour,diameter,form,fruit,growth,hair,height,history,inflorescence,length,life,midpoint,na,number,peduncle,perennial,plant,position,presence,pubescence,ray,reproduction,rugulose,shape,size,staman,stellate,stipe,sympodial,texture
259	wfo-0001027600	success	185	139	113	72	26	0.611	0.5-1.5,1,1-14,1-2,1-4,1-5,1.5-2,10-,15-25,2-18,2-3,2-3.5,2-4,2-4.5,2-6,2.5-21,20-30,3-15,3-5,3-5-lobed,3-6,abaxially,acuminate,acute,adaxial,adaxially,along,apex,apical,articulated,basal,base,beyond,calyx,campanulate,cm,collection,concave,cordate,cuneate,deltate,densely,diameter,dilated,distally,ellipsoidal,entire,especially,except,exserted,fading,flattened,forked,fruit,glabrescent,glabrous,gland,glandular-puberulent,greenish-white,leaf,leaving,lobe,lobed,long,main,margin,mature,midrib,minutely,mm,moderately,obconical,oblong,occasionally,older,orange,papillose,pedicel,pedicellar,peduncle,petiole,pilose,pinnately,puberulence,puberulent,pubescent,purple,purplish,rarely,remnant,rounded,simple,slightly,sparsely,stamen,stigma,strongly,style,subcoriaceous,surface,tip,tree,truncate,tube,two,unbranched,unlobed,vein,white,x,yellow,yellow-green,young	-10,-3,0.5-1,1.5-2.5,1/2-3/4,10-20,2-11,2-5,2.5-6,4-6,4-foliat,5-13,8-17,abruptly,absen,absent,adpressed,aggregate,apart,ape,apiculate,axe,blade,brow,cell,channe,connective,coriaceous,cream,directed,divided,eaf,eed,elliptic,exceeding,fleshy,flower,laterally,lon,lower,narrowed,nflorescence,nther,obtuse,orolla,ovate,ovoid,perfect,pilo,pore,puberulen,rachi,radiu,ruit,shorter,sinus,small,somewhat,spaced,stone,tal,tem,thecae,time,tomento,triangular,ud,unit,vary,wide,yellowish,ympodial	anther,arrangement,channel,colour,corolla,form,growth,height,history,inflorescence,length,life,na,ovary,perennial,plant,position,pubescence,reproduction,rugulose,seed,shape,size,stem,texture,tomentose
260	wfo-0001027601	success	204	113	85	119	28	0.417	0-0.1,0-3,0.2-0.4,0.25-0.4,0.3-0.5,0.4-2,0.5-1.5,0.5-2,1-1.4,1.5-2,1.6-5,2-15,2.5-3,2.5-6,2.6-4,7-18,7-8,8-9,absent,acuminate,acute,adaxially,andromonoecious,angularly,anther,apex,base,blade,brown,buff,calyx,chartaceous,cm,connivent,cuneate,deltate,densely,diameter,ellipsoidal,elliptical,entire,erect,extra-axillary,flattened,fruit,glabrous,globose,green,hair,inflorescence,lanceolate,leaf-opposed,length,lilac,lobe,lobed,margin,midpoint,mm,ovate,pale,pedicel,peduncle,perennial,petiole,plant,present,ray,red,reniform,rhizomatous,shallowly,shrub,simple,sparsely,stellate,stellate-pubescent,stigma,style,surface,throughout,toward,tube,x,yellow	%,.05,0-10,0-7,0.1-0.5,0.2-0.8,0.4-0.5,0.5-0.8,0.5-1,1-1.3,1-2,1-locular,10-16,13-25,2-6,2.3-4.3,3-5,3-6,3-7,3-foliate,4-10,5-merou,6-8,7-20,abaxially,absen,accrescent,acicular,across,adaxiall,adult,alyx,apart,apparen,around,articulated,axe,ba,branche,capitat,confined,congested,contiguous,cylindrical,decimetre,directed,distall,eaf,eed,eglandular,exocarp,filament,finger,flower,fruiting,functional,geminate,gland-tipped,half,heterostylous,incomplete,index,juicy,lamina,lateral,less,lobing,long,longer,lower,mature,mesocarp,midrib,midvein,minute,narrow,nearly,nflorescence,oblique,obtuse,orolla,outer,part,per,placenta,pore,porrect,prickle,pseudo-racemose,rachi,reticulate,ruit,septum,sessile,short,side,spaced,stalk,stellae,straight,strongly,succulent,tal,tamen,tem,thick,time,unarme,unarmed,unbranched,unit,vary,vein,weakly,white,wide,wing,yellowish,ympodial	adhesion,arrangement,capitate,climate,colour,corolla,form,glandular,growth,height,history,leaf,life,na,number,ovary,position,presence,pubescence,reproduction,rugulose,seed,shape,size,staman,stem,stipe,texture
261	wfo-0001027606	success	192	108	80	112	28	0.417	0-0.2,0.2-4,0.3-0.8,0.3-1.2,0.4-0.5,0.5-0.75,0.7-0.9,1-1.5,1-2,1-2.5,10-19,2-7,2.5-4,3-4.1,4-6.5,6-8,abaxially,absent,acute,anther,apex,base,blade,broadly,brown,calyx,chartaceous,cm,cuneate,cylindrical,deeply,depression,diameter,entire,extra-axillary,flattened,flower,fruit,glabrous,globose,grey,hair,inflorescence,lanceolate,leaf,length,lilac,lobe,lobed,long,margin,midpoint,mm,narrowly,obtuse,ovate,pale,pedicel,peduncle,perennial,petiole,pinkish,present,pubescence,red,reniform,rhizomatous,rostrate,shrub,simple,stellate,stigma,style,surface,throughout,triangular,tube,vein,x,yellow	%,-10,0-1.5,0-4,0.2-0.3,0.2-2.5,0.5-1,1,1-5,1-7,1-locular,1.5-2.9,12-25,2,2-,2-3,2-4,2-5,2-5.5,3-10,3-4,3-foliate,4-11,5-merou,5.5-7,6-9,7-10,7-22,9-13,absen,accrescent,acicular,adaxiall,adaxially,adult,alyx,apart,apparen,apparently,articulated,axe,ba,branch,branche,branched,directed,distall,distally,dm,eaf,eed,erect,exocarp,filament,finger,fruiting,geminat,gland-tipped,green,half,incomplete,index,juicy,juvenile,lamina,less,lobing,longer,lower,markedly,mature,mesocarp,mid-point,midvein,minute,nflorescence,oblique,occasionally,orolla,pair,part,per,perfect,placenta,pore,prickle,pseudo-racemose,rachi,ruit,scarcely,septum,short,side,spaced,straight,succulent,tal,tamen,tem,thick,thicker,time,truncat,unarme,unarmed,unbranched,unit,upper,usually,vary,wide,ympodial	adhesion,arrangement,climate,colour,corolla,form,glandular,growth,height,history,life,na,number,ovary,plant,position,presence,ray,reproduction,rugulose,seed,shape,size,staman,stem,stipe,texture,truncate
262	wfo-0001027607	success	167	123	96	71	27	0.575	.1,.5,0.5,0.5-1,0.8-1,1,1-4,1.2-1.5,1.5-3,2-2.5,2-3,2-4,2.5-3,3-3.5,3/4,5-10,8-9,age,anther,arching,area,aspect,bark,base,becoming,branch,brown,calyx,cm,corolla,curling,dark,deflexed,dia,dry,ellipsoid,elliptic,elongate,erect,exserted,flattened,giving,glabrate,glabrous,globose,golden,green,leaf,less,like,lobed,long,material,minute,minutely,mm,narrowly,obovoid,occasionally,older,opposite,ovary,ovoid-reniform,pagoda-like,papillose,pedicel,petiole,pitted,plant,poricidal,present,prominent,reddish-brown,shrub,slight,slightly,soon,stem,stigma,style,surface,tan,tip,treelet,trichome,tube,unifoliate,uniseriate,vein,way,white,widened,widening,woody,x,yellowish	.25,0.25-0.5,4-10-flowered,5-7,acuminate,acute,anthesi,apar,apex,ba,basal,berry,branche,corky,decurrent,deltoid,densely,eaf,edicel,eed,evenly,except,f,filament,filiform,free,fruiting,geminate,gently,lamina,lateral,lenticellat,lobe,lon,lower,m.,main,middle,midrib,narrow,nflorescence,non-reproductive,pair,pore,portion,pubescent,raised,rarely,reflexed,ruit,scar,shaped,short,simple,slender,small,spaced,straight,strongly,styl,tall,tapering,tear-drop,tub,ud,unit,widest,winged,ympodial,young,zig-zag	arrangement,branching,bud,colour,deflexion,diameter,elongation,exsertion,form,fruit,growth,height,history,inflorescence,length,life,na,peduncle,perennial,position,pubescence,reproduction,rugulose,seed,shape,size,texture
263	wfo-0001027613	success	238	119	93	145	26	0.391	.5,0.1-0.6,0.2-1.6,0.4-1,0.5-0.6,0.5-0.7,1.5-2,1.5-3,2-2.2,2-2.5,2-5.6,2.3-2.6,3-4,3-5,4-5,4-8,4.5-9.5,5-18,5-8,6-12.5,9-10.5,acute,andromonoecious,anther,apex,attenuate,base,blade,broadly,brown,calyx,campanulate,chartaceous,circular,cm,cordate,corolla,dark,deltate,densely,diameter,extra-axillary,fruit,glabrous,gland-tipped,glandular,globose,green,hair,herbaceous,inflorescence,inserted,length,lilac,lobe,lobed,margin,midpoint,mm,moderately,nearly,obtuse,ovate,pale,pedicel,peduncle,petiole,plant,present,prostrate,pubescent,purple,ray,reniform,resprouter,rotate,shallowly,short,simple,sparsely,sprawling,stellate,stellate-pubescent,stigma,streak,style,surface,tan,tube,weakly,x,yellow,yellowish-green	%,0-0.1,0.1-0.7,0.3-0.4,0.3-1,0.4-0.5,0.4-1.2,0.4-1.5,0.7-1.5,0.8-1.7,1-1.5,1-1.7,1-10,1-2,1-7,1.2-1.4,1.2-2,1.3-1.8,10-17,12-15,15-100,15-28,2-3,2-5,2-7,2-8,2-foliate,2-locular,20-50,3-6,30-100,36-70,4-7,5,5-6,5-merou,7-12,7-8,80-180,9-17,abaxially,absen,absent,abundant,accrescent,acicular,across,adaxially,adult,alyx,and/or,anvil-shape,apart,armed,articulated,axe,ba,bitter,branche,capitat,clear,connivent,contiguous,cross-section,curved,cylindrical,decimetre,directed,distall,distally,distributed,eaf,eed,eglandular,exocarp,filament,finger,flattened,flower,fruiting,functional,geminat,half,heterostylous,index,interpetalar,juicy,lamina,lateral,less,lobing,lon,lonf,long,longer,lower,markedly,mature,mesocarp,mid-point,midvein,minute,minutely,moist,nflorescence,oblique,orolla,part,per,placenta,pore,porrect,presen,prickle,rachi,reticulate,ruit,sessile,side,somewhat,spaced,stage,stalk,stalked,stellae,straight,tal,tamen,tem,thick,thicker,throughout,time,tissu,tissue,transparent,triangular,unbranched,unit,uvenile,vary,vein,watery,wide,ympodial	adhesion,arrangement,capitate,climate,colour,form,growth,height,history,leaf,life,na,number,ovary,position,presence,pubescence,reproduction,rugulose,seed,shape,size,staman,stem,stipe,texture
264	wfo-0001027618	success	202	126	91	111	35	0.45	0.5,0.5-1,1,1-23,1-3,1-5,1-9,1.4-4,11-16,11-pinnate,15-35,2-11,2-12,2-27,2-5,2.5-6,3-30,3-5,3-7-pinnate,4,5-20,5-30,5-7.5,5.5-12,8-16,8-35,abaxially,adaxially,apex,basal,base,branched,campanulate,capitate,chartaceous,cm,compound,cordate,cuneate,deltate,densely,diameter,ellipsoidal,elliptic-ovate,entire,fleshy,fruit,fusiform,glabrous,globose,greenish,leaf,length,less,lobe,long,margin,membranaceous,minutely,mm,oblong,orange,papillose,pedicel,peduncle,per,pinnately,puberulent,puberulent-pubescent,pubescent-pilose,purple,reticulate,ripe,shallowly,shrub,simple,stigma,style,sympodial,tomentose,tree,triangular,truncate,tube,unbranched,unit,urceolate,white,wide,x,yellow	-10,-pubescent,0-10,0.5-6,1-,1-1.5,1-13,1-14,1.5-13,1.5-3,1.5-7,1.5-8.5,11-22,12-27,15-30,2-11.5,2-8.5,2-9,3-18,3-7,3.5-6,4-8,5-18,5-merous,6-25,6-40,7-25,acuminat,acut,acute,aggregate,also,alyx,apart,ape,articulated,ascending,axe,beyond,blade,bud,cell,connective,cylindrical,darker,dia,diamete,dilated,directed,distally,eaf,eed,elliptic,exceeding,exserted,flower,lateral,laterally,leaflet,leaving,lon,longitudinal,lower,mesocarp,moderately,near,nflorescence,nther,obovate,obtu,obtuse,often,orolla,ovate,pedicellar,perfec,perfect,petiole,petiolule,pilo,pilose,pore,presen,puberulent-pilo,pubescent,rachi,radiu,ranch,ratio,remnant,rown,ruit,runk,shorter,slightly,small,sometimes,somewhat,spaced,sparsely,spreading,stamen,stone,stripe,tal,terminal,thecae,uni,vary,width,without	1-8.5,abaxial,acuminate,adaxial,adhesion,anther,arrangement,branch,calyx,colour,corolla,crown,form,growth,height,hermaphroditic,history,inflorescence,life,na,ovary,perennial,plant,position,puberulent-pilose,pubescence,reproduction,rugulose,seed,shape,size,staman,surface,texture,trunk
265	wfo-0001027622	success	203	130	105	98	25	0.517	.5,0-14,0-16,0.3-10,1-2,1.5-3.5,1.5-4.2,1.6-4.5,12-23,2-25,2-6,2.5-3.5,3-16,3-4,3-4.5,3.5-11,4-9.5,5-11,6-17,6-7,8-16,abaxially,acuminate,acute,adaxially,along,anther,apex,axillary,base,blue,blue-purple,broadly,brownish,bud,chartaceous,ciliate,clavate,cm,condition,corolla,diameter,drying,elliptic,elliptical,especially,fresh,fruit,glabrescent,glabrous,globose,green,greenish,hair,herb,interjected,lanceolate,leaflet,light,like,lobe,long,margin,membranous,middle,midrib,minutely,mm,mottled,narrowly,oblique,odd-pinnate,ovate,ovate-lanceolate,ovoid,pale,pedicel,peduncle,pentagonal,petal,petiole,petiolule,plant,puberulent,pubescent,purple,rounded,seed,size,slightly,star,stellate,stem,stigma,striped,style,subglabrous,subtending,terminal,tip,truncate,tube,whitish,x,yellow	1,1-10,1/,2-3,4-5,5-merou,8-20,acumen,ag,alyx,apart,apparently,articulated,axe,berry,blade,borne,capitat,cell,connivent,covering,decumben,different,digestion,distal,dorsally,eaf,edge,eed,end,enzyme,erect,exceeding,except,filament,flat,flower,folded,forked,geminat,generally,glabrou,greatly,green-white,hair-like,half,homostylous,honeycomb-shaped,lateral,lengthening,living,lower,make,mucilaginous,nflorescence,often,orolla,pair,perfect,plurifoliate,population,pore,poricidal,proximal,reduced,removed,ruit,seudostipule,shortly,singly,slit,sometimes,spaced,specimen,stamen,ste,stolo,straight,subequal,tall,tamen,tem,testal,thick,throughout,tri-,tuber,typically,unit,unwinged,usually,vary,varying,wall,wet,wide,wing,ympodial	adhesion,arrangement,calyx,capitate,colour,form,growth,height,history,inflorescence,leaf,length,life,na,ovary,perennial,position,pseudostipule,pubescence,reproduction,rugulose,shape,staman,surface,texture
266	wfo-0001027624	success	189	110	86	103	24	0.455	0-7,0.1-0.9,0.3-1,0.4-3,0.5-1.5,0.8-5.6,1-3,1.1-8.4,1.2-2.6,1.3-2.9,1.5-6.6,2.4-4.8,2.9-12,3-10,3-11,3-4,4-15.2,4-8,6-18.5,9-41,acumen,anther,axillary,brownish,bud,cell,clavate,cm,condition,corolla,covering,deep,densely,diameter,drying,elliptic,entirely,fresh,fruit,glabrous,globose,green,greenish,hair,hair-like,herb,interjected,lanceolate,lateral,leaf,leaflet,lobe,long,mm,moniliform,mottled,odd-pinnate,orbicular,ovate,ovoid,pedicel,peduncle,pentagonal,petiole,plant,pubescent,purple,rotate,seed,short,size,stigma,style,subtending,terminal,testal,thick,tube,tuber,usually,wall,white,whitish,wide,x,yellow	0-3,1-2,1-5,2-20,2-5,2-7,3-5,4-7,5-9,5-merou,abaxially,acuman,acuminate,acute,adaxially,ag,along,alyx,apart,apex,apparently,arranged,articulated,axe,base,bead,berry,blade,capitat,connivent,considerably,cuneate,decreasing,decumben,decurrent,digestion,distal,dorsally,eaf,edge,eed,enzyme,erect,exceeding,filament,flat,flower,folded,forked,geminat,glabrou,green-white,half,homostylous,honeycomb-shaped,larger,leave,lengthening,light,like,living,lower,make,middl,mucilaginous,multiple,necklace,nflorescence,onto,orolla,pair,perfect,plurifoliate,pore,poricidal,present,rachi,removed,ruit,sessile,seudostipule,slightly,slit,sometimes,spaced,specimen,stamen,stolon,straight,tall,tamen,tem,throughout,tip,toward,tri-,typically,unit,unwinged,vary,wet,widely,ympodial	adhesion,arrangement,calyx,capitate,colour,form,growth,height,history,inflorescence,length,life,na,ovary,perennial,position,pubescence,reproduction,rugulose,shape,staman,stem,surface,texture
267	wfo-0001027626	success	152	113	67	85	46	0.441	.3,.5,0.5-1,1,8,abaxially,acuminate,adaxially,along,anther,apex,arrangement,base,blade,broadly,calyx,center,chartaceous,cm,cordate,coriaceous,diameter,distichous,elliptical,entire,extra-axillary,fleshy,flower,fruit,glabrous,greenish-white,leaf-opposed,liana,lobe,long,margin,membranous,midvein,minutely,mm,moderately,nearly,oblique,ovate,pedicel,peduncle,petal,petiole,possibly,pubescent,rounded,sand-punctate,scandent,shortly,shrub,somewhat,spindle-shaped,stellate,stigma,style,terminal,tip,tube,unknown,white,wiry-woody,x	0.1–0.2,0.2–0.6,0.5–1,0.7–1,0.7–2.8,1.3–4.5,1.5–2,1.5–8,13–14,14–116,2–3,2–49,2–5,3–4,3–4.5,3–5,3–55,4.4–11,4–6,5-merous,5–6,9–18,accrescen,acute,alyx,apar,axe,berry,c.,capitat,ciliat,clavate,climbing,color,densely,distant,distinct,eaf,eed,filament,frequently,fruiting,glabrou,immature,lamina,lanceolate,line,lower,m.,maturity,mor,nflorescence,nternode,orolla,pair,perfec,pinnate,plurifoliat,pointed,rachi,reflexed,ruit,sand-punctat,scar,secondary,seen,side,simple,slender,spaced,sparsely,ste,tamen,tem,time,trichome,truncate,two,unbranched,unit,vary,vein,venation,wide,ympodial	0.2-0.6,0.7-1,1.3-4.5,13-14,2-5,3-4,3-55,4-6,4.4-11,5-6,9-18,adhesion,capitate,climate,colour,corolla,form,glandular,growth,hair,height,history,inflorescence,leaf,length,life,midpoint,na,number,ovary,perfect,plant,position,presence,pubescence,ray,reproduction,rugulose,seed,shape,size,staman,stem,stipe,surface,texture
268	wfo-0001027627	success	245	139	90	155	49	0.367	.1,1.5,abaxially,acuminate,adaxially,anther,apex,band,base,becoming,blade,broadly,brown,calyx,chartaceous,cm,cordate,corolla,dense,diameter,entire,extra-axillary,flattened-reniform,free,fruit,glabrescent,glabrous,globose,grayish,green,hair,half,interpetalar,lateral,lavender,leaf,lighter,linear,lobe,loosely,lower,margin,midpoint,mm,narrow,narrowly,oblong,obtuse,ovary,ovate,pedicel,peduncle,petiole,present,pubescence,pubescent,purple,ray,rounded,shallowly,shrub,simple,sinuate,sinus,slender,small,sometimes,sparsely,splitting,stellate,stellate-pubescent,stellate-tomentose,stem,stigma,stipe,style,surface,tapering,tardily,tawny,thick,tissue,tomentose,tree,triangular,tube,usually,velvety,violet,yellow	.5,0.05–0.25,0.1–1,0.3,0.4,0.6–1,0–,1.5–2,1.5–2.5,1.8–2.5,11–14,12–25,13–17,1–1.5,1–5,2,2.5–4,2–15,2–4,2–5,2–6,3.5,3–3.5,3–6,4–,4–12,5-angled,5-merou,5–7,6–,6–15,7–10,7–15,9,9–13,9–15,abundant,accrescent,across,along,alyx,ampliate,apart,apparently,articulated,ascending,axe,ba,based,berry,bifurcate,borne,branch,branched,briefly,broad,bud,c.,capitat,caudate,central,contiguous,densely,difoliate,distal,distally,eaf,eed,erect,evident,except,exposed,extensively,fertile,filament,filiform,flower,flowering,geminat,growt,high,homostylous,internode,interwoven,juvenile,larger,like,line,linear-lanceolate,long,longer,major,middle,midvein,minor,minute,minutely,mostly,much,near,nearly,nflorescence,numerous,occasionally,often,ovoid,paired,par,pitted,portion,prickle,principal,prominently,recurved,reduced,ruit,scattered,short,shorter,side,single,smaller,somewhat,spaced,sparse,spreading,stalk,stalked,stellae,stellate-tomento,stellate-velvety,stemmed,stout,subeaqually,tamen,thickened,time,tip,trunk,ud,unarmed,unequally,vein,visible,weakly,wide,yello,ympodia,young,zone,×,×1.5–1.7,–2.5,–30,–5	0-2-15,0.1-1,0.3-0.4,0.6-1,1-1.5,1-5,1.5-1.7,1.5-2.5,1.8-2.5,12-25,2-4,2-6,2.5-4,3-3.5,3-6,4-,4-12,5,6-9,7-10,7-15,9-13,adhesion,arrangement,capitate,climate,colour,form,glandular,growth,height,history,inflorescence,length,life,na,number,perennial,plant,position,presence,reproduction,rugulose,seed,shape,size,staman,texture,x
269	wfo-0001027630	success	149	77	53	96	24	0.356	.1,0.05-0.1,0.5-1.2,0.5-2,1-5,1.4-1.7,1.5-2,3/4,4-6,5.5-11.2,8-9,anther,base,calyx,climbing,cm,corolla,fruit,glabrous,globose,golden,green,hirsute,internodal,lanceolate,leaf,linear,lobed,long,margin,minutely,mm,occasionally,opposite,ovary,papillose,pedicel,petiole,puberulent,pubescent,shaped,shrub,sparsely,stem,style,tear-drop,tip,trichome,tube,uniseriate,way,white,x	.2,.5,0.5-1,1-1.5,2-3,2-6-flowered,6-10,acute,also,anthesi,apart,apex,arising,bark,beginning,berry,blunt,branchlet,broadly,ciliate,de,decurrent,deflexed,deltoid,densely,dia,distinguishable,eaf,edicel,eed,elongat,erose,except,extreme,filament,free,fruiting,glabrate,globo,immature,indistinct,inflorescenc,irregularly,knob-like,known,lateral,lobe,lon,long-acuminate,lower,main,middle,midrib,near,nflorescence,novo,older,pair,paler,partially,pore,poricidal,portion,prominent,proximal,raised,reflexed,rest,rounded,ruit,scar,seen,simple,slender,spaced,stigma,straight,strongly,swollen,tall,tapering,terminal,thickened,ti,ud,ultimate,unifoliat,unit,vein,wide,widest,wing,winged,yellowish,ympodial,young	0.5,alternate,arrangement,colour,diameter,form,growth,height,history,inflorescence,length,life,na,perennial,plant,position,pubescence,reproduction,rugulose,seed,shape,size,surface,texture
270	wfo-0001027646	success	166	97	65	101	32	0.392	0-0.1,0.15-0.25,0.2-1.1,0.4-0.5,0.4-0.6,0.6-0.7,1-3,2-4,3.5-4,5-10,6-13,6-8,absent,acuminate,acute,adaxially,anther,apex,base,blade,brown,calyx,chartaceous,cm,cuneate,densely,diameter,entire,erect,extra-axillary,flattened,fruit,glabrous,gland-tipped,globose,green,grey,hair,inflorescence,length,lobe,margin,midpoint,mm,obtuse,ovate,pale,pedicel,peduncle,perennial,petiole,present,ray,red,reniform,rhizomatous,short,shrub,simple,sparsely,stellate,stellate-pubescent,style,x,yellow	%,.4,0-0.2,0-1,0-10,0-2,0.1-0.25,0.5-0.6,0.7-1.2,0.7-1.5,0.7-2,1,1-2,1-6,1-locular,10-18,15-20,2-6,2-foliate,2.1-3.2,4-11,5-merou,6-7,abaxially,absen,acicular,across,adaxiall,adult,alyx,apart,articulated,axe,ba,branche,confined,cylindrical,directed,distall,dm,eaf,eed,eglandular,finger,flower,fruiting,functional,geminat,half,incomplete,juicy,lamina,lateral,less,long,longer,lower,mature,mesocarp,midrib,midvein,minute,moderately,multiradiate,nflorescence,oblique,onl,orolla,part,per,pore,porrect,prickle,probably,pseudo-umbellate,ruit,septum,solitary,spaced,stage,stalk,stellae,straight,succulen,tal,tamen,tem,thick,throughout,time,transparent,unarme,unarmed,unbranched,unit,unknow,uvenile,vary,wide,yellowish,ympodial	adhesion,arrangement,climate,colour,corolla,form,glandular,growth,height,history,leaf,life,na,number,ovary,plant,position,presence,pubescence,reproduction,rugulose,seed,shape,size,staman,stem,stigma,stipe,succulent,surface,texture,tube
271	wfo-0001027661	success	222	140	112	110	28	0.505	+,0.5,0.5-,0.5-2,0.6-1.1,0.6-1.5,1-1.5,1-7,1.2-6,1.5,1.5-2,2.5-7,4-15,4.5-6,5-9,6-12,8-10,<,abaxially,acuminate,acute,anther,anthesi,apex,base,branch,bright,broadly,calyx,capitate,cm,column,conical,connivent,cordate,corolla,deeply,dendritic,densely,diameter,ellipsoid,entire,extremely,flattened,fused,glabrous,globose,grey,growth,herbaceous,lamina,lateral,leaf,like,lobe,lobed,long,margin,membraneous,minutely,mixture,mm,occasionally,pale,papillate,pedicel,peduncle,petiole,pinnatifid,pitted,pubescence,pubescent,purple,rarely,red,reniform,ripe,shape,shiny,short,simple,single,size,stellate,stem,stigma,style,surface,tan,terminal,ternately,thin,tightly,tip,triangular,trichome,truncate,tube,two,type,uniseriate,variable,vein,vine,violet,way,white,wide,woody,yellow,yellowish,¾	-10,1-,1-5,1.3,2,2.5-3,30,4-8-celled,40,5-merou,6-8,6-9,>,adaxiall,ag,along,alyx,apart,ark,articulate,axi,basal,berry,branched,cell,commonly,creeping,denser,density,eaf,eed,elliptic,even,filament,flower,free,fruiting,gre,green,ground,hue,ilament,irregularly,leaf-opposed,leaving,lengthening,long-exserted,lower,many,markedly,minute,moderately,narrowing,near,new,nflorescence,often,older,open,orolla,outline,ovate,pair,papillat,papillo,peg,pentagonal,per,perfect,pericarp,plurifoliat,pointed,pore,poricidal,portion,primary,prominent,pubescen,purplish,rachi,reflexed,ruit,scar,sinus,sleeve,slender,slit,small,spaced,sparsely,spot,spreadin,spreading,strongly,swollen,tangled,tem,testa,time,trailing,turbinate,ud,underground,unieriate,unit,upper,usually,vary,ympodial,zig-za	adhesion,arrangement,blade,climate,colour,form,fruit,glandular,hair,height,history,inflorescence,length,life,midpoint,na,number,ovary,plant,position,presence,ray,reproduction,rugulose,seed,staman,stipe,texture
272	wfo-0001027714	success	251	96	80	171	16	0.319	+,/3,1-,1-1.5,1-1.6,1.5-2,1.5-5,2-,2-2.5,2-8,2.5-,2.5-4,4-10,4-5,5,5-6,7-20,base,berry,bright,brown,calyx,cm,confined,conical,corolla,cucullate,deep,densely,diameter,elliptic,flattened,fleshy,fruit,glabrous,globose,growth,inflorescence,juicy,lamina,lateral,leaf,lobed,long,margin,mm,obovate,pale,papillate,pedicel,peduncle,perfect,petiole,pubescence,pubescent,purple,red,reddish,reniform,ripe,seed,shiny,slightly,somewhat,sparsely,stellate-rotate,stem,terminal,thick,tip,trichome,tube,uniformly,vein,vine,violet,way,woody,x,yellowish	.5,0,0.4,0.5,0.5-0.7,0.6-0.7,0.9-1.5,1,1-2,1.5-2.5,1.5-3,14-16,2373.,3-3.5,4.5-5,5-10,5-merou,6-7,80,<,abaxial,abaxially,acuminate,acute,adaxial,adaxially,age,aid,almost,along,alyx,angle,anther,anthesi,apar,apex,apice,appearance,ark,around,articulated,axi,basal,branched,canop,capitate,cell,channelled,climbin,connected,connivent,cordate,corky,creating,cupped,deflexed,dendritic,denser,drying,eaf,eed,ellipsoid,elongate,enlarged,entire,especially,exserted,fide,filament,flower,free,fruiting,furcate,giving,glabrate,glabrou,groove,hairy,hanging,ilament,immature,individual,inflated,irregularly,large,leaving,lengthening,like,lobe,lon,longer,loosely,lower,many,marginal,mature,mere,minute,minutely,mpodial,nee,new,nflorescence,nodding,occasionally,often,older,orolla,otherwise,outline,ovary,pair,papillo,peg,per,pericarp,petal,petiolule,pinnatifid,pitted,plat,plurifoliat,pore,poricidal,portion,primary,prominent,reaching,rectangular,rim,ruit,scar,showy,similar,simple,sleeve,slender,slit,small,spaced,spreading,stigma,strongly,style,surface,tangled,tem,testa,testal,thecae,thickened,thin,third,time,tiny,tooth,truncate,twining,ud,uniseriate,unit,upper,usually,visible,wall,weak,weight,widest,wing,yellow,younger	arrangement,colour,form,height,history,length,life,na,perennial,plant,plurifoliate,position,reproduction,shape,size,texture
273	wfo-0001027719	success	172	110	80	92	30	0.465	%,0-0.15,0.15-0.4,0.25-0.6,0.3-0.5,0.3-0.7,0.6-2.8,0.9-1.1,1-2,1.6-1.9,13-25,2-2.3,3-5,3-7.5,4-5,4-6,4-7,4.5-12.5,5-6,5-8,8-13,absent,acute,adaxially,andromonoecious,anther,apex,attenuate,base,blade,broadly,brown,calyx,chartaceous,cm,cuneate,densely,diameter,entire,extra-axillary,fruit,gland-tipped,globose,green,hair,herbaceous,inflorescence,lamina,lateral,length,lilac,lobe,lobed,long,margin,midpoint,mm,moist,obtuse,ovate,pale,pedicel,peduncle,petiole,plant,present,ray,resprouter,shallowly,short,simple,sparsely,stellate,stellate-pubescent,stem,style,time,tube,x,yellow	.25,0-0.2,0-1,0-20,0-7,0.25-0.4,0.4-1.7,0.6-0.8,0.8-1,1-1.5,1-3,1.1-2,10-24,13-20,3-7,30-70,5-merou,6-10,6-8,7-11,abaxially,acicular,across,adaxiall,alyx,apart,armed,articulated,axe,ba,d.,difoliate,directed,distall,distributed,dult,eaf,eed,eglandular,erect,exocarp,finger,flower,fruiting,functional,geminat,greenish-white,half,heterostylous,hig,juic,less,longer,lower,mature,mesocarp,mid-point,midvein,minute,nflorescence,oblique,orolla,part,per,pore,porrect,presen,prickle,pseudo-racemose,ruit,sessile,solitary,spaced,sprawling,stage,stalk,stellae,straight,strongly,tamen,thick,throughout,unarme,unbranched,unit,unknow,uvenile,vary,vein,white,wide,ympodial	adhesion,arrangement,climate,colour,corolla,form,glandular,growth,height,history,juicy,leaf,life,na,number,ovary,perennial,position,presence,pubescence,reproduction,rugulose,seed,shape,size,staman,stigma,stipe,surface,texture
274	wfo-0001027720	success	184	118	90	94	28	0.489	%,0.25-0.35,0.3-5,0.4-0.7,0.4-0.8,0.5-0.8,0.8-1,1-2,1-3.5,1.5-2,13-35,2-3,2-4,4-5.5,4-7,4.3-15,7-10,7-8,7-9,8-16,absent,acute,adaxially,anther,apex,base,blade,brown,calyx,chartaceous,cm,connivent,cuneate,deltate,diameter,elliptic,entire,erect,extra-axillary,flattened,flower,fruit,glabrous,globose,hair,inflorescence,lamina,lanceolate,lateral,leaf,length,lilac,lobe,long,loosely,margin,mid-point,midpoint,mm,narrowly,notched,ovate,pale,pedicel,peduncle,perennial,perfect,petiole,present,pubescent,ray,red,rhizomatous,shrub,simple,slightly,sparsely,stellate,stellate-pubescent,stigma,style,subreniform,surface,thick,time,toward,triangular,tube,x,yellow	.25-0.3,0,0-15,0.15-0.25,0.5-1,0.6-1.2,1-1.5,1-locular,13-23,15-25,2-7,2-branched,2-foliate,2.8-3.1,23-35,3-13,4-,4.3-7.5,5-merous,6,8-11,9-15,abaxially,absen,adaxiall,adult,alyx,apparently,articulated,axe,ba,berry,capitat,confined,cylindrical,densely,directed,distall,distally,eaf,eed,eglandular,filament,finger,fruiting,geminat,gland-tipped,green,half,hig,homostylous,incomplete,intepetalar,juicy,juvenile,less,lower,markedly,mature,mesocarp,midrib,minute,nflorescence,oblique,orolla,part,per,perfec,pore,porrect,prickle,rachi,ruit,scarce,septum,sessile,short,stellae,straight,succulen,tamen,tem,thicker,tissue,unarme,unarmed,unit,upper,vary,white,wide,without,yellowi,ympodial	adhesion,arrangement,capitate,climate,colour,corolla,form,glandular,growth,height,history,life,na,number,ovary,plant,position,presence,pubescence,reproduction,rugulose,seed,shape,size,staman,stem,stipe,texture
275	wfo-0001027720	success	272	146	115	157	31	0.423	0.1–0.6,0.2–0.4,0.3–0.4,0.7–1.1,0.8–2.0,0.9,1.4–1.9,1.5–2.5,1.5–3.3,1.5–9.0,1.7–2.5,1.8–2.0,1/3,19.7–30.0,2.0,2.5–2.8,2–3,3.7–5.7,4.0–12.6,4.0–18.0,5.1–18.6,6.5–9.5,6–8,8.0–11.9,abaxially,acuminate,acute,adnate,anther,apex,apiculate,attachment,attenuate,base,bilobed,blade,calyx,capitate,channel,cm,conical,corolla,cream,dentate,developed,diameter,dry,elliptic,entire,extra-axillary,flattened-irregular,flattened-orbicular,flattened-reniform,flower,fruit,glabrous,glandular,globose,growth,hair,homostylous,internode,interpetalar,lateral,lavender,leaf,lobe,long,margin,mature,minute,mm,moderately,nearly,notched,orange,ovate,pedicel,peduncle,petiole,point,poorly,porrect,pubescent,ray,red,sessile,short,shrub,simple,slightly,small,stellae,stellate,stem,stigma,straight,style,subacute,subcoriaceous,tip,tissue,tree,truncate,tube,upper,violet,wavy,white,yellow,yellow-ferruginous,yellow-tan,young,×,–4	.0,.04,.2,.3,.5,.9,0,0.7–0.9,0.7–1.2,0.8–1.3,0.8–1.9,1.5–1.7,1.5–2.0,1.7–1.8,1.7–2.0,1.9–2.2,1/2,1/3–1/2,10.0,10.8–18.2,12–16,13.0,2.5,2.5–2.9,3.2,3.6,3.9,4–5-merou,8.0,8.2–10.5,8.5–9.4,9.5–16.0,adaxially,aequilateral,alyx,anthesi,apical,apparently,appearing,armed,articulated,axe,ba,becoming,berry,branch,broad,broad-based,brochidodromous,bud,cancellate,channeled,colore,concave,congested,connivent,crisped,curved,deciduous,dehiscence,densely,difoliate,distally,dorsally,eaf,eed,either,emerging,endocarp,erect,especially,exocarp,fertile,filament,filiform,free,geminat,glossy,gradually,heavily,hooked,inclined,increasing,intersepalar,juic,juvenile,lamina,large,least,like,line,lon,longer,lower,m.,major,midpoint,midrib,midvein,minor,narrowly,nflorescence,oblique,oblong,occasionally,often,orolla,part,per,perforate,pore,porrect-stellate,portion,potentially,presumably,prickle,proximal,raised,reflexed,rigid,rip,row,ruit,scattered,shorter,side,sinus,soon,sparsely,splitting,spread,stamen,stellate-pubescen,stellate-pubescent,surface,suture,tall,tamen,tem,thin,time,toward,translucent,triangular,twice-branched,two,ud,unarmed,vary,vein,way,weakly,wide,yellow-ferruginou,ympodia,youngest,±equal	0.04,0.2,1.3,1.5,4–5-merous,adhesion,arrangement,colored,colour,form,height,history,inflorescence,length,life,na,number,ovary,perennial,plant,position,presence,present,pubescence,reproduction,seed,shape,size,staman,stipe,texture
276	wfo-0001027735	success	166	87	59	107	28	0.355	.7,.75,0.25-0.5,0.3-0.6,1.3-3.5,1.7-3.5,2-2.5,2-3.5,2.5-3,3.5-5,4-5,4-8,5-5.8,7-10.5,8-11,acuminate,acute,anther,apex,attenuate,base,blade,brown,calyx,chartaceous,cm,diameter,extra-axillary,fruit,inflorescence,length,lobe,lobed,long,margin,mm,obtuse,ovate,pale,pedicel,peduncle,perennial,petiole,pinkish,present,ray,rhizomatous,rotate-stellate,shallowly,shrub,simple,sparsely,stellate,stellate-pubescent,style,tube,white,x,yellow	%,0-0.1,0-1,0-4,0-5,0.15-0.2,0.4-0.8,0.5-0.8,0.5-3,1,1-2,1.3-1.6,1.9-2.2,10-14,11-17,12-15,2-8,20-35,25-50,3-8,30-50,4-6,5,5-merou,9-12,abaxially,absent,abundant,acicular,across,adaxially,adult,alyx,apart,armed,articulated,axe,ba,branche,directed,distall,distributed,dm,eaf,eed,eglandular,erect,finger,flower,fruiting,geminat,glabrou,gland-tipped,globo,green,hair,half,index,lamina,lateral,less,lobing,longer,lower,mature,mid-point,midpoint,midvein,minute,moderately,nflorescence,oblique,orolla,part,per,pore,porrect,presen,prickle,pseudo-racemose,purpl,ruit,sessile,short,side,spaced,sparse,stage,stalk,stellae,straight,tal,tamen,tem,thick,throughout,time,transparent,unarme,unbranched,unctional,unit,unknow,uvenile,vein,wide,ympodial	adhesion,arrangement,colour,corolla,form,glabrous,globose,growth,height,history,leaf,life,na,number,ovary,plant,position,presence,pubescence,purple,reproduction,seed,shape,size,staman,stem,stigma,texture
277	wfo-0001027742	success	239	119	89	150	30	0.372	0-0.2,0.1-0.5,0.4-0.8,0.5-5,0.6-0.8,1-1.2,1-2,2-2.5,2-3,2-6,2.5-5,3-6,3-9,3.5-10,4-6,4-lobed,7-10,7-8,7-9,absent,acute,adaxially,annual,anther,apex,attenuate,base,black,blade,broadly,brown,calyx,chartaceous,cm,cordate,densely,depressed,diameter,drying,entire,erect,extra-axillary,finally,fruit,glabrous,globose,grey-green,hair,inflorescence,ivory-green,lanceolate,length,lilac,lobe,lobed,margin,midpoint,mm,moderately,obtuse,ovate,ovate-lancelate,pale,pedicel,peduncle,perennial,petiole,present,prostrate,purple,ray,rhizomatous,rostrate,rusty,shallowly,shrub,simple,somewhat,square,stellate-pentagonal,stellate-pubescent,stem,stigma,style,surface,truncate,tube,yellow,yellowish-green	%,-13,-20,-8,-9,0-0.8,0-1.1,0-12,0-3.5,0-9,0.05-0.1,0.1-0.4,0.6-0.9,0.7-0.9,0.8-1.8,1-,1-1.1,1-1.5,1-1.8,1-3,1-4,1-5,1-8,1.7-2,10-18,10-20,2-,2-2.3,2-5,2-5.5,2-foliate,200-660,25-55,3-4,3-5,3.5-9.5,4-locular,5-12,5-merou,60-300,9-14,abaxially,abundant,accrescent,acicular,adaxiall,alyx,anthesi,anvil-shape,apart,armed,articulated,axe,ba,bent,broad,capitat,cone,connivent,cross-section,curved,cylindrical,decimetr,directed,distall,distally,distributed,dult,eaf,eed,eglandular,enclosing,especially,exceeding,exocarp,filament,finger,flower,fruiting,geminat,gland-tipped,homostylous,index,interpetalar,juicy,lamina,lateral,lobing,lon,long,longer,loosely,lower,markedly,mature,mesocarp,mid-point,midvein,minute,minutely,moist,nflorescence,oblique,one,orolla,outside,part,per,perfect,placenta,pore,porrect,presen,prickle,pseudo-racemose,rachi,reticulate,rounded,ruit,short,side,slightly,spaced,stage,stalk,stalked,stellae,straight,strongly,tal,tamen,thick,thicker,thicknes,throughout,time,tip,tissue,toward,unbranched,unit,unknow,uvenile,vary,vein,white,wide,x,yellowish,ympodial	2-9.5,adhesion,arrangement,capitate,climate,colour,corolla,form,glandular,growth,height,history,leaf,life,na,number,ovary,plant,position,presence,pubescence,reproduction,rugulose,seed,shape,size,staman,stellate,stipe,texture
278	wfo-0001027757	success	186	88	50	136	38	0.269	12,anther,anthesi,axillary,blue,brown,calyx,campanulate,clavate,cm,colour,dark,deeply,diameter,equal,erect,flattened,fruit,glabrous,globose,leaf,lilac,mm,moderately,oblong,ovate,pale,pedicel,peduncle,perennial,petiole,pitted,pubescent,rotate,shrub,simple,sparsely,stigma,style,surface,tube,unknown,violet,x,yellow,–19,–2.7,–3.2,–5.5,–6	0.2,0.2–0.3,0.3–2.0,0.5,0.6,0.6–1.0,0.7,0–1.4,1.0–1.1,1.0–2.5,1.2–4.0,1.5–1.6,1.5–2.5,1.6–2.4,1.9–2.7,1–1.5,1–11,1–2,1–3,2,2.5,2.5–4,2.5–5.5,2.5–7,2–,2–10,3–12,3–5,4–9,5,5–,60–100,6–9,7–8,8–16,abaxially,absen,accrescent,acute,adaxiall,adaxially,ag,along,apart,apex,apical,arising,articulated,axe,ba,basal,base,blade,borne,branching,cell,chartaceous,concave,connivent,convex,cylindrical,decurrent,densely,directed,distally,eaf,eed,elliptic,entire,erose,filament,fleshy,flower,geminat,glabrescen,glabrou,hair,irregularly,lanceolate,leafy,lobe,lobed,lon,long,longitudinal,lower,m.,margin,multicellular,narrowly,nflorescence,obtuse,occasionally,often,opening,opposed,orolla,pair,perfect,plurifoliate,pore,poricidal,primary,probably,regularly,rootstock,ruit,secondary,serrate,shoot,side,slit,smaller,sometimes,spaced,stone,straight,tall,tamen,tem,thic,thickened,time,tip,toward,unbranched,unicellular,uniseriate,unit,vary,white,wide,woody,ympodial,–4.0,–9	0-1.4,0.2-0.3,0.3-2.0,1-1.5,1-3,1.0-1.1,1.2-4.0,1.5-1.6,1.5-2.5,2-10,2.5-4,2.5-5.5,4-9,6-9,60-100,8-16,adhesion,arrangement,corolla,form,growth,height,history,inflorescence,length,life,na,ovary,plant,position,pubescence,rugulose,seed,shape,size,staman,stem,texture
279	wfo-0001027765	success	167	88	63	104	25	0.377	-30,-44,0.8,1,1-10,1-11.5,1-5,1.5-6,10-13,2-2.5,2-3,2-4,2.5-4.2,20-30,3-12,5-6,5-8,abaxially,calyx,cm,connate,corolla,diameter,distal,forked,glandular,globose,green,green-white,hair,half,herbaceous,honeycomb,interjected,lateral,leaf,leaflet,light,long,mm,mucilaginous,odd-pinnate,ovate,ovate-lanceolate,ovoid,pattern,pedicel,peduncle,perennial,petiole,pilose,plant,seed,simple,size,stellate,style,terminal,tone,violet,white,wide,yellow	-4,0-.,1-,1-2,1-4,2.5-4,3-,3-20,3-6-foliat,5,5-15,7-20,abaxial,abruptly,acumen,acuminate,acute,apex,apical,apically,apiculate,articulate,base,branched,cell,cordate,covering,cuneate,cyme,dehiscent,dichasial,dichasially,digestion,diminishing,dorsally,eaf,ebracteate,edge,eed,elliptic,elliptic-lanceolate,emoval,enzyme,exceeding,filament,flat,flower,folded,generally,globo,hair-like,introrse,living,lobe,lon,lower,lunat,make,maturing,monochasial,nflorescence,nther,oblique,obtuse,often,orolla,ovate-elliptic,pair,perfect,petiolate,petiolule,plan,poricidally,proximal,reveal,rounded,ruit,sessile,seudostipule,short,side,slightly,slit,specimen,stamen,stigma,straight,tal,tem,testal,thick,throughou,throughout,tip,toward,truncate,tuber-bearing,typically,unit,vary,wall,without,ympodial,¼	0-2,3-15,anther,arrangement,color,form,fruit,growth,height,history,inflorescence,length,life,na,number,ovary,position,present,reproduction,rugulose,shape,stem,surface,texture,ye
280	wfo-0001027767	success	184	114	80	104	34	0.435	1,1-1.5,1-2,1.0-2,1.5-1.8,1.5-2,10-20,3,3.5-5,4-5,4-many-celled,5-6,5-8,7-8,acute,anther,apex,attenuate,base,beige,blade,brown,calyx,campanulate,clavate,cm,coriaceous,dark,dark-green,deeply,diameter,entire,ferruginous,fruit,glabrous,glandular,glandular-stalked,globose,hirsute-glandular,irregularly,lanuginose,leaf,lobe,lobed,long,minutely,mm,oblanceolate,oblong-lanceolate,oval-elliptic,parted,pedicel,peduncle,petiole,plant,pubescent,ray,reniform,shiny,shrub,solitary,stellate,stem,stigma,style,sub-globose,sub-truncate,subcoriaceous,subreniform,terminal,thick,tomentose,trichome,tube,uniseriate,villous,white,wide,within,yellowish	0.3-0.5,10-12,15-25,2-2.5,2-3,2.6-3,3-6-branched,30-many-flowered,5-7,5-merous,8-9,abaxial,accrescent,across,along,alyx,anthesi,armed,articulate,attenuat,bicolorous,branch,central,curved,cyme,distal,eaf,eed,enlarged,epicarp,equal,erect-branched,exceeding,filament,floral,flower,free,fruiting,geminat,glandular-stalke,glandular-stellate,gynoeci,helicoid,indument,long-exserted,longer,lower,many-celled,midrib,multiangulate,nflorescence,numerous,orolla,papillo,part,peduncl,pendent,perennia,perfect,persistent,persistently,plurifoliate,porrect-stellate,prickle,primary,prominent,rachi,ranch,recurved,reduced,reflexed,rugose,ruit,secondary,sessile,short,similar,small,somewhat,sparse,sparsely,stalked,stamen,staminate,straight,sub-conic,sub-sessile,surfac,surrounded,tall,tamen,terete,unarmed,unit,vary,vein,viscid-glandular,viscid-villous,winged,withi,without,yellow,ympodial,young	adhesion,arrangement,climate,colour,corolla,form,growth,hair,height,history,inflorescence,length,life,margin,midpoint,na,number,oblancoate,ovary,papillose,perennial,position,presence,present,pubescence,reproduction,rugulose,seed,shape,size,staman,stipe,surface,texture
281	wfo-0001027768	success	214	100	74	140	26	0.346	0-0.1,0.1-0.3,0.1-0.4,0.15-0.25,0.15-0.3,0.3-1.5,0.5-3.4,0.6-0.9,1-2.5,1.2-1.4,1.5-2,10-15,2-2.5,2.9-3.7,3-15,4-5,6-6.5,8-10,anther,attenuate,black,brown,calyx,chartaceous,cm,dark,deltate,densely,diameter,elliptical,flattened,fruit,glabrous,globose,green,grey,inflorescence,lanceolate,leaf,leaf-opposed,length,light,lobe,margin,minutely,mm,pale,pear-shaped,pedicel,peduncle,perennial,petiole,present,purple,ray,reticulate,rhizomatous,shrub,simple,sparsely,stellate,stellate-pubescent,stigma,streak,style,subcoriaceous,surface,toward,tube,turning,violet,white,x,yellow	%,.5,0,0-0.2,0-0.3,0-2,0.2-0.3,0.25-1,0.3-0.6,0.3-0.7,0.5-1.5,0.6-1.5,1,1-2,1.2-1.8,1.2-3.4,1.7-2.6,11-14,15-50,18-35,2-7,2-locular,3,3-4.5,4-,5-7,5-merou,6-12,6-15,7-10,8-12,8-16,abaxiallly,abaxially,absent,accrescent,acicular,across,adaxiall,adaxially,adult,alyx,apart,apex,articulated,axe,ba,base,blade,branchlet,capitat,confined,connivent,contiguous,cuneate,curved,cylindrical,difoliate,directed,distall,distributed,dm,eaf,eed,eglandular,entire,erect,exocarp,filament,finger,flower,fruiting,geminat,gland-tipped,greenish-white,grey-green,hair,half,hig,juicy,juvenile,lamina,lateral,less,long,longer,loosely,lower,mature,mesocarp,mid-point,midpoint,midrib,midvein,minute,moist,narrowly,nearly,nflorescence,oblique,obtuse,orolla,part,per,perfect,placenta,pore,porrect,prickle,pseudo-racemose,pubescent,rachi,reddish,ruit,semi-circula,sessile,short,smooth,solitary,somewhat,spaced,spongy,sprawling,stellae,straight,tamen,tem,thick,throughout,time,triangular,unarme,unarmed,unbranched,unit,vary,wide,winged,yellowish,ympodial	0.5,adhesion,arrangement,capitate,colour,corolla,form,growth,height,history,life,na,number,ovary,plant,position,presence,pubescence,reproduction,rugulose,seed,shape,size,staman,stem,texture
282	wfo-0001027770	success	242	142	113	129	29	0.467	0.1-0.15,0.1-0.3,0.2-2,0.3,0.6-1.2,0.8-2.5,1-2,1-3,1.5,10-14,12,12-14,16,2,2-3,2-4,2.5-3,3,3-5,3-6,4,4-8,6,6-10,7-15,9,abaxially,acute,adaxially,anther,apex,base,berry,blade,brown,c.,calyx,clavate,cm,cuneate,cuspidate,dark,densely,diameter,drying,elliptic,entire,equal,flattened,fruit,glabrous,globose,gray,herbaceous,lanceolate,lateral,leaf,length,like,lobe,lobed,long,margin,maturity,midpoint,mm,mostly,narrowly,oblique,obtuse,often,orange,orange-brown,ovate,ovoid,pale,pedicel,peduncle,petiole,plant,present,pubescent,rarely,ray,reniform,rounded,sessile,shallowly,simple,smooth,sometimes,spherical,spreading,stellate,stellate-pubescent,stem,stigma,style,subsessile,surface,tapering,terminal,thin,trichome,tube,usually,violet,way,white,wide,woody,yellow,young	0-45°,0.15,0.3-2,0.5,0.5-1,0.5-2,0.8-1.5,1-2.5,1-5,1.5-2,1/2-1/6,2-6,2/3,20,3-4,4-6,4-7,5-30,5-merous,50,7,ag,almost,alyx,anthesi,apart,apically,apparently,armed,articulated,bark,branching,concolorous,deltate,dense,difoliate,dilated,distance,eaf,eed,elongating,erect,extending,eye,filament,filiform,flat,flower,free,fruiting,geminat,green,horizontal,infructescence,irregular,lengthening,less,lon,longer,lower,markedly,mature,midvein,naked,nflorescence,obscured,older,orolla,oung,pair,papillate,papillo,pendulous,per,perfect,pericarp,pore,poricidal,porrect,portion,prickle,prickly,primary,prominent,pubescenc,raised,rare,red,reduced,reduced-multangulat,reflexed,ruit,scar,short-styled,side,slightly,small,somewhat,spaced,sparse,sparsely,stalk,staminat,stolon,straight,stump,tall,tamen,terete,tertiary,throughout,time,tip,toward,unarme,unarmed,underground,uniform,unit,variously,vary,vein,venation,visibl,visible,white-green,yellow-green,ympodial,½	20-50,adhesion,arrangement,climate,colour,corolla,form,glandular,growth,hair,height,history,inflorescence,life,na,number,ovary,papillose,position,presence,pubescence,reproduction,rugulose,seed,shape,size,staman,stipe,texture
283	wfo-0001027807	success	116	94	55	61	39	0.474	0-0.2,0.1-1,0.2-0.3,0.2-0.9,0.3-0.4,0.9-1,0.9-2.5,2-5,3.5-9,acuminate,acute,apex,attenuate,base,brittle,brown,cm,decurrent,diameter,dry,elliptic,flattened,glabrous,globose,grayish,green,growth,internodal,lanceolate,leaf,leaf-opposed,margin,material,minutely,mm,narrowly,occasionally,pedicel,peduncle,petiole,pitted,reddish,reniform,reproductive,revolute,seemingly,shrub,simple,slightly,small,stem,surface,tree,winged,x	.5,1-1.5,15-30,2-6,abaxially,adaxially,almost,barely,bark,berry,bud,closely,deflexe,deflexed,difoliate,drying,eaf,eed,ellipti,flower,fruiting,geminat,gray,know,known,maturity,midrib,new,nflorescence,older,ot,overlapping,pair,pale,paler,papillae,papillate,parallel,plane,primary,prominent,rachi,reddi,ruit,scar,shoot,slender,somewhat,spaced,sparsely,thickened,ud,unifoliate,unit,usually,vein,visible,white,yellowish,ympodial,young	adhesion,anther,arrangement,blade,calyx,climate,colour,corolla,form,fruit,glandular,hair,height,history,inflorescence,length,life,lobe,midpoint,na,number,ovary,plant,position,presence,pubescence,ray,reproduction,rugulose,seed,shape,size,staman,stellate,stigma,stipe,style,texture,tube
284	wfo-0001027808	success	178	100	70	108	30	0.393	.5,.7,0.2-0.3,0.2-0.35,0.5-0.6,0.5-3,0.6-1.2,1-2,1.6-3,1.9-2.4,12-18,2.5-3.5,23-28,5-7.5,5.5-6.5,7-8,8-12,absent,acuminate,acute,adaxially,andromonoecious,anther,apex,base,blade,broadly,brown,calyx,chartaceous,cm,cuneate,deltate,densely,diameter,extra-axillary,flower,fruit,globose,hair,inflorescence,lavender,length,lobe,lobed,long,margin,midpoint,mm,ovate,pale,pedicel,peduncle,perennial,petiole,plant,present,ray,rostrate,shallowly,simple,sparsely,stellate,stellate-pubescent,stigma,style,tube,vine,x,yellow	%,.2,0-0.1,0-7,0.05-0.2,0.25-0.35,0.3-0.6,0.4-0.8,0.4-1,0.5-1,0.6-1.4,1,1-1.3,1.1-1.3,1.4-1.8,15-30,2-4,2-foliate,2.5-4,20-30,3-11,40-120,5-7,5-merou,6-8,7-10,70-90,9-14,abaxially,acicular,across,adaxiall,alyx,apart,armed,articulated,axe,ba,broad-based,capitat,curved,d.,directed,distall,distributed,eaf,eed,eglandular,finger,fruiting,functional,geminat,gland-tipped,green,half,heterostylous,index,lamina,lateral,less,lobing,longer,lower,mature,mid-point,midvein,minute,nflorescence,oblique,orang,orolla,part,per,pore,porrect,presen,prickle,pseudo-racemose,purple,ruit,sessile,short,side,spaced,sprawling,stage,stalk,stellae,straight,tal,tamen,tem,thick,throughout,time,unarme,unarmed,unbranched,unit,unknow,uvenile,vary,vein,weakly,white,wide,yellowish,ympodial	adhesion,arrangement,capitate,climate,colour,corolla,form,glandular,growth,height,history,leaf,life,na,number,orange,ovary,position,presence,pubescence,reproduction,rugulose,seed,shape,size,staman,stem,stipe,surface,texture
285	wfo-0001027816	success	187	124	93	94	31	0.497	.5,0.2,0.5,0.5-1,0.5-2,0.6-0.8,0.7-1,1,1-1.5,1-3,1.5-2,1.8-6,2-4,2/3,3-3.5,3.5-4,4-5,<,acuminate,acute,along,anther,apex,attenuate,base,becoming,berry,bluish,brown,calyx,capitate,cm,conical,corolla,dark,densely,diameter,ellipsoid,entire,flattened,fleshy,glabrous,glandular,globose,growth,half,inflorescence,lanceolate,lateral,leaf,less,like,linear,lobe,lobed,lower,margin,minutely,mm,occasionally,orange,pedicel,peduncle,petiole,pitted,plant,pubescent,purple,reddish,reniform,ripe,shiny,shrub,simple,slightly,sparsely,stellate,stem,stigma,style,surface,terminal,thin,tip,triangular,trichome,tube,uniformly,uniseriate,way,x,yellowish,½	..,1-1,1-4,1.2-2,12-14,2-2.5,5-30,5-merou,6-9,ag,almost,alyx,anthesi,apar,ark,articulated,axi,branched,cell,confined,connivent,cupped,dense,drying,eaf,eed,em,erect,exserted,filament,filiform,flower,free,fruiting,gland-tipped,ilament,irregularly,leaving,lengthening,loosely,m.,markedly,minute,new,nflorescence,nodding,often,older,orolla,pair,papillo,patent,peg,per,perfect,perhaps,pericarp,plurifoliat,pore,poricidal,portion,primary,prominen,pubescen,rectangular,red,rounded,ruit,scar,several,sleeve,slit,small,sometimes,somewhat,spaced,sparse,spreadin,spreading,square,testal,time,twinin,ud,ultimate,unit,upper,usually,variable,vary,vein,viscous,woody,ympodial	adhesion,arrangement,blade,climate,colour,form,fruit,hair,height,hermaphroditic,history,length,life,midpoint,na,number,ovary,perennial,position,presence,present,pubescence,ray,reproduction,rugulose,seed,shape,size,staman,stipe,texture
286	wfo-0001027819	success	199	125	91	108	34	0.457	0.5-1,1-2,10-20,10-50,12-21,16-25,2-15,2-3,20-35,22-35,3-5,4,4-10,4-5,5-6,8-10,9-12,abaxially,acute,adaxially,apex,apical,base,blade,cm,concave,cordate,cuneate,densely,diameter,eglandular,eglandular-pilose,ellipsoidal,entire,especially,fading,finely,fleshy,forked,fruit,glabrous,globose,green,hair,leaf,length,lobe,lobed,long,margin,mm,moderately,narrowly,oblong,occasionally,pedicel,peduncle,per,perfect,petiole,pilose,probably,protuberance,puberulent,purple,purplish,rugose,simple,sparsely,stellate,stigma,style,subcoriaceous,sympodial,tree,triangular,truncate,tube,two,umbrella-shaped,unbranched,unit,unknown,unlobed,usually,villous,whitish,wide,x,yellow,young	-100,1,1-,1-5,1.5-2,15-22,2,2-,20-25,20-40,25-35,3-40,3-5-lobed,4-15,4-25,5,5-merous,aggregate,also,alyx,apart,ape,apiculat,articulated,axe,ba,basal,beyond,branched,cell,ciliate,color,connective,cylindrical,deeply,denser,dia,diamete,dilated,directed,distally,divided,eaf,eed,elliptic,elliptic-ovate,equal,exceeding,except,exserted,flower,halfway,leaving,lon,lower,main,mesocarp,midrib,narrow,near,nflorescence,nther,oblique,obtu,obtuse,often,orolla,ovate,pedicellar,perfec,pinnately,pore,present,prominent,puberulen,puberulence,rachi,radiu,ranch,rarely,ratio,remnant,ripe,rounded,rown,ruit,runk,shallowly,short-acuminat,shorter,sinus,slightly,small,sometimes,spaced,stamen,stone,strongly,swelling,tal,thecae,toward,ud,uni,vary,vein,width,without	adhesion,anther,apiculate,arrangement,calyx,climate,colour,corolla,form,glandular,growth,height,history,inflorescence,life,midpoint,na,number,ovary,perennial,plant,position,presence,pubescence,ray,reproduction,seed,shape,short-acuminate,size,staman,stem,stipe,texture
287	wfo-0001027829	success	197	127	92	105	35	0.467	0.1-0.8,0.5,0.6-0.7,0.6-0.9,0.7,1-,1-1.5,1-3,1.5,1.5-2,1.7-2,12,3-7,4-6,5,5-18,5-8,5.5-6,6-6.5,acuminate,acute,anther,apex,bark,base,bent,black,bright,brown,calyx,clavate,cm,conical,corolla,dense,diameter,elliptic,elongate,entire,evenly,exserted,flattened,fruiting,glabrous,globose,growth,inflorescence,lateral,length,lobe,long,margin,midpoint,mm,narrowly,oblique,orange,ovary,pale,pedicel,peduncle,petiole,pubescence,pubescent,ray,reddish,regular,reniform,scar,sharply,shiny,shrub,simple,small,somewhat,sparsely,stellate,stem,stigma,strongly,style,surface,tan,tapering,thin,tree,triangular,truncate,tube,white,x,yellowish	.1,.5,0.7-0.8,1,1.5-2.5,1/3,10-20,2,20-31,30,8-10,abaxially,adaxially,along,anthesi,apar,armed,articulated,axi,beneath,berry,cell,commonly,densely,denser,directed,distally,drying,eaf,eed,enmeshing,equal,erect,exceeding,filament,filiform,flower,free,glabrescen,gland-tipped,hang,larger,like,lobed,lower,midrib,midvein,minute,minutely,mixed,mixture,multicellular,nearly,new,nflorescence,nodding,often,older,one,open,pair,papillat,per,perfect,pericarp,pitted,plurifoliat,pointed,pore,porect,poricidal,porrect,portion,prickle,primary,prominent,rectangular,reflexed,ripe,ruit,scattered,sessile,short,short-stalked,shorter,side,sinuate,spaced,straight,tangled,testal,time,tip,trichome,twice,ud,un,unarmed,unit,upper,usually,vein,weak,within,ympodial	0.1,adhesion,apart,arrangement,blade,bud,climate,colour,exsertion,form,fruit,glabrescent,glandular,hair,height,hermaphroditic,history,leaf,life,na,number,perennial,plant,position,presence,reproduction,rugulose,seed,shape,size,spacing,staman,stipe,texture,ye
288	wfo-0001027834	success	236	147	111	125	36	0.47	-6.1,0.2-0.3,0.2-0.4,0.2-0.6,0.4-1.1,0.9-1.8,1-1.6,1-10,1.1-1.6,1.1-1.8,1.4-2,1.6-2.7,1.8-4.9,10-25,2-3.8,2-8,2.2-4.3,2.3-3.4,25,3-15,4-5.2,4-6,5-20,6.9-18.1,abaxial,acuminate,acute,adaxial,anther,apex,attenuate,base,blade,blunt-tipped,brown,bud,calyx,cm,connivent,corolla,deltoid,diameter,discolorous,drying,ellipsoid,entire,finely,fleshy,flower,fruit,fruiting,glabrous,globose,granular-tomentose,gray,hair,leaf,lenticular,light,lobe,margin,mm,obovate,obscured,obtuse,orbicular,ovate,ovate-elliptic,pedicel,peduncle,petiole,pseudo-terminal,pubescence,rarely,ray,reticulate-punctate,ripe,rounded,scabridulous,scar,semi-ovate,semi-spherical,short,shrub,simple,small,soft,sometimes,sparsely,stellate,stellate-pubescent,stem,stigma,style,subcampanulate,subcoriaceous,surface,suture,tomentum,tree,tube,turbinoid,velutinous-tomentose,white,whitish,whitish-tomentose,x,yellow,yellowish,yellowish-tan,yellowish-tomentose	.5-3,0-110,0.5-2,1-1.9,1-2.5,1/2,2.4-6.2,2.7-7.3,2.9-4.2,3-4.3,4.8-6.9,5-merous,5.1-8,9-11.9,9-13,abaxially,absent,accrescent,adaxially,ag,alyx,angled,anthesi,apar,apical,around,articulated,axillary,ba,bark,becoming,berry,branch,branched,branching,capitat,closely,completely,concentrated,coriaceous,covering,crown,cylindrical,dendritic-echinoi,dendritic-echinoid,densely,dichasia,directed,distally,eaf,echinoi,echinoid,edge,eed,enclosing,enveloping,equal,erec,exserted,farinose,filament,flat-topped,forming,glabrescent,grooved,high,included,inserted,lengthening,less,lobed,long,long-stalked,longitudinal,longitudinally,lower,many,mostly,multangulat,multangulate,near,nflorescence,numerous,older,orolla,ovate-lanceolate,pair,perfec,persistent,plurifoliate,pore,poricidal,porrect-stellate,primary,pubescent,rachi,ruit,runk,sessile,short-stalked,slit,somewhat,spaced,spreading,stalked,stamen,tamen,though,time,tip,tomentose,tomentu,toward,trichome,ud,unarme,unit,usually,vary,vein,villous,way,wide,ympodial,young	accrescence,adhesion,apart,arrangement,capitate,climate,colour,erect,form,glandular,growth,height,hermaphroditic,history,inflorescence,length,life,midpoint,na,number,ovary,perennial,plant,position,presence,present,reproduction,rugulose,seed,shape,size,spacing,staman,stipe,texture,tomtentose
289	wfo-0001027843	success	154	114	84	70	30	0.545	.5,/3,0.5-0.75,0.5-1,0.8-3.5,1-1.2,1-1.3,1-1.5,1.2-1.5,1.2-2.5,2-2.5,3-6,5-6,6-13,6-9,acute,anther,anthesi,apart,apex,apiculate,base,beginning,broadly,calyx,clavate,cm,conical,corolla,deltoid,dia,ellipsoid,erose,filament,glabrous,globose,green,irregularly,later,leaf,lobe,lobed,long,long-acuminate,margin,minor,mm,nearly,occasionally,opposite,orbicular,ovary,ovate,pedicel,petiole,pleated,pore,poricidal,reflexed,rounded,scar,shape,shaped,shrub,sinus,size,slightly,somewhat,spaced,stem,stigma,strongly,style,surface,tear-drop,tip,trichome,tube,uniseriate,way,white,winged,x,young	.75,2-4,3-15-flowered,along,ba,bark,bearing,becoming,beneath,berry,coroll,curly,deflexed,densely,denser,differing,difoliate,distally,eaf,edicel,eed,exsertion,flower,free,fruiting,geminat,glabrate,hairy,impressed,known,lamina,larger,lateral,like,lon,lower,main,major,middle,minutely,near,nflorescence,older,one,pair,papillo,papillose,portion,prominent,proximal,pubescent,reddish-gre,ruit,simple,slender,sparsely,sparser,stiff,straight,tall,tapering,time,tipped,two,ud,unit,vein,widest,woody,ympodial	0.5,adhesion,arrangement,bud,colour,diameter,form,fruit,growth,height,history,inflorescence,length,life,na,number,peduncle,perennial,plant,position,presence,pubescence,ray,reddish-grey,reproduction,rugulose,seed,staman,stellate,texture
290	wfo-0001027847	success	219	126	96	123	30	0.438	-2.5,-4,-6,0-2,0.1-0.4,0.2,0.4-1,0.8-0.9,0.8-1.2,1-2.5,1.5-2,1.5-2.5,1.9-2.3,1/4,2-2.8,2-5,2.2-3,2.5-3.5,3-6,5.5-8,6-11,6-8,abaxially,acute,anther,apex,base,berry,blade,calyx,chartaceous,cm,connivent,cordate,deltate,densely,diameter,dull,elliptic,equal,erect,evenly,flattened-reniform,fruit,glabrous,gray,green,lateral,leaf,length,lobe,lobed,long,lower,margin,maturity,mauve,midpoint,mm,moderately,narrow-deltate,orange,orange-brown,ovate,pedicel,peduncle,petiole,poricidal,purple,ray,red,red-brown,rounded,scandent,seed,shrub,simple,size,smooth,sometimes,sparsely,spherical,stellate,stellate-pubescent,stem,style,surface,tapering,terminal,tip,tube,upper,white,wide,yellow,young	-0.8,-2,-3,-5,.35,.7,/2,/3,0,0-7,0.15-0.2,0.5,0.5-1,0.8,1,1-2,1.5-5,1/2,1/6-1/3,2-3,2-4,2/,3-15,3-5,3.5-6,4-5-merous,5-25,5-6,7-10,almost,alyx,ame,apar,apart,apically,apparently,articulated,bark,branched,broadly,brow,c.,curved,dimorphic,discolorous,distance,drying,eaf,edge,eed,elongating,extending,faint,filament,filiform,filiform-acuminat,finely,flattened,flower,free,fruiting,geminate,glabrescent,increasing,infructescence,lon,longer,mature,middle,midvein,minor,nflorescence,older,one,open,orbicular,orolla,oung,pair,pendulous,per,perfec,pericarp,perpendicular,pit,pitted,plurifoliat,porrect,portion,prickl,prickle,prickly,primary,reddish,retrorse,ruit,scar,sessile,side,slender,spaced,spreading,stalk,stalked,straight,strongly,tamen,terete,tertiary,time,toward,trichome,unarmed,unit,usually,variously,vary,vein,venation,visible,way,weakly,ympodial	2/3,adhesion,arrangement,climate,colour,corolla,form,glandular,growth,hair,height,history,inflorescence,life,na,number,ovary,perennial,perfect,plant,position,presence,present,pubescence,reproduction,rugulose,shape,staman,stipe,texture
291	wfo-0001027850	success	221	142	114	107	28	0.516	-22,-4,-5,-6,0.2-0.5,0.6-1,1-1.5,1-2,1-3,1-4,1.5-2,2-2.5,2-4,2-5,2.5-3,3-4,3.5-13,4-5,4-6,6-7,7-18,8-10,abaxially,acuminate,acute,adaxially,adult,anther,apex,basal,base,berry,blue,branched,brown,calyx,charataceous,clavate,cm,coriaceous,corolla,dark,diameter,elliptic,entire,flattened,flower,foliaceous,glabrous,glandular,globose,green,growth,heterostylous,hirsute,inflorescence,internodal,juvenile,laxly,length,like,linear,lobe,lobed-angulate,long-styled,loosely,margin,mature,midpoint,minutely,mm,oblong,oblong-lanceolate,obovate,ovary,ovate-lanceolate,pedicel,peduncle,petiole,plant,porrect,pubescence,purple,reddish,reniform,rounded,rusty,rusty-pubescent,sagittate,scabrous,sessile,short-styled,shrub,simple,sparse,stellate,stellate-apiculate,stem,stigma,style,subglobose,subreniform,subsessile,subtruncate,surface,tapered,tomentose,triangular-lanceolate,trichome,tube,woody,x,yellowish,¼	-10,0.3-0.35,0.5-1,1,1-multicellular,2-3,2-6,3-6,3-7,50,6-10,<,>,almost,angled,anthesi,apart,armed,articulated,bark,brow,caly,cell,channelled,curved,discolorous,distal,dry,eaf,eed,eglandular,enclosed,erect,expanding,filament,flowering,free,fruiting,glabrescent,impressed,leaving,lengthening,lobed,long,longer,lower,material,minute,mixed,mixture,multicellular,new,nflorescence,obliqu,obverse,occasionally,older,one,ornamented,papillo,partially,per,perfect,pericarp,persistent,plurifoliat,pore,poricidal,portion,prickle,prickly,prominent,pubescent,raised,reduced,reflexed,rest,reticulate,rugose,ruit,scandent,scar,single,slightly,slit,spaced,sparsely,stalked,staminate,straight,strongly,tall,testa,time,tip,turbinate,ud,unevenly,unit,upper,vein,velutinous,venation,whitish,wood,yellow,ympodial	adhesion,arrangement,blade,climate,colour,form,fruit,hair,height,history,leaf,life,na,number,papillose,perennial,position,presence,ray,reproduction,rugulose,seed,shape,size,staman,stipe,texture,ye
292	wfo-0001027864	success	222	134	105	117	29	0.473	0-0.2,0.1-0.4,0.25-0.5,0.4-0.7,0.4-1.4,0.6-0.7,0.7-0.9,0.7-1.4,0.9-1.1,1-2,1-3.5,1.2-1.5,1.4-4,1.5-8,2-3,2.5-3,3-10,3-4.2,3.5-5,5-9,6-12,6-7,7-20,8-12,abaxially,absent,acute,adaxially,anther,apex,attenuate,base,blade,brown,calyx,chartaceous,cm,connivent,cuneate,deflexed,deltate,densely,diameter,ellipsoidal,entire,extra-axillary,finely,flower,fruit,glabrous,globose,green,grey,grey-green,hair,herbaceous,inflorescence,interpetalar,lanceolate,length,lilac,linear,lobe,lobed,long,loosely,margin,mid-point,midpoint,mm,moderately,nearly,oblong,obtuse,pale,pedicel,peduncle,petiole,present,purple,ray,reniform,resprouter,reticulate,rostrate,scattered,shallowly,simple,slightly,smooth,stellate,stellate-pubescent,stem,stigma,style,surface,tapered,thick,tissue,tube,white,x,yellow,yellowish,yellowish-green	%,0-0.1,0-100,0-2,0-3,0.05-0.4,0.3-1,0.5-0.7,0.5-0.8,0.5-1,0.7-1,1-1.1,1-1.3,1-1.5,1-3,1-4,13-20,2-foliate,2-locular,3-4,3-5,3-5.5,3-6,3.8-14,4,4-,5-merou,6-8,6-9,7-10,8-13,8-14,absen,abundant,accrescent,acicular,alyx,anvil-shape,apart,articulated,axe,ba,broad-based,capitat,cross-section,curved,cylindrical,decimetr,directed,distall,distributed,dult,eaf,eed,eglandular,erect,exocarp,filament,finger,flattened,fruiting,geminate,gland-tipped,half,homostylous,index,juicy,lamina,lateral,less,lobing,lon,longer,lower,mature,mesocarp,minute,moist,nflorescence,oblique,orolla,part,per,perfect,placenta,pore,porrect,prickle,pseudo-racemose,rachi,ridged,ruit,rusty-brown,sessile,short,side,spaced,sprawling,stage,stalk,stalked,stellae,straight,tal,tamen,terete,throughout,time,tip,tissu,unarmed,unbranched,unit,uvenile,vary,wide,ympodial	adhesion,arrangement,capitate,climate,colour,corolla,form,glandular,growth,height,history,leaf,life,na,number,ovary,perennial,plant,position,presence,pubescence,reproduction,rugulose,seed,shape,size,staman,stipe,texture
293	wfo-0001027872	success	190	128	90	100	38	0.474	0.5,1,1-1.2,1-8,1.0-1.3,10,15,2,2-3,2.2-3.5,2.8,35,5-7,5-8,5-lobed,6-20,8-11,abaxially,acumen,acuminate,acute,adaxially,apex,apiculate,b,base,ca,calyx,caudate,cm,commonly,connate,cordate,cuneate,deep,densely,diameter,distal,elliptic,externally,forked,generally,glabrescent,gland,glandular,glandular-pubescent,globose,gray-green,green,green-white,half,herbaceous,homogeneously,lanceolate,light,lobe,long,middle,mm,moderately,mottled,narrowly,obliquely,oblong,odd-pinnate,ovate,ovoid,pedicel,peduncle,perennial,plant,pubescent,purple,rhizomatous,rotate,rounded,seed,shape,size,sometimes,stigma,style,symmetrically,tinged,type,uniformly,usually,wide,yellow,yellowish-green	1-4,1.5-4,12-35,20,3-6-foliat,4-6,5-10,angular,apical,apically,articulate,ba,basal,becoming,branched,cell,celled,clasping,covering,cyme,decreasing,dehiscent,dichasial,dichasially,digestion,eaf,ebracteate,eed,emoval,enzyme,erect,exceeding,filament,flower,four-celled,globo,hair-like,honeycomb,interjected,introrse,lateral,leaflet,living,lon,longer,lower,make,maturing,monochasial,mucilaginous,nearly,nflorescence,nther,often,orolla,pair,pattern,pentagonal,perfect,petiolate,petiolulate,petiolule,poricidally,puberulent,purpl,rarely,reduced,reveal,rhizome,rotate-,ruit,semi-lunate,sessile,seudostipule,short,single,slightly,slit,somewhat,specimen,stamen,ste,straight,subequal,tem,terete,terminal,testal,thick,tip,trailing,typically,unbranched,unit,vary,viole,wall,wid,wider,ympodial	adhesion,anther,arrangement,blade,climate,colour,corolla,form,fruit,growth,hair,height,history,inflorescence,leaf,length,life,margin,midpoint,na,number,ovary,petiole,position,presence,pubescence,ray,reproduction,rotate-pentagonal,rugulose,staman,stellate,stem,stipe,surface,texture,tube,violet
294	wfo-0001027880	success	185	122	93	92	29	0.503	.25,0.3-3,0.5-1.5,0.5-5,0.6-1,0.6-1.5,0.8-1.5,1-15,1-2,1-2.5,1-3,1.5-2,10-15,2-3,4-10,4-6,abaxially,acuminate,acute,adaxially,anther,apex,apiculate,base,blade,calyx,clavate,cm,conical,cordate,coriaceous,deltate,densely,diameter,distichous,entire,epiphytic,equal,extra-axillary,flattened,flower,fruit,glabrous,globose,greenish,hair,inflorescence,leaf,leaf-opposed,lobe,margin,midvein,minutely,mm,nearly,oblique,oblong,oblong-ovate,often,ovate,ovoid,papillose,pedicel,peduncle,perfect,petiole,pink,pubescent,purple,red-brown,revolute,ripe,rounded,rugulose,shrub,size,slender,slightly,sometimes,somewhat,stellate,stigma,style,surface,tan,tip,truncate,tube,undulate,vine,white,x,yellow	-3,-3.5,1-14,1.5-3,2-80,2/,3-4,5-11,5-8,5-merou,8,absen,accrescen,ag,aggregate,along,alyx,apart,apparently,articulated,axe,ba,branch,branching,cell,chartaceous,ciliat,connivent,contiguously,curled,cylindrical,dense,diminishing,directed,discolorous,distally,distinct,distinctly,eaf,eed,filament,fruiting,geminat,green,growing,increasing,internode,line,long,longer,longitudinal,lower,multicellular,nflorescence,node,occasionally,opening,orolla,pair,pale,plurifoliate,point,pore,pubescen,rachi,reddish,rooting,ruit,scar,secondary,simple,slit,spaced,sparsely,ste,stone,tamen,tem,thickened,time,trailing,tree,trunk,typically,unbranched,uniseriate,unit,usually,vary,vein,wide,ympodial	adhesion,arrangement,climate,colour,corolla,form,glandular,growth,height,history,length,life,midpoint,na,number,ovary,plant,position,presence,pubescence,ray,reproduction,seed,shape,staman,stem,stipe,texture,true
295	wfo-0001027880	success	170	127	93	77	34	0.547	.25,0.2-0.5,0.3–3,0.5,0.5–1.5,0.5–5,0.6–1,0.6–1.5,0.8–1.5,1.5–2,10–15,1–15,1–2,1–2.5,2/3,2–3,4–10,4–6,abaxially,absent,acuminate,acute,adaxially,anther,apex,apiculate,arrangement,base,blade,bluish-purple,calyx,chartaceous,cm,conical,cordate,coriaceous,deltate,densely,diameter,distichous,entire,extra-axillary,flattened,flower,fruit,glabrous,globose,greenish,hair,leaf,leaf-opposed,lobe,lower,margin,membranous,minutely,mm,mottled,nearly,oblique,oblong-ovate,often,ovate,ovoid,papillose,pedicel,peduncle,petiole,pink,pubescent,red,reddish-brown,revolute,rounded,rugulose,shrubby,slightly,sometimes,somewhat,stellate,stigma,style,surface,tan,tip,truncate,tube,undulate,vine,white,woody,x,–3.5	1.5–3,1–14,1–3,2-80,3–4,5-merous,5–11,5–8,8,accrescen,along,alyx,apar,axe,berry,c.,capitat,ciliat,clavate,climbing,contiguously,curled,cylindrical,dense,discolored,distinct,distinctly,eaf,eed,filament,fruiting,green,lanceolate,line,long,longer,m.,midvein,nflorescence,nternode,occasionally,orolla,pair,pale,perfec,pinnate,plurifoliat,rachi,reddish,rip,ruit,sand-punctat,sand-punctate,scar,secondary,simple,slender,spaced,sparsely,ste,tamen,tem,thickened,time,tree,trichome,trunk,typically,unbranched,uniseriate,unit,vary,vegetatio,vein,venation,wide,ympodial	adhesion,capitate,climate,colour,corolla,form,glandular,growth,height,history,inflorescence,length,life,midpoint,na,number,ovary,perennial,perfect,plant,position,presence,pubescence,ray,reproduction,ripe,seed,shape,size,staman,stem,stipe,texture,true
296	wfo-0001027881	success	215	113	70	145	43	0.326	-3,absent,acute,almost,anther,apex,articulated,attenuate,base,berry,blackish,blade,calyx,chartaceous,cm,connivent,contiguous,cordate,cordiform,cylindrical,densely,diameter,drying,eglandular,entire,erect,extra-axillary,flattened,flower,fruit,glabrous,glandular,globose,greenish,hair,herb,immature,lateral,leaf,light-brown,lobe,margin,maturity,membranaceous,mm,moderately,ovate-elliptic,pedicel,peduncle,petiole,pubescence,reniform,rotate,seed,short,similar,simple,size,sparsely,staman,stem,stigma,style,subopposite,surface,translucent,tube,unbranched,white,yellow	.3–0.5,0.5–2.2,0.8–1.5,1-celled,1.3–2,1.8–2.9,10–25,1–2,1–2-celled,1–2.5,1–2.6,1–3,1–3-celled,1–4,2.5–3.6,20–40,2–4,2–6,2–7,4–6,4–9.5,5,5-merous,6–10,7–14,7–9,8,abaxially,abundant,accrescent,acuminate,adaxiall,adaxially,alyx,appressed,asymmetric,axe,ba,barely,bulge,camptodromous,capitat,case,central,ciliate,closely,commonly,connected,curved,decurrent,dehiscing,denser,difoliate,directed,dorsally,eaf,ed,emarginate,emerging,equal,exceeding,exclusively,explosively,eye,few-,fewer,filament,forming,frequent,geminate,giving,groove,half,held,hollow,impression,interpetalar,introrsely,larger,less,like,long,longer,longitudinal,lower,mainly,many-branched,maturit,mesocarp,mixed,much,multicelled,multicellular,naked,near,netlike,nflorescence,normally,one,opening,orolla,other,pair,parallel,part,per,perfec,placenta,pore,pressure,primary,projection,prominent,pubescent,rachi,raised,ruit,secondary,sessile,side,slightly,slit,small,smaller,solitary,sometimes,stalk,stamen,subapically,tal,tamen,tem,tissue,triangular,two,unit,vary,vein,venation,visible,watery,winged,woody,ympodial,×	0.5-2.2,0.8-1.5,1-2,1-2-celled,1-2.5,1-4,2-6,2.5-3.6,20-40,4-6,6-10,7-14,7-9,adhesion,arrangement,capitate,climate,colour,corolla,form,growth,height,hermaphroditic,history,inflorescence,length,life,midpoint,na,number,ovary,perennial,plant,position,presence,present,ray,reproduction,rugulose,shape,stellate,stipe,texture
297	wfo-0001027882	success	184	123	89	95	34	0.484	0.1,1,1-1.5,1-5,1.5-2,1.5-2.2,1.5-6,10-25,2-3,2-lobed,2.1-2.6,3.2-6,3.5-4,3.5-5,4-5,6-9,abaxially,acuminate,adaxially,anther,apex,appearing,attenuate,base,berry,branch,broadly,c.,calyx,clavate,cm,completely,conical,corolla,dark,deltate,densely,diameter,elliptic,entire,flattened,fork,glabrous,globose,green,growth,hairy,hollow,inflorescence,leaf-opposed,less,lobe,lobed,margin,maturity,mm,occasionally,ovary,ovoid,pale,papillate,pedicel,peduncle,petiole,poricidal,rarely,reddish,reniform,shiny,shrub,simple,small,sometimes,sparse,stem,sticky,stigma,stout,style,surface,tip,tree,trichome,tube,uniseriate,way,white,x,yellow	.25,.5,0.5-1,06a,1.5-,1.6-2.2,10-40,2-6,2.5-3,3-4,7-,9-13,absent,age,along,anthesi,apart,apparently,axil,bark,branched,branching,brown,caly,cucullate,dense,difoliate,dry,drying,eaf,eed,erect,et,exerted,fide,filament,flower,free,fruiting,fusiform,geminat,glabrou,hooked,irregularly,junction,kallunki,lamina,lengthening,lower,markedly,midrib,minutely,new,nflorescence,nodding,pair,papillat,paulo,penden,perfect,pitted,planar,plane,pointed,population,pore,portion,primary,pulp,rachi,red-papillat,ruit,scar,shattering,slender,slit,spaced,sparsely,specimen,straight,strongly,structurally,sweet-scented,swollen,são,thickened,time,tuft,ud,unit,usually,vein,woody,yellowish,ympodial	1.5-4,adhesion,arrangement,blade,climate,colour,form,fruit,glandular,hair,height,history,leaf,length,life,midpoint,na,number,perennial,plant,position,presence,pubescence,ray,reproduction,rugulose,seed,shape,size,staman,stellate,stipe,texture,unknown
298	wfo-0001027889	success	151	112	74	77	38	0.49	0.5-1,0.5-11,0.7-2,1-10,1-3.5,1.5,1.5-2,10-12,2-20,2-3,3-4,3-9,abaxially,acute,acute-acuminate,adaxially,apex,apiculate,basal,base,blade,calyx,chartaceous,cm,connivent,deltate,densely,diameter,eglandular-puberulent,eglandular-pubescent,elliptic,entire,finely,fruit,glabrous,glandular-,green,greenish,immature,length,light,lobe,margin,mm,moderately,ovate,ovoid,pedicel,peduncle,petiole,probably,puberulent,puberulent-pubescent,ripe,shrub,simple,somewhat,sparsely,stellate,stigma,style,subcordate,subcoriaceous,tip,tomentose,tree,truncate,tube,unbranched,unknown,violet,white,x,yellowish	-2.5,-pubescent,.5,.5-2,0,1,1-3,10-20,10-30,3-8,4-foliat,5-10,acuminate,aggregate,apart,ape,articulated,axe,beyond,capitat,cell,color,connective,cylindrical,darker,dilated,directed,distally,eaf,eed,equal,exceeding,exserted,extending,flower,introrse,laterally,leaving,lon,long,longitudinal,lower,narrow,nflorescence,nther,oblong,orolla,pedicellar,perfect,pore,presen,present,puberulen,puberulent-pubescen,rachi,radiu,remnant,ruit,slightly,small,spaced,stamen,stone,stripe,swelling,tal,tem,thecae,time,tomento,triangular,ud,unit,vary,wide,yello,ympodial	1-2.5,adhesion,anther,arrangement,capitate,climate,colour,corolla,form,glandular,growth,hair,height,hermaphroditic,history,inflorescence,leaf,life,midpoint,na,number,ovary,perennial,plant,position,presence,pubescence,ray,reproduction,rugulose,seed,shape,size,staman,stem,stipe,surface,texture
299	wfo-0001027900	success	227	126	105	122	21	0.463	.5,0,0.2–0.5,14–15,18–22,1–,1–3,1–4,2,2.8,3,3.5–4.5,3–5,3–9.5,4–10,5–7.5,7–17,9–25,abaxial,acute,adaxial,adaxially,andromonoecious,anther,apart,apex,articulated,base,blue,brown,calyx,capitate,cm,congested,connivent,coriaceous,deeply,densely,diameter,entire,equal,extraaxillary,flower,fruit,glabrous,glandular,globose,golden-tan,green,grey-brown,hair,half,inflorescence,lanceolate,leaf,length,light,lighter,like,likely,lobe,lower,margin,maturity,mm,moderately,multangulate,multangulate-stellate,multiseriate-stalked,obtuse,pedicel,peduncle,petiole,plant,porrect-stellate,powdery,pubescence,pubescent,reddish-dark,repand,rotate-stellate,sessile,short-stalked,shrub,slightly,small,spaced,sparsely,stalked,stellate,stem,stigma,style,surface,tan,tapered,tree,tube,unbranched,violet,yellow,young,×,–4,–5	.1,.1–0.2,.1–0.3,0.1–0.3,0.2–0.4,0–0.1,1.5–1.8,16–19,16–23,2–3,2–8,3.5–4,3–8,5-merous,5–,5–10,5–6,6–8.2,7–10,7–10+,7–15,7–8,8–15,abaxially,absent,abundant,abundantly,accrescent,age,alyx,anthesi,armed,axe,ba,bark,becoming,beneath,berry,bilobe,blade,broad-based,connective,cordate,curved,cylindrical,db,deltate,difoliate,directed,discolorous,distally,dried,eaf,eed,either,enclosing,falcate,filament,flowering,free,fresh,frui,fruiting,functionally,geminat,hermaphroditic,heterstylou,interpetalar,lobed,long,long-stalked,longitudinal,major,membranaceous,midpoint,midvein,mixed,multiseriate,nearly,nflorescence,oblique,often,older,one,opening,orolla,part,pore,prickle,pronounced,rachi,ray,reflexed,roughened,ruit,runk,sharp,short,side,simple,slit,smooth,stalk,staminate,stellate-pubescen,stellate-pubescent,stout,strongly,subtending,tamen,thickened,time,tissue,unarmed,unit,unknown,vary,vein,vestigial,wide,ympodial,–6.2	adhesion,bilobed,colour,corolla,dbh,form,growth,height,history,life,na,ovary,perennial,position,reproduction,rugulose,seed,shape,size,staman,texture
300	wfo-0001027901	success	156	120	81	75	39	0.519	.25,.5,0.3-1.2,0.8-1,1-1.5,1-2.5,1.8-4.5,2.5-3,3-5,4-5,4.7-12,acuminate,acute,anther,anthesi,apex,area,attenuate,base,bright,broadened,brown,calyx,cm,conical,corolla,dark,deflexed,densely,dia,dry,ellipsoid,elliptic,exserted,filament,fresh,glabrous,globose,green,inflorescence,later,leaf,lobe,lobed,material,minutely,mm,nearly,opposite,ovary,ovoid-reniform,papillose,pedicel,petiole,pitted,poricidal,pubescent,shape,shaped,shiny,shrub,simple,size,sparsely,stem,stigma,straight,strongly,style,surface,tear-drop,tip,translucent,triangular,trichome,tube,uniseriate,white,x,yellow,young	0.5-1,0.8-2,0.9-2.3,1-2,1.5-1.8,4-10-flowered,6-7,?,abaxial,abaxially,adaxially,ba,bark,beneath,berry,brow,closely,curled,differing,difoliate,direction,drying,eaf,edicel,eed,firm,fleshy,free,fruiting,geminat,imbedded,immature,keeled,lateral,like,lon,long,lower,main,major,matrix,middle,midrib,minor,nflorescence,older,orbicular,oriented,overlappin,pair,papillo,planar,pore,portion,prominently,reddish,reflexed,rest,ripe,rounded,ruit,scar,single,slender,spaced,swollen,tall,tub,ud,unit,usually,vein,widest,woody,ympodial	adhesion,arrangement,blade,bud,climate,colour,deflexion,diameter,exsertion,form,fruit,glabrousnes,glandular,growth,hair,height,history,length,life,margin,midpoint,na,number,papillosity,peduncle,perennial,plant,position,presence,pubescence,ray,reproduction,rugulose,seed,staman,stellate,stipe,straightnes,texture
301	wfo-0001027902	success	128	106	72	56	34	0.562	-2.5,0.5-1,1-1.5,1-2,10-20,2,2-15,2-8,3-4,3-5,4-25,4-5,5-20,6-37,7-9,abaxially,acuminate,acute,adaxially,angled,apex,base,blade,calyx,chartaceous,cm,cordate,deeply,densely,diameter,distally,eglandular,entire,fruit,glabrous,glandular,globose,hair,inflated,lobe,margin,mm,moderately,narrowly,nearly,ovate,pedicel,peduncle,petiole,puberulent,pubescent,purple,purplish,reticulate,shrub,simple,small,sparsely,stellate,stigma,style,subcoriaceous,tip,tree,triangular,truncate,tube,unbranched,unknown,whitish,x,yellow	1-6,1.5-3,10-15,15-30,2-12,2-3,2-9,20-50,3-foliat,8-13,absen,adaxiall,aggregate,apart,articulated,axe,branched,cell,color,connivent,cylindrical,directed,distall,eaf,eed,flower,forked,leaving,like,lon,long,lower,nflorescence,nther,obtuse,orolla,pedicellar,pore,pubescen,rachi,radiu,remnant,ripe,ruit,spaced,ste,stone,tal,tem,time,truncat,unit,usually,vary,wide,ympodial	adhesion,anther,arrangement,climate,colour,corolla,form,growth,height,history,inflorescence,leaf,length,life,midpoint,na,number,ovary,perennial,plant,position,presence,pubescence,ray,reproduction,rugulose,seed,shape,size,staman,stem,stipe,surface,texture
302	wfo-0001027920	success	228	121	93	135	28	0.408	0.1-0.5,0.2-0.8,0.5-1,1.4-2.5,2-5,2-7,20-40,25-45,3-5,3.5-4,3.5-4.5,4-10,4-11,4-7,4.5-7,5-7,7-11,7-18,8-12,8-18,abaxially,acute,adaxially,almost,anther,apex,attenuate,base,black,blade,bristly,bristly-hirsute,broadly,brown,calyx,campanulate,cm,coarsely,connivent,dark,deltoid,densely,dentate,diameter,ellipsoidal,extra-axillary,flower,fruit,hair,hirsute,indument,inflorescence,lanceolate,leaf,length,lenticular,lobe,long,margin,midpoint,mm,oblong,obovoid,obtuse,orange,outline,ovate,pedicel,peduncle,perennial,persistently,petiole,prickly,pubescent,ray,ripe,simple,singled-stemmed,small,smaller,stellate,stellate-pubescent,stem,stigma,style,surface,thin-textured,tree,truncate,tube,white,x,yellow	-25,-3,.1-1.4,0.1-0.2,1-2,1-2.5,1-4,1.5-3,1/5-1/3,11-28,12-18,12-25,17-25,2-,2-8,2-foliate,4-6,4-locular,8-30,acicular,acute-,acute-tipped,adaxiall,along,apart,appressed,approximately,articulated,ascending,axe,ba,basally,bristle-like,broad-based,bulbou,capitat,cauline,class,close,concealed,concentrated,cylindrical,depressed-deltoid,descending,directed,distal,distall,distinct,divergently,eaf,eed,elongate,enlarging,entire,equaling,erect,female-sterile,few-branched,flesh,frui,geminat,glabrous,green,inserted,interlobal,intermixed,large,larger,lateral,less,lignescent,locule,long-stalked,longitudinal,lower,major,minute,minutely,much,multiseriate,narrowly,nearly,nflorescence,obtuse-tipped,occasionally,often,one,orolla,ovate-lanceolate,pair,per,persistent,pitted,pore,prickle,principal,proliferation,rachi,radiu,receptacular,recurved,rigid,ruit,scattered,section,sessile,short,side,similar,sinus,spaced,sparse,spreading,stalk,stalked,stella,stellae,swollen,tal,tamen,tawny,tem,termination,time,trichome,two,unbranched,unit,usually,vary,vein,vestitur,weakly,wide,ympodial	adhesion,arrangement,capitate,climate,colour,corolla,form,glandular,growth,height,history,life,na,number,ovary,plant,position,presence,pubescence,reproduction,rugulose,seed,shape,size,staman,stipe,texture,ye
303	wfo-0001027929	success	193	119	92	101	27	0.477	1,1-10,1-8,1.0-1.3,1.5-4,10,15,2,2-3,2.0-3.0,20,3.5-5,35,4-5,5-10,5-6,5-lobed,6-15,acuminate,acute,along,apex,base,beyond,calyx,center,clasping,cm,coat,cordate,corolla,cuneate,darker-violet-blue,deep,diameter,distal,elliptic,except,forked,generally,glabrous,globose,green,green-white,hair,half,herbaceous,honeycomb,interjected,lanceolate,lateral,leaflet,light,long,middle,mm,narrowly,nearly,obliquely,occasional,odd-pinnate,ovate,ovoid,pattern,pedicel,peduncle,perennial,plant,puberulent,purple,rhizomatous,rotate,rounded,seed,semi-lunate,shape,size,slightly,sometimes,spot,stigma,style,symmetrically,terminal,tinged,usually,vein,violet,violet-blue,wide,wider,yellow	0.2-0.9,1-4,3-6-foliat,4-30,4-6,abaxially,acumen,adaxially,angular,apical,apically,apiculate,articulate,ba,basal,becoming,branched,caudate,cell,cente,color,connate,covering,cyme,dark,decreasing,dehiscent,dichasial,dichasially,digestion,eaf,ebracteate,eed,embryo,emoval,enzyme,erect,exceeding,filament,flower,formed,globo,hair-like,included,introrse,living,lobe,lon,lower,make,maturing,monochasial,mostly,mucilaginous,nflorescence,nther,oblong,often,orolla,pair,pentagonal,perfect,petiolate,petiolulate,petiolule,poricidally,purpl,radiating,rarely,reduced,reveal,rhizome,rotate-,ruit,sessile,seudostipule,short,slit,somewhat,specimen,stamen,star,ste,straight,subequal,tem,terete,testal,thick,tip,trailing,typically,unbranched,unit,vary,visible,wall,white,wid,without,ympodial	anther,arrangement,colour,form,fruit,growth,height,history,inflorescence,leaf,length,life,na,number,ovary,petiole,position,pseudostipule,pubescence,reproduction,rotate-pentagonal,rugulose,stem,surface,texture,true,tube
304	wfo-0001027930	success	210	116	91	119	25	0.433	%,0-0.7,0-2,0.2-0.4,0.2-1.2,0.25-0.35,0.25-0.4,0.4-0.8,0.4-1,0.4-1.5,0.6-0.9,0.7-1.5,1-2,2-2.5,3-12,3-3.6,3.5-5.5,4-8,4.5-6.5,6-13,7-8,8-20,acute,adaxially,and/or,andromonoecious,anther,apex,basal,base,blade,brown,calyx,chartaceous,cm,connivent,cuneate,deltate,densely,diameter,eglandular,entire,erect,extra-axillary,flower,fruit,glabrous,gland-tipped,globose,grey,hair,hastate,inflorescence,lamina,lanceolate,leaf,length,lilac,linear,linear-hastate,lobe,loosely,margin,midpoint,mm,obtuse,pale,pedicel,peduncle,perennial,perfect,petiole,plant,present,ray,red,rhizomatous,rostrate,scattered,short,shrub,simple,sparsely,stellate,stellate-pubescent,stigma,style,tube,white,x,yellow	-2,.1,.4,0,0-0.5,0-0.8,0-1,0-4,0.05-0.7,0.2-0.7,0.3-0.5,0.5-0.6,0.5-1,0.8-1.2,1-4,1-locular,13-16,15-60,2-10,2-3,2-6,2-9,2-foliate,3-7.5,4-,5-merou,6-12,6-8,7-12,9-13,9-26,abaxially,absen,absent,acicular,across,adaxiall,adult,alyx,apart,apparen,articulated,axe,ba,branch,branche,capitat,confined,cylindrical,decimetre,directed,distall,distributed,dm,eaf,eed,exocarp,filament,finger,fruiting,functional,geminat,green,half,heterostylous,homo-,incomplete,interpetalar,juicy,juvenile,lateral,less,long,longer,lower,mature,mesocarp,mid-point,midrib,midvein,minute,moderately,narrowly,nflorescence,oblique,orolla,part,per,placenta,pore,porrect,prickle,rachi,ruit,septum,sessile,spaced,sparse,stellae,straight,strongly,succulent,tal,tamen,tem,thick,throughout,time,tissue,triangular,unarme,unarmed,unbranched,unit,vary,weakly,wide,yellowish,ympodial	adhesion,arrangement,capitate,climate,colour,corolla,form,growth,height,history,life,na,number,ovary,position,presence,pubescence,reproduction,seed,shape,size,staman,stem,stipe,texture
305	wfo-0001027943	success	208	118	90	118	28	0.433	-4,0.2-2,0.5-1,0.5-6,0.8-1.5,1-1.5,1-3,1-4,2-14,2-2.5,2-3,2-3-lobed,2-4,3-15,3-20,5-8,5-9,7-10,acute,andromonoecious,anther,apex,base,blade,brown,brownish,calyx,chartaceous,cm,coarsely,diameter,elliptic,elliptic-ovate,entire,equal,extra-axillary,flattened,fruit,glabrescent,glabrous,glandular,globose,green,hair,inflorescence,initially,leaf,linear-acuminate,linear-apiculate,lobe,margin,mature,membanaceous,midpoint,mm,outline,pedicel,peduncle,petiole,plant,pubescent,rarely,ray,reniform,ripe,rounded,rugulose,shallowly,shrub,simple,slightly,sparsely,stellate,stellate-pubescent,stem,stigma,strongly,style,surface,tan,tapered,tip,truncate,tube,turning,unbranched,white,x,yellow,young	-1.5,.1,.5,0,0.3-0.5,0.5-1.5,0.5-4,1-5,1.5-3,10-15,2-10,3-8,4-20,4-6,4-7,5-merou,6-.,7-15,abaxially,accrescent,adaxially,ag,alyx,apart,armed,articulated,axe,ba,berry,broad,broad-based,capitat,connivent,covering,curved,cylindrical,densely,difoliate,directed,distally,eaf,eed,erect,ferruginous,filament,flower,forked,free,frui,fruiting,geminat,gland-tipped,half,heterostylous,homo-,interpetalar,interspersed,interwoven,like,long,longitudinal,lower,major,midline,midrib,minutely,moderately,narrowly,nearly,nflorescence,numerous,oblique,obtuse,often,opening,orolla,part,perfect,pericarp,pore,porrect-stellate,prickle,rachi,recurved,reflexed,ruit,sessile,short,short-stalked,side,sinus,slit,small,smooth,somewhat,spaced,sparse,splitting,staminate,straight,subtending,tamen,tem,thi,time,tissu,tissue,toward,triangular,unarme,unarmed,unit,vary,vein,whitish,wide,woody,ympodial	6-8,adhesion,arrangement,capitate,climate,colour,corolla,form,growth,height,history,length,life,na,number,ovary,perennial,position,presence,present,pubescence,reproduction,seed,shape,size,staman,stipe,texture
306	wfo-0001027944	success	175	104	74	101	30	0.423	%,0-0.3,0.25-0.4,0.3-0.4,0.4-0.5,0.4-0.8,0.5-1.2,0.9-1.2,1-2,1.5-2,15-23,2-4.5,3-3.5,3-4.5,3-7,4-7,5-7,7-8,7.5-14,acute,anther,apex,base,brown,calyx,chartaceous,cm,cuneate,deltate,densely,diameter,entire,erect,extra-axillary,flower,fruit,glabrous,globose,green,hair,inflorescence,lamina,lanceolate,lavender,length,lobe,lobed,long,margin,mm,ovate,pale,pedicel,peduncle,perennial,perfect,petiole,present,ray,red,rhizomatous,rusty,shallowly,shrub,simple,stellate,stellate-pubescent,stigma,style,tube,white,x,yellow,yellowish	.8,0-4,0.1-0.2,0.2-0.3,0.2-0.4,0.5-0.8,0.5-1,1-1.2,1-3,1-locular,13-16,2-3,2-6,2-foliate,2.5-5.2,3-20,3-4,3-5,5-merou,7-20,abaxially,absen,absent,acicular,across,adaxiall,adaxially,adult,alyx,apart,apparen,articulated,axe,ba,blade,branche,capitat,confined,cylindrical,directed,distall,dm,eaf,eed,eglandular,exocarp,finger,fruiting,geminat,gland-tipped,half,incomplete,index,juicy,lateral,less,lobing,longer,lower,mature,mesocarp,mid-point,midpoint,midrib,minute,nflorescence,oblique,obtuse,orolla,part,per,placenta,pore,porrect,prickle,pseudo-racemose,ruit,septum,sessile,short,side,spaced,stage,stellae,straight,succulent,tal,tamen,tem,thick,throughout,time,unarme,unarmed,unbranched,unit,unknow,uvenile,vary,wide,ympodial	abaxial,adaxial,adhesion,arrangement,capitate,colour,corolla,form,growth,height,history,leaf,life,na,number,ovary,plant,position,presence,pubescence,reproduction,rugulose,seed,shape,size,staman,stem,surface,texture,unknown
307	wfo-0001027948	success	186	102	68	118	34	0.366	-16,-6,.5,0.5-2,0.8-,1-1.2,1.2-2.2,1.3-1.8,1.5-4.5,2.2-,2.5-,3-8.2,3.2-5.2,3.7-4,5-,7-15,7.5-10,abundant,acuminate,anther,apex,articulate,attenuate,base,calyx,campanulate,cm,corolla,diameter,ellipsoidal,elliptical,flexuous,glabrous,glandular,globose,herb,leaf,length,light,lobe,long,margin,mm,narrow,narrowly,non-glandular,ovate,ovoid,patent,petiole,pubescence,pubescent,purple,seed,serrulate,simple,slightly,stem,stigma,style,sub-shrub,triangular,trichome,tube,unequal,violet,viscid-pubescent,x	-15,0-,0.4,0.5-0.7,0.6,1-2,1.6,1/10,10-14,13,14,2-,3.5,5,6-celled,7,8-celled,abaxially,accrescen,adaxially,ag,aggregate,antrorse,ape,ature,basal,berry,bicellular,branch,c.,cell,connectival,crushed,cuticle,dark,delicate,diamete,difoliate,directed,dorsally,eaf,edentate,erect,filament,finely,fragrance,free,fruiting,generally,head,herbaceous,hig,hollow,ill-smelling,inconspicuous,inserted,lamina,long-stalked,longer,longitudinal,longitudinally,lower,many-,midvein,near,occasionally,odorles,opening,orolla,pair,papillate,pericarp,pore,poricidal,portion,prolongation,reduced,ree,ridged,ruit,saddle-shape,scarce,scarcely,secondary,seeded,seen,separated,short-stalked,shorter,single-celled,sinus,slit,small,smooth,solitary,spur-like,stalk,stone,straight,striat,striate,sub-opposite,tem,thecae,thickened,time,tip,tooth,twice,unit,upward,vary,vein,ventrifixed,verrucate,ympodial,¼,½	adhesion,arrangement,blade,climate,colour,form,fruit,growth,hair,height,history,inflorescence,life,midpoint,na,number,ovary,pedicel,peduncle,perennial,plant,position,presence,ray,reproduction,rugulose,saddle-shaped,shape,size,staman,stellate,stipe,surface,texture
308	wfo-0001027961	success	177	112	79	98	33	0.446	.5,0.5-1,0.9-1,1-1.5,1-4,1-5,1-9,2-2.5,2.3-2.5,2.5-9,4.5-5,8-10,?,abaxially,acute,anther,apex,axil,base,broadly,calyx,clavate,cm,conical,cordate,corolla,deltate,densely,diameter,ellipsoid,elliptic,entire,fading,glabrous,globose,green,growth,immature,inflorescence,lateral,lobe,lobed,long,margin,membranous,midrib,mm,new,obovate,occasionally,pedicel,peduncle,petiole,pinnatifid,pubescent,purple,reddish,rotate-stellate,simple,slightly,sparsely,stem,stigma,style,surface,terminal,triangular,trichome,truncate,tube,uniseriate,vein,vine,violet,white,white-pubescent,woody,x,yellow	0.25,0.25-0.5,1,1-3,10-50,3-3.5,5-8,5-merou,6-9,7-9,<,adaxiall,adaxially,age,always,alyx,anthesi,apar,ark,articulated,asymmetric,berry,branched,brow,c.,clear,connivent,curling,distributed,eaf,early,eed,equalling,exserted,filament,flower,free,fruiting,fusiform,geminat,ilament,irregularly,lamina,lengthening,lon,loosely,lower,many,mature,maturity,minute,minutely,nflorescence,observed,often,older,one,orolla,other,pair,papillo,pendan,perfect,pericarp,pinched,planar,plurifoliate,pore,poricidal,portion,present,primary,probably,pubescen,ruit,scar,shiny,sleeve,slender,slit,small,spaced,spreading,tem,thin,time,tip,transition,tuft,twinin,twining,ud,unequal,unit,upper,vary,way,ympodial	adhesion,arrangement,blade,brown,climate,colour,form,fruit,glandular,hair,height,history,leaf,length,life,midpoint,na,number,ovary,plant,position,presence,pubescence,ray,reproduction,rugulose,seed,shape,size,staman,stellate,stipe,texture
309	wfo-0001027965	success	265	143	119	146	24	0.449	.25,.9,/3,0.1-0.2,0.15-0.3,0.3,0.4,0.5,0.6-0.9,0.8-1.6,1.2,1.5-2,1.5-3.2,1/3-1/4,2-2.5,2-3,2-3.5,2-4,2.2-2.6,2.8-3.3,3.5,3.5-10,4-7,4.5,6-9,7-8,abaxially,acuminate,acute,adaxially,almost,along,ame,anther,apex,apically,base,berry,branch,brown,c.,calyx,capitate,chartaceous,clavate,clustered,cm,corolla,cupular,curved,densely,density,diameter,distributed,drying,dull,elongated,equal,erect,evenly,filiform,finely,flattened,fruit,glabrous,grey-brown,increasing,lateral,leaf,length,liana,like,lobe,lobed,midpoint,mixture,mm,obconical,oblong,orange,orange-brown,outside,ovate,papillose,pedicel,peduncle,petiole,poricidal,present,pubescent,ray,red-brown,regular,reniform,rounded,shiny,shrub,simple,smooth,sometimes,somewhat,sparsely,spheroidal,stellate,stellate-pubescent,stem,stigma,style,surface,tapering,tip,toward,trichome,tube,uneven,white,wrinkled,x,young	-2,.1,.2,.3,.5,.7,0.15,0.2,0.4-0.5,0.5-3,0°,1,1-2,1-8,1.5-2.5,1/3-2/3,1/4-1/3,4-merou,abaxial,absent,accrescent,acicular,adaxial,adjacent,age,alternate,alyx,anthesi,apar,ape,apparently,armed,articulated,bark,becoming,beneath,branched,brown-green,canaliculate,cordate,covered,deltoid,dense,detaching,development,discolorous,divided,dry,eaf,early,eed,ellipsoi,entire,even,except,extending,fairly,fasciculate,filament,fissure,flat,flexuous,flower,forming,free,fruiting,glabrescent,green,indumentum,inside,leave,lengt,lengthening,less,long,loop,lower,m.,main,mature,maturity,midvein,minor,nflorescence,nther,oblique,occasional,often,orolla,pair,pale,patch,pendulous,perfect,pericarp,pit,pitted,plurifoliat,pore,porrect,portion,prickle,primary,protruding,rachi,raised,reduced,remnant,ridged,ruit,scar,series,sessile,short,sinus,small,sparse,spreading,stalk,stalked,straight,strongly,stump,tearing,terete,tertiary,thin,throughout,translucent,transverse,ud,unarme,unarmed,underneath,unequal,unit,usually,variable,vary,vein,venation,visible,wide,widening,ympodial,youngest	60-100,arrangement,climate,colour,dioecious,form,growth,height,history,inflorescence,life,number,ovary,perennial,plant,position,presence,pubescence,reproduction,rugulose,seed,shape,size,texture
310	wfo-0001027966	success	207	121	95	112	26	0.459	0.4-0.5,0.8-2.5,1-1.8,1-2,1-4.2,1-5,1.3-2.2,1.5-5.2,10,10-30,2.2-2.9,2.5-10.5,3-4,3-5,3-7,4,40-80,5-6,5-9.5,5.5-14,abaxially,absent,acuminate,adaxially,anther,apex,attenuate,axillary,base,blue-violet,brownish,bud,chartaceous,ciliate,cm,condition,conical,corolla,densely,diameter,drying,elliptic,fresh,fruit,glabrous,green,greenish,hair,herb,interjected,lanceolate,lateral,leaf,leaflet,light,like,lobe,long,margin,membranous,minute,mm,moniliform,mottled,odd-pinnate,orbicular,ovate,ovoid,pedicel,peduncle,pentagonal,petiole,plant,pubescent,purple,rarely,ripe,rotate,seed,sessile,size,slightly,sparsely,stem,stigma,subsessile,subtending,terminal,tube,tuber,usually,whitish,wide,x,yellow	0.7-3,0.8,1-10,1-3,1.2-4.5,1.5-3,2.8-9,5-10,5-merou,6-11,acumen,ag,along,alyx,apart,apparently,arranged,articulated,asymmetrical,axe,basiscopic,bead,berry,blade,capitat,cell,commonly,connivent,covering,decreasing,digestion,distal,dorsally,eaf,edge,eed,enzyme,erec,especially,exceeding,filament,flat,flower,folded,forked,geminat,generally,glabrou,gradually,green-white,hair-like,half,homostylous,honeycomb-shaped,larger,lengthening,less,living,lower,make,medium,middle,mucilaginous,multiple,narrow,necklace,nflorescence,orolla,pair,pale,perfect,petiolule,plurifoliate,pore,poricidal,proximal,ray,removed,ruit,secondary,semierect,seudostipule,shorter,side,slit,somewhat,spaced,specimen,stamen,ste,stolon,straight,subequal,symmetrical,tall,tamen,tem,testal,thick,throughout,tip,tissue,tri-,tyle,typically,unit,violet,wall,wet,white,wing,ympodial	adhesion,arrangement,calyx,capitate,colour,form,growth,height,history,inflorescence,length,life,na,ovary,perennial,position,presence,pseudostipule,pubescence,reproduction,rugulose,shape,staman,style,surface,texture
311	wfo-0001027978	success	197	132	104	93	28	0.528	0.2-0.5,0.5-1,1-2,1-3,1-6,1.5-2.5,10-14,11,2-2.5,2-3,2.5-3,3-5,3-6,4-10,4-5,4-6,4-8,5-8,6,7-10,7-9,abaxially,absent,acute,adaxially,along,andromonoecious,anther,apex,attenuate,base,becoming,blade,brown,calyx,chartaceous,cm,connivent,cylindrical,densely,diameter,distal,end,entire,except,extra-axillary,filiform,flower,fruit,functionally,glabrous,globose,green,hair,hermaphroditic,immature,leaf,length,like,lilac,lobe,lobed,male,margin,mature,midpoint,midvein,mm,moderately,narrowly,nearly,obtuse,orange,orange-red,ovary,ovate,pedicel,peduncle,per,petiole,plant,porrect-stellate,proximal,pubescent,ray,round,shrub,side,simple,spaced,stellate,stem,stigma,style,surface,tan,tapering,thin-skinned,triangular,tube,white,wide,x,yellow	0.5-1x,1,1-1.5,1.5,1/6,2.5-5.5,20-40,6-10,8-12,abaxial,absen,accrescent,adaxial,alyx,andormonoeciou,apar,apical,apparently,armed,asymmetrical,axe,berry,beyond,cordate,cut,dark,difoliate,directed,discolorous,eaf,eed,either,exserted,filament,flattened,frui,fruiting,geminate,glabrou,gree,heteromorphic,initially,introrsel,less,long,lower,major,many,midrib,midvei,multicellular,multiseriate,netlike,nflorescence,occasionally,often,orolla,pair,pit,pore,prickle,rachi,raised,recurved,reflexed,ridge,roselike,ruit,scandent,scattered,separated,short,sinus,slightly,small,sparsely,stalk,stamen,staminate,ste,straight,tamen,tem,unarmed,unbranched,unequa,unicellular,unit,vary,vegetatio,vein,way,ympodial	adhesion,apart,arrangement,climate,colour,corolla,form,glandular,growth,height,history,inflorescence,life,na,number,perennial,position,presence,present,pubescence,reproduction,rugulose,seed,shape,size,staman,stipe,texture
312	wfo-0001027997	success	174	106	71	103	35	0.408	.2,.5,0.2-2,0.9-1,1,1-2,1-4,1.5-1.7,1.5-2,10-23,2,3.5-10,acute,anther,apex,attenuate,auriculate,base,becoming,bi-lobed,black,blade,bright,calyx,cm,corolla,deltoid,dia,dirty,dry,glabrous,globose,green,greenish-yellow,inflorescence,leaf,live,lobe,lobed,long-acuminate-triangular,margin,mm,obovate,occasionally,opposite,ovary,ovoid-reniform,pale,pedicel,petiole,plant,poricidal,pubescent,ribbed,ripe,shrub,small,somewhat,sparsely,specimen,stem,stigma,strongly,style,surface,tan,tip,tree,tube,white,x	.1,.6,0.1-0.7,0.1-0.8,1.5-1.8,10-20-flowered,7-10,7/8,abaxially,along,anthesi,apar,ba,bark,beneath,berry,breaking,brittle,consisting,corky,decurrent,deflexed,dense,densely,denser,distal,eaf,edicel,eed,entire,erect,even,evenly,exserted,filament,free,fruiting,glabrate,impressed,inflorescenc,keel,keeled,later,lateral,like,living,long,long-ellipsoid,lower,main,middle,minutely,nflorescence,often,old,older,onto,ovoid,pair,papillose,partially,pitted,planar,pore,portion,prominent,pubesent,raised,reddish-brown,remaining,rest,ruit,scar,scattered,sessile,shaped,short,simple,slender,slightly,soft,soon,spaced,straight,tall,tapering,tear-drop,trichome,trunk,ud,ultimately,unifoliat,uniseriate,unit,vasculature,vein,way,widest,wing,winged,woody,ympodial,young	0.5,adhesion,arrangement,climate,colour,diameter,form,fruit,glandular,growth,hair,height,history,length,life,midpoint,na,number,peduncle,perennial,position,presence,pubescence,ray,reproduction,rugulose,seed,shape,size,staman,stellate,stipe,texture,unifoliate,ye
313	wfo-0001028014	success	222	124	92	130	32	0.414	-1,-15,-2.5,-4,-6,/5,0.2,0.2-0.4,0.2-1,0.2-1.6,0.5-1,0.5-2,0.5-3,0.6-0.9,0.9-1.2,1-4,1.3-2.4,1.8-3,2-4.5,2-6.5,2.5-4,4.5-7,6-10,abaxially,almost,anther,apex,apically,base,berry,black,blade,brown,calyx,chartaceous,cm,connivent,cordate,deltate,densely,diameter,equal,erect,flattened-reniform,fruit,glabrescent,glabrous,lateral,leaf,length,lobe,lobed,long,margin,maturity,mauve,membranous,midpoint,mm,moderately,obtuse,orange,ovate,pale,pedicel,peduncle,petiole,poricidal,purple,ray,red,rounded,scandent,seed,shrub,simple,smooth,spherical,spreading,stellate,stellate-pubescent,stem,style,surface,tapering,terminal,tip,tube,way,weakly,wide,yellow	-0.5,-1/2,-10,-3,-5,.5,0,0.1-0.2,0.15,0.15-0.3,0.25,0.3-0.4,0.5,0.5-1.5,0.7-1,0.7-1.6,1-,1-10,1-2,1-3,1.5,1.5-2,1/4,1/4-2/3,2,2-20,2-3,3-10,4-10,5-merous,6-11,acuminat,alyx,ame,apar,apart,apparently,around,articulated,bark,branched,broad-deltate,brown-green,c.,cell,concolorous,curved,decurrent,difoliate,discolorous,distance,drying,eaf,edge,eed,elongating,extending,eye,filament,flattened,flower,free,fruiting,geminat,glabrou,gland,globular,gray,gray-green,herbaceous,infructescence,lon,longer,lower,mature,midvein,naked,nflorescence,occasionally,older,one,open,orange-gra,orolla,oung,outer,outline,pair,pendulous,per,perfec,pericarp,pit,porrect,portion,prickl,prickle,prickly,primary,raised,reduced,reflexed,rough,ruit,scar,sessile,shiny,shorter,side,slender,sometimes,spaced,stalk,stalked,straight,strongly,tamen,terete,tertiary,time,trichome,unit,vary,vein,venation,visible,visibly,winged,yellow-green,ympodial	acuminate,adhesion,arrangement,climate,colour,corolla,dioecious,form,glandular,growth,hair,height,history,inflorescence,life,na,number,ovary,perennial,plant,position,presence,pubescence,reproduction,rugulose,shape,size,staman,stigma,stipe,texture,ye
314	wfo-0001028017	success	158	90	63	95	27	0.399	-2.5,0.3-1,1.5-2,10-22,13-40,15-35,2,2-3,2-4,2.5-5,3,3-12,3-14,5-7,5-9,6-8,abaxially,adaxially,apiculate,brown,calyx,clavate,cm,densely,diameter,ellipsoidal,elliptic,flattened,forked,fruit,fusiform,glabrous,glandular-puberulent,green,greenish,immature,lanceolate,lobe,mm,moderately,obtuse,ovate,pedicel,peduncle,petiole,pubescent,purplish,rarely,ripe,simple,stellate,stellate-campanulate,stigma,style,subcoriaceous,tip,tree,truncate,tube,unbranched,white,x,yellow	1,1-10,1-2,1-3,15-50-flower,3-4,3-foliat,40-50,5,6-7,9-11,absen,absent,acuminate,acute,aggregate,apart,ape,apex,articulated,axe,basal,base,beyond,blade,cell,chartaceous,ciliat,connective,connivent,cream,cuneate,cylindrical,directed,distally,eaf,eed,eglandular,eglandular-puberulent,eglandular-pubescent,entire,exceeding,exserted,fleshy,flower,glandular,glandular-,hair,introrse,leaving,lon,long,lower,margin,narrowly,near,nflorescence,nther,oblique,orolla,ovoid,pedicellar,perfect,pointed,pore,puberulen,purple,rachi,radiu,remnant,ruit,short-acuminate,shorter,slightly,small,sometimes,spaced,sparsely,stamen,stone,tal,tan,tem,thecae,time,tomentose,triangular,truncat,ud,unit,vary,vein,wide,without,ympodial	anther,arrangement,colour,corolla,form,growth,height,hermaphroditic,history,inflorescence,leaf,length,life,na,ovary,perennial,plant,position,presence,puberulent,pubescence,reproduction,seed,shape,size,stem,texture
315	wfo-0001028025	success	182	100	70	112	30	0.385	.8,0,0.1-2.2,0.15-0.25,0.2-0.3,0.5-0.7,1.4-2.2,1.5-7,1.6-3.5,13-21,2-2.3,2.5-4,3.5-4.5,5-7,6.5-10,7-13,7-9,absent,acute,anther,apex,attenuate,base,blade,brown,calyx,chartaceous,cm,cordate,diameter,erect,extra-axillary,fruit,glabrous,gland-tipped,globose,green,hair,inflorescence,lavender,length,lobe,lobed,margin,midpoint,mm,obtuse,ovate,pale,pedicel,peduncle,perennial,petiole,present,ray,rhizomatous,shallowly,short,shrub,simple,sparsely,stellate,stellate-pubescent,stem,style,tube,white,x,yellow,yellowish-green	%,0-0.5,0-11,0.2-0.7,0.3-0.8,0.3-1,0.4-3,0.9-1.2,1-1.4,1-8,1.1-1.4,1.9-2.4,10-140,11-18,12-17,16-23,2-6,2-locular,3-5,3-6,4-10,4-8,5-,5-11,5-20,50-90,6-,7-8,9-14,abaxially,absen,acicular,across,adaxiall,adaxially,alyx,anvil-shape,apart,armed,articulated,axe,ba,broad-based,cross-section,cylindrical,d.,directed,distall,distributed,dult,eaf,eed,eglandular,exocarp,finger,flower,fruiting,half,hig,index,juicy,lamina,lateral,less,lobing,lon,long,longer,lower,mature,merou,mesocarp,mid-point,midvein,minute,moderately,moist,nflorescence,oblique,onl,orolla,part,per,perfect,placenta,pore,porrect,prickle,pseudo-racemose,ridged,ruit,sessile,side,spaced,stage,stalked,stellae,straight,tamen,thick,throughout,time,transparent,unarmed,unbranched,unit,unknow,uvenile,vary,vein,wide,ympodial	adhesion,arrangement,climate,colour,corolla,form,glandular,growth,height,history,leaf,life,na,number,ovary,plant,position,presence,pubescence,reproduction,rugulose,seed,shape,size,staman,stigma,stipe,surface,texture,unknown
316	wfo-0001028033	success	157	119	94	63	25	0.599	.6,1.4–1.8,1.5,1–4,1–5,2–4,3,3–11,3–4,4–12,4–5,50,6–12,abaxially,acuminate,acute,adaxially,along,anther,apex,attenuate,base,blade,brochidodromous,brown,calyx,cell,chartaceous,cm,cyme,densely,denser,diameter,elliptic,entire,eye,flower,fruit,glabrescent,glabrous,green,greenish,growth,herb,hispid-pubescent,lateral,length,light,like,linear-lanceolate,lobe,long,mainly,margin,midrib,mm,naked,nearly,new,oblong,order,ovate-lanceolate,pedicel,perfect,petiole,pubescence,pubescent,rhizomatous,secondary,shiny,shorter,shrub,simple,solitary,sparsely,spreading,stem,stigma,style,surface,trichome,tube,unbranched,uniseriate,unknown,upright,vein,venation,visible,white,wide,woody,yellow,×	2–3,2–foliate,3–5,5-merou,5–7,adaxiall,alyx,anthesi,ark,ascending,becoming,branch,capitat,ciliate,connivent,contiguou,cordate,cylindrical,darker,decurrent,deeply,directed,discolorous,drying,eaf,eed,emarginate,equal,few-branched,filament,florescence,geminat,high,introrsely,know,known,lobed,longitudinal,lower,membranaceous,older,onto,opening,orolla,pore,poricidal,prominent,prostrat,recurved,ruit,sessile,shin,slightly,slit,stellate,straight,strongly,subapical,tamen,tem,unit,vary,ympodial	adhesion,arrangement,capitate,colour,contiguous,corolla,form,height,history,inflorescence,leaf,life,na,ovary,peduncle,plant,position,reproduction,rugulose,seed,shape,size,staman,texture,visibility
317	wfo-0001028035	success	172	112	77	95	35	0.448	1,1.3-1.8,1/4-1/3,2,2.5-3.1,2.5-4,3-6,4.2-5.5,5-10,6-13,9-13,along,annual,anther,armed,base,blade,bristly,broad-based,broadly,brown,calyx,campanulate,capitate,cm,dark,dia,diameter,dry,felty,flattened,flattened-ovoid,foveolate,fruit,glabrous,herb,internodal,lanceolate,leaf,lobe,long,long-rayed,main,maturity,midpoint,minutely,mm,narrowly,oblong,ovate,pedicel,pentagonal,petiole,pigmentation,prickly,purple,ray,recurved,red,reticulately,rounded,seed,slightly,somewhat,spherical,splitting,stellae,stellate,stellate-pubescent,stem,suffused,surface,tube,undulate,vein,wrinkled,yellow	1.5,2/3,3,3.7-4.2,4-8,5,50-90,7-10,7-10-flowered,accrescent,acicular,across,almost,alyx,ample,anthesi,apically,berry,bristle,broad,cauline,closely,confluent,congested,da,dark-based,deep,densely,developing,difoliate,distinct,divided,eaf,erect,exceeding,externall,flower,geminat,hardly,hilum,incurved,interpetalar,invested,lon,m.,markedly,n,nflorescence,notch,noticeably,numerous,often,one,orolla,other,per,pinnatifid,plicate,prickle,prominent,reaching,ruit,scattered,short,shorter,slende,sometimes,spaced,spreading,stalk,stellate-wooll,stout,styl,sunken,symmetrically,tall,tamen,tapering,taprooted,terminal,tightly,tigma,tissue,tub,twice,tyle,ultimate,unit,upper,usually,vary,well,wide,yello,ympodial	adhesion,apex,arrangement,climate,colour,corolla,externally,form,glandular,growth,hair,height,history,inflorescence,length,life,margin,na,number,ovary,peduncle,plant,position,presence,pubescence,reproduction,rugulose,shape,size,slender,staman,stigma,stipe,style,texture
318	wfo-0001028044	success	195	109	76	119	33	0.39	.9,0.3,0.4-0.5,1.2-1.4,1.5-2,19-22,2-3,2-4,2.7-4,20-21,3-4,3-6,3.4-4.3,31-46,9.5-13,abaxial,abaxially,acute,adaxially,anther,apex,attenuate,base,black,blade,blunt-tipped,brown,calyx,cm,corolla,creamy,dark,diameter,drying,entire,fleshy,fruit,glabrate,glabrous,globose,hair,immature,leaf,length,lobe,long-attenuate,margin,mm,multangulate,oblong,obovate-elliptic,pale,pedicel,peduncle,petiole,porrect-stellate,pubescent,rough-granular,seed,semi-obtuse,shrub,simple,sparse,sparsely,stellate,stigma,style,subcampanulate,surface,thin-textured,tomentose,tube,white,x,yellow,yellow-brown	-3.5,-5,.6,1.3-2.2,1.4-1.6,1/3-1/2,11-13,11-16,16,2.8-3.3,3.5-4.6,4-5,5-merou,50,6-8,6.5-7.2,7.5-9,accrescent,adaxiall,ag,along,alyx,anthesi,apart,around,articulated,ature,axe,axillary,becoming,berry,branch,branched,bud,bulbous-based,capitat,closely,concentrated,connivent,cylindrical,decurrent,dendritic,directed,distally,eaf,edge,except,exserted,few-rayed,filament,flower,frui,fruiting,geminate,glabrescen,green,greenish,high,homostylous,lackin,lateral,lengthening,lobed,long,long-stalked,longitudinal,lower,main,many,midrib,moderately,mostly,much,multangulat,nearly,nflorescence,obscured,obtuse,occur,orolla,ovate-lanceolate,plurifoliate,pore,poricidal,presumably,rachi,rather,resorption,ruit,runk,side,slender,slit,somewhat,spaced,stalked,stamen,suture,tamen,terete,thick,thick-stalked,time,tip,tissue,tomentu,unarme,unbranched,unit,unknown,vary,vein,way,weakly,wide,winged,yellowish,ympodial,young	0.6,adhesion,arrangement,capitate,climate,colour,form,glabrescent,glandular,growth,height,history,inflorescence,life,midpoint,na,number,ovary,perennial,plant,position,presence,present,pubescence,ray,reproduction,rugulose,shape,size,staman,stem,stipe,texture
319	wfo-0001028046	success	186	102	76	110	26	0.409	0.3-0.5,0.5-1,1-1.5,1-7,1.5-2,12-13,13-38,2-3,2-4,2.5-3,3-12,4-5,5-18,6-7,8-9,acuminate,acute,anther,apex,attenuate,base,blue,brown,calyx,campanulate,chartaceous,clavate,cm,coriaceous,corolla,diameter,elliptic,entire,foliaceous,foveolate,glabrous,glandular,globose,green,growth,heterostylous,inflorescence,lanceolate-subulate,leaf,length,lilac,lobe,margin,midpoint,minute,mm,obovate,opposite,ovary,pedicel,peduncle,petiole,pubescence,pubescent,ray,reniform,shrub,simple,stellate,stem,stigma,style,sub,subglobose,subhirsute,surface,tapering,truncate,tube,x,yellow	0.2-0.3,0.4-0.5,1-1.3,1-multicellular,1.2-1.5,10,10-15,20,abaxially,adaxially,anthesi,approximately,armed,articulated,bark,basal,berry,c.,compressed,cylindrical,dark-brown,decurrent,deflexe,densely,denser,difoliat,distal,eaf,eed,erect,exserted,filament,flattened,flower,free,fruiting,glabrescent,gland-tipped,grayish,half,large,lengthening,lightly,like,lobed,long,long-styled,lower,minutely,mixed,multangulate,multicellular,nearly,new,nflorescence,obverse,occasionally,older,ovoid,papillo,per,perfect,pericarp,pore,poricidal,porrect,portion,prickle,prickly,prominent,raise,red,reduced,reflexed,rest,rigid,ruit,rusty,rusty-red,scabrous,scar,sessile,short-styled,slightly,slit,somewhat,spaced,sparse,sparsely,stalked,staminate,subcordate,subscandent,subsessile,tall,testa,thick,tip,tomentose,tomentose-scabrous,trichome,ud,unarmed,unevenly,unicellular,unit,upper,winged,ympodial,¼	adhesion,arrangement,blade,climate,colour,form,fruit,hair,height,history,life,na,number,perennial,plant,position,presence,present,reproduction,rugulose,seed,shape,size,staman,stipe,texture
320	wfo-0001028059	success	221	120	95	126	25	0.43	-4.5,0-0.3,0-1.2,0-2,0.1-0.3,0.4-0.8,0.4-0.9,0.5-0.7,0.5-1.3,0.6-0.8,1-3,1.1-12,1.5-2,1.5-2.1,1.5-3.5,2-10,2-5,2.5-2.6,2.5-3.5,3-17,4-10,4-7,4-8,4.5-7,8.5-10,absent,acuminate,acute,adaxially,andromonoecious,anther,apex,attenuate,base,blade,brown,brownish,calyx,chartaceous,cm,connivent,cuneate,deltate,densely,diameter,elliptic,entire,erect,flower,fruit,glabrous,glandular,globose,green,hair,inflorescence,leaf,leaf-opposed,length,lilac,lobe,long,loosely,margin,mid-point,midpoint,mm,moderately,oblate,oblong,obtuse,ovate,pale,pedicel,peduncle,perennial,petiole,plant,present,purple,ray,rhizomatous,shrub,simple,sparsely,stellate,stellate-pubescent,style,thick,toward,tube,weakly,x,yellow,yellowish-green	%,.4,0-0.2,0-15,0-7,0.1-0.6,0.1-0.7,0.4-0.7,0.5-0.8,0.6-1,1,1-1.5,1-2,1.1-4.5,15,2-2.6,2-3,2-foliate,2-locular,2.1-2.7,2.5-12,3-10,3-11.5,5-7,5-9,5-merou,6-17,60-90,8-18,9-12,9-17,abaxially,absen,accrescent,acicular,across,adaxiall,adult,alyx,anvil-shape,apart,articulated,ascending,axe,ba,bark,branch,branche,contiguous,corky,cross-section,cylindrical,decimetre,directed,distall,distributed,dm,eaf,eed,eglandular,exocarp,filament,finger,fruiting,functional,furrowed,geminat,gland-tipped,half,heterostylous,interpetalar,juicy,juvenile,lamina,lateral,less,lobed,longer,lower,mature,mesocarp,midvein,minute,moist,nearly,nflorescence,oblique,often,orolla,pair,part,per,placenta,pore,porrect,prickle,pseudo-racemose,rachi,ruit,rusty,shallowly,short,somewhat,spaced,sparse,stalk,stalked,stellae,straight,surface,tal,tamen,tem,throughout,time,tissue,transparent,unarme,unarmed,unbranched,unit,upper,vary,wide,yellowish,ympodial	adhesion,arrangement,climate,colour,corolla,form,growth,height,history,life,na,number,ovary,position,presence,pubescence,reproduction,seed,shape,size,staman,stem,stigma,stipe,texture
321	wfo-0001028067	success	139	102	68	71	34	0.489	0.5-1,0.5-1.5,0.5-2,1-2,1-3,1-7,1.5-2.5,10-25,2,2-2.5,2.5-3,3-17,3-5,3-7,5-7,6-18,7-11-compound,7-20,7-9,acuminate,acute,apex,base,blade,calyx,cm,connivent,cuneate,dark,diameter,elliptic-fusiform,elliptic-ovate,entire,flattened,fruit,glabrous,hair,leaf,lobe,margin,mm,moderately,narrowly,pedicel,peduncle,petiole,pink,pinnately,puberulent,purple,rarely,shrub,simple,sparsely,stellate,stigma,strongly,style,subcoriaceous,tomentulose,triangular,triangular-deltate,truncate,tube,unbranched,unknown,x,yellow	-30,1,1-10,1-11,2-3,3-4,4-foliat,6-12,8-13,abaxially,adaxiall,adaxially,aggregate,along,apart,articulated,axe,basiscopically,cell,chartaceous,color,compound,cylindrical,decurrent,directed,distall,eaf,eed,especially,flower,glabrou,lateral,leaflet,leaving,lon,long,lower,midrib,nearly,nflorescence,nther,obtuse,often,orolla,pedicellar,per,pore,puberulen,rachi,radiu,remnant,ripe,ruit,several,slightly,smal,spaced,stone,tal,tem,time,tip,truncat,unequal,unit,upper,usually,vary,wide,ympodial,zigzag	adhesion,anther,arrangement,climate,colour,corolla,form,glandular,growth,height,history,inflorescence,length,life,midpoint,na,number,ovary,perennial,plant,position,presence,pubescence,ray,reproduction,rugulose,seed,shape,size,staman,stem,stipe,surface,texture
322	wfo-0001028069	success	253	131	107	146	24	0.423	-30,-6,.5,0.05-0.1,0.1-0.2,0.1-0.5,0.2-0.5,0.3-0.45,0.3-0.6,0.3-1,0.4-0.5,0.4-0.8,0.4-1,0.5-1.8,0.5-2,0.6-1.1,0.6-4,0.7-1.5,0.8-1.2,1-3.5,1-4.5,1.4,1.5-2.0,1.5-3.5,1.6-3.2,10,10-12,2-17,2-3-branched,2-7,3,3-,3-foliate,5-22,5-25,acute,anther,apex,base,basioscopically,brown,calyx,cm,composed,conical,corolla,decurrent,deep,deeply,dense,densely,diameter,fruit,fruiting,glabrescent,glandular,globose,green,herb,imparipinnate,interjected,internode,interrupted,lateral,leaf,leaflet,length,lobe,lobed,long,margin,minute,mm,oblique,obovate,occasionally,orange,ovary,ovate,pale,pedicel,peduncle,pentagonal,perennial,petiole,plant,present,pseudostipule,pubescence,pubescent,rounded,secondary,simple,size,stem,stigma,style,surface,terminal,tertiary,thick,trichome,tube,uniseriate,unit,wide,yellow	-0.4,.1,.1-0.2,.2,0.1-0.15,0.1-0.3,0.1-0.6,0.2-0.3,0.3,0.3-0.4,0.3-0.7,0.4,0.5,0.5-0.7,0.7-1,0.7-1.3,1-2-celled,1-2.7,10-30,12,2-4,2-locular,4-celled,6-,<,abaxially,absen,abundant,accrescent,adjacent,adpressed,along,alternate,always,among,anthesi,apical,appearance,appendage,appressed,articulated,axi,ba,basal,becoming,berry,bilaterally,bract,bracteole-like,bright,cell,citru,column,cone-shaped,cordate,cuneate,curving,due,eaf,ebracteate,edicel,eed,eglandular,erect,exserted,filament,flower,forming,fusion,giving,gland,gland-tippe,gland-tipped,glandular-villous,gree,hair-like,half,halfway,head,included,initially,larger,later,less,like,lime,linear,lon,longer,longest,lower,maturity,middl,midvein,minutely,multicellular,narrowly,nflorescence,often,one,outgrowth,pair,patent,per,petiolule,population,primary,procumbent,quaternary,rarely,reflexed,robust,ruit,scarcely,scent,sessile,several,shaggy,short,shorter,silky,single-celled,slender,smaller,somewhat,staminal,sterile,straight,strong,subopposite,symmetric,tangled,tem,testa,tightly,toward,transparent,ud,unicellular,usually,varying,viny,wall,weak,winged,ympodial	absent,adhesion,arrangement,blade,colour,form,growth,hair,height,history,inflorescence,life,na,number,position,presence,reproduction,rugulose,seed,shape,staman,sympodial,texture,ye
323	wfo-0001028070	success	185	102	78	107	24	0.422	0-0.4,0.15-0.4,0.2-0.3,0.3-0.6,0.35-0.5,0.4-0.6,0.5-1.5,1-1.5,1-2,1.5-2.5,3.5-4,4-5.5,4-6,4-7,7-8,8-9.5,acute,adaxially,andromonoecious,anther,apex,base,blade,brown,calyx,chartaceous,cm,connivent,cuneate,cylindrical,dark,deltate,densely,diameter,entire,erect,extra-axillary,fruit,gland-tipped,globose,green,hair,inflorescence,juicy,lanceolate,lavender,length,linear,lobe,margin,mm,moderately,moist,obtuse,pale,pedicel,peduncle,perennial,petiole,plant,present,ray,rhizomatous,rusty,short,shrub,simple,sparsely,stellate,stellate-pubescent,stem,stigma,streak,style,tube,white,x,yellow	%,.05,0-0.1,0-0.15,0-2,0-6,0.25-0.35,0.3-0.4,0.4-0.5,0.4-0.8,0.5-0.9,0.5-1,0.6-1.4,0.7-1.3,1-4,1-locular,1.5-7,10-40,3-7,3-8,4-9,5-7,5-9,5-merou,7-11,8-13,8-9,8.5-17,abaxially,absen,absent,accrescent,acicular,across,adaxiall,alyx,apart,articulated,axe,ba,cross-section,d.,directed,distall,distributed,dult,eaf,eed,eglandular,exocarp,finger,flower,fruiting,functional,geminat,half,heterostylous,hig,incomplete,lamina,lateral,less,long,longer,lower,mature,mesocarp,mid-point,midpoint,midvein,minute,nflorescence,oblique,orolla,part,per,placenta,pore,porrect,prickle,pseudo-racemose,pseudo-umbellate,purple,ruit,semi-circula,septum,sessile,spaced,stage,stalk,stellae,straight,tamen,thick,throughout,time,truncat,unarme,unarmed,unbranched,unit,unknow,uvenile,vary,weakly,wide,ympodial	adhesion,arrangement,colour,corolla,form,growth,height,history,leaf,life,na,number,ovary,position,presence,pubescence,reproduction,seed,shape,size,staman,stipe,texture,truncate
324	wfo-0001028075	success	196	115	81	115	34	0.413	1-2,1.5-2.5,1.6-2.7,10-35,2-6,3-23.5,4-12,4-7,5-17,5-7,5-9,7-13,7-30,8-12,abaxially,acuminate,acute,adaxially,anther,apex,axillary,base,blade,broadly,brownish,bud,chartaceous,ciliate,cm,condition,corolla,dark,diameter,drying,elliptic-lanceolate,fresh,fruit,glabrescent,glabrous,globose,green,greenish,herb,lanceolate,leaf,light,lobe,long,margin,membranous,minutely,mm,oblique,obtuse,odd-pinnate,ovate,ovate-elliptic,ovoid,pale,pedicel,peduncle,pentagonal,petiole,plant,puberulent,rotate,rounded,seed,size,stigma,style,subcordate,subtending,terminal,tube,tuber,white,whitish,wide,x,yellow	.5,1-10,1-2.7,1-3,1.5-7,2-3,2-4.5,2.5-10,3-11,5-12,5-14,5-8,5-merou,absent,acuman,acumen,ag,along,alyx,apart,apparently,articulated,axe,berry,borne,capitat,cell,connivent,covering,cuneate,decreasing,differentiated,digestion,distal,distally,distinctively,dorsally,dot,eaf,edge,eed,end,enzyme,erec,especially,exceeding,filament,flat,flower,folded,forked,geminat,generally,glabrescen,green-white,hair-like,half,homostylous,honeycomb-shaped,interjected,larger,lateral,leaflet,lengthening,ligulate,living,lower,make,middl,midrib,much,mucilaginous,narrow,nflorescence,often,orolla,pair,perfect,petiolule,plurifoliate,pore,poricidal,purple,reflexed,removed,ruit,scattered,seudostipule,singly,slightly,slit,sometimes,spaced,specimen,stamen,star,stolo,straight,tall,tamen,tem,testal,thick,throughout,tip,toward,tri-,typically,unit,usually,vary,wall,wet,wing,ympodial	adhesion,arrangement,calyx,capitate,climate,colour,form,glandular,growth,hair,height,history,inflorescence,length,life,midpoint,na,number,ovary,perennial,position,presence,pseudostipule,pubescence,ray,reproduction,rugulose,shape,staman,stellate,stem,stipe,surface,texture
325	wfo-0001028076	success	195	112	81	114	31	0.415	.5,0.4-0.5,1-1.3,1-2,1.8-2.2,110,12-22,13-14,2-5.4,2.2-2.6,2.5-4,4-5,5-20,5-6,5-6.5,7-8,abaxially,acuminate,adaxially,anther,apex,attenuate,axillary,base,blade,brownish,bud,chartaceous,ciliate,cm,condition,conical,corolla,diameter,drying,elliptic,fresh,fruit,glabrous,green,greenish,hair,herb,lanceolate,leaf,less,light,lobe,long,margin,membranous,mm,odd-pinnate,ovate,ovoid,pedicel,peduncle,pentagonal,petiole,plant,pubescent,purple,rarely,ray,ripe,rotate,seed,sessile,size,slightly,stem,stigma,style,subsessile,subtending,terminal,tube,whitish,wide,x,yellow	0.5,1-10,1-3,1.2-2.2,2-12,2-3,2.2-3.7,2.5-3,2.6-3.8,4.5-7,5,5-merou,?,absent,acumen,ag,alyx,apart,apparently,articulated,axe,berry,borne,capitat,cell,connivent,covering,decreasing,densely,digestion,distal,dorsally,eaf,edge,eed,end,enzyme,erec,especially,exceeding,filament,flat,flower,folded,forked,geminat,generally,glabrou,gradually,green-white,hair-like,half,homostylous,honeycomb-shaped,interjected,larger,lateral,leaflet,lengthening,like,living,lower,make,medium,minute,mucilaginous,nflorescence,obtuse,orolla,pair,perfect,petiolule,plurifoliate,pore,poricidal,proximal,pubescen,removed,round,ruit,secondary,semierect,seudostipule,singly,slit,spaced,specimen,stamen,ste,stolo,straight,subequal,symmetrical,tall,tamen,tem,testal,thick,thir,throughout,tip,toward,tri-,tuber,typically,unit,unwinged,usually,vary,wall,wet,white,wing,ympodial	adhesion,arrangement,calyx,capitate,climate,colour,dense,form,glandular,growth,height,history,inflorescence,length,life,midpoint,na,number,ovary,perennial,position,presence,pubescence,reproduction,rugulose,shape,staman,stellate,stipe,surface,texture
326	wfo-0001028080	success	187	114	86	101	28	0.46	0.25-0.5,0.5-1.5,0.5-2,0.5-3,1,1-1.5,1.5-2,1.5-5,2-2.5,2-8,2.5-3,2.5-9,20-30,3-4,30-40,5-12,5-6,6-7,8-10,abaxially,acute,adaxially,andromonoecious,anther,apex,armed,base,blade,brown,calyx,chartaceous,clavate,cm,densely,diameter,ellipsoidal,entire,equal,extra-axillary,flattened,flower,form,fruit,glabrous,glandular,green,hair,lanceolate,leaf-opposed,linear-lanceolate,lobe,margin,midpoint,mm,moderately,outline,ovate,ovoid,pedicel,peduncle,pendent,perfect,petiole,plant,puberulent,pubescent,ray,reniform,rugulose,shrub,simple,sparsely,stellate,stellate-pubescent,stem,stigma,style,subcordate,surface,truncate,tube,unbranched,white,white-pubescent,x,yellow	0.2-1.5,1-2,1-3,2-10,2-3,2-5,4-6,5-merous,absent,accrescen,acuminate,adaxiall,alyx,andromonoeciou,apart,articulated,axe,ba,bark,berry,branch,brownish,capitat,connivent,cylindrical,directed,distally,eaf,eed,eglandular,filament,fine,fissure,formed,free,fruiting,geminat,gradually,hermaphroditic,heteromorphic,interpetalar,lateral,like,long,long-,long-stalked,longitudinal,lower,lowering,major,midvein,multangulate,narrowly,needle-like,nflorescence,opening,orolla,part,pericarp,persistent,plurifoliate,pore,porrect-stellate,prickle,projection,rachi,recurved,ruit,scandent,sessile,short-,short-stalked,short-styled,shorter,side,slit,small,sometimes,spaced,staminate,stellate-multangulate,straight,strongly,tall,tamen,tapered,thi,time,tissue,triangular,unarmed,unequal,unit,vary,vein,vertical,weakly,whitish,wide,without,ympodial	adhesion,arrangement,capitate,climate,colour,corolla,growth,height,history,inflorescence,leaf,length,life,na,number,ovary,perennial,position,presence,pubescence,reproduction,seed,shape,size,staman,stipe,texture,ye
327	wfo-0001028105	success	150	126	92	58	34	0.613	.4,.5,0.3-1.5,0.5,0.5-1,0.5-2,0.6-1,1-1.2,1-1.5,1-2.5,1.5,1.5-1.8,1.5-2,1.5-4.5,2,2-2.2,2-5,3-5-celled,3-6,3.5-4,9.5-15,abaxially,acuminate,adaxially,anther,apex,apical,attenuate,axil,base,bilobed,calyx,clavate,cm,conical,corolla,dark,dense,dia,distinct,elliptic,flattened-reniform,glabrous,glandular,globose,green,incrassate,lamina,leaf,lobe,lobed,long,major,margin,minor,minutely,mm,nearly,occasionally,opposite,ovary,pale,pedicel,petiole,pitted,pore,poricidal,projection,pubescent,quadrate,reddish-brown,scattered,shaped,shrub,simple,size,slightly,small,stem,stigma,style,surface,tear-drop,tip,tree,trichome,tube,tuft,uniseriate,vein,white,x	.1,5-7-flowered,6-7,acute,anthesi,apar,axi,ba,bark,berry,deflexed,differing,difoliate,drying,eaf,edicel,eed,ellipsoid,erect,evenly,exserted,filament,filiform,free,fruiting,geminat,greenish-yello,lateral,like,lon,lower,main,middle,nflorescence,older,olive-green,pair,papillo,papillose,planar,portion,reflexed,ruit,scar,spaced,sparsely,spreading,straight,strongly,tall,tub,ud,unit,widest,woody,yellowish,ympodial,young	adhesion,arrangement,blade,climate,colour,diameter,form,fruit,greenish-yellow,growth,hair,height,history,inflorescence,length,life,midpoint,na,number,peduncle,perennial,plant,position,presence,pubescence,ray,reproduction,rugulose,seed,shape,staman,stellate,stipe,texture
328	wfo-0001028109	success	205	124	93	112	31	0.454	-20,-4,-7,0.1-0.2,0.3,0.4-1.5,0.45-0.65,0.5-2.5,0.6-0.8,0.8-1.5,1.5-2.5,1.5-5.5,10-25,12-40,2-4,2.3-2.9,2.5-3,2.5-5,2/3-3/4,20-60,3-,4-13,5-13,8-25,abaxially,acuminate,acute,almost,anther,apex,apically,base,berry,blade,bright,calyx,chartaceous,cm,connivent,cuneate,deltate,densely,diameter,dull,elliptic,entire,equal,evenly,flattened-reniform,fruit,glabrescent,glabrous,green,lateral,leaf,length,lobe,lobed,long,margin,maturity,mauve,midpoint,mm,moderately,obtuse,orange-brown,pedicel,peduncle,petiole,poricidal,ray,red,shrub,simple,small,sometimes,spherical,stellate,stellate-pubescent,stem,style,tapering,terminal,tip,tree,tube,way,weakly,white,wide,yellow,young	.5,/3,0.05-0.15,0.05-0.2,0.1,0.4-0.8,0.5-1.2,0.7,0.8-1.6,1.5-10,1/8-1/4,10-30,15-100,2-15,3-7,3.5-6,3/4,30-150,4-5-merous,5-30,8-12,8-15,abaxial,acut,adaxial,alyx,ame,apar,apart,apparently,articulated,bark,branching,brow,c.,curved,dimorphic,discolorous,drying,eaf,eed,elongating,erect,filament,flower,free,fruiting,fully,geminate,gently,glabrou,gray-green,green-brown,infructescence,light,long-styled,longer,lower,mature,minor,multangulate,nflorescence,occasionally,older,one,open,opening,orolla,oung,pair,per,perfec,pericarp,perpendicular,plurifoliat,porrect,portion,prickl,prickle,prickly,primary,recurved,red-brown,reflexed,ruit,scar,secondary,sessile,slender,smooth,spaced,spreading,stalk,stalked,straight,strongly,surface,tamen,terete,tertiary,time,trichome,unarme,unarmed,unit,usually,vary,vein,venation,visible,woody,ympodial	adhesion,arrangement,climate,colour,corolla,form,glandular,growth,hair,height,history,inflorescence,life,na,number,ovary,perennial,perfect,plant,position,presence,present,pubescence,reproduction,seed,shape,size,staman,stigma,stipe,texture
329	wfo-0001028115	success	165	115	76	89	39	0.461	-1.1,-2.5,-5.2,0.42,0.7-0.8,1.1-1.8,1.4-1.7,1.7-2.2,1.8-3.5,2-3.2,2.5-,3-4.5,5-15,6-10,abaxially,abundant,acute,adaxially,anther,antrorse,apex,attenuate,basal,base,blade,blue,calyx,campanulate,capitate,cm,diameter,ellipsoidal,elliptical,entire,glabrescent,glabrous,glandular,globose,half,herb,length,light,linear,lobe,long,margin,mm,moderately,narrowly,non-glandular,one,ovate,pale,petiole,pinnatifid,pinnatipartite,pinnatisect,prostrate,pubescent,rarely,scarce,seed,slender,small,stem,stigma,style,trans-ovoidal,triangular,trichome,tube,unifoliate,violet,wide,x,yellow	.2,.6,0.2-0.3,0.5,0.6-0.7,0.8-,1-2.4,1-3,1.3-1.8,12-13.5,2-,3-5,3-6.5,4.7-,5-8.5,7-7.5,9-17,accrescent,acuminat,ag,alternate,amply,annular,articulate,berry,coat,connectival,curved,difoliat,dorsal,eaf,eed,embryo,especially,evident,exceeding,filament,fruiting,growing,herbaceous,hig,inflated,longer,longitudinal,longitudinally,lower,mixed,much,multi-seeded,near,nerve,oblong,opening,opposite,orolla,pair,papery-scarious,papillo,pore,poricidal,portion,prolongation,ree,reticulate,ridged,ruit,segment,similar,simple,slightly,slit,smooth,sometimes,strongly,styl,subsessil,tem,time,tip,tuberculate,unequal,uniseriate,unit,vary,venation,wider,width,winged,ympodial	0.6,0.8-2.4,2-6.5,adhesion,arrangement,climate,colour,corolla,difoliate,form,fruit,growth,hair,height,history,inflorescence,leaf,life,midpoint,na,number,ovary,pedicel,peduncle,perennial,plant,position,presence,pubescence,ray,reproduction,rugulose,shape,size,staman,stellate,stipe,surface,texture
330	wfo-0001028131	success	208	126	94	114	32	0.452	.5,/5,0-2,0.1-0.15,0.2-1.5,0.3-0.7,0.4-0.8,0.5-1.1,0.8-1.1,1.5-3,1.8-2.2,1/5,2-2.8,2-4,2-6.5,4-6,5-6.5,5-8,abaxially,absent,anther,apex,attenuate,base,berry,blade,calyx,chartaceous,cm,connivent,cream,dark,deltate,densely,diameter,dull,equal,flattened-reniform,fruit,glabrescent,glabrous,green,herb,lateral,leaf,length,lobe,lobed,long,margin,marking,maturity,mauve,membranous,midpoint,mm,moderately,narrow-obovate,narrow-ovate,oblong,obtuse,orange,orange-brown,pale,pedicel,peduncle,petiole,poricidal,porrect,prickle,purple,ray,red,rounded,sessile,simple,sparsely,spherical,spreading,stellate,stellate-pubescent,stem,style,surface,tapering,tip,trichome,tube,unarmed,upper,way,wide,yellow,young	-1.2,.1,0-0.6,0-3,0-30,0-4,0.05-0.2,0.1-0.3,0.7-1.1,0.8-1,1-10,1-3,1-4,1-5,1.5-5,1.8-2,1/4-2/3,2-5,2/3,3-6,5-merous,6-7,7-8,abaxial,acuminat,adaxial,alyx,apar,apart,apically,apparently,articulated,bark,branched,broad-deltate,cell,concolorous,curved,difoliate,distance,drying,eaf,eed,elongating,epidermi,erect,extending,eye,filament,filiform,flattened,flower,free,fruiting,geminat,gland,infructescence,lanceolate,lengt,like,longer,lower,mature,midvein,naked,nflorescence,often,older,one,open,orolla,oung,outline,pair,pale-brown,pale-gra,pendulous,per,perfec,pericarp,pit,portion,prickl,prickly,primary,raised,reduced,reflexed,ruit,scar,sessil,shiny,shorter,side,small,smooth,sometimes,spaced,straight,strongly,sunk,tamen,terete,tertiary,time,unarme,unit,vary,vein,venation,visible,woody,yellow-green,ympodial	adhesion,arrangement,climate,colour,corolla,form,glandular,growth,hair,height,hermaphroditic,history,inflorescence,life,na,number,ovary,perennial,plant,position,presence,present,pubescence,reproduction,rugulose,seed,shape,size,staman,stigma,stipe,texture
331	wfo-0001028147	success	185	108	71	114	37	0.384	.5,0.5,3-5,4-5,abaxially,adaxially,anther,anthesi,articulated,base,broadly,brown,calyx,campanulate,chartaceous,cm,connivent,corolla,dark,deltate,diameter,dry,except,flattened-reniform,glabrous,globose,green,herbaceous,immature,lanceolate,lateral,light,lobe,long,mature,mm,mottled,narrowly,oblong,orange,ovate,ovoid,pale,pedicel,peduncle,petiole,puberulent,rugose,seed,shape,simple,slender,somewhat,stellate,stem,stigma,style,surface,terminal,tip,tube,turning,vine,white,wide,woody,x,yellow,yellow-green,yellowish-orange,×	0.25,0.6,1.5–2,1.5–5.5,1.6–2.3,10–15,15–20,1–2,1–4,1–5,2–4,2–7,2–8,3.5–4.5,3.5–9,3–4,3–6,5–10,5–12,6–9,7–10,absent,acuminate,acute,ag,alyx,apex,appearing,armed,axe,becoming,berry,blade,branched,break,bud,cell,cuneate,deciduous,decurrent,dr.,eaf,eed,ellipsoid,elongate,elongating,entire,equal,exserted,fifth,filament,five,flower,four,fruiting,hairy,internode,interpetalar,larger,lengthening,lobed,long-styled,longer,lower,major,margin,midrib,minutely,nearly,nflorescence,often,one,orange-red,orolla,outer,paired,pentagonal,pericarp,pitted,plurifoliat,pore,poricidal,prickle,pulp,rachi,rarely,recurve,recurved,robust,ruit,season,seen,shallowly,short-styled,side,slightly,slit,spine,spreading,stout,straight,subcaudate,tamen,testal,time,tissue,truncat,unequal,unit,vary,vein,wall,wood,ympodial	0.25-0.6,1-2,1-4,1.5-2,1.5-5.5,15-20,2-4,3.5-9,5-10,6-9,7-10,adhesion,arrangement,colour,dioecious,form,fruit,growth,height,history,inflorescence,leaf,length,life,na,ovary,perennial,plant,position,presence,pubescence,reproduction,rugulose,size,staman,texture,truncate
332	wfo-0001028148	success	157	130	94	63	36	0.599	-6,0.25-0.5,0.5-1.5,0.6-3.5,0.75-2,1-3.5,1.5,1.5-2.5,12-15,2,2-3,2.5-4,3.5-4,3.5-9,5,5-7,6-18,abaxially,acute,adaxially,angled,apex,apiculate,base,blade,blue-black,broadly,calyx,cm,connivent,dark,decurrent,deltate,densely,diameter,distal,elliptic,entire,especially,except,fleshy,fresh,fruit,glabrous,glaucous,globose,hair,less,light-colored,lobe,margin,material,minute,mm,moderately,narrowly,orange,ovate,part,pedicel,peduncle,perfect,petiole,pink,plicae,plicate,puberulent,puberulent-pubescent,purple,rarely,rhizomatous,ridge,ripe,rotate-stellate,scalloped,shrub,simple,slender,smooth,sparse,stigma,style,succulent,surface,tapered,tip,treelet,triangular,tube,unbranched,violet,whitish,x,yellow	.5-4,1-15,10-30,15,2-7,20-50,4-10,4.5-10,5-10,5-20,5-8,absen,aggregate,apart,articulated,axe,ba,branched,cell,central,chartaceous,cylindrical,directed,distall,eaf,eed,flower,highly,long,lower,many-foliat,margi,mature,midrib,nflorescence,nther,obtuse,often,orolla,pore,puberulence,rachi,radiu,ruit,slightly,smoot,sometimes,spaced,star,stone,tal,tem,thickened,time,truncat,unit,usually,vary,white,wide,winge,ympodial,young	0.5-4,adhesion,anther,arrangement,climate,colour,corolla,form,glandular,growth,height,history,inflorescence,leaf,length,life,midpoint,na,number,ovary,plant,position,presence,pubescence,ray,reproduction,rugulose,seed,shape,size,staman,stellate,stem,stipe,texture,truncate
333	wfo-0001028161	success	124	103	77	47	26	0.621	.5,0.1-0.25,0.25-0.5,1-1.3,1-1.5,1-2,1.5-4.5,2-9,2.5-3,3-4,3-7,4-5,6-9,7.5-12,acuminate,acute,adaxially,along,apex,attenuate,base,branched,brown,calyx,cell,closely,cm,corolla,deflexed,dendritic,denser,dia,elliptic,fruiting,globose,green,incrassate,lanceolate,later,leaf,like,long,main,major,margin,minor,minutely,mm,narrowly,obovoid,opposite,outline,ovoid-reniform,pale,pedicel,petiole,pitted,probably,pubescence,pubescent,reddish-brown,scar,shape,shrub,sinuate,size,somewhat,spaced,sparsely,stem,surface,tan,tapering,thin,trichome,vein,x	0.7-1.7,1-2.3,1/3,2-5-flowered,9-11,abaxially,anthesi,arising,ba,bark,berry,branch,congested,consisting,densely,differing,difoliate,distal,eaf,edicel,eed,exserted,geminat,glabrescen,inflorescenc,lateral,lon,middle,nflorescence,often,older,orbicular,overlappin,pair,rest,rounded,ruit,short,simple,strongly,tall,tub,ud,unit,widest,ympodial,young	arrangement,bud,colour,deflexion,dense,diameter,form,fruit,growth,height,history,inflorescence,length,life,na,overlapping,peduncle,perennial,plant,position,reproduction,rugulose,seed,spacing,texture,tube
334	wfo-0001028164	success	197	127	97	100	30	0.492	-1,-14,-6,/4,0.05-0.2,0.4-0.8,0.5-0.8,0.5-1,0.7-1.1,0.9-1.6,1-4.5,1.8-2.5,1/3,2.5-4,2.5-4.5,2.8-4,3-17,3-7,3.6-4.8,4-8,8-17,abaxially,acuminate,acute,anther,apex,apically,attenuate,base,blade,bright,calyx,cm,connivent,deltate,densely,diameter,dull,elliptic,entire,equal,evenly,flattened-reniform,fruit,glabrescent,glabrous,glandular,gray,green,hair,lateral,leaf,length,lobe,lobed,long,margin,maturity,mauve,membranous,midpoint,midvein,minute,mm,moderately,obtuse,orange-brown,pale,pedicel,peduncle,petiole,poricidal,ray,red,shallowly,shrub,simple,sometimes,sparsely,spherical,spreading,stellate,stellate-pubescent,stem,style,surface,tapering,terminal,tip,tube,undulate,upper,way,white,wide,yellow,young	-8,0-20,0.05-1.5,0.1,0.3-0.8,0.8-1.5,1,1-1.5,1.5-2.5,1/6-1/4,12-20,2-2.5,4-13,4-5-merous,4-7,6-8,8-15,abaxial,almost,alyx,ame,apar,apparently,articulated,bark,berry,branched,c.,concolorous,curved,dark,difoliate,drying,eaf,eed,elongating,erect,eye,filament,filiform,flower,free,fruiting,geminat,glabrescen,glabrou,infructescence,less,long-acuminat,longer,lower,mature,multangulate,naked,narrow-deltate,nflorescence,often,older,one,open,orolla,oung,pair,per,perfec,pericarp,porrect,portion,primary,recurved,red-brown,reflexe,ruit,scar,sessile,shorte,shorter,side,smooth,spaced,stalk,stalked,straight,tamen,terete,tertiary,time,trichome,unarme,unarmed,unit,variously,vary,vein,venation,visible,woody,yellow-gra,yellow-green,ympodial	adhesion,arrangement,climate,colour,corolla,form,growth,height,hermaphroditic,history,inflorescence,life,long-acuminate,na,number,ovary,perennial,plant,position,presence,present,pubescence,reproduction,rugulose,seed,shape,size,staman,texture,yellow-gray
335	wfo-0001028180	success	147	122	92	55	30	0.626	.5,0.7-1,1-1.2,1-1.5,1-1.8,1-3,15-28,2-2.2,2-3,2.5-3,3-4,4.5-5,5-6,5-8,7,abaxially,acute,along,anther,anthesi,apex,attenuate,bark,base,calyx,capitate,cm,conical,corolla,dark,darker,deltate,densely,dia,drying,elliptic,elongate,erect,falcate,fruiting,glabrous,globose,gold,golden,green,irregularly,lateral,leaf,lobe,lobed,long,margin,midrib,minutely,mm,nearly,obscure,onto,opposite,ovary,ovoid-reniform,pale,papillose,pedicel,petiole,pinkish-white,pitted,planar,poricidal,puberulent,pubescent,shiny,size,small,somewhat,sparsely,stem,stigma,style,surface,tan,tip,tree,trichome,tube,underside,uniseriate,vein,white,winged,x,yellow-gray	.05,/2,1.5-5,20-30-flowered,3-10,8-10,adaxially,ba,beginning,berry,c.,closely,cucullate,deflexed,differing,difoliate,distinctly,eaf,eed,filament,fleshy,four-angled,free,geminat,glabrat,know,larger,leathery,lon,lower,main,major,minor,nflorescence,older,overlappin,pair,pore,portion,ruit,scar,shaped,simple,spaced,straight,styl,tall,tear-drop,thick,ud,unit,way,woody,ympodial,young	adhesion,arrangement,bud,colour,diameter,form,fruit,glabrate,growth,height,history,inflorescence,length,life,na,number,peduncle,perennial,plant,position,presence,pubescence,ray,reproduction,rugulose,seed,shape,staman,stellate,texture
336	wfo-0001028182	success	150	99	64	86	35	0.427	0.5,0.5-1,0.8-1,0.9-1,1-1.5,2-2.5,2-6.5,3-5,6-9,along,anther,apex,apiculate,base,beneath,blade,calyx,capitate,ciliate,cm,conical,cordate,corolla,deltoid,glabrous,hemiepiphyte,inflorescence,internodal,lax,leaf,less,like,lobe,lobed,long,long-acuminate,margin,midrib,mm,narrowly,nearly,opposite,ovary,ovate,pedicel,petiole,poricidal,pubescent,shiny,shrub,simple,somewhat,sparsely,stem,stigma,style,surface,tip,trichome,truncate,tube,uniseriate,white,x	.5,0-90,0.1-0.2,0.5-0.6,2,3,4-6,5-15-flowered,5-ribbed,anthesi,apart,apiculae,arching,axi,bark,bending,black,branch,brown,deflexed,densely,dia,dry,eaf,edicel,eed,ellipsoid,evenly,except,extreme,filament,filiform,flower,free,globose,gre,keeled,know,known,later,lateral,lower,main,material,minute,minutely,nflorescence,obovoid,older,pair,papillo,papillose,planar,pore,portion,present,prominent,proximal,purplish,reflexed,rib,rounded,ruit,sca,scar,shaped,slender,slightly,spaced,sparser,specimen,spindly,still,strongly,tapering,tear-drop,third,time,ud,unifoliat,unit,vein,widest,ympodial,young,zig-zag	1,adhesion,arrangement,climate,colour,diameter,form,fruit,glandular,grey,growth,hair,height,history,length,life,midpoint,na,number,peduncle,plant,position,presence,pubescence,ray,reproduction,rugulose,seed,shape,size,staman,stellate,stipe,texture,unifoliate
337	wfo-0001028183	success	237	143	112	125	31	0.473	-10,0.2-0.3,0.2-0.5,0.5,0.5-2.5,0.7-1.2,0.8-1.4,1.1-1.8,1.2-1.4,1.3-1.4,1.3-1.7,1.4-2.8,1.5-3.4,1.9-3.7,10-15,11-30,2-4.2,2-5,2.8-4.2,4.5-9,5.2-6.2,6.6-20,7.5-23,abaxial,abaxially,acute,adaxially,along,anther,apex,attenuate,axi,base,blade,blunt-tipped,brown,calyx,capitate,central,chartaceous,cm,corolla,cuneate,dark,deltoid,diameter,drying,dull,elliptic,elongated,entire,few-rayed,flower,fruit,glabrescent,glabrous,globose,granular-punctate,hair,half,inserted,lanceolate,leaf,lobe,long,lower,margin,mm,narrowly,nearly,oblong,orangish-tan,ovate-lanceolate,pedicel,peduncle,petiole,porrect-stellate,present,pseudoterminal,pubescence,pubescent,purple,reportedly,reticulate-punctate,ripe,scabrous,shrub,simple,small,soon,sparingly,spherical,stellate,stem,stigma,streak,style,sub-lenticular,subcampanulate,surface,tan,tomentose,tree,tube,upper,usually,violet,white,whitish,x,yellow,yellowish	-5.3,.5-3,0.1,0.1-0.2,0.1-0.4,0.1-0.9,0.2-0.4,0.6,0.7-2,0.8-3.1,1.6-2.3,1.7-2.7,1/3-1/2,2.2-5.7,2.5-4.1,2.6-4.4,3.2-,3.5-6.6,4.6-6.4,5-8,5-8.5,50-400,8-9.1,9-13,accrescent,ag,alyx,anthesi,apart,apparently,around,articulated,axillary,bark,berry,branch,branched,bud,cell,closely,cylindrical,dendritic-multangulate,directed,distally,distantly,eaf,earl,edge,eed,epidermal,especially,evident,except,exserted,farinose,filament,free,fruiting,glabrescen,group,high,lackin,lateral,lengthening,lobed,lon,long-decurrent,longitudinal,m.,main,many,midrib,multangulate,nflorescence,obovoid,older,open,orolla,overlapping,perfec,plurifoliate,pore,poricidal,porrect-stellat,prominent,rachi,rarely,relatively,ruit,runk,sessile,short,short-,side,slit,somewhat,spaced,sparse,splitting,stage,stalk,stamen,stipitate-glandular,stout,strongly,suture,tamen,terete,thick,thin,thin-textured,time,tip,touching,translucent,ud,unarme,unit,vary,vein,way,wide,yellowish-tomentose,ympodial,young	3.2-6.4,adhesion,arrangement,climate,colour,form,glandular,growth,height,history,inflorescence,length,life,midpoint,na,number,ovary,perennial,plant,position,presence,ray,reproduction,rugulose,seed,shape,size,sparely,staman,stipe,texture
338	wfo-0001028226	success	185	97	69	116	28	0.373	.5,0-0.1,0.1-0.3,0.15-0.3,0.15-0.45,0.25-0.5,0.4-0.6,0.6-1.3,0.7-0.9,1.2-2.6,15-27,2-5.5,2.5-3,2.7-3.2,3.5-4.5,5-8,5.5-8.5,7-8,9-15,adaxially,andromonoecious,anther,articulated,base,brown,calyx,chartaceous,cm,deltate,densely,diameter,eglandular,elliptical,extra-axillary,flower,fruit,glabrous,gland-tipped,globose,green,hair,herbaceous,inflorescence,lavender,leaf-opposed,length,lobe,long,midpoint,mm,ovate,pale,pedicel,peduncle,petiole,plant,present,ray,resprouter,rostrate,short,simple,sparsely,stellate,stellate-pubescent,style,tube,x,yellow	%,0-1,0-2,0.2-0.3,0.25-0.4,0.3-0.7,0.3-1,0.4-0.7,0.5-1,0.5-1.2,1,1-2,1-3,1-5,1.5-3,1.5-5,1.6-2.4,10-16,10-45,13-22,18-50,2-3,2-5,2.5-9,5-merou,6-8,9-14,abaxially,absen,absent,accrescent,acicular,across,adaxiall,adult,alyx,apart,apex,apparently,armed,axe,ba,blade,branche,confined,cuneate,cylindrical,deeply,directed,distall,distributed,dm,eaf,eed,finger,fruiting,functional,geminat,half,heterostylous,index,juic,lamina,lateral,less,lobed,lobing,lon,longer,lower,margin,mature,mesocarp,midrib,midvein,minute,moderately,moist,nflorescence,oblique,obtuse,onl,orolla,part,per,plurifoliate,pore,porrect,prickle,prostrate,pseudo-umbellate,ruit,sessile,shallowly,side,solitary,somewhat,spaced,sprawling,stage,stellae,straight,strongly,tal,tamen,tem,thick,throughout,time,transparent,unbranched,unit,uvenile,vary,wide,ympodial	adhesion,arrangement,climate,colour,corolla,form,growth,height,history,leaf,life,na,number,ovary,perennial,position,presence,pubescence,reproduction,rugulose,seed,shape,size,staman,stem,stigma,surface,texture
339	wfo-0001028227	success	236	167	144	92	23	0.61	-6.2,0.2,0.2-0.3,0.2-0.4,0.4,0.5,0.9,0.9-1.2,0.9-1.4,1-1.7,1-2.5,1-4.2,1.1-3.1,1.2-2,1.3-4,1.4,1.4-2.6,1.5-2.3,1.7-2.8,1.9,1/2-3/4,10,10-24,11-15,2-12,2-3.8,2.5-7.8,3-4.9,3.7-7,4.8-7.6,5-7.5,6-16,6.7-15,8.5-22,abaxial,abaxially,acuminate,acute,adaxially,age,along,anther,anthesi,apart,apex,appressed,articulated,attenuate,base,becoming,berry,blade,blunt-tipped,brown,brownish,bud,calyx,closely,cm,corolla,cuneate,cylindrical,dark,deltoid,dendritic-echinoid,diameter,drying,echinoid,elliptic,elongate,entire,fleshy,flower,fruit,glabrescent,glabrous,globose,granular-tomentose,gray,green,hair,inserted,lateral,leaf,less,lobe,long,main,margin,midrib,midvein,mm,mostly,multangulate,oblong,oblong-lanceolate,obtuse,occasionally,older,orangish-tan,orbicular,pale,pedicel,peduncle,petiole,porrect-stellate,pseudoterminal,pubescence,pubescent,purple,quarter,relatively,reticulate-punctate,ripe,rounded,scabridulous,sessile,shrub,side,simple,spaced,sparsely,stalk,stellate,stem,stigma,style,subcampanulate,sublenticular,surface,thick,thin,tomentose,tree,tube,upper,vein,velutinous,violet,way,well,x,yellow,yellowish	-2/3,.5-4,0-250,0.1,0.2-0.5,0.3,0.7-2.1,0.8,0.8-1.4,1,1.9-4.2,1.9-5.8,1/2,2.6-5.9,2.9-4.7,3.7-6.3,4-13,8.1-18,accrescent,ag,alyx,apparently,around,axillary,bark,blunt-tippe,branch,branched,c.,decurrent,directed,distally,eaf,early,echinoi,edge,eed,ength,exserted,farinose,filament,free,fruiting,grayish,high,lacking,lanceolate,lengthening,lobed,lon,longitudinal,lower,m.,many,nflorescence,obscured,often,orolla,ovate-lanceolate,ovate-orbicula,overlapping,perfec,plurifoliate,pore,poricidal,present,prominent,rachi,ruit,runk,slightly,slit,somewhat,stamen,stout,subspherical,sulcate,suture,tamen,thicker,time,tip,tomentu,touching,ud,unarme,unit,usually,vary,wide,ympodial,young	adhesion,arrangement,colour,form,growth,height,history,inflorescence,length,life,na,ovary,perennial,perfect,plant,position,reproduction,rugulose,seed,shape,size,staman,texture
340	wfo-0001028228	success	143	97	60	83	37	0.42	0.1-1.7,1-1.5,1.1-1.2,1.2-1.8,1.5-2,2,2-8,2.8-6.5,3/4,6-7,7.5-12.5,acute,anther,apex,area,base,brown,calyx,campanulate,cm,coriaceous,corolla,dark,dia,elliptic,glabrous,globose,green,greenish-yellow,leaf,lobe,lobed,margin,minute,minutely,mm,obovate,occasionally,opposite,ovary,ovoid-reniform,papillose,pedicel,petiole,poricidal,reticulate,rounded,shining,shrub,small,stem,stigma,style,surface,tip,tree,tube,way,white,x	.5,0.75,1.1-2.5,1.8-3.4,10-30-flowered,2-5,2.1-4.2,6-8,abruptly,age,anthesi,ba,bark,becoming,beginning,beneath,berry,caly,clavate,closely,deflexed,deltoid,difoliate,distal,dry,eaf,edicel,eed,erect,exserted,filament,fragrant,free,fruiting,geminat,impressed,inflorescenc,lateral,lon,long,lower,main,major,material,middle,minor,narrowing,nflorescence,older,overlapping,ovoid,pair,pale,planar,pore,portion,prominent,ruit,scar,shaped,shinin,simple,slender,slightly,spaced,straight,styl,sweetly,tall,tapering,tear-drop,terminal,thick-margined,thickened,ud,unit,usually,vein,weight,widest,woody,ympodial,young	0.5,1.5,3,3.5,arrangement,blade,climate,colour,diameter,form,fruit,glandular,growth,hair,height,history,inflorescence,length,life,midpoint,na,number,peduncle,perennial,plant,position,presence,pubescence,ray,reproduction,rugulose,seed,shape,size,stellate,stipe,texture
341	wfo-0001028234	success	155	114	76	79	38	0.49	/3,0.15-0.35,0.25-0.5,0.5-1.0,1-2.5,1.0-1.8,2.6.3.2,3-10,5-11,520,8-11,across,along,annual,anther,armed,around,base,blade,blue-tinged,broadly,brown,calyx,campanulate,capitate,capitate-glandular,cm,dark,developing,dia,dm,dry,extended,few-rayed,fully,glabrous,gland,green,hair,herb,internodal,invested,leaf,linear-lanceolate,lobe,long,main,margin,maturity,mm,ovate,pedicel,petiole,pinnatifid,plump,prickly,purplish-tinged,radially,ridged,sessile,short-stipitate,simple,spherical,splitting,stellae,stellate,stem,stipitate,strait,tightly,tube,unexpanded,unicellular,uniseriate,vein,white	/2,15-30,3.5-7,4-10,5-20-flowere,accrescent,acro,acute,alyx,and,anthesi,basally,beneath,berry,black,branched,caly,cauline,central,closely,deltoid,density,difoliate,dissected,divergently,divided,eaf,earliest,eed,enveloped,erect,fleshy,geminat,heteromorphic,high,largest,later,lon,many,marking,mostly,narrowly,nflorescence,occasionally,often,one,orolla,per,persisting,prickle,purple,reduced,ruit,scattered,second,short,slende,somewhat,spaced,starlike,ste,stout,subulate,tamen,taprooted,thrice,tigma,triangular,tub,twice,tyle,ultimate,unit,vary,varying,wholly,year,yello,ympodial	adhesion,apex,arrangement,climate,colour,corolla,diameter,form,fruit,glandular,growth,height,history,inflorescence,length,life,midpoint,na,number,ovary,peduncle,plant,position,presence,pubescence,ray,reproduction,rugulose,seed,shape,size,slender,staman,stigma,stipe,style,surface,texture
342	wfo-0001028250	success	256	148	118	138	30	0.461	.2,.4,.8,0.08,0.2–0.6,0.3–0.5,0.3–0.6,0.3–3.9,0.5–1.3,0.7–0.8,0.8–1.0,0.8–1.3,1,1.0–2.0,1.1–1.6,1.2–1.7,1.2–6.3,1.6–1.8,1.8–2.2,2.3–2.5,2.3–5.1,2.7,3.9–12.2,4–11,5.0,5.8–6.6,6–10,8.3–18.0,90°,abaxially,acute,adaxially,adnate,anther,apex,apically,apiculate,attachment,base,blade,calyx,caudate,chartaceous,climate,cm,corolla,cuneate,deltate,depression,diameter,dry,edge,egandular,entire,erect,extra-axillary,flattened-orbicular,flower,fruit,glabrous,glandular,globose,hair,homostylous,lateral,leaf,less,lobe,lobed,margin,mature,midpoint,minute,mm,moderately,nearly,notched,oblong,occasionally,ovate,pedicel,peduncle,petiole,point,porrect,pubescent,ray,red,rounded,sessile,shallow,shrub,simple,sinuate,small,sparsely,stellae,stellate,stigma,stipe,straight,style,surface,tip,toward,tree,truncate,tube,unarmed,white,yellow,yellow-ferruginous,yellow-tan,±equal,±smooth,×,–1.6,–3	.3,.7,0.13,0.17,0.4–0.8,0.5–1.0,0.6–0.7,0.9–1.3,1.0–1.6,1.3–1.6,1.3–2.0,1.5,1.5–3.4,1.7,1.7–2.5,1.8,1.9–2.2,1/3,1/4–3/4,12.5,1–3,2.1,2.2–2.9,2.8,4–6,4–8,5-merou,5.1–6.2,5.7–7.7,95,aequilateral,alyx,anthesi,apart,apical,apparently,appearing,appressed,articulate,axe,ba,berry,branch,branched,broad,brochidodromous,bud,channeled,clinate,congested,continuing,curved,densely,dentate,development,difoliate,directed,disc-shape,distinct,eaf,eed,either,emerging,endocarp,entir,evenly,exocarp,fertile,filament,filiform,free,frui,geminate,glabrescent,glossy,growt,hooked,increasing,internode,interpetalar,intersepalar,juic,lanceolate,large,lon,long,longer,lower,major,midrib,midvein,minor,new,nflorescence,oblique,opaque,orolla,overlapping,per,poorly-developed,pore,portion,potentially,raised,restricted,rigid,row,ruit,short-stipitate,shorter,side,sinus,smoot,split,splitting,spread,spreading,stamen,stella,stellate-pubescent,suture,tamen,tardily,tem,thin,time,tissue,two,typically,ud,upper,upright,vary,vein,weakly,wide,ympodia,young	5-merous,adhesion,arrangement,colour,dense,disc-shaped,form,growth,height,history,inflorescence,length,life,na,number,ovary,perennial,plant,position,presence,present,pubescence,reproduction,rugulose,seed,shape,size,staman,stem,texture
343	wfo-0001028263	success	156	87	64	92	23	0.41	0.25,1-2,1-3,11-13,11-23,14-44,2.6,3,3.4,3.5-4.2,4,4-5,5-7.5,6,9,abaxially,adaxially,atenuate,broadly,calyx,cm,conical,connate,corolla,darker,deep,diameter,distal,elliptical,green,green-white,half,herbaceous,interjected,lateral,leaf,leaflet,light,lobe,long,medium,mm,odd-pinnate,ovate,ovoid,pair,pedicel,peduncle,perennial,petiole,plant,puberulent,pubescent,rotate,seed,size,stigma,strigose,style,terminal,throughout,violet,wide,yellow	1-4,2,2-3,2-4,3-6-foliat,5-7,6-8,8-1.,8-14,abaxiall,acumen,acuminate,acute,apex,apical,apically,articulate,base,branched,cell,cordate,covering,cuneate,cyme,dehiscent,dichasial,dichasially,digestion,diminishing,dorsally,eaf,ebracteate,edge,eed,emoval,enzyme,equal,exceeding,filament,first,flat,flower,folded,forked,generally,globo,gradually,hair-like,honeycomb,introrse,living,lon,lower,lunat,make,maturing,monochasial,mucilaginous,nflorescence,nther,oblique,often,orolla,pattern,perfect,plan,poricidally,proximal,reveal,ruit,sessile,seudostipule,short,slit,specimen,stamen,straight,tal,tem,testal,thick,throughou,toward,truncate,tuber-bearing,two,typically,unit,vary,wall,ympodial,¼	8-19,anther,arrangement,colour,form,fruit,globose,growth,height,history,inflorescence,length,life,na,ovary,position,reproduction,rugulose,shape,stem,surface,texture,tube
344	wfo-0001028273	success	225	133	109	116	24	0.484	-2,-8,.5,0,0.4-0.5,0.4-1,0.5,0.5-1,0.6-0.8,1.5-,1.5-2,2,2-3,2-6,2.3-3,2.5-,2.5-6,2.6-5,3-5,4-11,4-7-lobed,4-8.5,5-8,6-8,acicular,acute,anther,apex,armed,base,berry,brown,calyx,cm,conical,coriaceous,corolla,dense,densely,diameter,elliptic,flattened,flower,fruit,globose,growth,height,holly-like,inflorescence,leaf,less,linear,lobe,lobed,long-styled,long-triangular,major,margin,markedly,midpoint,minutely,mm,mucronate,ovary,ovate,papillae,pedicel,peduncle,petiole,pitted,poricidal,prickle,prickly,puberulent,pubescence,pubescent,ray,reddish,reniform,shallowly,shiny,short,shrub,simple,size,sparse,sparsely,stellate,stem,stigma,style,styled,surface,tapering,terminal,tip,toothed,trichome,truncate,tube,unicellular,unknown,urceolate,vein,way,white,x,yellow,½-2/3	0.1,0.2,0.4,0.6-1,1,1-1.5,1-2,1-4,1.2,30,4,4-10,4-7,<,>,?,abaxial,abaxially,abruptly,absent,adaxial,adaxially,age,alfway,along,also,anthesi,apart,articulated,bark,basal,beneath,branched,broad-based,c.,cell,closer,color,deep,discolorous,distall,eaf,eed,equalling,erect,evenly,exfoliatin,exserted,filament,free,fruiting,glabrous,greyish,heterostylous,impressed,known,like,lon,long,long-stalked,longer,lower,midvein,minute,mixture,multangulate,multiseriate,new,nflorescence,nodding,occasionally,often,older,orange,pair,per,pericarp,persisting,planar,plurifoliat,porrect,portion,primary,rachi,rest,rim,ruit,scar,scattered,sessile,shorter,sinuate,slightly,small,smaller,sometimes,spaced,splitting,spreading-campanulate,stalk,stalked,stellate-pubescent,stout,straight,terminating,testal,time,together,tooth,truncat,ud,unit,variable,widely,woody,ympodial	adhesion,arrangement,blade,climate,colour,form,glandular,hair,history,length,life,na,number,plant,position,presence,present,reproduction,rugulose,seed,shape,staman,stipe,texture
345	wfo-0001028278	success	219	138	111	108	27	0.507	0-0.15,0.4-2.1,0.45-0.7,0.5-0.75,0.5-0.9,0.5-1.5,0.7-1.2,0.8-3,1,1-5,1.2-1.6,1.5,1.5-2,1.5-3,2,2-3,2.2-7,2.5-9,2.7-2.9,4-12,4.5-6,5-10,6-11,7-12,7-15,abaxially,acute,adaxially,andromonoecious,anther,apex,articulated,base,blade,broadly,brown,calyx,chartaceous,cm,connivent,cordate,cylindrical,densely,diameter,ellipsoidal,elliptic,entire,erect,extra-axillary,flattened,flower,fruit,glabrous,gland-tipped,glandular,green,grey-green,hair,inflorescence,interpetalar,lanceolate,leaf,length,light,lobe,lobed,long,margin,mid-point,midpoint,midrib,mm,obtuse,ovate,pale,pedicel,peduncle,perennial,perfect,petiole,pink,present,pseudo-racemose,purple,ray,red,reniform,rhizomatous,shallowly,shallowly-lobed,shape,short,shrub,simple,somewhat,sparsely,stellate,stellate-pubescent,stigma,style,surface,thick,throughout,tissue,truncate,tube,unbranched,weakly,white,x,yellow	%,.5,0-0.7,0-1,0-3,0.1-0.25,0.1-0.5,0.2-0.3,0.5-2.5,0.7-1,0.8-1.3,0.8-2,1-1.2,1-10,1-2,1-3,1-4,1-locular,1.4-1.9,11-15,17-30,2-4,2.5-3,3-4,3-5,3-7,4,4-,4-5,5-11,5-merou,6-8,7-10,7-8,8-10,absen,absent,accrescent,across,adult,alyx,apart,apparen,ascending,axe,ba,bilobe,dense,difoliate,directed,distall,eaf,eed,exceeding,exocarp,filament,finger,fruiting,functional,geminat,heterostylous,incomplete,index,juicy,juvenile,lamina,lateral,leave,lobing,lower,mature,mesocarp,minute,nflorescence,oblique,orolla,pair,part,per,placenta,pore,porrect,prickle,rachi,rugose,ruit,septum,side,spaced,sparse,stalk,stellae,succulent,tal,tamen,tem,time,tissu,transparent,triangular,unarme,unarmed,unit,upper,vary,wide,without,ympodial	adhesion,arrangement,bilobed,climate,colour,corolla,form,growth,height,history,life,na,number,ovary,plant,position,presence,pubescence,reproduction,rugulose,seed,size,staman,stem,stipe,tall,texture
346	wfo-0001028280	success	87	78	33	54	45	0.379	.5,0.7-1,1-2,1.5-2.7,2-3,6-9,acuminate,apex,attenuate,base,ciliate,cm,completely,dark,dia,elliptic,glabrous,globose,green,lanceolate,leaf,margin,minutely,mm,narrowly,opposite,pedicel,petiole,shrub,simple,stem,surface,x	1-2-flowered,2-2.5,7-8,almost,anthesi,ape,arching,axil,bark,berry,branch,brow,closely,decurrent,eaf,eed,flattened,fruiting,immature,know,known,lateral,lon,long,lower,main,middle,new,nflorescence,older,onto,pair,papillae,pendant,present,rounded,ruit,scar,sessil,small,somewhat,spaced,tall,tip,ud,ultimate,unifoliat,unit,vein,widest,winged,woody,ympodial,young	adhesion,anther,arrangement,blade,brown,calyx,climate,colour,corolla,diameter,form,fruit,glandular,growth,hair,height,history,inflorescence,length,life,lobe,midpoint,na,number,ovary,peduncle,perennial,plant,position,presence,pubescence,ray,reproduction,rugulose,seed,shape,size,staman,stellate,stigma,stipe,style,texture,tube,unifoliate
347	wfo-0001028281	success	267	135	110	157	25	0.412	-1,-20,-3,-36,-45,-5,.4,.5,0.1-0.15,0.2-0.5,0.3-1,0.5-0.7,0.5-1,0.7-1.2,0.75-1,1-1.5,1-3,1.0-1.6,1.1-1.4,10-30,2-4,2-4-celled,2.1-3.0,3-16,5-8-celled,6,7-30,acuminate,acute,almost,anther,apex,base,basiscopically,blade,broadly,brown,calyx,capitate,cm,conical,corolla,dark,deep,densely,diameter,distal,doubly,eglandular,elliptic,elongate-triangular,entire,extended,form,fruit,glabrous,glandular,globose,golden,green,half,imparipinnate,inflorescence,interrupted,leaf,like,lobe,long,margin,mm,multi-cellular,narrowly,oblique,obovate,occasionally,once-branched,ovary,ovate,pale,patent,pedicel,peduncle,petiole,present,proximal,pubescent,regularly,rotate,serrate,shorter,shrub,size,small,sometimes,sparsely,stem,stigma,stripe,style,surface,thick,tip,trichome,tube,uniseriate,usually,vine,weak,wide,yellow	+,-0.9,-10,-7,-8,.2,0.05-0.4,0.15-0.2,0.2-0.3,0.2-0.7,0.3-0.5,0.5-,0.5-0.6,0.5-1.1,0.5-1.2,0.7-,0.7-2.5,0.8-1,1,1-,1-5,1.1-2.4,1.2-1.5,1.2-1.6,1.4-4,1.5-2,1.5-6,1.7-2.5,10-18,2-13,2-6.5,2-locular,2.5-,20-30,3-5,3-8.5,3-foliate,6-15,abaxial,abaxially,absent,adaxial,alternate,anthesi,apical,appearance,appendage,appressed,arising,articulation,autogamous,axi,bent,berr,bract,bracteate,branching,cell,column,composed,covering,darker,decreasing,decurrent,developed,dry,eaf,edicel,eed,either,elongate,enclosing,exerted,exserted,filament,flower,fragile,free,fruiting,generally,giving,gland,gree,hair-like,hal,halfway,head,included,interjected,internode,large,largest,lateral,leaflet,less,lon,longest,lower,material,medial,midvein,minute,mixture,multi-celled,multicellular,nflorescence,node,opposite,orbicular,other,outgrowth,pair,paler,petiolule,point,population,portion,primarily,primary,probably,pseudostipule,rachi,rest,ruit,secondary,serrat,sessile,set,silky,smaller,smooth,sparser,sprawling,staminal,sterile,stiff,straight,strongly,subopposite,tem,terminal,tertiary,testa,thin,three,toward,transparent,type,ud,unicellular,unit,vein,wall,weak-walled,well,winged,ympodial	1-2,2.5-6-15,adhesion,arrangement,colour,growth,height,history,length,life,na,number,perennial,plant,position,presence,pubescence,ray,reproduction,rugulose,seed,shape,staman,stellate,texture
348	wfo-0001028294	success	222	98	74	148	24	0.333	0-1,0.25-0.4,0.3-0.4,0.5-0.6,0.5-1,0.5-2,1.3-1.5,1.5-3.5,1.5-7,1.9-7,11-22,2-2.5,2-3.5,2-5,4.5-6,5-13,6-8,7-10,8-10,8-18,andromonoecious,anther,broadly,brown,calyx,chartaceous,cm,connivent,cylindrical,deltate,densely,diameter,extra-axillary,fruit,glabrous,globose,green,grey,hair,inflorescence,lanceolate,lateral,leaf,length,lilac,lobe,lobed,long,loosely,mm,ovate,pale,pedicel,peduncle,perennial,petiole,plant,present,ray,rusty,scattered,shallowly,simple,sparsely,stellate,stellate-pubescent,stigma,style,time,tube,vine,x,yellow,yellowish-green	%,0-0.2,0-0.4,0-10,0-6,0.1-0.15,0.2-0.3,0.25-0.5,0.3-0.5,0.7-1.2,0.7-1.5,0.8-1,0.8-1.2,1,1-2,1-2.5,1-3.5,1-6,1.7-2.4,11-15,17-25,18-22,18-40,2-3,2-foliate,2-locular,2.5-7,30-40,4-6,4-8,5-12,5-8,5-merou,50-100,50-140,7-8,9-13,9-15,abaxially,absent,accrescent,across,acuminate,acute,adaxiall,adaxially,adult,alyx,anvil-shape,apart,apex,armed,articulated,ascending,axe,ba,base,blade,branch,branche,broad-based,capitat,cordate,cross-section,cuneate,curved,decimetre,directed,distall,distally,distributed,dm,eaf,eed,eglandular,elliptic,entire,erect,exocarp,finger,flower,fruiting,functional,geminat,gland-tipped,grey-green,half,heterostylous,juicy,juvenile,lamina,less,longer,lower,margin,markedly,mature,mesocarp,mid-point,midpoint,midvein,minute,moist,nflorescence,oblique,obtuse,orolla,pair,part,per,placenta,pore,porrect,presen,prickle,rachi,repand,ruit,scrambling,semi-circular,sessile,short,slightly,spaced,stalk,stalked,stellae,straight,surface,tal,tamen,tem,thick,thicker,throughout,toward,unarme,unarmed,unbranched,unit,upper,vary,vein,weakly,white,wide,yellowish,ympodial	adhesion,arrangement,capitate,colour,corolla,form,growth,height,history,life,na,number,ovary,position,presence,pubescence,reproduction,seed,shape,size,staman,stem,stipe,texture
349	wfo-0001028298	success	188	113	83	105	30	0.441	0.15-0.3,0.25-0.4,0.3-0.4,0.4-0.65,0.5-1,0.6-0.7,0.8-1.7,1-1.5,1-2,1.5-2,1.5-3.5,2-7,2.2-2.5,2.5-3,3-7,4-5,4.5-8,5-8,6-8,7-8,abaxially,absent,acute,adaxially,anther,apex,base,blade,brown,calyx,chartaceous,cm,cordate,densely,diameter,elliptic,entire,erect,extra-axillary,fruit,glabrous,gland-tipped,globose,grey-green,hair,inflorescence,lanceolate,leaf,length,lilac,lobe,lobed,margin,midpoint,mm,moderately,obtuse,ovate,pale,pedicel,peduncle,perennial,petiole,present,ray,red,reniform,rhizomatous,rotate-stellate,shallowly,short,shrub,simple,stellate-pubescent,stigma,style,surface,truncate,tube,white,x,yellow,yellowish	%,.5,0-0.1,0.1-0.2,0.2-0.4,0.3-0.5,0.4-0.5,0.7-1,1-3,1-4,1-locular,1.9-2.5,10-11,17-25,2-3,2-foliate,3-5,4-9,5-6,5-7,5-merou,7-12,8-11,9-10,absen,accrescent,across,acuminate,adult,alyx,apart,apparen,articulated,axe,ba,broadly,capitat,connivent,contiguous,cylindrical,deltate,directed,distall,distributed,eaf,eed,eglandular,exceeding,exocarp,filament,finger,flower,fruiting,geminat,incomplete,interpetalar,juicy,juvenile,lamina,lateral,long,lower,mature,mesocarp,minute,nearly,nflorescence,oblique,orolla,part,per,perfect,placenta,pore,porrect,prickle,probably,pseudo-umbellate,rachi,reticulate,ruit,septum,sessile,soliary,somewhat,spaced,stalk,stellae,succulent,tal,tamen,tem,thick,throughout,time,tissu,tissue,transparent,unarme,unarmed,unbranched,unit,vary,wide,ympodial	0.5,adhesion,arrangement,capitate,climate,colour,corolla,form,glandular,growth,height,history,life,na,number,ovary,plant,position,presence,pubescence,reproduction,rugulose,seed,shape,size,staman,stellate,stem,stipe,texture
350	wfo-0001028317	success	204	124	93	111	31	0.456	-1.5,0.1,0.1-0.4,0.3-1,0.6-0.8,0.6-1.2,0.6-1.5,0.8-2.5,1-1.3,1-3,1.4-2,1/5,2-2.8,2-4.5,2.5-6.5,2.8-3.3,4-6,4-8,5-8,abaxially,acute,anther,apex,apically,base,berry,blade,bright,brown,calyx,chartaceous,cm,cream,cuneate,dark,deltate,densely,diameter,dull,equal,flattened-reniform,fruit,glabrous,gray,green,hair,herb,lanceolate,lateral,leaf,length,lobe,lobed,long,lower,margin,marking,maturity,mauve,midpoint,minute,mm,moderately,obtuse,orange-brown,ovate,pale,pedicel,peduncle,petiole,poricidal,purple,ray,red,shrub,simple,sometimes,sparsely,spherical,spreading,stellate,stellate-pubescent,stem,style,tapering,terminal,tip,tube,upper,white,wide,yellow,young	-5,/5,0,0-1,0-5,0.1-0.25,0.1-0.3,0.3-0.4,0.5-3.5,0.8-1.1,1-4,1.1-1.9,1.8-2.5,1/,1/3-1/4,1/4-2/3,2-4,2/3,3-10,3-4,3-5,4-5-merous,6-10,absent,acuminat,almost,alyx,apar,apart,apparently,articulated,bark,branched,broad-deltate,brow,concolorous,curved,difoliate,distance,drying,eaf,eed,elongating,erect,extending,eye,filament,filiform,flower,free,fruiting,geminat,herbaceous,infructescence,longer,mature,midvein,naked,nflorescence,oblong,older,one,open,orolla,oung,pair,pendulous,per,perfec,pericarp,porrect,portion,prickl,prickle,prickly,primary,reduced,reflexed,rounded,ruit,scandent,scar,sessile,shorter,side,smooth,spaced,stalk,stalked,straight,subsessile,surface,tamen,terete,tertiary,time,toward,translucent,trichome,truncate,unarme,unarmed,unit,variously,vary,vein,venation,visible,way,yellow-green,ympodial	1/2,acuminate,adhesion,arrangement,climate,colour,corolla,form,glandular,growth,height,history,inflorescence,life,na,number,ovary,perennial,plant,position,presence,present,pubescence,reproduction,seed,shape,size,staman,stigma,stipe,texture
351	wfo-0001028323	success	164	123	98	66	25	0.598	0.2-0.5,0.2-1,0.4-1.3,0.5,0.6-1,0.8,0.9-1.2,1,1-1.2,1-2,1.1-4.5,1.5,1.5-2.5,2-3,2-9,3,3-5,3.5-4,7.5-9,abaxially,along,anther,anthesi,apex,base,blue-green,brown,c.,calyx,cm,conical,coriaceous,corolla,cup-shaped,dark,dendritic,densely,diameter,ellipsoid,elliptic,fading,fleshy,glabrescent,glabrous,grey,growth,inflorescence,internodal,lanceolate,leaf-opposed,less,like,lobe,lobed,longer,main,maturity,minute,minutely,mm,ovary,ovoid,pale,papillose,pedicel,peduncle,perfect,petiole,pitted,poricidal,pubescent,reddish,scattered,shiny,shoot,short,shrub,simple,sinus,soft,sometimes,somewhat,sparsely,stem,stigma,style,surface,tearing,thick,tip,trichome,tube,uniseriate,vein,violet,way,white,x	-2,0.5-1,1-1.5,3-6,5-6,abscissio,absent,acute,apart,apparently,appressed,articulated,attenuate,ba,bark,berry,capiatate,cell,deltate,drying,eaf,eed,entire,erect,filament,flower,free,fruiting,glabrescen,globose,included,lengthening,lower,margin,new,nflorescence,occasionally,ovate,pair,papillat,peg,pericarp,planar,plurifoliat,pore,portion,primary,proceed,remaining,revolute,rounded,ruit,scar,small,soon,sparely,splitting,straight,testal,thin,tuft,ud,unit,wall,woody,ympodial	adhesion,arrangement,capitate,colour,form,fruit,height,history,leaf,length,life,na,perennial,plant,position,presence,pubescence,reproduction,rugulose,seed,shape,size,staman,stellate,texture
352	wfo-0001028328	success	215	141	113	102	28	0.526	-15,0-0.3,0-4,0.2-0.5,0.5-1,1-1.5,1-2,1-6,1.5-2,14,15-20,16-30,2-10,2-2.5,2-4-lobed,2-9,2.5-3,20-35,3-4,5-10,5-7,7-9,abaxially,abundantly,acuminate,acute,adaxially,andromonoecious,anther,apart,apex,apiculate,apparently,armed,articulated,base,blade,broad-based,brown,calyx,chartaceous,cm,coarsely,compressed,congested,connivent,dark,densely,diameter,elliptic,elliptic-ovate,entire,equal,extra-axillary,flower,fruit,glabrous,globose,green,hair,half,inflorescence,juvenile,leaf,leaf-opposed,light,like,lobe,lobed,long,lower,margin,membanaceous,minutely,mm,moderately,nearly,oblique,obtuse,outline,pedicel,peduncle,petiole,plant,prickle,ray,reflexed,reniform,ripe,rounded,rugulose,shallowly,simple,slightly,smooth,spaced,stellate,stellate-pubescent,stem,stigma,straight,style,subcoriaceous,subcuneate,surface,tapered,tip,tree,truncate,tube,white,x,yellow	.2,.5-2,1,1-7,2-3,2-4,20-30,4-7,5-merou,50,6-18,6-8,7-.,7-10,7-14,7-30,8-18,absent,accrescent,adaxiall,ag,alyx,axe,ba,berry,branched,capitat,covering,cylindrical,differentiated,difoliate,directed,discolorous,distally,eaf,eed,except,ferruginous,filament,flattened,flowering,forked,free,frui,fruiting,geminat,heterostylous,highly,interpetalar,leave,lighter,longitudinal,major,midpoint,minor,multangulate,narrowly,nflorescence,often,one,opening,orolla,paired,part,perfect,perhaps,pericarp,pore,porrect,pubescent,rachi,ruit,runk,sessile,sharp,shiny,short,short-stalked,side,slit,small,somewhat,sparse,stalk,staminate,strongly,subtending,tamen,thi,time,tissue,tomentose,triangular,tubevery,unarmed,unit,vary,vein,whitish,wide,ympodial,young	7-8,adhesion,arrangement,capitate,colour,corolla,form,glandular,growth,height,history,length,life,na,number,ovary,perennial,position,presence,pubescence,reproduction,seed,shape,size,staman,stipe,texture,ye
353	wfo-0001028329	success	215	137	112	103	25	0.521	.5-3,0.2-0.3,0.8-1.1,0.8-1.4,1-6,1.0-1.4,1.1-2.5,1.3-1.8,1.3-2,1.5-2.3,1.5-2.75,1.5-3.5,10-34,12,2-3,2.2-3.9,2.6-5,3-14,3-8,4-15,5-10,6-8,7-19,abaxially,adaxially,anther,apart,apex,articulated,asperous,base,becoming,blunt-tipped,brown,calyx,chartaceous,closely,cm,conical,continued,corolla,deltoid,dendritic-echinoid,diameter,due,echinoid,finely,flower,fruit,glabrous,granular,granular-tomentose,gray,green,growth,hair,honeycombed,inserted,lateral,leaf,length,lobe,minutely,mm,moderately,mostly,multangulate,obelliptic,oblong,obovate,obtuse,occasional,ovate,ovate-elliptic,pale,pedicel,peduncle,petiole,porrect-stellate,pseudo-terminal,pubescent,reniform,reticulate-punctate,ripe,shrub,simple,slightly,small,sometimes,spaced,sparsely,stellate,stellate-pubescent,stellate-rotate,stelliform,stem,stigma,style,subglobose,suborbicular,tomentose,toward,tree,tube,turning,velutinous,vestigial,white,whitish,x,yellow,yellowish	.75-2,.75-5.75,/10-3/10,0-100,0.9-1.3,1.5-8,2-4,2.75-4.5,3.75-7,3/4,4-5,6-11,6-9,absen,acuminate,acute,ag,angled,anthesi,apical-lateral,apparently,axe,axillary,ba,bark,berry,blade,branch,branched,bud,cylindrical,dehiscing,dendritic-echinoi,dichotomously,distantly,distinct,eaf,eed,entire,filament,fleshy,free,glabrescen,grooved,high,introrse,large,lengthening,lobed,long,long-attenuate,longitudinally,lower,main,margin,midvein,multangulat,nflorescence,obscured,older,orbicular,orolla,perfect,plurifoliate,pore,present,rachi,rather,receptacle,relatively,ruit,runk,sessil,sessile,several,short-,short-stalked,side,slit,sparse,stalked,stellat,subcapitat,suture,swollen,tamen,testa,thick,thickened,thin,time,tomentu,touching,unarme,unarmed,unit,usually,vary,vein,way,wide,ympodial,young	adhesion,arrangement,colour,form,glabrescent,height,history,inflorescence,life,na,ovary,perennial,plant,position,presence,pubescence,reproduction,rugulose,seed,shape,size,staman,subcapitate,surface,texture
354	wfo-0001028337	success	195	123	93	102	30	0.477	-2,-2.5,-4,-6,/3,0,0.05-0.15,0.05-1,0.3-0.5,0.4-0.7,0.4-0.8,0.7-0.9,0.7-1,1-1.8,1-2,1.5-3,1.8-2,11-16,2-2.2,2-4,4-5,5-6,abaxially,anther,apex,apically,base,berry,blade,calyx,chartaceous,cm,connivent,cuneate,dark,deltate,densely,diameter,entire,equal,erect,evenly,flattened-reniform,fruit,glabrescent,glabrous,glaucous,gray-brown,green,hair,inflorescence,lateral,leaf,length,lobe,lobed,long,margin,marking,mauve,midpoint,minutely,mm,moderately,narrow-oblong,orange-brown,pedicel,peduncle,petiole,pitted,poricidal,ray,rounded,shallowly,shrub,simple,smooth,sparse,spherical,stellate,stellate-pubescent,stem,style,surface,tapering,terminal,tip,toward,tube,way,white,wide,young	.5,.8,0.1-0.3,1,1-3,1.5-4,1/2,1/3-2/3,1/4-1/3,1/8-1/4,15-50,3-4,5-25,5-8,5-merous,6-7,8-10,8-14,abaxial,acut,adaxial,alyx,apar,apart,ape,apparently,articulated,bark,branched,color,conical,curved,discolorous,drying,eaf,eed,elongating,eye,filament,flower,free,fruiting,fused,gently,glabrou,gray,green-brown,infructescence,juvenil,juvenile,known,long-styled,longer,lower,mature,naked,nflorescence,occasionally,older,one,open,orolla,oung,pale,per,perfect,pericarp,plurifoliat,porrect,porrect-lepidote,portion,prickle,prickly,primary,reddish,reflexed,ruit,scar,sessile,shoot,short,short-styled,shorter,slender,small,spaced,staminate,stout,straight,strongly,tamen,terete,time,trichome,unarme,unarmed,unit,usually,vary,vein,visible,ympodial	acute,adhesion,arrangement,climate,colour,corolla,form,glandular,growth,height,history,life,na,number,ovary,perennial,plant,position,presence,pubescence,reproduction,rugulose,seed,shape,size,staman,stigma,stipe,texture,ye
355	wfo-0001028339	success	195	124	92	103	32	0.472	.5,1-1.2,1-2,1-5,1.1-1.4,1.2-1.5,1.5,1.5-2,1.7-3.2,10.2-18.5,2.5-5,3.5-4,5-7,5.8-7.9,8182,acuminate,acute,anther,apex,appressed,base,beneath,berry,blue,broadly,brown,bud,calyx,capitate,cm,connate,corolla,cuneate,cup-shaped,dark,dia,dried,dry,flattened,flower,glabrous,globose,greyish-brown,growth,later,leaf,like,little,lobe,lobed,long-triangular,margin,minutely,mm,mustard,nearly,opposite,ovary,ovate,ovoid-reniform,papillate,papillose,pedicel,petiole,pitted,pulp,schwarz,shaped,shrub,size,small,somewhat,specimen,stem,stigma,style,surface,tear-drop,texture,tightly,tip,tree,trichome,tube,uniseriate,urceolate,vein,white,woody,x,yellow,young	0.05-0.1,0.8-1.2,1-1.5,10-30-flowered,3.4-5.5,43191,5-angled,7-11,8-10,across,almost,anthesi,appearance,appearing,attenuate,bark,becoming,carinate,carpel,closely,covered,crystalline,decurrent,deflexed,densely,differing,difoliate,distinctly,eaf,edicel,eed,enclosed,epidermi,erect,evenly,exserted,fide,filament,filiform,first,floccose,free,frui,fruiting,geminat,glabrate,grainy,irregular,large-celled,lateral,leave,lon,long,lower,main,major,middle,minor,nee,nflorescence,oblique,obscure,occasionally,older,one,overlappin,ovoid,papery,planar,pore,poricidal,portion,proximal,red-brown,reflexed,ruit,scar,secondary,septum,shining,simple,slender,slightly,spaced,sparsely,speckled,straight,strong,strongly,tall,tapering,tub,ud,unit,venation,white-lenticellat,white-papillo,white-speckled,wide,widest,winged,yellowish,ympodial	adhesion,arrangement,blade,climate,colour,diameter,form,fruit,glandular,hair,height,history,inflorescence,length,life,midpoint,na,number,peduncle,perennial,plant,position,presence,pubescence,ray,reproduction,rugulose,seed,shape,staman,stellate,white-papillose
356	wfo-0001028351	success	175	110	81	94	29	0.463	.2,0,0.1,0.2,0.5,1.0–2.0,1.4–1.5,2.0–2.5,2.1–3.5,2/3,2–2.5,3,3.4–5.0,3–4,40,5.0,5.0–5.5,6.5–8.5,6–12,8–15,abaxially,adaxially,along,annual,anther,anthesi,articulated,base,blue,brown,calyx,capitate,clavate,cm,colour,densely,diameter,flattened,fruit,glabrous,globose,green,hair,herb,lanceolate,leaf,like,lobe,long,lower,midvein,mm,moderately,multicellular,oblong,opposed,ovate,pale,pedicel,peduncle,pentagonal,perennial,perfect,petiole,pitted,pubescent,shallowly,shiny,simple,stem,stigma,style,surface,tube,unicellular,uniseriate,unknown,velutinous,white,x,–3.0	.8,.8–1.0,0.6,0–,1.0–,1.0–1.6,1.0–2.5,1.5–4.0,1.6–,10,2,2.0–5.0,2–4,4,5,5.5–10.5,5–7,absent,acute,adaxiall,ag,apart,apex,apical,axe,ba,basal,becoming,blade,branching,cell,chartaceous,connivent,convex,cylindrical,directed,distally,eaf,eed,equal,erect,filament,fleshy,flower,geminat,glandular,indumentum,lamin,lobed,lon,longitudinal,m.,margin,narrowly,nfloresence,number,obtuse,occasionally,opening,orolla,pair,plurifoliate,pore,present,probably,regularly,ruit,serrate,shaped,side,slender,slit,smaller,spaced,sparsely,stone,straight,tal,tamen,tardily,teardrop,tem,time,truncate,unbranched,unit,vary,wide,wing,winged,woody,ympodial,young,–	0–1.0–2.5,1.0–4.0,1.5,1.6–5.0,adhesion,arrangement,corolla,form,growth,height,history,inflorescence,lamina,length,life,na,ovary,plant,position,presence,pubescence,reproduction,rugulose,seed,shape,size,staman,stellate,texture
357	wfo-0001028353	success	177	137	101	76	36	0.571	/3,0.2-0.4,0.5,0.9-1.2,1,1-4,1.4-2,1.5-2,1.5-5,2-4,3-5,6-8,7,8-10,abaxially,acute,along,anther,anthesi,apart,apex,base,becoming,beneath,bluntly,bright,calyx,campanulate,capitate,centre,clasping,cm,coarsely,conical,cordate,corolla,cup-shaped,dark,densely,diameter,ellipsoid,elliptic,exerted,fracturing,fruiting,glabrous,globose,green,greenish,herb,internodal,leaf,less,lobe,long,margin,midrib,minutely,mm,nodding,often,open,ovary,ovoid,pale,papery,papillose,pedicel,peduncle,petiole,plant,plump,poricidal,principal,pubescent,purple,rhomboid,ripe,scar,scattered,simple,size,somewhat,sparsely,stem,stigma,strongly,style,surface,tan,thin,tip,toothed,trichome,truncate,tube,uniseriate,vein,way,x,yellow	.5,0.5-,1-2,2,2-3,3,4-7,accrescent,age,area,berry,cell,ciliate,curved,decreasing,decumben,deep,deeply,difoliate,distally,dry,drying,eaf,edicel,eed,emarginated,erect,filament,fleshy,flower,free,frui,geminat,gree,growing,heteromorphic,hollow,honey-comb,horn,horned,inserted,lengthening,like,lon,lower,m.,material,minute,nflorescence,outline,pair,papillate,pericarp,pitted,point,pore,portion,primary,reddish,ruit,sessil,sessile,shallow,short,sleeve,slender,slightly,slit,straight,testal,toward,ud,unit,wall,wrinkled,ympodial	0.5-1,accrescence,adhesion,arrangement,blade,bud,climate,colour,distance,form,fruit,glandular,growth,hair,height,history,inflorescence,length,life,midpoint,na,number,perennial,position,presence,pubescence,ray,reproduction,rugulose,seed,shape,staman,stellate,stipe,texture,ye
358	wfo-0001028367	success	178	104	80	98	24	0.449	0.2–0.4,0.4–2.3,1.0–1.8,1.2–3.0,1.3–9.0,1.4–2.0,1.5,1–1.5,2.0–4.5,2.8–3.1,3.5–6.9,4–10,6.5–8.5,60,6–9,8.5–9.5,8–17,abaxially,adaxially,anther,anthesi,apex,base,black,blade,blue,brown,calyx,cm,colour,cuneate,dark,deeply,densely,diameter,flattened,fruit,glabrous,globose,lanceolate,leaf,lobe,lobed,margin,mm,moderately,narrowly,oblong,obtuse,opposed,ovate,pale,pedicel,peduncle,pentagonal,perennial,petiole,pitted,pubescent,purple,regularly,rounded,shrub,stigma,style,surface,texture,tomentose,toward,tube,unequal,unifoliate,unknown,white,x,yellow,–10.0,–25,–5.0,–5.5	0.2,0.5,0.5–3,0.8–0.9,1,1.5–1.7,1–,1–2,2.0–4.2,2–10,2–3,3–3.5,3–5,4–7,5,5–5.8,5–6,6–8,7–15,8–23,absen,accrescent,adaxiall,ag,apart,apical,arising,articulated,axe,ba,basal,branched,cell,chartaceous,concave,connivent,cylindrical,diamete,directed,eaf,eed,equal,erect,filament,flower,geminat,glabrescen,grey-green,hair,half,laterally,lon,long,longer,longitudinal,lower,marking,multicellular,nflorescence,obliquely,opening,orolla,pair,perfect,pore,poricidal,primary,probably,ruit,secondary,shiny,shorter,side,simple,slit,smaller,spaced,stone,straight,strongly,tal,tamen,tapering,tem,three,time,tip,two,unicellular,uniseriate,unit,usually,vary,wide,width,woody,ympodial,–7	absent,adhesion,arrangement,corolla,form,growth,height,history,inflorescence,length,life,na,ovary,plant,position,presence,pubescence,rugulose,seed,shape,size,staman,stellate,stem
359	wfo-0001028370	success	147	104	65	82	39	0.442	0.2-0.4,1.0-1.7,1.5-2.2,1/2-2/3,2.5-2.9,3-5,3-7,3.5-5.0,4-10,4-11,9-12,along,annual,anther,base,blade,blue,broadly,brown,calyx,campanulate,capitate,cm,dark,deltoid,densely,dm,dry,eglandular,foveolate,glabrous,gland-tipped,glandular,green,hair,herb,internodal,lanceolate,lenticular,lobe,long,main,maturity,minutely,mm,oblong,often,ovate,pentagonal,petiole,prickly,purple-tinged,ridged,seed,simple,sparsely,spherical,splitting,stem,strait,tube,variously,vein,violet,viscid	-0.6,/3,0.8,2-4,2-8,40-70,5-9-flowere,accrescent,acicular,acro,across,alyx,ample,anthesi,armed,attenuate,ature,beneath,berry,branched,broad,bud,coarsely,developing,dia,difoliate,distinct,divided,eaf,extended,few-rayed,fully,geminat,gland,hardly,high,incurved,interpetalar,invested,lon,markedly,narrowly,near,nflorescence,obovoid,obtuse,one,orolla,per,pinnatifid,pinnatisect,plicat,prickle,rounded,ruit,scattered,sessile,short,short-stipitate,slende,slightly,somewhat,spreadingly,stellae,subulate,surrounding,tamen,taprooted,terete,terminal,tightly,tigma,tissue,tub,twice,tyle,ultimate,unti,usually,vary,yellow,ympodial	adhesion,apex,arrangement,climate,colour,corolla,diameter,form,fruit,growth,height,history,inflorescence,leaf,length,life,margin,midpoint,na,number,ovary,pedicel,peduncle,plant,position,presence,pubescence,ray,reproduction,rugulose,shape,size,staman,stellate,stigma,stipe,style,surface,texture
360	wfo-0001028390	success	147	93	61	86	32	0.415	0.5,0.5-1,0.5-1.5,1-2.5,1-3,1.5-2,1.5-3.5,1.5-5.5,10-15,3-4,4-11,4-5,5-7,7-8,abaxially,adaxially,angled,branched,calyx,chartaceous,cm,curled,deltate,dendritically,dense,densely,diameter,divided,elliptic,felty-pubescent,glabrous,globose,hair,lanceolate,lobe,mm,moderately,often,orange,ovate,pedicel,peduncle,petiole,pseudohair,puberulent,pubescent,shrub,simple,sparsely,stellate,stigma,style,subcoriaceous,truncate,tube,unequally,usually,violet,white,x,yellow	-10,.5-3.3,0,0.5-2.5,1,1-5,2,2.5,3-5,6-many-foliat,7,9,absen,acute,adaxiall,aggregate,apart,apex,apiculate,articulated,axe,base,blade,cell,connivent,cuneate,cylindrical,dendritically-branched,directed,distall,eaf,eed,eglandular,entire,flower,forked,gland,leaving,less,like,lon,long,lower,margin,midvein,mixed,mostly,narrowly,near,nflorescence,nther,obtuse,occasionally,orolla,peg,perfect,pore,presen,pubescen,rachi,radiu,rarely,ripe,ruit,scar,short,slightly,small,spaced,stalked,ste,stone,subcapitat,subclavate,subcordate,tal,tem,time,tip,triangular,unbranched,unit,vary,white-pubescent,wide,ympodial	adhesion,anther,arrangement,colour,corolla,form,fruit,growth,height,hermaphroditic,history,inflorescence,leaf,length,life,na,ovary,perennial,plant,position,presence,present,pubescence,reproduction,seed,shape,size,staman,stem,subcapitate,surface,texture
361	wfo-0001028399	success	273	136	87	186	49	0.319	.3,.8,0.06,9.1,9.8,abaxially,acute,adaxially,adnate,age,anther,apex,apiculate,attachment,base,blade,brown,calyx,chartaceous,cm,corolla,cunate,densely,developed,diameter,dry,elliptic,entire,extra-axillary,flattened-orbicular,flattened-reniform,flower,fruit,glabrous,glandular,globose,hair,incurved,interpetalar,lateral,leaf,length,lobe,lobed,long,margin,mature,midpoint,mm,moderately,nearly,notched,oblong,orange,ovate,pedicel,peduncle,petiole,point,position,probably,pubescent,ray,red,reddish,rounded,scattered,short,shrub,simple,sinuate,somewhat,sparse,stellate,stem,stigma,stipe,style,surface,tip,tissue,toward,truncate,tube,well,yellow-tan,young	.4,.5,.5–2.4,/3,0.04,0.13,0.2–0.3,0.3–0.4,0.3–0.5,0.3–0.6,0.4–0.5,0.4–0.6,0.4–0.7,0.4–0.9,0.5–1.1,0.5–1.3,0.7–1.0,0.7–2.3,0.8–2.5,0.9–1.9,1.0–5.5,1.1–1.4,1.1–1.7,1.2–1.5,1.2–1.7,1.2–2.0,1.3–2.0,1.4–2.4,1.5–2.1,1.6–2.3,1.6–2.5,1.7–2.7,1/2–2/3,1/3–1/2,1/4–1/3,2.0–3.9,2.2–2.6,2.2–2.8,2.2–2.9,2.4–3.2,2.5–11.2,2.8–3.0,3.1–3.8,3.2–3.8,3.4–3.6,4.0–5.4,4.2,4.3,4.4,5,5-merou,5.0,5.2–17.8,5.4,5–8,5–9,6.0–6.6,7.0,7–11,8–120,absent,aequilateral,alyx,anthe,anthesi,apart,apparently,appearing,appressed,arching,articulate,attenuate,axe,ba,bark,basal,based,becoming,berry,branch,branching,broad,broad-based,brochidodromous,bud,capitat,channeled,deciduous,dehiscent,deltoid,dentate,difoliate,distal,distinct,eaf,eed,either,emerging,erect,exocarp,extending,fertile,filament,filiform,flexed,free,geminat,glossy,gradually,heterostylous,increasing,internodal,internode,intersepalar,juic,lanceolate,large,layer,lon,longer,longitudinally,lower,major,many,midrib,midvein,minor,minute,narrowly,nflorescence,oblique,orolla,per,porrect,porrect-stellate,portion,potentially,prickle,primary,raised,red-orang,reflexe,restricted,reticulate,ridge,rigid,row,ruit,secondary,sessile,shorter,side,sinus,slit,sloughing,soon,spaced,splitting,spread,spreading,stamen,stellae,stellate-pubescent,stipitate,straight,tamen,tem,thin,time,translucent,transparent,triangular,two,ud,unarmed,upper,various,vary,vein,weakly,wide,yellow-ferruginous,ympodia,±90°,±equal,×	0.2-0.3,0.3-0.6,0.4-0.5,0.4-0.6,0.4-0.7,0.4-0.9,0.5,0.7-2.3,0.9-1.9,1.0-5.5,1.1-1.4,1.2-1.7,1.2-2.0,1.3-2.0,1.4-2.4,1.5-2.1,2.0-3.9,2.2-2.9,2.8-3.0,5-8,5.2-17.8,60-100,adhesion,arrangement,capitate,climate,colour,dioecious,form,growth,height,history,inflorescence,life,na,number,ovary,perennial,plant,presence,present,pubescence,reproduction,rugulose,seed,shape,size,staman,texture
362	wfo-0001028405	success	149	75	51	98	24	0.342	0.4-0.5,1-9,1.5-6.5,10-11,2,2-2.5,2-3,3-4,4-11.5,4-6,6-7,7-14.5,8-15,abaxially,adaxially,calyx,cm,conical,connate,corolla,diameter,distal,elliptic,elliptic-lanceolate,forked,green,green-white,half,herbaceous,lanceolate,leaf,long,mm,oblong,odd-pinnate,ovate-elliptic,ovoid,pedicel,peduncle,perennial,petiole,plant,puberulent,seed,size,stellate,stigma,style,throughout,wide,yellow	0.5-3,1-4,1.3-8,2-4,3-20,3-6-foliat,3.5-10,3.5-6.5,9-15,absen,acumen,acute,apex,apical,apically,apiculate,articulate,attenuate,base,branched,cell,covering,cyme,decurrent,dehiscent,dichasial,dichasially,digestion,diminishing,dorsally,eaf,ebracteate,edge,eed,emoval,enzyme,exceeding,filament,flat,flower,folded,generally,globo,gradually,hair-like,honeycomb,interjected,introrse,lateral,leaflet,living,lobe,lon,lower,lunat,make,maturing,monochasial,mucilaginous,nflorescence,nther,oblique,often,orolla,pair,pattern,perfect,plan,poricidally,proximal,rachi,reveal,ruit,seudostipule,short,short-acuminate,short-petiolate,slit,specimen,stamen,straight,subsessile,tal,tem,terminal,testal,thick,throughou,toward,tuber-bearing,typically,unit,vary,wall,whit,without,ympodial,¼	anther,arrangement,colour,form,fruit,globose,growth,height,history,inflorescence,length,life,na,ovary,position,pubescence,reproduction,rugulose,shape,stem,surface,texture,tube,white
363	wfo-0001028424	success	253	121	95	158	26	0.375	-28,-3,-9,0-1,0.2-0.35,0.2-0.7,0.5,0.7-2,1.5-2.5,1.8-3,2-2.5,2-3,2-4,3,3-12,3-16,3-7,4-5,5-10,5-15,5-22,5-8,5.5-10,abaxially,adaxially,anther,apart,articulated,attenuate,base,broadly,calyx,campanulate,closely,cm,connivent,deeply,deltoid-orbicular,densely,diameter,elongate-lanceolate,extra-axillary,felty,fruit,glabrous,glandular,globose,hair,inflorescence,leaf-opposed,length,lenticular,less,light,like,lobe,minutely,mm,narrower,occasionally,orange,outline,ovate,pedicel,peduncle,pentagonal-stellate,perennial,persistently,petiole,pitted,prickle,pubescent,ray,ripe,sessile,simple,size,spaced,spreading-hirsute,stellate,stellate-puberulent,stellate-pubescent,stem,stigma,style,suffrutescent,surface,tan,thin-textured,truncate,tube,weakly,white,x,yellow	-0.8,-1.2,0-0.5,0.1-0.2,0.15-0.4,0.3-0.6,0.3-0.7,1,1-3,1-7,1/3-1/2,10-16,12,12-19,2,2-foliate,3-5,3-6,3-8,4-12,4-6,4-7,8-15,8-25,accrescent,acicular,acute,acute-,adaxiall,almost,along,and/or,apex,ascending,axe,ba,blade,branched,broad-based,broader,capitat,capitate-glandular,cauline,coarsely,commonly,conspicuously,convex,covering,curved,cylindrical,deltoid,dense,dentate,depressed-deltoid,diffusely,directed,distal,distally,distributed,divergently,diverging,eaf,eed,elongate,entire,equaling,exceeding,female-sterile,filament,flexuous,flower,fruiting,geminat,gland-tipped,inserted,interlobal,larger,lateral,laterall,long,longer,lower,major,margin,midpoint,midrib,mixture,mostly,much,multiple-stemmed,multiseriate,nflorescence,numerous,obsolete,obtuse,obtuse-,often,orolla,ovate-lanceolate,per,perfect,pore,prickly,principal,puberulent,rachi,radiu,rarely,recurved,reduced,reflexe,resembling,round-tipped,ruit,scattered,section,short,short-styled,shorter,side,similar,single-,sinus,slender,small,smaller,sometimes,somewhat,sparsely,species,stalk,stalked,ste,stellae,stout,strongly,subcordate,tal,tamen,tem,termination,thickened,time,tip,trichome,typically,unarmed,unbranched,unit,upward,usually,variable,vary,vein,white-pubescent,wide,widely,ympodial	adhesion,arrangement,capitate,colour,corolla,form,growth,height,history,leaf,life,na,number,ovary,plant,position,presence,pubescence,reproduction,rugulose,seed,shape,staman,stipe,texture,ye
364	wfo-0001028429	success	162	105	82	80	23	0.506	0.2-0.4,0.8-1.2,0.9-2.3,1-2.5,1.5-3,10-11,10-27,10.5-21,2-3,2-4,2.5-12,2.5-4,2.5-7.5,2.7-3.6,3-6,5-12,6-28,abaxially,acute,adaxially,apical,apically,broadly,calyx,cm,connate,corolla,darker,dehiscent,diameter,distal,elliptical,forked,generally,glabrescent,glabrous,globose,green,green-white,greenish,hair,half,herbaceous,interjected,introrse,lateral,leaf,leaflet,light,long,long-attenuate,maturing,medium,mm,narrowly,odd-pinnate,often,ovate,ovoid,pedicel,peduncle,pentagonal,perennial,petiole,plant,poricidally,rotate,scattered,seed,short,size,slightly,slit,spot,stigma,style,terminal,throughout,violet,white,wide,yellow	1-4,1.5-4,2-1.,2-8,3-6-foliat,4-14,6-18,7-7,abaxiall,acumen,acuminate,apex,articulate,base,branched,cell,cordate,covering,cuneate,cyme,dichasial,dichasially,digestion,diminishing,dorsally,eaf,ebracteate,edge,eed,emoval,enzyme,especially,exceeding,filament,flat,flower,folded,globo,gradually,hair-like,honeycomb,living,lobe,lon,lower,lunat,make,monochasial,mucilaginous,nflorescence,nther,oblique,obovate,orolla,pair,pattern,perfect,petiolule,plan,proximal,reveal,ruit,seudostipule,specimen,stamen,straight,tal,tem,testal,thick,throughou,toward,tuber-bearing,typically,unit,vary,vein,wall,ympodial,¼	2-19,anther,arrangement,colour,form,fruit,growth,height,history,inflorescence,length,life,na,number,ovary,position,reproduction,rugulose,shape,stem,surface,texture,tube
365	wfo-0001028436	success	150	96	63	87	33	0.42	0.2-0.4,0.5-1,1.5,1.5-2,1.5-2.5,10-20,2-3,2-4,2.5-3,4,5-10,5-12,5-8,7,8-12,abaxially,absent,acute,anther,apex,base,blade,brown,calyx,chartaceous,ciliate,cm,diameter,dm,dried,elliptic,entire,flower,fruit,glabrous,globose,hair,leaf,linear,linear-lancolate,lobe,margin,membranaceous,mm,moderately,nearly,oblong,pedicel,peduncle,petiole,presence,pubescent,rotate,shrub,sparsely,stem,stigma,style,surface,tube,unifoliate,white,x	.5,0.5,0.8-1.5,1-2,1-2-celled,1-3,1st,2nd,5-15,abundant,adaxiall,adaxially,along,apically,appearance,appearing,axe,berry,beyond,cell,center,connected,cordat,decurrent,deflated,dehiscent,difficult,due,eaf,edge,eed,evaluat,explosively,exserted,filament,fine,flat,frui,fruiting,geniculate,glabrescen,interpetalar,lengt,like,long,lower,lying,much-branched,nflorescence,notch,often,older,orolla,oung,parallel,per,placenta,pointing,pubescen,rachi,radiating,raised,reaching,rhizomatous,ridge,ruit,running,shallow,small,stamen,structure,swollen,tal,tamen,taproot,tear,thick,tissue,triangular,two-celled,unbranched,unit,vary,wid,woody,wrinkled,ympodial	2.5,adhesion,arrangement,climate,colour,corolla,form,glandular,growth,height,history,inflorescence,length,life,midpoint,na,number,ovary,perennial,plant,position,pubescence,ray,reproduction,rugulose,seed,shape,size,staman,stellate,stipe,texture,ye
366	wfo-0001028465	success	159	97	74	85	23	0.465	0.75,1.2-2,1.5-2.9,10-24,11-23,2-3,2-6,2-9.3,2.4-2.8,3-4,3-5,4-8,4.5-5.5,5-7,7-15,8-10,apical,apically,base,broadly,calyx,cm,connate,corolla,dehiscent,diameter,distal,elliptical,forked,globose,green,green-white,half,herbaceous,honeycomb,interjected,interpetalar,introrse,lateral,leaf,leaflet,long,maturing,medium,mm,mucilaginous,odd-pinnate,often,ovoid,pair,pattern,pedicel,peduncle,perennial,petiole,plant,poricidally,puberulent,pubescent,purple,rotate,seed,short,size,slit,spot,stigma,strigose,style,terminal,throughout,white,wide,yellow	1-2,1-4,10,2,2-4,2.5-4,3-6-foliat,3-8,3.8-7,4-1.,9-19,abaxially,acumen,acuminate,acute,adaxially,apex,articulate,attenuate,branched,cell,covering,cuneate,cyme,decurrent,dichasial,dichasially,digestion,diminishing,dorsally,eaf,ebracteate,edge,eed,emoval,enzyme,equal,exceeding,filament,first,flat,flower,folded,generally,globo,gradually,hair-like,living,lobe,lon,lower,lunat,make,monochasial,nflorescence,nther,oblique,orolla,perfect,petiolule,plan,proximal,rachi,rarely,reveal,ruit,sessile,seudostipule,specimen,stamen,straight,tal,tem,testal,thick,tissu,toward,tuber-bearing,two,typically,unit,vary,wall,ympodial,¼	4-18,anther,arrangement,colour,form,fruit,growth,height,history,inflorescence,length,life,na,ovary,position,reproduction,rugulose,shape,stem,surface,texture,tissue,wet
367	wfo-0001028468	success	255	135	96	159	39	0.376	0.05,0.1,0.2-0.3,0.4-1,0.4-4,0.5-2,0.6-1.2,0.7-2.5,1,1.2-1.5,1.3-2,1/5-1/2,16,2-9,2.2-3,2.8-4.1,2/3-3/4,5-21,5-9,6-9,acuminate,acute,anther,apex,attenuate,base,berry,blade,blue,brown,calyx,campanulate,chartaceous,cm,corolla,densely,diameter,extra-axillary,flattened,flower,foveate,fruit,glabrous,gray,greenish,hair,inserted,length,light,lobe,lobed,margin,midpoint,mm,moderately,narrowly,oblique,oblong-conical,oblong-lanceolate,orange,orangish,pale,pedicel,peduncle,petiole,porrect-stellate,proximal,pubescence,purple,ray,reticulate,rhombic,rotate-stellate,shallowly,short,shrub,simple,sparsely,stellate-pubescent,stelliform,stem,stigma,style,subcapitate,subcuneate,subelliptic,subglobose,sublenticular,subreniform,subshrub,surface,thick-stalked,tube,x,yellow,yellowish	-1.3,-10,-3,-4,-5.5,-7,.1-0.2,.1-0.3,.1-0.4,.2,.2-0.4,.3,.3-0.4,.5,.5-1.5,.5-1.6,.6-1,/10-1/5,/4-1/3,0.2-0.6,0.2-1.5,0.5-3,0.5-3.3,0.5-3.5,0.5-8,0.6-2,0.8-3.5,1.5-2.2,1.5-3.1,1.6,1/3-1/2,2,2.5-4,20,3-4,4-6,4-9,6-10,abaxially,accrescent,adaxially,along,apart,appressed,ark,armed,articulated,axe,becoming,beyond,broad-based,broadly,bu,bud,c.,cauline,central,clavate,commonly,compresse,compressed,connivent,d.,dark,decreasing,density,directed,distal,distally,distantly,dry,eaf,eed,ellipsoid,equal,exserted,filament,fruiting,geminat,glabrescent,gradually,green,half,increasing,interpetalar,introrsel,lamin,lateral,laterally,long,longer,lower,m.,main,midvein,minutely,mixed,mostly,multangulat,multangulate,nflorescence,obtuse,occasionally,older,orolla,ovate,overlapping,ovoid,pair,papillo,per,perfect,pore,prickle,pubescent,rachi,recurved,reduced,relatively,ruit,sessile,short-,short-stalked,side,similar,similarly,slightly,somewhat,spaced,specimen,stalk,stamen,straight,subacuminate,subchartaceous,subsessile,tal,tamen,terete,testa,thick,thicknes,time,tissue,touching,toward,triangular,unarmed,unbranched,unifoliate,unit,upper,usually,vary,vein,way,wide,ympodial,young	0-1.3,0.1-0.2,0.1-0.4,0.3,0.3-0.4,0.5-1.5,0.5-1.6,0.6-1,1.5,4-5.5,adhesion,arrangement,climate,colour,form,glandular,growth,height,history,inflorescence,leaf,life,na,number,ovary,perennial,plant,position,presence,present,reproduction,rugulose,seed,shape,size,staman,stellate,stipe,texture
368	wfo-0001028470	success	185	136	107	78	29	0.578	0-18,0.25-0.75,0.9-2.2,0.9-2.3,1-12.3,1-2,1-3,1.5-2.8,11.8-21,12-44,2-10,2-7,2-8,2.1-3.9,3-10,3.2-5.5,3.5-16,4-6,4-7,5.5-11.6,abaxially,adaxially,anther,apex,articulated,asymmetric,attenuate,axillary,base,basiscopic,brownish,bud,cell,chartaceous,clavate,cm,condition,connivent,corolla,covering,deep,diameter,distal,dot,drying,elliptic,fresh,fruit,glabrous,green,green-white,greenish,hair,hair-like,half,herb,high,interjected,lanceolate,lateral,leaf,leaflet,lobe,long,make,medium,mm,mottled,mucilaginous,odd-pinnate,orbicular,ovate,ovoid,pair,pedicel,peduncle,pentagonal,petiole,petiolulate,plant,purple,ripe,rounded,scarce,seed,short,side,size,sometimes,stigma,style,substellate,subtending,terminal,testal,thick,throughout,tissue,tube,usually,wall,wet,white,whitish,wide,x,yellow	1.6-3.2,2-5,3-5,3.5-7,5-merou,6-33,acumen,acute,adaxiall,ag,alyx,apart,apparently,axe,berry,blade,capitat,dark,decreasing,digestion,dorsally,eaf,edge,eed,end,enzyme,erec,exceeding,filament,flat,flower,folded,forked,geminat,generally,glabrescent,glabrou,hal,homostylous,honeycomb-shaped,lengthening,light,living,lower,nflorescence,one,orolla,perfect,placed,plurifoliate,pore,poricidal,pubescent,removed,ruit,sessile,seudostipule,slit,spaced,specimen,stamen,stolo,straight,subequal,subglabrou,tall,tamen,tem,tip,toward,tri-,tuber,typically,unit,unwinged,vary,wing,ympodial	adhesion,arrangement,asymmetry,calyx,capitate,colour,form,growth,height,hermaphroditic,history,inflorescence,length,life,na,number,ovary,perennial,position,pseudostipule,pubescence,reproduction,rugulose,shape,staman,stem,subglabrous,surface,texture
369	wfo-0001028476	success	246	94	73	173	21	0.297	-16,-6,-8,0.25-0.5,0.4-0.6,0.5,0.5-0.6,0.8-1.2,0.8-1.6,1,1-1.4,1-4,1-6,1.1-1.5,1.8-2.5,12-30,2.4-3,3.5-13,5-15,7-10,anther,branched,brown,calyx,capitate,cm,conical,corolla,dark,diameter,elliptic,fruit,globose,green,herb,imparipinnate,inflorescence,interrupted,lanceolate,leaf,lobe,long,minute,minutely,mm,narrowly,obovate,ovary,pale,pedicel,peduncle,perennial,petiole,puberulent,pubescence,pubescent,purple,simple,sparsely,stellate,stem,stiff,stigma,stripe,style,surface,thick,trichome,tube,uniformly,uniseriate,wide,yellow	-1,-20,.05-0.1,.5,0-,0-0.5,0.1-0.15,0.1-0.4,0.15-0.2,0.15-0.4,0.2-0.3,0.2-0.5,0.2-0.6,0.25-0.4,0.3-0.4,0.3-0.5,0.3-0.7,0.3-1.2,0.4-0.5,0.4-1.5,0.5-1.7,0.7-2.5,1-1.2,1-1.5,1-2,1-2-celled,1-celled,1.1-1.6,1.2-2.5,2,2-6,2-foliate,2-locular,3-12,3-7,3-foliate,4-celled,6-,8-30,abaxially,absent,abundant,acroscopically,acuminate,acute,age,almost,along,also,alternate,anthesi,ape,apex,apical,appearance,appendage,articulated,axi,basal,base,basiscopically,becoming,bifurcate,bifurcation,bract,bracteate,bright,cell,column,curved,decurrent,deeply,diamete,distal,eaf,ebracteate,edicel,eed,elongate,entire,especially,exserted,filament,first,flower,fortaleza,fruiting,give,glabrescent,glandular,gradually,gree,hair-like,hal,half,head,hyaline,incurved,interjected,internode,irregularly,largest,lateral,leaflet,less,like,lobed,lon,lower,main,margin,maturity,midvein,mixed,nflorescence,node,numerous,oblique,occasionally,often,outgrowth,pair,petiolule,population,present,primary,prominent,pseudostipule,rachi,rarely,recurve,reflexed,regularly,rest,rounded,ruit,río,scattered,secondary,sessile,set,short,silky,sinus,slightly,smaller,sprawling,spreading,staminal,sterile,straight,subopposite,tall,tem,terminal,tertiary,testa,tip,toward,truncate,ud,unicellular,unit,unpaired,usually,vein,wall,weak-walled,white,wid,winged,woody,ympodial	0.05-0.1,adhesion,arrangement,colour,form,growth,height,history,length,life,na,plant,position,reproduction,rugulose,seed,shape,size,staman,texture,ye
370	wfo-0001028478	success	267	131	82	185	49	0.307	0.1,2,abaxially,acuminate,adaxially,adnate,anther,apex,attachment,attenuate,base,bilobed,blade,brown,calyx,cm,corolla,densely,diameter,distinctly,elliptic,entire,filiform,flattened-orbicular,flower,fruit,glabrous,glandular,globose,hair,incurved,lanceolate,leaf,length,lobe,lobed,margin,markedly,mm,moderately,nearly,notched,obtuse,occasionally,orange-red,ovate,pedicel,peduncle,petiole,point,pubescent,ray,reddish,rounded,scattered,shoot,short,shrub,sigmoid,simple,sinuate,slightly,somewhat,sparsely,spatulate,stellate,stem,stigma,stipe,style,sub-cordate,sub-coriaceous,suborbicular,surface,terminal,toward,truncate,tube,typically,white,yellow,yellow-tan	.0,.04,.2,.3,.5,.8,.9,0.0,0.2,0.2–0.4,0.3–0.4,0.3–0.5,0.4,0.4–0.5,0.5–0.6,0.5–0.8,0.5–0.9,0.6–1.3,0.9–1.1,1.0–1.3,1.0–1.5,1.1–1.6,1.3–1.6,1.4–2.3,1.4–4.4,1.5–2.4,1.5–4,1.8–2.0,1/2–1/3,2.0–11.0,2.1–2.3,2.2–4.0,2.3,2.5,3.3–4.9,3.4,3–6,4,4.6,4.6–7.0,4.8,4–6,4–7,5-merou,5.5–6.6,7,7.7–9.2,adjacent,aequilateral,ag,alyx,anthesi,apart,apical,apparently,appearing,appresse,around,articulate,axe,ba,bark,based,berry,borne,broad,broad-based,broadly,brochidodromous,bud,capitat,channeled,clinate,connivent,deciduous,deeply,deflexed,deltate,developed,development,difoliate,directed,distal,distally,distinct,dry,eaf,edge,eed,either,emerging,endocarp,erect,exocarp,extending,fertile,filament,flexed,free,geminat,glossy,gradually,hort,increasing,individually,internode,interpetalar,intersepalar,juic,lateral,layer,lon,long,longer,lower,mature,midpoint,midrib,midvein,minute,nflorescence,oblique,oblong,opaque,orolla,per,perforated,pitted,poorly,pore,porrect,porrect-stellate,portion,potentially,presen,prickle,probably,raised,retrorse,rigid,row,ruit,seen,sessile,shallowly,side,sinus,sloughing,smoot,soon,spaced,splitting,spread,stamen,stellae,stellate-pubescent,stipitate,straight,strongly,suture,tamen,tem,thin,time,tip,tissue,transparent,triangular,two,ud,unarmed,unbranched,various,vary,vein,well,wide,yellow-ferruginou,ympodia,young,±45°,±90°,±equal,×,–10	0.04,0.2-0.4,0.3,0.3-0.5,0.5-0.6,0.5-0.8,0.5-0.9,0.9,1.0-1.5,1.1-1.6,1.4-2.3,1.4-4.4,1.8,1.8-2.0,10.0,2.0-11.0,2.2-4.0,3.8,4-10,4-6,4.6-7.0,7.7-9.2,adhesion,arrangement,capitate,colour,form,growth,height,history,inflorescence,life,na,number,ovary,perennial,plant,position,presence,present,pubescence,reproduction,rugulose,seed,shape,size,staman,texture,unknown
371	wfo-0001028481	success	194	118	84	110	34	0.433	.5,0.6-1,1-4,1.8-2.5,2.5-3,3-4,3-4.5,5.5-7.5,8,acuminate,acute,almost,along,anther,apex,apically,apparently,attenuate,base,branch,chartaceous,clavate,close,cm,colour,conical,corolla,cuneate,cupular,deltoid,dendritic,dendritic-pubescent,diameter,discolorous,distributed,drying,elliptic,entire,equal,evenly,except,free,glabrous,leaf,length,liana,like,lobe,lobed,long,long-acuminate,main,margin,midvein,mm,narrowly,oblique,oblong,occasional,orange-brown,pedicel,peduncle,petiole,pubescent,ray,shortly,shrub,side,size,slender,sparsely,stem,stigma,style,surface,terminal,thickly,together,trichome,tube,unknown,white,x,young	.1,.3,0-2,0.1-0.2,0.15,0.5-1,0°,1-1.4,1-2,1-3,1.5,1.5-2,1/2-2/3,2-3,3,3-3.5,3-6,abaxially,absent,adaxially,age,alyx,anthesi,apar,articulated,bark,branched,brown,canaliculate,clearly,deeply,delineated,density,different,dilated,divided,domatia,dorsifixed,dry,eaf,eed,ellipsoi,erect,extending,extent,eye,faint,filament,flaking,flat,flexuous,flower,green,increasing,know,known,lamina,lengthening,less,linear,lon,longer,longitudinally,lower,m.,mostly,naked,nflorescence,nther,often,orolla,ovate,pair,perfec,plurifoliat,pore,poricidal,portion,primary,protruding,rachi,raised,reddish,ribbed,ridged,ruit,scar,see,simple,sinus,small,smoot,smoothly,spreading,stump,tearing,tertiary,tip,toward,ud,unarmed,uneven,unit,vary,vein,venation,visible,wide,yellowish,ympodial	adhesion,arrangement,blade,calyx,climate,dioecious,form,fruit,glandular,growth,hair,height,history,inflorescence,life,midpoint,na,number,ovary,perennial,plant,position,presence,present,pubescence,reproduction,rugulose,seed,shape,smooth,staman,stellate,stipe,texture
372	wfo-0001028482	success	224	133	103	121	30	0.46	.5,/3,0.5-1,0.5-5,00,1-1.5,1-11,1-2,1-4,1.1-5,1.2-1.6,1.5-2,10,2-3,2-celled,3-12,3-4,4-5,5-25,abaxially,acuminate,acute,anther,apex,asymmetric,base,bilobed,broadly,brownish,calyx,campanulate,capitate,chartaceous,cm,coriaceous,corolla,creamy,deltate,densely,diameter,difoliate,dry,elliptic,emarginate,entire,flattened-reniform,fresh,fruit,glabrous,glandular,globose,green,growth,hard,internodal,leaf-opposed,lobe,lobed,long,margin,material,maturity,minute,minutely,mm,obovate,ovary,pale,pedicel,peduncle,petiole,pitted,poricidal,pubescent,revolute,short,simple,size,slightly,small,somewhat,stem,stigma,style,subcoriaceous,subglobose,subpyramidal,surface,tan,tip,tree,trichome,truncate,tube,unifoliate,uniseriate,way,white,x,yellow,yellowish,young,µm	.1,0,0.2,0.5,0.7-1.1,1.5-3,6-50,7-14,adaxially,age,alternate,angled,anthesi,apiculae,ascending,bark,basal,becoming,berr,berry,bifid,bifurcate,branched,bright,brochiodromous,bud,channeled,circinate,closely,constriction,corky,corrugated,cucullate,curved,cymose,deciduous,deflexed,diffusely,discolorous,distally,distinct,drying,eaf,eed,ellipsoid,embryo,enlarged,exerted,exfoliating,expanding,filament,fleshy,flower,free,fruiting,geminat,glabrou,golden,grayish,halfway,heterostylous,impressed,incrassate,individual,investing,irregular,keeled,lengthening,less,lower,markedly,materia,midrib,midvein,new,nflorescence,nodding,occasionally,olive,overlappin,pair,papillat,pentamerous,per,pericarp,petal,pore,portion,primary,reddish,row,ruit,scandent,scar,shaped,shiny,slit,sometimes,soon,spaced,sparsely,stout,straight,tear-drop,tightly,tiny,transparent,transversely,tub,tuberculate,tuft,twice,two,ud,unit,usually,vegetative,vein,venation,woody,ympodial	adhesion,arrangement,blade,climate,colour,form,hair,height,history,inflorescence,leaf,length,life,midpoint,na,number,perennial,plant,position,presence,pubescence,ray,reproduction,rugulose,seed,shape,staman,stellate,stipe,texture
373	wfo-0001028487	success	195	109	76	119	33	0.39	0.3-0.7,0.9-3,1-3,1.1-1.5,1.4-1.7,10-4.3,15-28,2-4,2-6,2.5-3.5,3-10,3-19,4.6-13.6,5-6,7.8-16.4,abaxially,acuminate,acute,adaxially,anther,apex,attenuate,base,blade,brownish,central,clavate,cm,condition,coriaceous,corolla,deep,diameter,drying,elliptic,fresh,fruit,glabrescent,glabrous,green,greenish,hair,herb,lanceolate,leaf,light,lobe,long,medium,mm,odd-pinnate,ovate,ovoid,pedicel,peduncle,pentagonal,petiole,plant,purple,ripe,scabrous,scarce,seed,short,size,star,stigma,style,substellate,terminal,tube,white,whitish,wide,x,yellow	0-9,0.4-1.5,1-2,1-3.2,1.7-7,10-41,2-4.8,3-4,3-5,3.4-7.8,4-7,5-merou,acumen,adaxiall,ag,along,alyx,apart,apparently,arranged,articulated,asymmetric,axe,axillary,basiscopic,bead,berry,bud,capitat,cell,connivent,considerably,covering,dark,decreasing,digestion,distal,dorsally,eaf,edge,eed,enzyme,erec,exceeding,filament,flat,flower,folded,forked,geminat,generally,glabrou,green-white,hair-like,hal,half,high,homostylous,honeycomb-shaped,interjected,lateral,leaflet,lengthening,like,living,lower,make,moniliform,mucilaginous,multiple,narrow,necklace,nflorescence,orbicular,orolla,pair,perfect,petiolulate,plurifoliate,pore,poricidal,removed,rounded,ruit,second,sessile,seudostipule,side,slit,smaller,sometimes,spaced,specimen,stamen,stolon,straight,subequal,subglabrou,subtending,tall,tamen,tem,testal,thick,throughout,tip,tissue,toward,tri-,tuber,typically,unit,unwinged,usually,vary,wall,wet,wing,ympodial	adhesion,arrangement,calyx,capitate,climate,colour,form,glandular,growth,height,history,inflorescence,length,life,margin,midpoint,na,number,ovary,perennial,position,presence,pubescence,ray,reproduction,rugulose,shape,staman,stellate,stem,stipe,surface,texture
374	wfo-0001028489	success	224	141	109	115	32	0.487	-0.6,-10,-2.5,-6,/4,0-3,0.1,0.2-0.4,0.3-1,0.3-1.2,0.5-1.1,0.5-1.5,0.6-1.2,0.7-3,1-3,1-4,1.5-4,1.8-2.2,1.8-4,1/3,2-3,2.1-3,3-7,3.5-6,4-8,5-8,7.5,abaxially,acute,anther,apex,apically,base,berry,blade,calyx,chartaceous,cm,connivent,cordate,cream,cuneate,dark,deltate,densely,diameter,dull,elliptic,equal,erect,flattened-reniform,fruit,glabrous,gray,green,hair,lateral,leaf,length,less,lobe,lobed,long,margin,marking,maturity,mauve,membranous,midpoint,mm,moderately,obtuse,orange,orange-brown,ovate,pale,pedicel,peduncle,petiole,poricidal,purple,ray,rounded,shrub,side,simple,smooth,sometimes,sparsely,spherical,stellate,stellate-pubescent,stem,style,surface,tapering,tip,toward,trichome,truncate,tube,upper,way,weakly,white,wide,yellow,yellow-orange,young	-4,-5,0-10,0-15,0-20,0-50,0.1-0.6,0.2,0.2-,0.2-0.5,0.2-0.6,0.2-0.7,0.3-0.5,0.3-0.7,0.4-0.8,0.5-0.8,0.5-1,1-6,1-7,1.5-3,1.8-5.5,1/3-1/2,1/4-1/2,2-4,2-6,4-10,4-13,5-25,5-merous,acicular,alyx,apar,apart,apparently,articulated,ba,bark,beyond,branched,broad-deltate,caudat,cell,concolorous,curved,difoliate,distance,drying,eaf,eed,elongating,extending,eye,filament,flower,free,fruiting,geminat,herbaceous,infructescence,lon,longer,lower,mature,midvein,minute,naked,nflorescence,occasionally,often,older,one,open,orange-green,orolla,oung,outline,pair,pendulous,per,perfec,pericarp,perpendicular,porrect,portion,prickle,prickly,primary,protruding,raised,red-brown,ruit,scar,sessile,shiny,slender,spaced,spreading,stalk,straight,subsessile,tamen,terete,tertiary,time,unarme,unarmed,unit,vary,vein,venation,visible,white-gra,woody,yellow-green,ympodial	adhesion,arrangement,caudate,climate,colour,corolla,form,glandular,growth,height,history,inflorescence,life,na,number,ovary,perennial,plant,position,presence,present,pubescence,reproduction,rugulose,seed,shape,size,staman,stigma,stipe,texture,unknown
375	wfo-0001028492	success	130	97	60	70	37	0.462	0.5-1,1-2.5,1-4,1.5-2.5,1.5-3,1.5-6,2-2.5,2-3,2-5,2.5-9,3,4,5-15,5-8,6-11,acute,angled,apex,base,blade,calyx,cm,dark,deltate,diameter,elliptic-ovate,entire,forked,fruit,glabrous,globose,hair,herb,lobe,margin,mm,narrowly,pedicel,peduncle,petiole,purple,rarely,reticulate,rounded,shrub,simple,somewhat,stellate,stigma,style,subcordate,subcoriaceous,succulent,triangular,tube,unbranched,unknown,white-punctate,whitish,x	-5-foliat,0.2-2,1-5,1.75-3.5,15-20,2-4,3-6,5-25-flower,6-12,8-15,abaxially,absen,adaxially,aggregate,apart,apiculate,articulated,axe,axi,cell,chartaceous,ciliolate,color,colored,connivent,containing,crystal,cylindrical,directed,distall,eaf,eed,except,glabrou,irregularly,leaving,long,lower,nflorescence,nther,obtuse,orolla,pore,pubescent,punctate,rachi,radiu,ripe,ruit,san,sand-punctate,scar,spaced,sparse,splitting,stone,tal,tem,time,tip,triangular-ovate,truncat,unevenly,unit,vary,veiny,white,wide,x1-3,ympodial	1-3,adhesion,anther,arrangement,climate,colour,corolla,form,glandular,growth,height,history,inflorescence,leaf,length,life,midpoint,na,number,ovary,perennial,plant,position,presence,pubescence,ray,reproduction,rugulose,seed,shape,size,staman,stem,stipe,surface,texture,truncate
376	wfo-0001028501	success	195	134	106	89	28	0.544	0-3,0-3.2,0-4,0.3-0.7,0.3-3.3,0.6-5.8,0.8-1.6,0.8-1.7,1-8,1.8-10.7,13-41,2-4,2.8-18,2.8-4.9,3-10,3-7,3.1-12,4-8,6.6-21.1,abaxially,acuminate,acute,adaxially,anther,apex,articulated,axillary,base,brownish,bud,cell,clavate,cm,condition,coriaceous,corolla,covering,decurrent,diameter,distal,drying,elliptic,fresh,fruit,glabrescent,glabrous,green,green-white,greenish,hair,hair-like,half,herb,high,interjected,lanceolate,lateral,leaf,leaflet,light,lobe,long,make,medium,mm,mottled,mucilaginous,narrowly,odd-pinnate,onto,ovate,ovoid,pair,pedicel,peduncle,petiole,plant,purple,pyriform,rachi,ripe,rotate,scarce,seed,sessile,short,simple,size,sometimes,spot,stigma,style,subtending,terminal,testal,thick,throughout,tube,typically,wall,wet,white,whitish,wide,x,yellow	1,1-2,1-3,2-5,3-5,3.1-10.4,4.8-18,5-merou,8-10,8-34,acumen,adaxiall,ag,along,alyx,apart,apparently,arranged,attenuate,axe,bead,berry,blade,broadly,capitat,connivent,considerably,dark,decreasing,digestion,dorsally,eaf,edge,eed,enzyme,erec,exceeding,filament,flat,flower,folded,forked,geminat,generally,glabrou,hal,homostylous,honeycomb-shaped,larger,lengthening,like,linear,living,lower,moniliform,multiple,narrow,necklace,nflorescence,orbicular,orolla,perfect,plurifoliate,pore,poricidal,present,removed,ruit,seudostipule,slit,spaced,specimen,stamen,stolon,straight,subglabrou,tall,tamen,tem,tip,toward,tri-,tuber,unit,unwinged,usually,vary,wing,ympodial	adhesion,arrangement,calyx,capitate,colour,form,growth,height,history,inflorescence,length,life,na,ovary,perennial,position,presence,pseudostipule,pubescence,reproduction,rugulose,shape,staman,stellate,stem,subglabrous,surface,texture
377	wfo-0001028502	success	158	97	72	86	25	0.456	/2,0.5-1,1-2,1.5-2.5,1.5-6,1.6-2.4,2-4,2-7,2-8,3.5-15,3.5-4,abaxially,adaxially,anther,base,beige,brown,calyx,campanulate,clavate,cm,congested,constricted,corolla,dark,dendritic,densely,dia,elliptic,fawn,flattened-reniform,glabrous,globose,incrassate,inflorescence,later,lateral,leaf,like,lobed,long,margin,minutely,mm,obovate,ovary,papillose,pedicel,petiole,pitted,prominent,pubescent,reddish-brown,rest,seed,shining,shrub,small,stem,stigma,style,surface,terminal,tree,tree-like,trichome,tube,warty,way,white,wide,woody	.5,1.5-2,1.5-3,2-2.5,2-5,5-15,5-6,6-8,?,abaxial,acute,age,along,anthesi,apar,apex,ba,bark,blade,body,branch,branched,cazalet,christmas-tree-like,closely,cone,deltate,denser,eaf,edicel,eed,erect,exserted,fide,filament,flat,fleshy,flower,free,fruiting,glabrat,heteromorphic,impressed,included,inflorescenc,lengthening,light,lobe,lon,long-styled,lower,main,matted,middle,narrower,nflorescence,often,older,packed,pair,papillo,planar,plurifoliat,pore,poricidal,portion,ruit,scar,scattered,short-styled,slit,spaced,structure,tall,thick,time,tip,tub,ud,unclear,unevenly,vein,widest,within,ympodia,young	4-6,arrangement,colour,diameter,form,fruit,growth,height,history,length,life,na,peduncle,perennial,plant,plurifoliate,position,presence,pubescence,reproduction,rugulose,shape,size,stellate,texture
378	wfo-0001028505	success	168	77	54	114	23	0.321	0.25-0.5,0.8-1,0.8-1.5,1,1-3,10-15,2,3.5-5,anther,bright,broadly,calyx,cm,conical,corolla,dia,dry,drying,glabrous,globose,green,grey,leaf,live,lobed,material,minutely,mm,narrowly,opposite,ovary,ovate,ovoid-reniform,pale,papillose,pedicel,petiole,pitted,plant,pubescent,seed,shape,shaped,shrub,size,stem,stigma,style,surface,tan,tear-drop,tube,white,x	.01,.1,.3,.5,/3,1.2-2.5,1/3,10-14-flowered,2.5-4.5,3-5,7-8,acuminate,acute,anthesi,apex,aspect,ba,barely,bark,basal,base,beneath,berry,black,blade,body,branch,bud,characteristic,darker,deciduous,decurrent,deflexed,delicate,deltoid,differentiated,differing,difoliate,distance,distinct,dried,eaf,edicel,eed,elliptic,erect,expanded,exserted,exsertion,f,filament,flattened,free,fruiting,geminat,gently,greatly,incrassate,lateral,lobe,lon,long,lower,m.,main,major,margin,materia,member,minor,minute,nflorescence,obovoid,obvious,older,overlapping,pair,pore,poricidal,portion,prominent,proximal,purple,reflexed,rounded,ruit,scar,short,simple,slightly,somewhat,soon,specimen,straight,strongly,tall,tapering,tip,touching,trichome,truncate,ud,unicellular,uniseriate,unit,usually,vein,way,whit,widest,woody,yellowish,ympodial,young	1.1,2.5,5,alternate,arrangement,colour,diameter,form,fruit,growth,height,history,inflorescence,length,life,na,peduncle,perennial,position,pubescence,reproduction,sympodial,texture
379	wfo-0001028513	success	240	138	110	130	28	0.458	-0.7,-0.8,-17,/3,0-0.4,0.1-0.15,0.1-0.4,0.3-0.5,0.5-0.6,1-2.5,1-4,1.5-5,2-4,2-5,2.75-3.25,20-35,25-45,3-4,3-4.5,3.5-4,30,4-6,4-8,5-10,5-9,7-11,8-11,8-15,abaxially,acute,adaxially,anther,apex,apiculate,attenuate,base,blade,bristly,broad,broadly,brown,calyx,campanulate,cm,coarsely,commonly,connivent,densely,dentate,diameter,ellipsoidal,extra-axillary,flexible,flower,fruit,glabrous,globose,hair,inflorescence,lateral,lavender,leaf,length,lenticular,less,light,linear-lanceolate,lobe,long,margin,midpoint,mm,obtuse,often,orange,outline,ovate,pedicel,peduncle,perennial,petiole,pitted,present,pubescent,ray,reaching,rigid,ripe,rounded,short,simple,small,soft,somewhat,stellate,stellate-pubescent,stigma,style,subcordate,surface,texture,thin-textured,tree,trichome,truncate,tube,variable,white,x,yellow	-5,-6,.1-1.3,.2,.3-0.5,0.2-0.8,0.5-2,1,1-2,1-3,1/5-1/3,15-40,2,2-4.5,2-6,2-foliate,4-locular,4.5-6,5-6,8-16,8-25,9-11,accrescent,acute-,acute-tipped,adaxiall,along,apart,appearing,appressed,approaching,approximately,armed,articulated,axe,ba,berr,broad-based,bud,capitat,cauline,close,closely,compresse,cylindrical,deciduous,deltoid,depressed-deltoid,directed,distal,distall,doubling,eaf,eed,enclosing,entire,erect,exceeding,female-sterile,filament,fruiting,geminat,horizontal,inserted,interlobal,large,larger,laterally,lignescent,lower,major,many,mature,minute,near,nflorescence,numerous,obtuse-,one,oriented,orolla,ovate-lanceolate,pair,partially,per,pericarp,persisting,plane,pore,prickl,prickle,prickly,principal,purple,rachi,radiu,rarely,recurved,round-tipped,ruit,rust-colored,scabrous,scattered,sessile,short-stalked,side,silvery-gray,sinus,siz,smaller,spaced,sparsely,stalk,stellae,tal,tamen,tem,termination,time,tooth-like,unarmed,unbranched,underdeveloped,unit,usually,vary,vein,weakly,wide,ympodial	.2-0.8,adhesion,arrangement,capitate,climate,colour,corolla,form,glandular,growth,height,history,life,na,number,ovary,plant,position,presence,pubescence,reproduction,rugulose,seed,shape,size,staman,stem,unknown
380	wfo-0001028524	success	236	134	101	135	33	0.428	0.3,1-5,1.1-1.2,1.2-1.3,1.5-1.6,1.5-3,1.8-2.5,10-20,2-3.8,2-6,2.5-4,2.8-3.5,3-10,3-15,3-4.3,3.4-3.6,4-6,4-8,8-13,9-14,acuminate,acute,anther,apex,base,becoming,blade,blunt-tipped,brown,calyx,chartaceous,cm,conical,corolla,cream,dark,deltoid,densely,diameter,dm,entire,ferrugineous,few-,fleshy,fruit,glabrescent,granular-tomentose,gray,green,greenish,growth,hair,honeycombed,inserted,lanceolate,lateral,leaf,length,lobe,many-rayed,margin,mm,oblong,obtuse,ovate,pale,pedicel,peduncle,persistent,petiole,present,probably,pseudo-terminal,pubescent,rather,ray,reniform,reticulate-punctate,rounded,scabridulous,simple,slightly,small,somewhat,sparsely,stellate,stelliform,stem,stigma,style,subcoriaceous,subglobose,suborbicular,tomentose,tree,tube,velutinous,x,yellow,yellowish,yellowish-green	-2.7,-3,.5-1,/10-3/10,0-150,0.3-0.8,0.5-3.5,0.6-1.4,1/3-2/3,11,2.5-3.4,2.5-3.8,3.3-4,4.3-6,6-7,6-9,7-10,7-11,abaxially,accrescent,adaxially,ag,along,anthesi,apart,apical-lateral,apparently,articulated,ascending,axe,axillary,ba,bark,berry,branch,branched,bud,capitat,closely,continued,dehiscing,distal,due,eaf,echinoi,echinoid,eed,elliptic,exserted,extend,few-rayed,filament,first,flower,free,fruiting,glabrescen,glabrous,half,high,indument,interpetalar,introrse,lacking,lanceolat,large,late,later,lobed,long,longitudinal,lower,m.,main,matted,midvei,midvein,mixed,multangulate,nearly,nflorescence,obscured,often,older,orbicular,orolla,ovate-lanceolate,overlapping,partly,perfect,plurifoliate,pore,porrect-stellate,prominent,rachi,relatively,ripe,ruit,runk,sessile,short,short-stalked,side,slit,spaced,sparingly,stalked,stamen,stout-stalked,strongly,sulcate,suture,tamen,terete,testa,thick,thick-stalked,thin,thin-stalked,time,tissue,tomentu,touching,translucent,unarme,unarmed,unit,usually,vary,vein,warty,way,wide,ympodial,young	abaxial,adaxial,adhesion,arrangement,capitate,climate,colour,form,glandular,height,history,inflorescence,life,midpoint,na,number,ovary,perennial,plant,position,presence,pubescence,reproduction,rugulose,seed,shape,size,sparing,staman,stipe,surface,texture,unknown
381	wfo-0001028525	success	257	139	111	146	28	0.432	0.2-0.3,0.5,0.5-1.5,0.5-2.5,1.1-1.7,1.2-1.6,1.5-3,10,10-13,2,2-2.5,2-3,2.5-5,3,3-5,3-7,4,4-15,4-5,6,7,7.5,acuminate,acute,almost,anther,apex,apically,apparently,attenuate,base,black,branch,broadly,brown,calyx,capitate,chartaceous,clavate,cm,conical,cordate,corolla,curved,dark,deltoid,dendritic,dendritic-pubescent,developed,diameter,drying,elongated,entire,flattened,form,free,fruit,glabrescent,glabrous,grey,inside,lateral,laterally,leaf,liana,light,like,linear,lobe,lobed,lumpy,margin,mature,mauve,membranous,mm,obconical,oblong,orange-brown,outside,ovate,partly,pedicel,peduncle,petiole,puberulous,pubescent,pyriform,ray,shrub,side,simple,size,slender,smooth,spheroidal,stem,stigma,style,surface,terminal,thick,thin,trichome,truncate,tube,unarmed,weakly,whitish,x,young	.25,.4,0.2-0.6,0°,1-1.5,1-2,1-2.5,1-4,1.5,1/3-3/4,1mm,4-7,7-13,accrescent,age,along,alternate,alyx,anthesi,apar,apart,apice,around,articulated,axil,bark,becoming,berry,brachyblast,branched,branching,centre,clearly,clum,clustered,cup,deeply,delineated,densely,density,detaching,developing,dilated,discolorous,divided,domatia-like,dorsal,dorsifixed,eaf,eed,ellipsoi,equal,erect,eye,fertilisation,fewer,filament,fine,flat,flexible,flexuous,flower,formed,forming,frequently,frui,fruiting,green-brown,increasing,known,lamina,leave,lengthening,less,long,longer,longitudinally,loop,loose,lower,m.,main,midvein,minute,much,multicellular-dendritic,naked,narrowly,nflorescence,nther,obscuring,often,one,orolla,overlapping,ovoid,pair,pendulous,perfec,pericarp,plurifoliat,pore,poricidal,portion,primary,prominent,protruding,rachi,red-brown,ridged,rounded,ruit,scar,scattered,sessile,sinus,slightly,small,smaller,smoot,sometimes,somewhat,soon,sparsely,spreading,stripe,structure,stump,tangling,tearing,terete,tertiary,tip,toward,ud,uneven,unit,vary,vein,venation,visible,well-developed,white,wide,wider,ympodial	adhesion,arrangement,blade,climate,colour,glandular,growth,hair,height,inflorescence,length,midpoint,na,number,ovary,plant,position,presence,present,pubescence,reproduction,rugulose,seed,shape,staman,stellate,stipe,texture
382	wfo-0001028528	success	155	109	84	71	25	0.542	.5,0.9-1.2,1-2,1.1-1.2,2-4,2.5-3,3.5-4,3.5-6,3/4,4-6,8-9,?,age,along,anther,apical,base,becoming,berry,bi-lobed,blackish,branch,branching,calyx,cm,conical,coriaceous,corolla,decurrent,dendritic,densely,denser,diameter,elliptic,erect,flattened,fork,free,glabrous,globose,growth,immature,later,leaf,lobed,margin,minutely,mm,narrowly,obovate,outline,ovary,pedicel,per,pericarp,petiole,pitted,plurifoliate,pore,poricidal,pubescent,reddish-brown,revolute,round,shiny,short,shrub,slit-like,sparsely,stem,stigma,strongly,style,surface,terminal,thin,tip,trichome,tube,vein,violet,way,white,x	1.5,1.8-2,2-3,4-5,6-10,6-7,abaxial,absent,acuminate,acute,adaxial,adaxially,anthesi,apex,attenuate,ba,bark,basal,dichasia,eaf,edicel,eed,ew,except,exserted,filament,flower,fruiting,glabrat,glandular,impressed,inserted,leave,like,lobe,long,lower,m.,midvein,minute,mucronate,nflorescence,nodding,occasionally,older,pair,papillo,petal,planar,portion,prominent,pyramidal,ruit,scar,secondary,sleeve,somewhat,stamen,ste,tall,tapering,time,triangular,tub,ud,unit,wide,winged,woody,ympodial,young	adhesion,arrangement,colour,dichasial,form,fruit,height,history,inflorescence,length,life,na,perennial,plant,position,presence,pubescence,reproduction,rugulose,seed,shape,size,staman,stellate,texture
383	wfo-0001028529	success	164	112	77	87	35	0.47	0.5,0.5-2,0.8-1.3,0.8-3.2,1,1-1.2,1-1.5,1.5,2.5-3,2/3,5-6,8-14,acuminate,anther,apex,apiculate,attenuate,base,bluish,brown,calyx,capitate,cast,cm,corolla,dark,decurrent,deltoid,dia,erect,glabrous,globose,green,hyaline,internodal,lanceolate,leaf,less,lobe,lobed,metallic,minute,minutely,mm,narrowly,nearly,oblanceolate,occasionally,opposite,ovary,ovoid-reniform,papillae,papillose,pedicel,petiole,pore,poricidal,scattered,shape,shaped,shrub,size,slightly,smooth,somewhat,stem,stigma,style,subshrub,surface,tear-drop,tip,tube,way,white,winged,x	.2,0.1,0.8-3,3-40-flowered,3-5,6-9,7-8,across,acute,age,anthesi,apart,bark,becoming,beginning,beneath,berry,bud,close,cork,course,deflexe,distal,eaf,edicel,eed,ellipsoi,elliptic,evenly,exfoliating,exserted,filament,flower,free,fruiting,furcate,growing,heterostylous,hrub,immature,indistinct,inflorescenc,lateral,lenticellat,linear,lon,long,lower,main,major,middle,minor,much,nflorescence,older,one,pair,paler,papillo,pitted,planar,portion,present,prominent,range,reflexed,river,ruit,scar,short,simple,slender,small,soon,spaced,species,straight,tall,tapering,ud,umbonate,variable,vein,widest,woody,yellowish,young	adhesion,arrangement,blade,climate,colour,deflexed,diameter,form,fruit,glandular,growth,hair,height,history,inflorescence,length,life,margin,midpoint,na,number,peduncle,perennial,plant,position,presence,pubescence,ray,reproduction,rugulose,seed,staman,stellate,stipe,texture
384	wfo-0001028532	success	186	98	73	113	25	0.392	0-19,0.2-1,1-1.7,1-3,1.3-8.7,1.4-1.6,17-42,2-3,2-8,2.2-4.2,3-10,3.9-5,4-7,5-9,5.5-15,6.5-9.2,7.5-15.2,anther,axillary,brownish,bud,chartaceous,clavate,cm,condition,corolla,deep,diameter,drying,fresh,fruit,glabrous,globose,green,greenish,herb,interjected,lanceolate,leaf,leaflet,lobe,medium,mm,moniliform,mottled,odd-pinnate,orbicular,ovate,ovate-lanceolate,ovoid,pair,pedicel,peduncle,pentagonal,petiole,plant,purple,ripe,rotate,seed,size,sometimes,spot,stigma,style,subtending,terminal,tube,tuber,white,whitish,x,yellow	1-1.6,1-2,1-5,15-36,2-6,3-5,3-7,3.3-4.4,5-merou,abaxiall,abaxially,acumen,acuminate,acute,adaxially,ag,along,alyx,apart,apex,apparently,arranged,articulated,asymmetric,attenuate,axe,base,basiscopic,bead,berry,blade,capitat,cell,connivent,covering,dark,decreasing,digestion,distal,dorsally,eaf,edge,eed,enzyme,erec,exceeding,filament,flat,flower,folded,forked,geminat,generally,glabrou,green-white,hair-like,half,homostylous,honeycomb-shaped,larger,lateral,lengthening,like,linear,living,long,lower,make,middl,mucilaginous,multiple,necklace,nflorescence,orolla,perfect,petiolulate,plurifoliate,pore,poricidal,removed,rounded,ruit,second,sessile,seudostipule,side,slightly,slit,spaced,specimen,stamen,stolon,straight,subequal,symmetric,tall,tamen,tem,testal,thick,throughout,tip,tissue,toward,tri-,typically,unit,unwinged,usually,vary,wall,wet,ympodial	adhesion,arrangement,calyx,capitate,colour,form,growth,height,history,inflorescence,length,life,na,ovary,perennial,position,pseudostipule,pubescence,reproduction,rugulose,shape,staman,stem,surface,texture
385	wfo-0001028546	invalid_json_followup	239	133	100	139	33	0.418	%,0-1,0.4-0.5,0.5-0.75,0.5-1,0.5-1.5,0.8-1.4,1-3,1-3.5,1.1-1.8,1.1-2.2,1.5-1.75,1.5-2,10-22,2-3.5,2.5-3,2.6-3.4,3-4,3.5-19,4-8,4-9,4.5-6,7-24,7.5-10,9.5-24,absent,acuminate,acute,andromonoecious,anther,apex,attenuate,base,blade,brown,calyx,capitate,chartaceous,cm,cuneate,cylindrical,diameter,ellipsoidal,elliptical,erect,extra-axillary,finely,flattened,fruit,glabrous,gland-tipped,globose,hair,inflorescence,lamina,lanceolate,lateral,leaf,length,lobe,lobed,long,margin,mm,obtuse,ovate,pale,pedicel,peduncle,perennial,petiole,pinkish,plant,present,purple,ray,red,reticulate,rhizomatous,rotate,shallowly,short,shrub,simple,slightly,sparsely,stellate,stellate-pubescent,stigma,style,surface,tan,throughout,time,triangular,tube,weakly,white,x,yellow	0-0.1,0-0.5,0-18,0-9,0.15-0.25,0.3-0.5,0.3-1,0.5-1.3,0.5-2,0.6-2,1-2,1-4,1-7,1-locular,1.5-6,10-14,100-150,11-12,120-400,16-24,2-,2-4,2-9,2.3-2.7,26-38,3-,3-11,3-5,3-7,3.5-7.5,4-13,5-10,5-55,5-8,5-merou,6-10,8-15,8-40,9-16,9.5-19,abaxially,absen,accrescent,acicular,across,adaxially,adult,also,alyx,ample,apart,apparen,articulated,axe,ba,bilobe,branch,branche,connivent,deeply,directed,distall,distally,distributed,dm,eaf,eed,eglandular,exocarp,filament,finger,flower,foliate,fruiting,functional,geminat,green,half,heterostylous,incomplete,index,interpetalar,juicy,juvenile,less,lobing,longer,lower,main,markedly,mature,mesocarp,mid-point,midpoint,midvein,minute,moderately,nflorescence,oblique,often,orolla,pair,part,pendent,per,placenta,pore,porrect,prickle,pseudo-racemose,rachi,ruit,septum,sessile,side,somewhat,spaced,stalk,stellae,straight,succulent,tal,tamen,tem,thick,thicker,thicknes,tissu,tissue,unarme,unarmed,unbranched,unit,upper,usually,vary,vein,wide,ympodial	'',[,``,adhesion,arrangement,bilobed,characteristic,colour,corolla,form,glandular,growth,height,history,life,na,number,ovary,position,presence,pubescence,reproduction,rugulose,seed,shape,size,staman,stem,stipe,texture,value,{,}
386	wfo-0001028547	success	224	124	92	132	32	0.411	-13,-6,.2,.5,.8,/5,0.15,0.2-0.35,1-2.5,1.2-1.4,1.7-2,2.5-2.8,2.8-3.2,3-5,3.5-4.5,4-6,6-8,7-10,7-9,abaxially,acute,anther,apex,apically,base,berry,blade,bright,calyx,cell,chartaceous,cm,connivent,cuneate,densely,diameter,dull,entire,equal,flattened-reniform,fruit,glabrous,inflorescence,lateral,leaf,length,lobe,lobed,long,long-acuminate,margin,maturity,mauve,midpoint,mm,moderately,narrow-deltate,orange,orange-brown,outline,ovate,pedicel,peduncle,petiole,pit,poricidal,purple,raised,ray,red,reddish,scandent,shallowly,shrub,simple,small,smooth,somewhat,spherical,stellate,stellate-pubescent,stem,style,surface,tapering,terminal,tip,truncate,tube,way,wide,yellow	-1/2,-3,.7,/2,0,0-1,0-10,0-15,0-2,0-30,0-5,0.05-0.15,0.1-0.2,0.3-0.4,0.5-,0.7-1,0.8-1,1-2,1-4,1-5,1.5-2.5,1/3,1/5-1/4,10-12,2-1.5,2-2.5,2-4,2-6,4-5,5-merous,abaxial,absent,adaxial,alyx,apar,apart,ape,apparently,appearing,articulated,bark,branched,branching,bulbous,conical,cream,curved,dark,deltate,discolorous,distance,drying,eaf,eed,elongate,elongating,erect,extending,faint,filament,flattened,flower,free,fruiting,gently,glabrescent,glabrou,gray-brow,green,infructescence,lon,long-styled,longer,lower,marking,mature,midvein,nflorescence,oblong,occasionally,often,older,one,open,orolla,oung,pair,pale,pendulous,per,perfect,pericarp,plurifoliat,porrect,portion,prickl,prickle,prickly,primary,reflexed,rounded,ruit,scar,sessile,short-styled,side,slender,sometimes,spaced,spreading,stalk,stalked,staminate,straight,subsessile,tamen,terete,tertiary,thin-acuminat,time,trichome,unit,usually,vary,vein,venation,villous,woody,yellow-green,yellow-orange,ympodial,young	8,adhesion,arrangement,climate,colour,corolla,form,glandular,gray-brown,growth,hair,height,history,life,na,number,ovary,plant,position,presence,present,pubescence,reproduction,rugulose,seed,shape,size,staman,stigma,stipe,texture,thin-acuminate
387	wfo-0001028548	success	266	126	79	187	47	0.297	0.6,2.8,3.1,4.9,5.6,acuminate,adnate,anther,apex,apiculate,attachment,attenuate,base,blade,brown,calyx,chartaceous,cm,corolla,cuneate,developed,diameter,dry,entire,extra-axillary,flattened-orbicular,flower,fruit,glabrous,glandular,globose,growth,hair,incurved,lanceolate,lateral,leaf,length,lobe,lobed,long,margin,midpoint,mm,nearly,notched,oblong,occasionally,ovate,pedicel,peduncle,petiole,point,poorly,probably,pubescent,ray,reddish,rounded,short,shortly,shrub,simple,somewhat,sparsely,stellate,stem,stigma,stipe,style,surface,tip,truncate,tube,unarmed,unknown,wave,white,yellow	.2,.4,.6,.7,.8,.8–2.4,.9,/3,0,0.06,0.3–0.8,0.4,0.4–0.5,0.4–0.6,0.4–0.7,0.7–0.8,0.7–1.7,0.8–1.2,0.8–1.9,0.8–2.0,0.8–2.9,0.9–1.2,1.0–4.1,1.1–1.2,1.1–1.4,1.1–1.5,1.3–1.6,1.4–2.3,1.6–2.7,1.7–2.1,1/3,1/3–1/2,2.0,2.2–2.8,2.3,2.4–2.7,3.1–3.8,3.6–8.1,3.7–4.0,3.8–4.6,4,4–8,5-merou,5.5–6.6,6.4–19.8,6–10,6–9,90°,abaxially,absent,acute,adaxially,aequilateral,ag,alyx,anthesi,apart,apical,apparently,appearing,arching,area,around,articulate,axe,ba,bark,berry,branch,branching,broad,brochidodromous,bud,capitat,central,channeled,clinate,color,congested,deciduous,deltoid,densely,dentate,development,difolate,directed,distal,distinct,eaf,edge,eed,either,elliptic,emerging,endocarp,erect,exocarp,extending,fertile,filament,filiform,flexed,free,geminat,glossy,gradually,heterostylous,increasing,intact,internode,interpetalar,intersepalar,juic,juvenile,large,layer,less,lon,longer,lower,major,many,mature,midrib,midvein,minor,minute,moderately,nflorescence,oblique,opaque,orolla,per,pitted,pore,porrect,porrect-stellate,portion,potentially,pubescenc,raised,reflexe,remaining,rigid,row,scarcely,seen,sessile,short-stipitate,shorter,side,sinus,sloughing,smoot,smooth,soon,splitting,spread,spreading,stamen,stellae,stellate-pubescent,straight,suture,swelling,tamen,tem,thin,time,tissue,transparent,two,ud,unbranched,upper,various,vary,vein,weakly,wide,yellow-ferruginous,ympodia,young,±90°,±equal,±glabrous,×	0.2,0.3-0.8,0.4-0.5,0.4-0.6,0.4-0.7,0.7-0.8,0.7-1.7,0.8-1.9,0.8-2.9,0.9,1.0-4.1,1.1-1.2,1.1-1.4,1.1-1.5,1.3-1.6,2.2-2.8,3.8,4-8,6-9,6.4-19.8,adhesion,arrangement,capitate,climate,colour,dense,form,height,history,inflorescence,life,na,number,ovary,perennial,plant,position,presence,present,pubescence,reproduction,rugulose,seed,shape,size,staman,texture
388	wfo-0001028551	success	243	134	107	136	27	0.44	.0,.06,.1,.3–0.5,.5,.8,0.4–0.5,0.7–2.3,0.8–1.4,1.0,1.0–1.6,1.4–2.0,1.5–1.8,1.5–1.9,1.6–1.7,1.8–2.5,1/3,2,2.0–2.6,2.0–3.5,2.2–7.5,2.5,4.2–5.9,8.0–12.0,8.5–20.5,9.0,abaxially,adaxially,adnate,anther,apex,apiculate,appearing,armed,attachment,attenuate,base,becoming,calyx,caudate,chartaceous,cm,corolla,dark,densely,diameter,distinctly,dry,elliptic,extra-axillary,flattened-suborbicular,flower,fruit,glabrous,glandular,globose,green,hair,homostylous,internode,lacking,lanceolate,lateral,leaf,lilac,lobe,lobed,long,markedly,mature,maturing,minute,mm,nearly,notched,oblong,occasionally,pedicel,petiole,point,porrect,prickle,pubescent,red,scattered,shiny,shrub,simple,slender,stellae,stellate,stigma,style,subcoriaceous,tan,tip,toward,tree,tube,upper,violet,white,yellow,young,±globose,×,–4.8	.6,0,0.5–0.6,0.7–1.0,1.0–1.5,1.1,1.1–1.4,1.1–2.2,1.3,1.7,1.7–2.6,2.0–3.7,2.2–3.4,2.2–5.2,2.3–3.4,2.75–4.0,3/4,4.5–7.0,4–6-merou,5–11,7.5–10.5,8.0–11.4,acuminate,aequilateral,almost,alveolate,alyx,anthesi,apart,apical,apparently,area,articulated,axe,ba,berry,blade,branch,broad-based,brochidodromous,bud,capitat,central,channeled,closely,conical,connivent,continuing,cuneate,dehiscence,deltate,dentate,development,difoliate,distally,dorsally,eaf,eed,either,endocarp,enlargement,entir,entire,equal,exocarp,fertile,filament,filiform,forking,free,frui,geminat,glabrou,gradually,immature,inclined,increasing,interpetalar,juic,large,line,lon,longer,lower,major,margin,midrib,midvein,minor,narrowly,nflorescence,numerous,oblique,orolla,outline,poorly-developed,pore,portion,potentially,prominent,pseudo-peduncle,ripe,row,ruit,side,sinus,smooth,somewhat,spaced,split,splitting,spread,stamen,stellate-pubescent,straight,suture,tamen,tem,thin,time,tissue,triangular,two,typically,ud,unarme,unarmed,unbranched,vary,vein,wavy,weakly,wide,yellow-ferruginou,ympodia,±appressed	adhesion,arrangement,capitate,colour,form,growth,height,history,inflorescence,length,life,na,ovary,peduncle,perennial,plant,position,presence,pubescence,reproduction,seed,shape,size,staman,stem,texture,yellow-ferruginous
389	wfo-0001028558	success	224	119	89	135	30	0.397	0.1-0.4,0.15-0.5,0.4-1.5,0.8-1.5,1-1.3,1-4,1-9,1.8-2.3,1/3-1/2,1/4,2.2-2.8,2.4-3,2.5-3.5,2.5-5,3-8,4-15,6-10,6-20,6-22,6-7.5,8-12,acute,almost,andromonoecious,anther,apex,base,berry,blade,calyx,chartaceous,cm,connivent,cordate,cream,dark,deltate,densely,diameter,dull,entire,equal,flattened-reniform,fruit,green,herb,lateral,leaf,length,lobe,lobed,long,lower,margin,marking,maturity,mauve,midpoint,mm,moderately,narrow-deltate,often,orange-brown,ovate,pale,pedicel,peduncle,petiole,plant,poricidal,ray,rounded,shrub,simple,smooth,spherical,stellate,stellate-pubescent,stem,style,tapering,terminal,tip,tube,upper,way,wide,yellow,young	-2,-5,.5,/6,0-10,0-30,0-4,0-5,0.1,0.1-0.3,0.2,0.5-0.9,0.5-2,0.6,00-200,1,1-3,1.3-1.8,1.5-2.3,1.5-2.5,1.5-3,1.5-6,1/3,1/4-1/3,15-60,2-5,3-,3-50,3-9,3/,4,4.2-7,4.5-8,5-10,5-60,5-7,5-merous,6-9,7-10,abaxially,adaxially,alyx,ame,apar,apart,apically,apparently,articulated,bark,branched,broad-deltate,c.,clearly,concolorous,conical,curved,discolorous,distal,distance,drying,eaf,eed,elongated,elongating,erect,extending,filament,flattened,flower,free,fruiting,gently,glabrescent,glabrous,gra,hermaphrodite,heterostylous,infructescence,least,long-styled,longer,lowermost,mature,midvein,multangulate,nflorescence,obtu,older,one,open,orolla,oung,pair,pendent,pendulous,per,pericarp,plurifoliat,porrect,portion,prickl,prickle,prickly,primary,reflexed,ruit,scar,sessile,short-styled,side,spaced,sparsely,spreading,stalk,stalked,staminat,stout,straight,surface,tamen,terete,tertiary,time,trichome,unarmed,unit,variously,vary,vein,venation,visible,weakly,woody,yellowish,ympodial	3/4,adhesion,arrangement,climate,colour,corolla,form,glandular,growth,hair,height,history,inflorescence,life,na,number,ovary,perennial,position,presence,present,pubescence,reproduction,seed,shape,size,staman,stigma,stipe,texture
390	wfo-0001028571	success	230	114	67	163	47	0.291	.1,0.4,1,2.5,abaxially,acute,anther,apex,base,blade,broadly,brown,calyx,cm,cordate,dark,dense,diameter,elongated,entire,extra-axillary,fertile,flattened,flower,free,fruit,gland-tipped,glandular-puberulent,globose,hair,highly,lanceolate,length,light,linear,lobe,lobed,long,margin,minutely,mm,nearly,ovate,pale,pedicel,peduncle,petiole,pubescence,ray,shrub,similar,simple,size,somewhat,stellate,stem,stigma,style,summit,surface,thin-textured,tip,tube,variable,white,x,yellow	'',.2,.5,/3,0.2–0.4,0.3–0.4,0.3–0.6,0.4–0.8,0.5–1,0.6–0.8,0.6–1.4,0.75–4,0.9–1.7,0–,1.1-1.4,1.5–2.4,1.7–2.6,1/2,1/3,10–21,11–12,12,13–25,18,1–1.4,1–1.5,1–2,1–5,2,2-foliate,2.5–15,2–10,2–3.4,3,3.4–3.7,3.5–16,3–13,3–5-celled,3–7.5,3–8,4-rayed,40–80,4–10,4–15,5,5.2–9.2,5–15,5–8,62,7–16,8–12,8–14,8–15,9,=,``,absent,accrescent,acicular,adaxially,almost,also,apical,average,axe,ba,bacca,capitat,cell,compressed,contiguou,cover,curved,cylindrical,densely,differing,dilated,dimorphic,directed,distall,divided,eaf,eed,enlarged,erect,especially,exclusively,extreme,fewer,filament,finely,fruiting,geminat,geminate,glabrou,gland,glaziou,half,hyaline,interlocking,larger,longer,longest,lower,lutea,marginal,matura,maturing,merely,minute,multangulate,n,narrowly,near,nflorescence,one,orolla,p,pair,per,perhaps,pore,prickle,proportion,pubescent,rachi,recurved,rounded,ruit,scattered,sessile,shallow,slender,small,smaller,sparsely,spreading,stellae,stipitate,stout,straight,surrounded,tal,tamen,tem,terete,time,tomentose,triangular,unarmed,unbranched,undulate,unit,usually,vary,varying,vestigial,visible,wide,wing,ympodial,–1.6,–19	0.2-0.4,0.3-0.6,0.5-1,0.6-0.8,0.75-4,1-1.5,1.7-2.6,11-12,13-25,2.5-15,3-7.5,3-8,3.4-3.7,3.5-16,5.2-9.2,8-15,adhesion,arrangement,capitate,climate,colour,corolla,form,glabrous,glandular,growth,height,history,inflorescence,leaf,life,midpoint,na,number,ovary,perennial,plant,position,presence,reproduction,rugulose,seed,shape,staman,stipe,texture,ye
391	wfo-0001028583	invalid_json_followup	294	127	70	224	57	0.238	.0,.2,.5,abaxially,acute,adnate,anther,ape,apex,base,blade,borne,brown,calyx,chartaceous,cm,corolla,cuneate,deltoid,densely,developed,diameter,extra-axillary,fruit,geminate,glabrous,glandular,globose,hair,heterostylous,individually,interpetalar,lateral,leaf,lobe,lobed,margin,mature,midpoint,mm,nearly,oblong,ovate,pedicel,peduncle,petiole,poorly,present,pubescence,pubescent,purple,ray,reddish,rounded,shrub,simple,sinuate,sparsely,stellate,stem,stipe,style,subacute,subcoriaceous,tip,tissue,truncate,tube,vein,white	.6,.9,0,0.01,0.06,0.08,0.13,0.2–0.6,0.3–0.6,0.4,0.4–0.6,0.6,0.6–0.9,0.6–1.0,0.6–1.3,0.6–2.2,0.8–1.2,0.8–1.4,0.8–1.5,0.9–1.3,0.9–1.5,1.0–1.2,1.0–2.1,1.1–7.7,1.2–1.9,1.4,1.4–1.5,1.4–1.9,1.4–4.7,1.5–2.4,1.5–3.1,1.8–2.3,1.9–2.6,1.9–3.2,1/2,1/3,1/3–1/2,2.0,2.2–3.1,2.3,2.3–6.8,2.5–2.9,2.6,2.6–3.7,2.6–4.8,2/3,3.1–4.0,3.2–6.2,3.5–3.8,4,4.3,4–8,5-merou,5.1–15.4,5.2,5.2–6.3,5.7,5–9,6.3,6.5–16.0,6.9–9.2,6–8,7.0–1.4,absent,adaxially,aequilateral,ag,alyx,anthesi,apart,apical,apparently,appearing,appressed,around,articulate,attenuate,axe,ba,bark,basal,based,bent,berry,branch,branching,broad,bud,capitate,central,channeled,congested,craspedodromous,deciduous,deeply,deltate,dentate,difoliate,directed,distal,distinct,dry,eaf,edge,eed,either,emerging,endocarp,erect,evenly,exocarp,extending,ferruginous,fertile,filament,filiform,flattened-reniform,flexed,flower,free,glossy,gradually,gree,green,immature,immediately,increasing,incurved,intact,internode,intersepalar,juic,lanceolate,large,layer,lightly,lon,long,longer,lower,major,many,midrib,midvein,minor,minute,moderately,narrowly,nflorescence,oblique,occasionally,opaque,orange,orolla,per,perforated,pitted,pore,porrect,porrect-stellate,portion,potentially,prickle,primary,raised,red,red-brown,red-orang,reflexed,remaining,restricted,ridge,rigid,row,ruit,scattered,secondary,semicraspedodromous,sessile,several,short,shorter,shot,side,sinus,slightly,sloughing,somewhat,spaced,splitting,spread,spreading,stamen,stellae,stellate-pubescent,stigma,stipitate,straight,surface,suture,tamen,tardily,tem,thin,time,toward,transparent,triangular,two,ud,unarmed,unbranched,upper,vary,well,wide,yellow,yellow-ferruginous,ympodia,young,±90°,±equal,±erect,×	'',0.01-0.08,0.06-0.4,0.2-0.6,0.3-0.6,0.4-0.6,0.6-1.0,0.6-1.3,0.8-1.5,0.9-1.5,1.0-1.2,1.1-7.7,1.4-1.5,1.4-1.9,1.4-4.7,1.8-2.3,2.3-6.8,2.5-8,4-8,5.1-15.4,6-8,6.5-16.0,7.0-14.0,[,\u00b1equal,\u00b1erect,\u00d7,``,adhesion,arrangement,characteristic,climate,colour,flattened,form,growth,height,history,inflorescence,length,life,na,number,ovary,perennial,plant,position,presence,reproduction,seed,shape,size,staman,texture,value,{,}
392	wfo-0001028587	success	178	125	86	92	39	0.483	.5,.75,0.3-1,0.5,0.5-1,0.8-1.6,0.8-1.8,1-1.3,1-2,1-4,2-5,2.1-6.9,2.5,6-8,6.5-17.7,abruptly,acuminate,acute,anther,anthesi,apex,bark,base,becoming,brown,calyx,closely,cm,corolla,cracking,dia,ellipsoid,erect,fruit,fruiting,geminate,glabrous,globose,green,greenish-white,layer,leaf,length,lobe,lobed,long,minutely,mm,narrowing,nearly,obovate,obovoid,often,opposite,outer,ovary,ovate,ovoid-reniform,papillose,pedicel,peeling,petiole,pitted,poricidal,puberulent,pubescence,pubescent,pubesent,scar,seed,shrub,simple,slender,spaced,stem,stiff,stigma,style,surface,tip,trichome,tube,uniseriate,white,woody,x	.4,0,0.3,0.7-1.2,0.8-2.9,1-1.5,1.3-5.1,1/4,3-8,8-10,8-10-flowered,accrescent,across,baseflower,berry,ca,chartaceou,coat,cup,deflexed,degree,densely,different,difoliate,distal,drying,eaf,edicel,eed,filament,flower,forming,free,geminat,impressed,keeled,lamina,lateral,like,lon,long-styled,lower,main,major,middle,midrib,minor,minute,nflorescence,obe,occasionally,older,open,overlappin,pair,paler,papillo,per,persistent,pore,portion,reflexed,ruit,scattered,short,slightly,slit-like,sparsely,straight,straw-colored,subumbellate,tall,terminal,thickened,thin,transversel,triangular,two,type,ud,umbonate,unicellular,unit,upon,upper,usually,variable,vein,wide,widest,ympodial,young	1,6,adhesion,arrangement,blade,bud,chartaceous,climate,colour,deflexion,diameter,form,glandular,growth,hair,height,history,inflorescence,life,margin,midpoint,na,number,overlapping,peduncle,perennial,plant,position,presence,ray,reproduction,rugulose,shape,size,staman,stellate,stipe,texture,transversely
393	wfo-0001028594	success	142	95	63	79	32	0.444	.5,0.8-1.8,1-1.2,1-1.3,1-2,1.5-9,12,12-14,2,3-4,3-9,6-20,abaxially,acuminate,acute,anther,apex,axillary,base,black,bottle-shaped,calyx,cm,conical,corolla,densely,diameter,drying,elliptic,flattened-reniform,fruit,glabrous,globose,green,herb,immature,inflorescence,leaf,length,margin,maturity,minutely,mm,orange-brown,ovary,ovate,pedicel,petiole,planar,pubescent,purple,reddish,reflexed,slightly,smooth,somewhat,sparsely,stigma,style,surface,tube,violet,x	0-100,0.3-1.0,1-1.5,1-3,3-6,5-6,6-7,adaxially,along,anthesi,axil,bearing,becoming,berry,capitat,cell,climbing,denser,eaf,edicel,eed,ellipsoid,epidermal,especially,exserted,filament,floo,flower,forest,free,fruiting,glabrat,hair-like,inflorescenc,lax,like,lobe,lon,long,lower,minute,nflorescence,noddin,obtuse,often,open,pair,papillate,pendent,per,portion,primary,projection,quit,rectangular,regular,rest,rounded,ruit,scar,scattered,side,simple,soft,spreading,strait,strongly,tem,time,tip,trailing,trichome,tub,ud,unifoliat,uniseriate,unit,vein,ympodial	arrangement,blade,capitate,climate,colour,form,glandular,growth,hair,height,history,life,midpoint,na,number,perennial,plant,position,presence,pubescence,ray,reproduction,rugulose,seed,shape,size,stellate,stem,stipe,texture,unifoliate,ye
394	wfo-0001028660	success	204	118	86	118	32	0.422	0.5-2.8,0.5-5.5,0.8-1,0.9-2.5,1-2,1.5-2.8,1.5-4,1.5-7.6,2-9,3-30,3-7,3.8-13,4-6,7-10,abaxially,acute,adaxially,anther,apex,attenuate,axillary,base,blade,blue,broadly,brownish,bud,chartaceous,ciliate,clavate,cm,condition,corolla,decurrent,densely,diameter,drying,elliptic,entirely,fresh,fruit,glabrous,globose,green,greenish,hair,herb,lanceolate,like,linear,lobe,long,margin,membranous,minutely,mm,narrowly,oblique,obtuse,odd-pinnate,ovoid,pedicel,peduncle,pentagonal,petiole,plant,puberulent,pubescent,purple,rotate,seed,size,sparsely,specimen,stem,stigma,style,substellate,subtending,terminal,tinged,tube,white,whitish,x,yellow	0-5,0.1-0.3,0.2-1.1,0.3-1.1,0.7-4.2,1-10,2-11,2-5,2-6,20,3-5,3-9,5-8,5-merou,6,absent,acumen,ag,along,alyx,apart,apparently,articulated,axe,berry,borne,capitat,cell,connivent,covering,decumbent,digestion,distal,dorsally,dot,eaf,edge,eed,end,enzyme,erec,especially,exceeding,except,filament,flat,flower,folded,forked,geminat,generally,glabrou,greatly,green-white,hair-like,half,homostylous,honeycomb-shaped,interjected,lateral,leaflet,lengthening,less,living,lower,make,middl,midrib,mucilaginous,nflorescence,often,orbicular,orolla,ovate,pair,perfect,petiolulate,petiolule,plurifoliate,pore,poricidal,proximal,rarely,reduced,removed,ripe,ruit,scabrous,scattered,sessile,seudostipule,short,singly,slit,spaced,stamen,ste,stolo,straight,subequal,sunny,tall,tamen,tem,testal,thick,throughout,tip,tri-,tuber,typically,unit,unwinged,usually,vary,wall,wet,ympodial	adhesion,arrangement,calyx,capitate,climate,colour,form,glandular,growth,height,history,inflorescence,leaf,length,life,midpoint,na,number,ovary,perennial,position,presence,pubescence,ray,reproduction,rugulose,shape,staman,stellate,stipe,surface,texture
395	wfo-0001028666	success	159	107	76	83	31	0.478	0-0.1,0.2-0.3,0.25-0.4,0.3-0.45,0.3-0.6,0.4-0.8,0.7-0.8,0.8-2,1-1.5,2.2-2.3,2.5-7,3-4.5,4-5,4-5.5,5-11,7-8,abaxially,absent,acute,adaxially,anther,apex,base,blade,brown,calyx,chartaceous,cm,connivent,cordate,densely,diameter,ellipsoidal,elliptic,entire,extra-axillary,fruit,glabrous,gland-tipped,grey-green,hair,inflorescence,lanceolate,lavender,length,lobe,margin,midpoint,mm,moderately,obtuse,ovate,pale,pedicel,peduncle,perennial,petiole,pubescent,purple,ray,red,rhizomatous,short,shrub,simple,somewhat,stellate,stellate-pubescent,stigma,style,succulent,tube,white,x,yellow,yellowish	%,0-2,0.05-0.1,0.1-0.15,0.2-0.25,1,1-2,1-locular,11-19,2.5-5,2.6-4.2,3-4,3-6,4-5-merou,7-11,7-9,absen,accrescent,across,adaxiall,alyx,apart,apparen,articulated,axe,ba,capitat,cylindrical,directed,distall,distributed,eaf,eed,eglandular,erect,exceeding,exocarp,finger,flower,fruiting,incomplete,juicy,lamina,lateral,long,lower,mature,mesocarp,minute,nflorescence,oblique,orolla,part,per,perfect,placenta,pore,porrect,prickle,pseudo-umbellate,ruit,scattered,septum,sessile,solitary,spaced,stalk,stellae,tal,tamen,tem,thick,throughout,time,transparent,unarme,unarmed,unbranched,unit,unknow,vary,wide,ympodial	adhesion,arrangement,capitate,climate,colour,corolla,form,glandular,growth,height,history,leaf,life,na,number,ovary,plant,position,presence,present,pubescence,reproduction,rugulose,seed,shape,size,staman,stem,stipe,surface,texture
396	wfo-0001028667	success	129	96	60	69	36	0.465	-2.6,.5,0.4-0.7,0.7-4,1-1.5,1-4.5,1-6,1.3-2,3,3-11,acute,apex,axillary,base,calyx,cm,completely,conical,coriaceous,corolla,creamy,diameter,dry,elliptic,entire,flattened,glabrous,growth,inflorescence,leaf,lobe,margin,minutely,mm,narrowly,occasionally,pale,pedicel,peduncle,petiole,pitted,reniform,revolute,shiny,shoot,short,simple,stem,straw-colored,strongly,surface,terminal,triangular,tube,vine,white,woody,wrinkling,x,yellow	1-2-1.5,5,5-20,5-merou,8-10,aid,alyx,anthesi,apar,appearing,ark,around,articulated,berry,branch,branched,cell,climbin,climbing,clustered,curling,deciduous,discolorous,eaf,eed,ellipsoid,exfoliatin,exfoliating,exserted,fide,flower,fragrant,fruiting,irregularly,like,long,lower,mentz,midrib,new,nflorescence,older,orolla,other,outer,papilla,papillat,pendan,per,perfect,plurifoliat,primary,scar,sleeve,slender,slightly,small,soon,spaced,support,tem,tip,twice,twining,ud,unit,vein,visible,ympodial	adhesion,anther,arrangement,blade,climate,colour,form,fruit,glandular,hair,height,history,length,life,midpoint,na,number,ovary,papillae,perennial,plant,position,presence,pubescence,ray,reproduction,rugulose,seed,shape,size,staman,stellate,stigma,stipe,style,texture
397	wfo-0001028672	success	207	125	94	113	31	0.454	.5,/4,0-13,0.3-1,0.5-0.7,0.5-1,0.7-3,0.8-1,1.3-8,1.5-3,1.8-2.2,1.8-2.5,1/4,2.4-2.8,2.5-12,2.5-3.5,4-6,5-10,5-8,6-12,abaxially,acute,almost,andromonoecious,anther,apex,apically,base,berry,blade,branched,calyx,chartaceous,cm,connivent,cream,dark,deltate,diameter,equal,erect,flattened-reniform,fruit,glabrescent,glabrous,green,hair,lateral,leaf,length,lobe,lobed,long,lower,margin,marking,maturity,mauve,midpoint,mm,moderately,obtuse,orange-brown,ovate,pale,pedicel,peduncle,petiole,plant,poricidal,ray,rotate,rounded,shrub,simple,smooth,sometimes,sparsely,spherical,stellate-pubescent,stem,style,surface,tapering,terminal,tip,truncate,tube,upper,way,wide,yellow,yellow-orange,young	-6,-merous,0,0-15,0-150,0-5,0.2,0.2-0.4,0.2-0.7,0.5-1.2,0.5-5,1,1-2,1-3,1.5-2.2,1/,1/4-1/3,2-10,2-20,2-3,2-30,3-5,3-8,4-8,5,9-15,acut,adaxially,alyx,ame,apar,apart,apparently,articulated,bark,black,broad,broad-deltate,brow,c.,concolorous,difoliate,discolorous,distal,distance,drying,eaf,eed,elongated,elongating,extending,filament,flattened,flower,free,fruiting,geminat,gray,hermaphrodite,heterostylous,infructescence,long-styled,longer,lowermost,mature,midvein,minute,nflorescence,older,one,open,orolla,oung,pair,pendulous,per,pericarp,porrect,portion,prickl,prickle,prickly,primary,reflexed,ruit,scar,sessile,short-styled,side,spaced,spreading,stalk,stalked,staminat,straight,tamen,terete,tertiary,time,translucent,trichome,unarmed,unit,usually,variously,vary,vein,venation,visible,weakly,woody,yellow-green,ympodial	1/2,adhesion,arrangement,climate,colour,corolla,form,glandular,growth,height,history,inflorescence,life,na,number,ovary,perennial,position,presence,present,pubescence,reproduction,rugulose,seed,shape,size,staman,stellate,stigma,stipe,texture
398	wfo-0001028674	success	196	134	108	88	26	0.551	0.1,0.7-1,1-1.5,1-2,1-3,1.5-3,1/4,10-15,2-2.5,2-3,2-5.5,2.5-3,3-10,3-11,3-3.5,3-4-lobed,4-4.2,4-5,5-7,8-10,abaxially,acuminate,acute,adaxially,angulate,anther,apex,apiculate,attenuate,basal,base,berry,blade,brown,c.,calyx,campanulate,chartaceous,cm,coriaceous,corolla,densely,diameter,elliptic,entire,flattened,flower,fruit,glabrescent,glabrous,glandular,glandular-puberulent,glandular-pubescent,globose,green,greenish,growth,heterostylous,hirsute,leaf,leaf-opposed,lenticular,like,lobe,lobed,margin,maturing,midpoint,mm,mucilaginous,ovary,pedicel,peduncle,perfect,petiole,plant,poricidal,porrect,ray,reddish,reniform,rounded,rusty,scattered,shrub,simple,sparsely,stellate,stem,stigma,style,subcapitate,subglobose,surface,tapering,terete,tip,tomentose,triangular-lanceolate,trichome,tube,variegated,way,white,woody,x,yellow,young	-1,0.2-0.25,0.2-0.3,0.5-0.7,0.5-0.8,0.7-1.0,1/3,10-30,5-6,adaxial,armed,articulate,bark,branched,branching,brow,caly,confined,conical,cream,curved,dark,directed,distal,distally,eaf,eed,eglandular,erec,erect,especially,exserted,face,fewer,filament,free,fruiting,juvenile,larger,lateral,laterally,leave,lengthening,linear-lanceolate,long-styled,lower,minute,much,new,nflorescence,ochraceous,older,one,partially,pericarp,plurifoliat,pore,portion,prickle,prickly,pubescent,raise,recurved,reduced,reticulate,ruit,scar,sessile,shallowly,short-styled,similar,slightly,staminate,stellate-pubescent,stellate-tomentose,straight,subsessile,testa,thick,time,ud,unarmed,unicellular,unit,upper,whitish,yellowish,ympodial	adhesion,arrangement,climate,colour,form,hair,height,history,inflorescence,length,life,na,number,perennial,position,presence,present,pubescence,reproduction,rugulose,seed,shape,size,staman,stipe,texture
399	wfo-0001028680	success	236	135	103	133	32	0.436	.0,.2,.3,.5,.8,0.2–0.3,0.3–2.1,0.5–0.8,0.5–2.3,0.9,1,1.1–6.5,1.2,1.4–1.8,1.9–2.4,1/2,2.2–2.5,3.8–4.6,6–8,abaxially,acuminate,adnate,aequilateral,anther,apex,apiculate,appearing,attachment,attenuate,base,blade,brown,calyx,cm,coriaceous,corolla,deltoid,diameter,dry,elliptic,entire,extra-axillary,fast,flattened-orbicular,flattened-reniform,fruit,glabrous,glandular,globose,growth,hair,homostylous,lanceolate,lateral,lobe,lower,margin,markedly,mature,midpoint,mm,nearly,notched,obtuse,occasionally,ovate,pedicel,petiole,point,pubescent,ray,reddish,revolute,rounded,shoot,short,shortly,shrub,simple,sinuate,slightly,sometimes,sparsely,stellate,stem,stigma,style,sub-cordate,surface,terminal,tip,toward,truncate,tube,typically,white,yellow,yellow-tan,±90°,±glabrous,±straight,×,–1.75	0.4,0.9–1.0,0.9–1.2,1.1,1.2–2.2,1.6–2.5,1.7–2.1,1.7–2.2,1/3,1/4–1/3,1–2,2.1–3.0,2.2–3.0,2–3,3.2–3.5,4.3–5.9,4–5,4–5-merou,5.2–7.2,?,adaxially,ag,alyx,anthesi,apical,apparently,appresse,around,articulate,ba,bark,based,berry,borne,broad,brochidodromous,capitat,channeled,connivent,dentate,developed,development,directed,distal,distally,distinct,eaf,edge,eed,either,emerging,endocarp,exocarp,extending,fertile,filament,filiform,flexed,flower,free,glossy,gradually,hort,increasing,individually,intact,internode,interpetalar,intersepalar,isolated,juic,layer,limp,lon,long,longer,many,middle,midrib,midvein,minute,nflorescence,opaque,orolla,per,perforated,pitted,plurifoliate,poorly,pore,porrect,portion,potentially,presen,prickle,rachi,raised,remaining,retrorse,ruit,scattered,see,sessile,shorter,side,sinus,sloughing,splitting,spread,stamen,stellae,straight,suture,tamen,tem,thin,time,tissue,transparent,ud,unarmed,unbranched,vary,vein,weakly,wide,yellow-ferruginou,ympodia,young,±absent,±equal,–3,–6	.1,4–5-merous,adhesion,arrangement,capitate,climate,colour,form,height,history,inflorescence,leaf,length,life,na,number,ovary,peduncle,perennial,plant,position,presence,present,pubescence,reproduction,rugulose,seed,shape,size,staman,stipe,texture
400	wfo-0001028688	success	137	85	51	86	34	0.372	.5,0.4-1,0.5,0.5-0.75,0.9-1,1-5,1.1-1.2,1.4-2.8,2-3,5-11,5-6,acuminate,acute,anther,apex,base,beneath,calyx,cm,corolla,curl-tipped,glabrous,golden,lanceolate,leaf,lobed,mm,near,nearly,opposite,ovary,overtopping,papillose,pedicel,petiole,pilose,reddish-brown,shaped,shoot,shrub,size,stem,stigma,style,tear-drop,tip,trichome,tube,uniseriate,white,x	0.5-1,0.5-1.5,1-1.5,1-1.8,1-3,2.2-4.8,across,along,anthesi,apar,area,bark,bi-cellular,branch,clavate,deciduous,decreasing,deflexed,deltoid,densely,densest,dia,differing,difoliate,eaf,edicel,eed,elliptic,exfoliatin,exserted,filament,free,furcate,geminat,globose,interpetalar,irregularly,know,known,like,lobe,lon,long,lower,major,markedly,membraneous,middle,minor,minutely,nflorescence,occasionally,often,older,paler,planar,pore,poricidal,portion,proximal,pubescent,ruit,scar,shiny,sinus,slender,slightly,soon,spaced,sparsely,straight,styl,tall,tapering,terminal,thickened,thin,tub,ud,unit,usually,vein,wide,widest,ympodial,young	arrangement,blade,climate,colour,diameter,form,fruit,glandular,growth,hair,height,history,inflorescence,length,life,margin,midpoint,na,number,peduncle,perennial,plant,position,presence,pubescence,ray,reproduction,rugulose,seed,shape,stellate,stipe,surface,texture
401	wfo-0001028690	success	191	111	84	107	27	0.44	0-0.5,0.1-0.2,0.15-0.25,0.3-0.5,0.3-2.5,0.5-0.8,0.8-1,0.8-2,1-5,1.3-6.5,1.5-1.7,2.3-2.8,3-4.5,4-10,4-5.5.5,4-9,4.5-16.5,6-8,7-10,8-9,abaxially,absent,acute,adaxially,andromonoecious,anther,apex,attenuate,base,blade,calyx,chartaceous,cm,connivent,cuneate,densely,diameter,entire,erect,extra-axillary,flower,fruit,glabrous,globose,green,hair,inflorescence,lanceolate,leaf,length,lobe,lobed,long,margin,mid-point,midpoint,mm,moderately,obtuse,ovate,pale,pedicel,peduncle,perennial,petiole,plant,present,purple,ray,rhizomatous,shallowly,shrub,simple,sparsely,stellate,stellate-pubescent,stigma,style,thick,tube,weakly,white,x,yellow	%,.3,0-0.1,0-0.2,0-5,0-7,0.05-0.1,0.2-0.6,0.25-0.4,0.3-0.7,0.4-0.6,0.5-1,0.5-6,1-2,1-7,2-3,2-7,2-locular,2.1-4.5,30-50,4-7,5-6,5-merou,5.5-6,7-30,7-8,9-13,9.5-14,absen,accrescent,across,adaxiall,adult,alyx,apart,articulated,ascending,axe,ba,branch,branche,broad-based,capitat,cross-section,cylindrical,directed,distall,distributed,dm,eaf,eed,eglandular,exocarp,finger,fruiting,functional,geminat,gland-tipped,grey-green,half,heterostylous,juicy,juvenile,lamina,lateral,less,linea,longer,lower,mature,mesocarp,minute,moist,nflorescence,oblique,orolla,pair,part,per,placenta,pore,porrect,prickle,pseudo-racemose,pseudo-umbellate,ruit,sessile,short,somewhat,spaced,stalk,stellae,straight,surface,tal,tamen,tem,throughout,time,unarme,unarmed,unbranched,unit,upper,vary,wide,ympodial	adhesion,arrangement,capitate,climate,colour,corolla,form,glandular,growth,height,history,life,linear,na,number,ovary,position,presence,pubescence,reproduction,seed,shape,size,staman,stem,stipe,texture
402	wfo-0001028696	success	224	136	93	131	43	0.415	.5,2.4,5,abaxially,acuminate,adaxially,anther,apex,asymmetric,attenuate,base,blade,blue,broadly,calyx,cm,coarsely,color,connivent,cordate,densely,diameter,entire,finely,flower,fruit,glabrous,gland-tipped,glandular,globose,hair,hirsute,known,lamina,lateral,lavender,length,lenticular,linear-caudate,linear-lanceolate,lobe,lobed,long,margin,mature,midpoint,mm,narrowly,oblong,obtuse,occasionally,orange,ovate,overtopped,ovoid,pedicel,peduncle,petiole,pilose,pitted,plump,prickle,pubescence,pubescent,ray,reflexed,reniform,repand,rotate-pentagonal,shiny,shrub,simple,sinuate,small,soon,sparser,stellate,stellate-pilose,stellate-pubescent,stem,stigma,style,subterminal,surface,tan,truncate,tube,weakly,well,widely,yellow,young,×	0.8–,1.5–4,12–20,15–17,15–30,1–2,1–4,1–6,2.5,2.8–3.5,2–2.3,2–5,2–7,3.5–5.5,3–5,3–6.5,4–5,4–7,5-merou,5–15,6–13,6–8,7–8,7–9,8–13,8–20,9–10,9–12,accrescent,acicular,adaxiall,along,alyx,ample,anthesi,apart,apparently,armed,articulated,ascending,axe,ba,bifi,borne,branch,branched,bristle,bristle-like,bristly,chartaceous,deltoid,density,developed,difoliate,directed,distally,diverse,drie,eaf,eed,elongate,erect,filament,fruiting,geminat,glabrou,gland,homostylous,intergrading,intermixed,internode,interpetalar,larger,like,lon,long-stipitate,longitudinally,lower,middle,midvein,midzone,moderately,near,nflorescence,numerous,often,one,orolla,per,perfect,pericarp,pore,prickly,principal,prominent,resembling,ruit,scattered,sessile,several-celled,short,short-,shorter,side,slender,slightly,smaller,sometimes,somewhat,spaced,splitting,spreading,stalked,stellae,stellate-hirsute,tall,tamen,tem,tippe,tipped,tissue,toothed,trichome,ud,ultimate,vary,varying,vein,wide,woolly,ympodia	1-2,1-6,1.5-4,12-20,2-2.3,2.8-3.5,3.5-5.5,4-7,5-15,6-13,6-8,7-8,8-13,8-20,9-10,adhesion,arrangement,bifid,climate,colour,corolla,form,growth,height,history,inflorescence,leaf,life,na,number,ovary,plant,position,presence,present,reproduction,rugulose,seed,shape,size,staman,stipe,texture
403	wfo-0001028698	success	166	84	61	105	23	0.367	0.3-0.75,1-2,1-9.8,1.9-4,13-25,2-10,2-4,3-5,5-6,5-8,6-13,6-27,8-10,9-35,broadly,calyx,cm,conical,connate,corolla,dark,diameter,distal,ellipsoid,elliptical,green,green-white,half,herbaceous,interjected,lateral,leaf,leaflet,light,long,medium,mm,odd-pinnate,ovate,ovoid,pair,pedicel,peduncle,pentagonal,perennial,petiole,plant,puberulent,pubescent,rotate,seed,size,stigma,strigose,style,terminal,throughout,violet,white,wide,yellow	0-1.,1-4,1.8-5,2-3,3-17,3-6-foliat,3.5,4-14,5-15,6,abaxiall,abaxially,acumen,acuminate,acute,adaxially,apex,apical,apically,articulate,base,branched,cell,commonly,covering,cuneate,cyme,darker,decurrent,dehiscent,dichasial,dichasially,digestion,diminishing,dorsally,dot,eaf,ebracteate,edge,eed,emoval,enzyme,equal,exceeding,filament,first,flat,flower,folded,forked,generally,globo,gradually,hair-like,honeycomb,introrse,living,lobe,lon,long-attenuate,lower,lunat,make,maturing,minute,monochasial,mucilaginous,nflorescence,nther,oblique,often,orolla,pattern,perfect,petiolule,plan,poricidally,proximal,rachi,raised,rarely,reveal,ruit,sessile,seudostipule,short,slit,smooth,specimen,stamen,straight,tal,tem,testal,thick,toward,tuber-bearing,two,typically,unit,usually,vary,wall,ympodial,¼	0-10,anther,arrangement,colour,form,fruit,globose,growth,height,history,inflorescence,length,life,na,ovary,position,reproduction,rugulose,shape,stem,surface,texture,tube
404	wfo-0001028716	success	145	94	57	88	37	0.393	.2,.5,0.6-1.9,0.75,1-2,11-16.4,2.5-8,3.6-8.8,5-6,7-8,8-9,acuminate,anther,apex,asymmetric,base,brown,calyx,cm,corolla,cuneate,dark,deflexed,ellipsoid,fertilization,fruit,glabrous,glandular,hirsute,leaf,lengthening,lobe,lobed,long,markedly,minutely,mm,opposite,ovary,ovate,papillose,pedicel,petiole,pointed,shape,shaped,shrub,size,stem,style,tear-drop,tip,triangular,truncate,tube,white,x	0.5,1.9-5.5,10-40-flowered,2-4,2.2-7.9,9-10,across,anisophyllou,anthesi,apart,appearing,ba,bark,becoming,beginning,beneath,bi-cellular,branched,decurrent,dia,differing,difoliate,eaf,edicel,eed,elliptic,evenly,except,fifth,filament,filiform,free,geminate,inflorescenc,intermediate,know,known,lateral,lenticellat,less,like,lon,long-triangular,lower,main,major,middle,minor,much,nearly,nflorescence,node,often,older,one,orbicular,pair,pore,poricidal,portion,prominent,proximal,puberulent,pubescent,raised,reflexed,remaining,rounded,ruit,scar,simple,slightly,spaced,sparsely,stigm,straight,strongly,tall,trichome,two,ud,uniseriate,unit,vein,widening,widest,ympodial,young	0.2,adhesion,arrangement,blade,bud,climate,colour,deflexion,diameter,form,growth,hair,height,history,inflorescence,length,life,margin,midpoint,na,number,peduncle,perennial,plant,position,presence,pubescence,ray,reproduction,rugulose,seed,staman,stellate,stigma,stipe,surface,texture
405	wfo-0001028723	success	211	139	120	91	19	0.569	-1.5,.5,0.2,0.8-1,0.8-2,0°,1-1.8,1-2.2,1-2.5,10-15,2-2.5,2-2.7,2-4,3.5-4,4,4-5,5,5-6,5-7,abaxially,acute,adaxially,almost,anther,apex,apically,bark,base,brachyblast,branch,branched,branching,broadly,brown,calyx,capitate,clustered,cm,conical,corolla,curved,dark,deltoid,dendritic,densely,density,diameter,dilated,drying,elliptic,entire,equal,except,faint,fine,flat,flexuous,glabrous,gradual,leaf,length,liana,like,lobe,lobed,long,long-attenuate,longitudinally,main,margin,membranous,midvein,minutely,mm,obconical,oblong,obovate,obtuse,occasional,orange-brown,overlapping,pair,pedicel,peduncle,petiole,poricidal,primary,pubescent,raised,ray,ridged,scar,short,shrub,side,simple,slender,small,sparsely,spreading,stem,stigma,stump,style,surface,terminal,tertiary,tip,transition,trichome,tube,unarmed,unevenly,vein,venation,white,widely,wrinkled,x,youngest	.3,0-0.5,1,1-1.5,1/3-1/2,1/5-1/3,10-16,2.5,3-4,abaxial,age,alternate,alyx,another,anthesi,apar,apice,apparently,articulated,becoming,clearly,common,concolorous,decurrent,delineated,developed,divided,domatia,dorsifixed,eaf,eed,ellipsoi,ey,filament,flower,formed,free,frequent,green,increasing,inner,junction,know,known,lengthening,less,lower,m.,middle,mostly,much,multiply,naked,narrowly,nflorescence,nther,one,orolla,outer,ovate,pale,papillo,perfec,plurifoliat,poorly,pore,portion,prominent,protruding,rachi,region,regular,ruit,separated,sinus,smaller,smooth,surrounding,tearing,tissu,toward,tuft,ud,uneven,unit,vary,visible,wide,yellow,ympodial,young	apart,arrangement,colour,form,fruit,growth,inflorescence,na,number,ovary,papillose,position,pubescence,ridging,rugulose,seed,shape,size,texture
406	wfo-0001028725	success	197	115	90	107	25	0.457	-10,0.1-0.2,0.6-1,1-2,1.5-1.7,1.5-2,1.5-4,10-12,2.5-3,2.5-8,3-4,3-6,4-12,7-8,acute,anther,apex,basal,base,berry,brown,bud,calyx,chartaceous,clavate-truncate,cm,connate,cordate,corolla,densely,depressed,diameter,elliptic-ovate,entire,flattened,flower,glabrous,glandular,glandular-pubescent,glandular-tomentose,glandular-villose,globose,green,growth,inflorescence,internodal,lanceolate-subulate,leaf,leathery,linear-lanceolate,lobe,long-styled,margin,midpoint,mm,moderately,oblique,ovary,ovate,pedicel,peduncle,persistently,petiole,pubescence,pubescent,ray,recurved,reniform,repand-angular,rounded,rusty,rusty-brown,rusty-tomentose,shrub,simple,size,slender,stellate,stem,stigma,style,surface,terete,terminal,tomentose,trichome,tube,unarmed,violet,x	.1,0.2-0.5,0.3-0.4,1-1.5,1.2-1.5,1/4,2,3-plurifoliat,4-5,4-6-celled,4-locular,5-10,7,abaxially,acicular,adaxially,anthesi,armed,articulated,bark,clearly,closely,curved,denser,discolorous,distal,eaf,eed,eglandular,elongate,enlarged,exserted,filament,finely,free,fruiting,glabrescent,gland-tipped,greatly,greyish,heterostylous,inconspicuous,lengthening,like,lobed,long,longer,lower,midrib,minute,minutely,mixed,multicellular,nearly,new,nflorescence,obverse,older,papillo,perfect,pericarp,pore,poricidal,porrect,portion,prickle,prickly,reduced,reflexe,reflexed,rest,reticulate,ruit,scar,sessile,short-styled,short-talked,similar,slightly,slit,small,somewhat,space,sparsely,stalked,staminate,stellate-tomentose,straight,strongly,tall,tapering,testa,tip,turbinate,ud,undulate,unevenly,unit,upper,varying,vein,velutinous,viscid,whit,yellow,yellowish,ympodial	adhesion,arrangement,blade,climate,colour,form,fruit,hair,height,history,length,life,na,number,plant,position,presence,present,reproduction,rugulose,seed,shape,staman,stipe,texture
407	wfo-0001028736	success	180	113	83	97	30	0.461	0.2-0.4,0.5,0.5-1,0.5-1.5,0.5-1mm,0.5-2,1,1-1.5,1-2,1-3,10-15,2-4,2-5,3-5,3.5-5,4-12,4-6,5-10,6-13x3-8,6-8,absent,acute,anther,apex,attenuate,base,blade,brown,calyx,chartaceous,cm,connivent,cylindrical,densely,diameter,extra-axillary,flower,fruit,glabrous,glandular,globose,green,hair,immature,leaf,length,lobe,lobed,mature,midpoint,mm,moderately,mottled,narrowly,nearly,obtuse,orange,pedicel,peduncle,per,petiole,pubescent,ray,red,reniform,rhombic,shrub,side,simple,sparsely,stellate,stem,stigma,style,surface,tapering,triangular,tube,unlobed,white,x,yellow,yellow-white	1.5,1.5-3,1/6,2-7,3-6,3-8,4-9,40-70,5-15,5-merou,abaxially,accrescent,adaxiall,adaxially,alyx,apar,apical,apparently,armed,axe,berry,beyond,contiguous,cordate,created,cut,dark,decurrent,difoliate,directed,discolorous,eaf,eed,either,exserted,filament,filiform,flattened,frui,fruiting,geminate,glabrou,gree,introsel,less,light,like,long,lower,m.,major,many,midrib,midvein,multicellular,multiseriate,netlike,nflorescence,occasional,occasionally,onto,orolla,pair,perfect,pit,pore,porrect-stellate,prickle,purple,rachi,raised,recurved,ridge,roselike,ruit,scanden,sinus,slightly,small,spaced,stalk,stamen,ste,tamen,tem,thin-skinned,unarmed,unbranched,unequa,unicellular,uniseriate,unit,vary,vein,way,wide,ympodial	adhesion,arrangement,climate,colour,corolla,form,growth,height,hermaphroditic,history,inflorescence,life,margin,na,number,ovary,perennial,plant,position,presence,present,pubescence,reproduction,rugulose,seed,shape,size,staman,stipe,texture
408	wfo-0001028737	success	151	107	77	74	30	0.51	0.2-0.5,0.7-2,1,1-6,1.5-3.5,12-14,16-30,2-3,2-5,2.8-3.5,3-5,4-10,4-9,6,7-15,acute,apex,apical,apically,base,branched,calyx,cm,connate,corolla,cyme,decurrent,dehiscent,diameter,dichasial,dichasially,distal,elliptic-lanceolate,flower,forked,glabrescent,glandular,globose,green,green-white,half,herbaceous,honeycomb,introrse,lanceolate,leaf,leaflet,long,maturing,mm,monochasial,mucilaginous,oblique,odd-pinnate,often,ovoid,pattern,pedicel,peduncle,perennial,perfect,petiole,plant,poricidally,rachi,seed,sessile,short,size,slit,stellate,stigma,strongly,style,throughout,wide,yellow	1-2.5,1-4,10,3-4,3-6-foliat,4-6.5,5-6,abaxially,absen,acumen,acuminate,adaxially,apiculate,articulate,attenuate,caudate,cell,covering,digestion,diminishing,dorsally,eaf,ebracteate,edge,eed,emoval,enzyme,exceeding,filament,flat,folded,generally,globo,gradually,hair-like,interjected,larger,lateral,living,lobe,lon,lower,make,nflorescence,nther,oblong,orolla,pair,pinnatifi,plan,proximal,reveal,ruit,second,seudostipule,specimen,stamen,straight,tal,tem,terminal,testal,thick,throughou,toward,tuber-bearing,typically,unit,vary,wall,whit,without,ympodial,¼	anther,arrangement,branching,colour,decurrence,dehiscence,form,fruit,growth,height,history,inflorescence,length,life,maturation,mucilaginousnes,na,number,ovary,position,pubescence,reproduction,rugulose,shape,stem,surface,texture,tube,wet,white
409	wfo-0001028773	success	169	109	79	90	30	0.467	0-0.2,0.15-0.3,0.15-0.35,0.4-0.5,0.5-0.58,0.8-0.9,0.9-2.8,1-3,1-4.3,2-6,2.2-2.8,3-4.5,4-6.5,4-7,5-6.5,7-9,abaxially,absent,across,adaxially,anther,apex,base,blade,broadly,brown,calyx,chartaceous,cm,cordate,densely,diameter,elliptic,entire,erect,extra-axillary,flower,fruit,glabrous,gland-tipped,glandular,globose,green,greenish-white,grey,hair,inflorescence,leaf,length,lilac,lobe,long,margin,midpoint,mm,obtuse,ovate,pale,pedicel,peduncle,perennial,petiole,ray,red,rhizomatous,rotate,rotate-stellate,rusty,short,shrub,simple,stellate-pubescent,style,surface,thick,tube,white,x,yellow	%,.7,0-1,0.1-0.2,0.15-0.25,0.3-0.4,0.3-0.5,0.3-0.6,1-2,1-locular,1.4-2,10-16,2,2-5,2-foliate,3-5,3.3-3.8,30-55,4.5-5.5,5-merou,6-11,7-8,absen,accrescent,adaxiall,adult,alyx,apart,apparen,articulated,axe,ba,directed,distall,distributed,eaf,eed,eglandular,exceeding,exocarp,finger,fruiting,geminate,homostylous,incomplete,juicy,juvenile,lamina,lateral,lobed,lower,mature,mesocarp,minute,nflorescence,oblique,onl,orolla,pair,part,per,perfect,placenta,pore,porrect,prickle,probably,pseudo-racemose,ruit,septum,sessile,shallowly,solitary,spaced,stellae,succulent,tal,tamen,tem,throughout,time,unarme,unarmed,unbranched,unit,upper,vary,wide,without,ympodial	0-16,adhesion,arrangement,climate,colour,corolla,form,growth,height,history,life,na,number,ovary,plant,position,presence,present,pubescence,reproduction,rugulose,seed,shape,size,staman,stellate,stem,stigma,stipe,texture
410	wfo-0001028774	success	141	90	49	92	41	0.348	0.4-0.7,1.4-1.8,1/2-2/3,10-20,2.5-3.5,2.5-4.0,2.7-3.3,3-8,4-8,5-9,9-12,anther,arcuate,base,blade,bright,broadly,calyx,campanulate,chocolate-brown,cm,dm,dry,erect,glabrous,grayish-green,hair,internodal,lenticular,linear-lanceolate,lobe,long,margin,mm,ovate,pentagonal-stellate,perennial,petiole,pinnatifid,spherical,spreading,stellate,stellate-pubescent,stem,surface,tube,undulate,velvety-farinaceous,yellow	0.5-0.8,12-20-rayed,3-5,3-7,30-60,6-10-flowere,8-12,accrescent,acro,almost,along,alyx,annually,anthesi,appearance,armed,beneath,berry,broad,closely,deeply,density,developing,dia,difoliate,distinctive,divided,eaf,eed,elongate,emerging,extended,externally,fine,foveolate,fully,geminat,giving,herb,herbage,hetermorphic,invested,irregular,least,lengt,lon,lowermost,maturity,merely,midvein,minutely,nflorescence,numerous,often,orolla,otherwise,per,prickle,prickly,rounded,ruit,scattered,separated,short,short-stipitate,slende,smooth,somewhat,spaced,splitting,stellate-woolly,stout,straight,strait-yellow,surrounding,tall,tamen,thick,tightly,tigma,tub,tyle,unarmed,unexpande,unit,vary,varying,vestiture,weakly,woody,ympodial,zygomorphic	12-20,adhesion,apex,arrangement,climate,colour,corolla,diameter,form,fruit,glandular,growth,height,history,inflorescence,leaf,length,life,midpoint,na,number,ovary,pedicel,peduncle,plant,position,presence,pubescence,ray,reproduction,rugulose,seed,shape,size,staman,stigma,stipe,style,texture,unexpanded,ye
411	wfo-0001028777	success	205	127	97	108	30	0.473	-12,-2.5,-4,0-2,0.1-0.3,0.2,0.4-0.8,0.5-1.3,0.6-1,0.7-1.2,0.8-2.2,1-2.5,1.5-3,1.5-4,1.8-2.5,2.5,2.5-5,3/4-4/5,4.5-8,8,8-15,abaxially,acute,anther,apex,apically,attenuate,base,berry,blade,calyx,chartaceous,cm,connivent,dark,deltate,diameter,entire,equal,flattened-reniform,fruit,glabrescent,glabrous,green,inflorescence,leaf,length,lobe,lobed,long,margin,marking,maturity,mauve,midpoint,minute,mm,moderately,obovate,orange,orange-brown,ovate,pale,pedicel,peduncle,petiole,poricidal,present,ray,red-brown,reflexed,retuse,rounded,shoot,short,shrub,simple,small,sometimes,sparsely,spherical,stellate,stellate-pubescent,stem,style,tapering,terminal,tip,tree,trichome,truncate,tube,unarmed,way,white,wide,young	-10,-3,.5,.8,.9,0-30,0.1-0.2,0.7-1.3,0.8-1,1,1-2,1-3,1.5,1/4,1/4-1/2,2-,2.5-3,3,3.5-5,4-5-merous,6-10,7-11,acuminat,alyx,ame,apar,ape,articulated,bark,branched,briefly,c.,concolorous,curved,deciduou,discolorous,drying,eaf,eed,elongating,erect,faint,filament,flower,free,fruiting,glabrescen,green-brown,infructescence,lengt,less,long-styled,longer,lower,mature,multangulate,narrow-deltate,nflorescence,occasionally,older,one,open,orolla,oung,pair,per,perfect,pericarp,plurifoliat,porrect,portion,primary,recurved,reflexe,ruit,scar,sessile,short-styled,shorte,shorter,smooth,somewhat,soon,spaced,spreading,stalk,stalked,staminate,stout,strongly,surface,tamen,terete,tertiary,time,unarme,unit,usually,variously,vary,vein,venation,visible,whole,wider,woody,yellow-green,ympodial	2.9,acuminate,adhesion,arrangement,climate,colour,corolla,form,glandular,growth,hair,height,history,life,na,number,ovary,perennial,plant,position,presence,pubescence,reproduction,seed,shape,size,staman,stigma,stipe,texture
412	wfo-0001028788	success	189	116	87	102	29	0.46	0-0.3,0.15-0.4,0.2-0.4,0.4-1.3,0.5-1,0.6-1.2,0.7-1.8,1-10,1-2,1.1-2.3,1.4-1.6,2-3,2.5-3.5,2.5-4.5,2.5-8.5,3-10,4.5-6.5,5-15,6-8,8-10,8-11,acute,adaxially,andromonoecious,anther,apex,attenuate,base,black,blade,brown,calyx,chartaceous,cm,cordate,dark,densely,diameter,entire,erect,extra-axillary,flower,fruit,globose,green,grey,grey-green,hair,inflorescence,juicy,lanceolate,length,lilac,lobe,long,margin,mid-point,midpoint,mm,moist,obtuse,ovate,pale,pedicel,peduncle,perennial,petiole,plant,present,purple,ray,rhizomatous,rostrate,rusty,shrub,simple,stellate,stellate-pubescent,stem,streak,style,thick,throughout,tube,x,yellow,yellowish-green	%,0-0.4,0-10,0-3.5,0.05-0.1,0.1-0.4,0.3-0.5,0.7-1.3,0.7-1.4,0.8-1.1,0.8-1.5,0.8=2.5,1,1-1.5,10-14,10-20,2-5,2.3-3.6,4-locular,5-merou,6-10,6-14,7-10,7-9,abaxially,absen,absent,acicular,across,adaxiall,alyx,anvil-shape,apart,articulated,ascending,axe,ba,broad-based,cross-section,cylindrical,decimetr,directed,distall,distally,distributed,dult,eaf,eed,eglandular,exocarp,finger,fruiting,functional,gland-tipped,half,heterostylous,hig,lamina,lateral,less,longer,lower,markedly,mature,mesocarp,minute,multiradiate,nflorescence,oblique,onl,orolla,part,per,placenta,pore,porrect,prickle,pseudo-racemose,ruit,sessile,short,spaced,stage,stalk,stalked,stellae,straight,tamen,thicker,time,unarme,unarmed,unbranched,unit,unknow,uvenile,vary,weakly,white,wide,yellowish,ympodial	0.8-2.5,adhesion,arrangement,climate,colour,corolla,form,glandular,growth,height,history,leaf,life,na,number,ovary,position,presence,pubescence,reproduction,rugulose,seed,shape,size,staman,stigma,stipe,surface,texture
413	wfo-0001028791	success	257	89	69	188	20	0.268	+,0.3-0.4,0.4-0.65,0.45-0.55,0.8-1,0.8-1.3,1-1.5,1-3-celled,1.5-2,1.7-2.1,1.8-3.3,10,2-7,2.8-3.0,5-15,5-22,50-80,9-30,9-35,acuminate,anther,base,broadly,brown,calyx,capitate,cm,conical,corolla,deltate,densely,diameter,elliptic,free,fruit,glabrous,globose,green,imparipinnate,interrupted,leaf,liana,lobe,long,mm,obovate,ovary,pale,pedicel,peduncle,petiole,plant,present,pubescence,pubescent,seed,sparsely,stellate,stem,stigma,style,surface,trichome,tube,vine,white,wide,woody,yellow	-0.6,-1.5,-9,.5,0-6,0.05,0.05-0.2,0.2-0.3,0.2-0.4,0.2-0.8,0.25-0.3,0.3-0.5,0.3-0.6,0.3-0.8,0.4-0.5,0.4-0.6,0.4-1.1,0.5,0.6-0.8,0.6-0.9,0.7-1.5,1-2,1-2-celled,1-3,1-celled,1.5-,1.6-4.5,100,2-3,2-3.5,2-7-celled,2-locular,2.5-4.5,20-to,3-,3-4,4-11.5,4-15,4-5+,4-celled,5-,5-10,5-plurifoliate,8-10-celled,abaxially,absen,absent,abundant,acute,adaxially,addition,ag,along,anthesi,apex,apical,appearance,appendage,articulated,articulation,basal,basiscopically,beneath,berr,border,branched,breaking,bullate,cell,clambering,colo.,column,consistently,dark,darker,deciduous,densest,developed,dichotomously,eaf,ebracteate,edicel,eed,eglandular,elongating,enlarged,entire,even,exserted,extended,filament,flower,fruiting,give,glabrescent,glandular,gree,grow,growing,hair-like,half,halfway,head,interjected,internode,lamina,large,lateral,leaflet,leaving,less,like,lon,lower,many,margin,middle,midvein,minutely,mixture,much,multicellular,near,nflorescence,oblique,occasionally,often,outgrowth,pair,paler,papillate,per,petiolule,poorly,primary,protuberance,pseudostipule,rachi,reflexed,rest,rough,round,ruit,sandpapery,scandent,secondary,sessile,short,shorter,silky,simple,single,slightly,small,smaller,sometimes,somewhat,sparse,spreading,stamen,staminal,sterile,stiff,straight,tal,tem,terminal,tertiary,testa,thick,thickened,time,tip,touch,transparent,truncate,ud,unicellular,uniseriate,unit,upper,usually,vegetation,vein,wall,winged,ympodial,–1-2-celled	adhesion,arrangement,colour,form,growth,height,history,inflorescence,length,life,na,perennial,position,presence,reproduction,rugulose,shape,size,staman,texture
414	wfo-0001028798	success	214	128	96	118	32	0.449	0-1,0.2-0.4,1-3,1-4.5,1.1-2,1.5-1.8,1/20,10,2-3.75,2-6,2-7,2.4-4.4,2.6-4,2/3,3-5,3.3-5.6,5-8,7-8,8-18,abaxially,acuminate,acute,adaxially,anther,apex,attenuate,base,becoming,blade,calyx,chartaceous,cm,conical,corolla,decurrent,densely,diameter,dm,entire,fleshy,flower,fruit,granular,greenish,growth,hair,inserted,lanceolate,lateral,leaf,length,less,lobe,long,margin,minutely,mm,multangulate,oblanceolate,oblong,obovate,obtuse,pale,pedicel,peduncle,persistently,petiole,porrect-stellate,probably,pseudo-terminal,pubescent,rather,ray,ripe,rotate-stellate,rough,rough-granular,semi-ovate,shrub,simple,slightly,stellate-pubescent,stem,stigma,style,subcampanulate,subcoriaceous,subglobose,tomentose,toward,tube,velutinous,way,x,yellow,yellowish	.5-5,0-60,0.5-2,0.9-1.2,1-6,1/2-2/3,15-19,2-3,2.5-3.5,3-4,3.8-4.2,4-5.4,5.25-7.5,6-10,6-8,8.5-13,accrescent,ag,anthesi,apart,apical-lateral,apparently,articulated,axe,axillary,ba,berry,blunt-tipped,boat-shaped,branch,branched,bud,capitat,continued,curved,cylindrical,dehiscing,distal,downward,due,eaf,echinoi,echinoid,eed,exserted,extend,filament,free,fruiting,glabrous,granular-tomentose,green,hal,high,included,introrse,irregularly,lacking,large,lined,lobed,longitudinal,lower,m.,main,many,midvein,mixed,multangulat,nearly,nflorescence,oblanceolat,obscured,often,orbicular,orolla,oung,ovate-lanceolate,overlapping,perfect,persistent,plurifoliate,pore,present,prominent,quite,rachi,ruit,sessile,short,short-stalked,side,slit,small,somewhat,spaced,sparingly,splitting,stalked,stamen,strongly,sulcate,suture,tamen,thick,time,tip,tomentu,tomentum,translucent,unarme,unarmed,unit,unknow,vary,vein,wide,ympodial	adhesion,arrangement,capitate,climate,colour,form,glandular,height,history,inflorescence,life,midpoint,na,number,ovary,perennial,plant,position,presence,pubescence,reproduction,rugulose,seed,shape,size,sparing,staman,stellate,stipe,surface,texture,ye
415	wfo-0001028803	success	204	113	83	121	30	0.407	.5,0.5–1,0.5–3,10,1–1.2,1–2,1–3.5,2–10,2–3,2–4,3–4,4–10,4–7,5–8,6–10,8–12,8–14,abaxial,acute,andromonoecious,anther,apex,attenuate,base,blade,brown,calyx,chartaceous,cm,connivent,cupular,densely,diameter,entire,erect,extra-axillary,flower,fruit,glabrous,glandular,globose,green,hair,leaf,length,liana,light,like,lobe,margin,midpoint,mm,moderately,obtuse,ovate,pedicel,peduncle,petiole,plant,pubescent,purple,ray,reniform,rounded,scandent,shrub,simple,small,spreading,stellate,stem,stigma,style,surface,tan,tapering,tree,triangular,violet,weakly,white,yellow,×	0.5,1,12–14,14–20,1–1.5,1–3,2,2–3.5,3–10,3–6,5,5-merous,75-120,8-12,absent,actinomorphic,adaxial,ag,alyx,anthesi,apart,apical,apparently,appearing,armed,articulated,asymmetrical,axe,ba,bearing,becoming,berry,branch,branched,bud,cordate,curve,curved,curving,cylindrical,darker,developed,difoliate,distal,downward,due,eaf,early,eed,elongated,em,end,exceeding,field,filament,flowering,fruiting,functionally,geminate,glabrou,held,herbarium,hermaphroditic,infructescenc,lacking,late,lobed,long,longitudinal,main,male,midrib,midvein,multiseriate,narrowly,nearly,nflorescence,occasional,often,older,opening,orolla,ower,pair,per,pinnate,pore,prickle,proximally,rachi,recurved,ruit,secondary,sheet,side,slightly,slit,spaced,sparsely,splitting,stalk,ste,stellate-pubescent,surfac,tamen,tomentose,triangula,typically,unarmed,unequa,unit,upright,upward,usually,vary,vein,venation,wid,ympodial,young,zygomorphic	1–20,adhesion,arrangement,climate,colour,corolla,form,growth,height,history,inflorescence,life,na,number,ovary,perennial,position,presence,present,pubescence,reproduction,rugulose,seed,shape,size,staman,stipe,texture,tube,wide
416	wfo-0001028815	success	196	154	120	76	34	0.612	0.4-0.8,0.5-1,1-2,1-4,10-15,14-28,2-4,2-9,22-35,3-4,3-5,5-6,5-7,6-10,6-8,7-16,abaxially,acute,adaxially,along,anther,apex,articulated,articulation,auriculate,axillary,base,basiscopic,broadly,brownish,bud,cell,chartaceous,ciliate,cm,condition,corolla,covering,cuneate,dark,decurrent,diameter,distal,distinct,drying,elliptic,elliptic-lanceolate,especially,fresh,fruit,glabrous,globose,green,green-white,greenish,hair,hair-like,half,herb,high,indistinct,interjected,lanceolate,lateral,leaflet,like,lilac-purple,lobe,long,make,margin,medium,membranous,midrib,minutely,mm,mucilaginous,obtuse,odd-pinnate,onto,ovate,ovoid,pair,papillose,pedicel,peduncle,petiole,plant,puberulent,pubescent,purple,rachi,red-purple,ripe,rotate,rounded,rugose,seed,side,size,slightly,sparsely,splotched,stem,stigma,style,subtending,terminal,testal,thick,throughout,tinged,tip,triangular-lanceolate,tube,wall,wet,whitish,x,yellow	1-10,1-3.5,1-5,2-4.5,2.5-6.5,3-7,4-10,5-merou,acumen,ag,alyx,apart,apparently,axe,berry,blade,capitat,connivent,decreasing,developing,digestion,dorsally,eaf,edge,eed,enzyme,exceeding,filament,flat,flower,folded,forked,geminat,generally,glabrou,hal,homostylous,honeycomb-shaped,lengthening,living,lower,narrowly,nflorescence,orolla,perfect,petiolulate,plurifoliate,pointed,pore,poricidal,purpl,removed,ruit,semi-erec,semi-rosette,sessile,seudostipule,short,slit,spaced,specimen,stamen,ste,straight,tall,tamen,tem,terminated,tri-,unit,unwinged,usually,vary,winged,ympodial,young	adhesion,arrangement,calyx,capitate,climate,colour,decurrence,form,glandular,growth,height,history,inflorescence,leaf,length,life,midpoint,na,number,ovary,perennial,position,presence,pseudostipule,pubescence,ray,reproduction,rugulose,shape,staman,stellate,stipe,surface,texture
417	wfo-0001028876	success	127	98	68	59	30	0.535	.5,/4,0.4-1,0.5-2,1-2,1.5-2,1.5-3,2-2.3,3-8,4-5,5-6,abaxial,abaxially,adaxially,along,anther,apex,base,branched,brown,calyx,capitate,cm,conical,corolla,dark,dendritic,densely,elliptic,glabrous,internodal,leaf,like,lobe,lobed,long,long-triangular,midrib,mm,occasionally,opposite,ovary,papillae,papillose,pedicel,petiole,pubescent,rest,rounded,sagittate,shining,shrub,simple,small,sparsely,speciman,stem,stigma,style,subshrub,surface,trichome,tube,type,uniseriate,way,white,x	3-5,4-8,acute,anthesi,attenuate,bark,closely,dia,difoliate,drying,eaf,edicel,eed,ellipsoid,filament,flower,free,geminat,glabrat,golden,hroughout,included,inflorescenc,know,known,lamina,lateral,leave,lower,main,middle,minutely,nflorescence,nodding,older,overlappin,pair,papillo,planar,pore,poricidal,portion,reddish,ruti,scar,shaped,slender,spaced,straight,tall,tear-drop,tip,tub,ud,unit,vein,widest,ympodial,young	adhesion,alternate,arrangement,colour,diameter,form,fruit,growth,height,history,inflorescence,length,life,na,number,peduncle,perennial,plant,position,presence,pubescence,ray,reproduction,rugulose,seed,shape,size,staman,stellate,texture
418	wfo-0001028883	success	207	102	66	141	36	0.319	1,4,5,50,acute,anther,apex,articulated,attenuate,base,blade,calyx,capitate,chartaceous,cm,coriaceous,dark,deltate,diameter,drying,dull,elliptic,entire,flower,fruit,glabrescent,glabrous,glandular,globose,green,greenish,growth,herb,lateral,leaf,length,less,light,lobe,margin,mm,moderately,narrowly,oblong,pedicel,peduncle,petiole,present,pubescence,pubescent,reniform,ripe,seed,similar,simple,size,slightly,sparsely,stellate,stem,stigma,style,subopposite,surface,white,yellow	0.3–0.6,0.4–1.2,0.5–2,0.6,1.5–7,1–2,1–6,2,2–3,2–5,3–5,4–6,5-merou,6,6–10,6–12,abaxially,absent,accrescent,acuminate,adaxiall,adaxially,almost,along,alyx,antrorse,antrorsely,apar,arched,ark,ascending,axi,becoming,berry,branch,brochidodromous,brow,capitat,cell,ciliate,circular,common,completely,concolorous,connivent,curved,cylindrical,cyme,decurrent,densely,differing,directed,eaf,eed,elliptic-ovate,emarginate,equal,erect,exfoliating,eye,filament,flattened,frui,geminate,geniculat,glabrou,head,hilum,hollow,impressed,introrsely,like,long,longitudinal,lower,lying,membranaceous,midrib,minor,multicellular,naked,new,nflorescence,normally,notably,obtuse,often,older,onto,opening,orolla,ovate-lanceolate,parallel,pendan,per,perfect,plurifoliate,pore,poricidal,primarily,prominent,rachi,rarely,region,rounded,ruit,secondary,sessile,shap,shiny,shrub,single,single-celled,slit,small,sometimes,spaced,sparse,spreading,stalk,straight,subapical,subsessile,swollen,tall,tamen,tem,trichome,unbranched,undulate,uniseriate,unit,vary,vein,venation,visible,whitish,wide,woody,ympodial,×	1-2,1.5-7,2-5,3-5,4-6,6-10,6-12,adhesion,arrangement,brown,climate,colour,corolla,form,hair,height,hermaphroditic,history,inflorescence,life,midpoint,na,number,ovary,perennial,plant,position,presence,ray,reproduction,rugulose,shape,staman,stipe,texture,tube
419	wfo-0001028885	success	214	109	79	135	30	0.369	0.5-1,0.7-2,1-1.2,1-3,1.5-3.5,2-2.5,2.3-2.5,2.5-3.5,3.5-4.5,7-8,9-11,acute,adaxially,anther,apex,apiculate,attenuate,base,berry,black,broadly,brown,calyx,capitate,cm,corolla,cup-shaped,dark,deltate,densely,diameter,ellipsoid,elliptic,entire,fleshy,glabrous,glandular,globose,growth,height,immature,inflorescence,lanceolate,lateral,leaf,lobe,lobed,long,margin,mm,narrowly,pedicel,peduncle,petiole,plant,pubescent,purple,reddish,revolute,ripe,scandent,shiny,shrub,simple,slightly,sometimes,sparsely,stellate,stem,stigma,style,surface,terminal,thin,tip,tube,vine,wide,woody	-1,.5,0.3-0.5,0.5-5,1-1.5,1-2,1.5-1.7,10-20,2,2-,2/3,3-5,3.5-8.5,4-5,5-merou,7-9,9-12,?,abaxial,adaxial,ag,along,alyx,anthesi,apart,apparently,archin,ark,articulated,basal,blackish,branch,branched,cell,collapsing,connivent,dark-pigmented,decurrent,dendriti,distal,dried,drying,eaf,eed,erect,exserted,extending,filament,flower,free,fruiting,furcate,glabrescent,glabrou,golden,gradually,groove,groupe,ilament,inserted,irregularly,known,lamina,leaving,lengthening,less,like,live,loosely,lower,material,midvein,minute,minutely,mostly,multicellular,narrowing,new,nflorescence,noddin,nodding,occasionally,often,older,orolla,pair,papillo,part,peg,perfect,pericarp,pigmentation,plurifoliat,pore,poricidal,portion,primary,quarter,recorded,retaining,rhachi,ruit,scar,scattered,shin,short,sleeve,slender,slit,small,smaller,spaced,spheroidal,spreading,strongly,tangled,tem,third,time,trichome,twinin,ud,uniseriate,unit,upper,usually,vary,vein,wall,way,weak,weak-walled,winged,ympodial,¾	1,2-8.5,abaxially,adhesion,arrangement,blade,climate,colour,form,fruit,hair,history,length,life,midpoint,na,number,ovary,position,presence,pubescence,ray,reproduction,rugulose,seed,shape,size,staman,stipe,texture
420	wfo-0001028888	success	207	148	122	85	26	0.589	0-3.5,0-7,0.15-0.5,1-1.5,1-2,1.5-4,10-25,12.5-25,2-6,2.3-7,2.5-3.3,3-4,3.8-8.3,5-10,5-7,6-11,8-11,8-13.5,abaxially,acuminate,acute,adaxially,along,anther,apex,apiculate,articulated,axillary,base,broadly,brownish,bud,cell,center,chartaceous,ciliate,clavate,cm,condition,connivent,corolla,covered,covering,diameter,dot,drying,elliptic,especially,fresh,fruit,glabrous,glaucous,globose,green,green-white,greenish,hair,hair-like,half,herb,interjected,lanceolate,lateral,leaflet,like,lobe,long,low,make,margin,membranous,middle,midrib,minutely,mm,mottled,mucilaginous,oblique,odd-pinnate,often,orbicular,ovate,ovoid,pedicel,peduncle,pentagonal,petiole,plant,proximal,puberulent,pubescent,purple,ripe,rounded,scattered,seed,short,size,slightly,sometimes,sparsely,stem,stigma,streak,style,subglabrous,substellate,subtending,terminal,testal,thick,throughout,tip,tube,typically,violet,wall,wet,white,whitish,x,yellow	0-5,1,1-10,1-3,2-5,2.3-5,3-5,3.6-12.5,4-25,4-7,5-merou,acumen,ag,alyx,apart,apparently,axe,berry,blade,capitat,central,cuneate,digestion,distal,dorsally,eaf,edge,eed,end,enzyme,erec,exceeding,except,filament,flat,flower,folded,forked,geminat,generally,glabrou,greatly,hal,homostylous,honeycomb-shaped,lengthening,less,living,lower,nflorescence,one,orolla,pair,perfect,petiolulate,petiolule,placed,plurifoliate,pore,poricidal,reduced,removed,ruit,sessile,seudostipule,slit,spaced,specimen,stamen,ste,stolo,straight,subequal,tall,tamen,tem,tri-,truncate,tuber,unit,unwinged,usually,vary,wing,ympodial	adhesion,arrangement,calyx,capitate,colour,form,growth,height,history,inflorescence,leaf,length,life,na,number,ovary,perennial,position,pseudostipule,pubescence,reproduction,rugulose,shape,staman,surface,texture
421	wfo-0001028905	success	210	104	74	136	30	0.352	1,1-3,1.5-2,1.5-3,10,10-15,15-30,2.5-3,3-4,3-5,4,5-15,6-9,acuminate,anther,apex,appressed,axil,base,bilobed,blunt,bluntly,broadly,brown,calyx,capitate,cm,concentrically,conical,corolla,cuneate,deep,dia,enlarged,floral,fork,form,glabrous,glandular,green,hair,leaf,line,margin,minute,mm,oblong,obovoid,orange-yellow,ovary,ovate,ovoid,pedicel,peduncle,petiole,plant,purple-blue,reddish,reticulate,rhachi,rotate,rounded,rugose,shortly,shrub,size,stem,stigma,style,succulent,surface,tube,x,yellow	-20,-3.5,-4,-5,-9,1-,1.5,10-20,2,2-2.5,2-3,200-300,38/1-38/2,40-60,5,5-,7,acuman,acumen,adult,age,almost,also,appearing,aspect,aster,becoming,berry,broad,bud,cell,close,completely,continued,covering,cyme,deeply,developed,distance,distinctly,eaf,eed,ellipsoid,emarginate,entire,equal,even,exceeding,except,exerted,facetted,filament,firming,first,flower,forked,free,frui,fruiting,general,glabrescent,growing,herbarium,inadequate,interacuminal,intermediate,lanceolate,lasting,later,lengthening,less,lobe,lobed,lobing,lon,long,lower,main,may,midrib,mucronate,narrowly,nflorescence,occur,often,pair,paling,papillo,pedicellate,pinnatisect,plurifoliat,pore,poricidal,purpli,range,rarely,reaching,readily,rh,ripe,ruit,ruiting,scarious,scorpioid,seedling,several,shed,short,show,showy,simple,sinus,slende,slit,smaller,soft-wooded,soon,sparse,specimen,spreading,stone,straggly,suffused,tall,tip,tissue,tub,ud,unit,usually,variable,violet,well,year,ympodial,young	adhesion,arrangement,climate,colour,diameter,fruit,growth,height,history,inflorescence,length,life,midpoint,na,number,perennial,plurifoliate,position,presence,present,pubescence,ray,reproduction,rugulose,seed,shape,staman,stellate,stipe,texture
422	wfo-0001028916	success	212	119	91	121	28	0.429	0-0.5,0.2-0.3,0.2-0.4,0.25-0.3,0.4-0.8,0.5-3.2,0.5-3.5,1-1.5,1-2,1-4.6,1-7,1.5-2.5,1.5-3,2-12,3-4,3.5-4.5,5-7.5,7-10,7-18,8-9,absent,adaxially,andromonoecious,anther,apex,base,blade,brown,calyx,chartaceous,cm,connivent,cuneate,deeply,deltate,densely,depressed-globose,diameter,ellipsoidal,elliptical,extra-axillary,fruit,glabrous,gland-tipped,globose,green,grey,hair,herbaceous,inflorescence,later,lateral,length,light,lilac,lobe,lobed,long,loosely,marbled,margin,midpoint,mm,moderately,oblong-attenuate,obtuse,ovate,pale,pedicel,peduncle,petiole,plant,present,purple,ray,resprouter,rotate,rotate-pentagonal,short,simple,sparsely,stellate,stellate-pubescent,stigma,style,surface,throughout,time,tube,x,yellow	%,-8,0-0.4,0-2,0.05-0.1,0.25-0.35,0.3-0.4,0.4-1.3,0.5-3,0.5-5,0.9-1.1,1-3,1-4,1.8-2.2,10-16,14-21,15-25,2-5,2.5-5,3-5,35-50,35-55,4-,4-8,5-10,5-12,5-35,5-9,5-merou,6-20,7-8,8-10,abaxially,absen,abundant,accrescent,acicular,across,adaxiall,adult,alyx,apart,armed,articulated,axe,ba,branche,broad-based,broadly,cut,cylindrical,decimetre,deflexed,directed,distall,distributed,eaf,eed,eglandular,filament,finger,flower,fruiting,functional,half,heterostylous,index,interpetalar,lamina,less,lobing,lon,longer,lower,mature,mesocarp,midvein,minute,minutely,nflorescence,notably,oblique,orolla,part,per,pitted,pore,porrect,presen,prickle,prostrate,rachi,ruit,sessile,shallowly,side,somewhat,spaced,sprawling,stage,stellae,straight,succulen,tal,tamen,tem,thick,tissue,triangular,truncat,unbranched,unit,unknow,uvenile,vary,vein,weakly,white,wide,winged,ympodial	adhesion,arrangement,climate,colour,corolla,form,glandular,growth,height,history,leaf,life,na,number,ovary,perennial,position,presence,pubescence,reproduction,rugulose,seed,shape,size,staman,stem,texture,truncate
423	wfo-0001028920	success	152	122	87	65	35	0.572	.25,.5,0.2-1,0.5-1,0.8-1.1,1-1.2,1-1.5,1-3,2-2.5,2-7,3-3.5,6-15,6-6.5,abaxially,acuminate,acute,adaxially,anther,apex,arachnoid,arachnoid-pubescent,area,attenuate,base,broadly,brown,brownish,calyx,cm,conical,corolla,dark,decurrent,deltate,dendritic,dense,densely,dia,difoliate,elliptic,glabrous,globose,green,leaf,lightly,lobe,lobed,long-styled,minutely,mm,nearly,obovate,occasionally,opposite,ovary,ovoid-reniform,papillose,pedicel,petiole,pitted,pore,poricidal,pubescence,pubescent,shape,shaped,short-styled,shrub,simple,size,small,sparsely,stem,stigma,style,surface,tear-drop,tip,tree,trichome,tube,tuft,unifoliate,uniseriate,white,winged,x	1-2.4,1.5-2,3-15-flowered,3-4,5-9,anthesi,axil,ba,bark,berry,closely,congested,cucullate,deflexed,differing,eaf,edicel,eed,ellipsoid,erect,exserted,felty,filament,fleshy,flower,free,fruiting,geminat,glabrate,gray-brow,later,lateral,lon,long,lower,main,major,middle,minor,nflorescence,obovoid,older,overlappin,pair,planar,portion,present,ruit,scar,somewhat,soon,spaced,strongly,styl,tall,tapering,thick,tub,ud,unit,vein,widest,woody,ympodial,young	adhesion,arrangement,blade,climate,colour,diameter,form,fruit,geminate,glandular,gray-brown,growth,hair,height,history,inflorescence,length,life,margin,midpoint,na,number,peduncle,perennial,plant,position,presence,ray,reproduction,rugulose,seed,staman,stellate,stipe,texture
424	wfo-0001028929	success	210	102	72	138	30	0.343	.7,.9,0-3,0.2-0.3,0.4-0.8,0.5-1.5,0.5-2,0.7-2,1-1.1,2-3,2.2-2.3,2.5-4,2.7-3,4-6,5-6,5-7.5,acute,anther,apex,base,blade,calyx,chartaceous,cm,cuneate,densely,diameter,dull,elliptic,equal,erect,flattened-reniform,fruit,glabrescent,glabrous,hair,inflorescence,lateral,leaf,length,lobe,lobed,long,margin,maturity,midpoint,mm,oblong,obovate,obtuse,orange-brown,pale,pedicel,peduncle,perfect,petiole,ray,red,shrub,simple,smooth,spherical,stellate,stellate-pubescent,stem,style,surface,tapering,tube,white,wide,yellow	-2,-2/3,.5,/5,0,0-1,0-10,0-20,0.1,0.15-0.3,0.2-0.4,0.2-0.8,0.3-0.6,0.7-1,0.8-1,1,1-3,1.5-2.4,1/2,1/4-1/3,2-4,2-6,2-9,2/3-3/4,3-20,3-4,5-25,5-merous,6-8,7-9,8-10,abaxial,abaxially,acicular,adaxial,alyx,apar,apart,ape,apically,apparently,articulated,bark,berry,branched,cell,concolorous,connivent,curved,difoliate,discolorous,distance,drying,eaf,eed,elongating,extending,filament,flower,foliaceous,free,fruiting,geminat,gently,glabrou,gra,infructescence,lon,long-styled,longer,lower,mature,midvein,minute,minutely,narrow-deltate,narrow-ovate,nflorescence,obtu,occasionally,older,one,open,orolla,oung,outline,pair,patch,pendulous,per,pericarp,perpendicular,pit,poricidal,porrect,portion,prickl,prickle,prickly,primary,raised,red-brown,red-green,reticulate,rounded,ruit,scar,sessile,short-styled,side,slender,small,sometimes,spaced,spreading,stalk,stalked,staminate,straight,subsessile,tamen,terete,tertiary,time,tip,trichome,unarmed,unit,usually,variously,vary,vein,venation,visible,way,woody,yellow-green,ympodial	8,adhesion,arrangement,climate,colour,corolla,form,glandular,growth,height,history,life,na,number,ovary,perennial,plant,position,presence,pubescence,reproduction,rugulose,seed,shape,size,staman,stigma,stipe,texture,ye
425	wfo-0001028934	success	177	107	76	101	31	0.429	0.5-0.75,0.5-1,0.5-1.5,0.5-2,1-2,1-3,1.5,1.5-2,10-30,2-2.5,2-3,3-7,5-10,5-6,5-8,6-9,8-14,acute,anther,apex,attenuate,base,blade,brown,calyx,chartaceous,cm,connivent,dark,densely,diameter,extra-axillary,flower,fruit,glabrous,globose,green,hair,immature,leaf,leathery,lobe,margin,mature,midpoint,mm,moderately,narrowly,orange,ovate,pedicel,peduncle,perfect,petiole,pubescent,ray,red,reniform,simple,skinned,spreading,stellate,stem,stigma,style,surface,tan,tapering,triangular,tube,unlobed,vine,white,wide,x,yellow	0.5,1,1-.,1.5-2.5,15-25,2-4,3-5,3-6,5-15,5-merou,6-7,abaxially,absent,accrescent,adaxiall,adaxially,alyx,apar,apical,apparently,armed,asymmetrical,axe,berry,beyond,bud,cordate,created,cylindrical,difoliate,directed,discolorous,distally,eaf,eed,either,em,expanded,exserted,filament,filiform,flattened,frui,fruiting,geminate,glabrou,gree,introrsel,lanceolate,light,like,lobed,long,lower,m.,major,many,midrib,midvein,multicellular,multiseriate,nearly,netlike,nflorescence,obscure,obtuse,often,orolla,pair,per,pirckle,pit,pore,porrect-stellate,prickle,rachi,raised,recurved,reflexed,ridge,roselike,ruit,secondary,side,slightly,small,spaced,stalk,stamen,ste,tamen,thin,unarmed,unbranched,unequa,unicellular,unit,vary,vein,x1-3,ympodial	1-4,adhesion,arrangement,climate,colour,corolla,form,glandular,growth,height,history,inflorescence,length,life,na,number,ovary,perennial,plant,position,presence,present,pubescence,reproduction,rugulose,seed,shape,size,staman,stipe,texture
426	wfo-0001028944	success	212	149	120	92	29	0.566	0.5-0.75,0.5-1,0.5-1.5,0.8-1.5,0.8-5,1-1.5,1-3,1-3-lobed,1-4,1-5,10-20,2-15,2-2.5,2-3,2.5-4,3-4,4-6,4-8,5-10,5-25,6-15,6-8,8-13,abaxially,acute,adaxially,anther,apex,base,blade,branched,brown,brownish,calyx,chartaceous,cm,coarsely,cordate,cuneate,dark,densely,diameter,discolorous,elliptic,entire,equal,erect,especially,extra-axillary,ferruginous,flower,forked,fruit,glabrescent,glabrous,globose,green,growth,hair,highly,lanceolate,leaf,light,like,linear-acuminate,lobe,long,margin,mature,membanaceous,midpoint,mm,moderately,multangulate,narrowly,nearly,oblique,occasionally,often,outline,ovate,pedicel,peduncle,petiole,porrect-stellate,pubescent,purple,ray,reniform,ripe,rotate-stellate,rounded,sessile,shallowly,short-stalked,shrub,side,simple,slightly,small,smooth,stellate,stellate-pubescent,stem,stigma,style,surface,tapered,tip,toward,tree,triangular,tube,unbranched,white,whitish,x,yellow,yellowish,young	.5-2.5,0.75-1.25,1-2,1.5-7,2.5-10,20-50,4-5,5-merou,6-7,7-17,8-10,abundant,accrescent,ag,alyx,apart,apparently,armed,articulated,axe,ba,berry,bright,broad,broad-based,capitat,connivent,covering,curved,cylindrical,deltate,denser,difoliate,directed,distally,divided,eaf,eed,filament,flattened,free,frui,fruiting,geminate,glabrou,halfway,homostylous,interpetalar,long-stalked,longitudinal,lower,main,major,midrib,mucilaginou,nflorescence,numerous,obtuse,opening,orolla,part,perfect,pericarp,pore,prickle,rachi,recurved,ruit,short-,shorter,slit,sometimes,spaced,sparse,sparsely,stalk,straight,strongly,subtending,tal,tamen,tem,thin,time,tissue,unarmed,unit,vary,vein,white-pubescent,wide,ympodial	adhesion,arrangement,capitate,climate,colour,corolla,form,glandular,height,history,inflorescence,length,life,na,number,ovary,plant,position,presence,present,pubescence,reproduction,rugulose,seed,shape,size,staman,stipe,texture
427	wfo-0001028963	success	197	109	83	114	26	0.421	.5,/2,0-0.4,0-2,0.3-1,0.3-1.5,0.45-0.6,0.6-0.9,0.6-1,0.9-1.5,1.5-2,1/5,2-2.3,2-4,2-9,2.4-2.8,3.5-4.2,abaxially,anther,apically,base,bright,broad-deltate,brown,calyx,cell,chartaceous,cm,connivent,densely,diameter,equal,evenly,flattened-reniform,glabrous,green,herb,inflorescence,lanceolate,lateral,leaf,length,light,lobe,lobed,long,lower,maturity,mauve,mm,moderately,narrow-elliptic,orange,outline,pale,pedicel,peduncle,perfect,petiole,pit,poricidal,purple,raised,red,shrub,simple,small,smooth,spherical,stellate,stellate-pubescent,stem,style,surface,tapering,terminal,tip,tube,upper,way,wide,yellow-orange,young	0.1,0.1-0.2,0.1-0.25,0.15-0.3,0.3-0.6,0.3-0.7,0.8-1.8,1-4,1/,1/4-1/3,1/6,2-3,2-5,3-4.5,4-10,4-8,5-25,5-merous,6-10,7-8,acute,alyx,apar,ape,apex,apparently,articulated,attenuate,bark,becoming,berry,blade,concolorous,curved,cuspidat,deltate,difoliate,discolorous,drying,dull,eaf,eed,elongating,entire,erect,eye,filament,flower,free,frui,fruiting,geminat,glabrescent,gra,gray-green,herbaceous,infructescence,less,long-styled,longer,margin,mature,midpoint,naked,narrow-cuneate,narrowly,nflorescence,obtuse,occasionally,older,one,open,orolla,oung,pair,pendulous,per,pericarp,porrect,portion,primary,ray,ruit,scar,sessile,short-styled,shorter,slender,slightly,spaced,spreading,stalk,stalked,staminate,straight,subsessile,tamen,terete,tertiary,time,trichome,unarme,unarmed,unbranched,unit,usually,variously,vary,vein,venation,visible,winged,woody,ympodial	1/2,adhesion,arrangement,colour,corolla,cuspidate,form,fruit,gray,growth,height,history,life,na,ovary,perennial,plant,position,pubescence,reproduction,rugulose,seed,shape,size,staman,texture
428	wfo-0001028971	success	225	122	95	130	27	0.422	0.1-0.4,0.25-0.6,0.4-0.9,1-2,1.5-2.2,1.75-2.5,10-15,15-30,2-5,2.2-3.5,2.5-3.5,2.5-4.5,2.5-5,20-35,3-14,3-5,4-9,5-10,5-8,6-8.5,abaxially,acute,adaxially,anther,apex,appearance,attenuate,base,blade,branched,broadly,calyx,campanulate,cm,coarsely,connivent,deltoid,densely,dentate,diameter,erect,essentially,extra-axillary,farinaceous,flower,form,fruit,glabrous,globose,hair,inflorescence,leaf,length,lenticular,linear-lanceolate,lobe,margin,midpoint,minutely,mixture,mm,obtuse,orange,outline,ovate,ovate-apiculate,pedicel,peduncle,perennial,petiole,pitted,pubescent,ray,reniform-ovate,ripe,sericeous,sessile,simple,spreading-hirsute,spreadingly,stellate,stellate-pubescent,stem,stigma,stipitate,style,surface,tan,thin-textured,trichome,truncate,tube,white,x,yellow	-0.8,-1.4,.1-0.2,0.1-0.5,0.2-0.5,0.25-1.25,0.3-0.6,0.4-1.5,0.8-2.5,05-2.5,1-5,1.5-4,1/5-1/2,2-foliate,3-6,4-5,5-15,6-16,6-9,7-16,acute-,adaxiall,along,also,apart,appearing,armed,articulated,ascending,axe,ba,bearing,becoming,broad-based,capitat,cauline,close,compressed,cylindrical,delicate,directed,distal,distall,eaf,eed,elongate,elongate-deltoid,entire,felty,felty-pubescent,female-sterile,filament,frequently,geminat,grading,growt,inserted,interlobal,invested,lanceolate,largest,later,lateral,laterally,least,lignescent,like,lon,long,longer,longest,lower,major,manifestly,maturit,midrib,minute,much,multiseriate,narrowly,nflorescence,numerous,occasionally,often,one,orolla,other,ovate-lanceolate,pair,per,persistent,pore,prickle,prickly,principal,rachi,reduced,round-tipped,ruit,scattered,short,short-stalked,shorter,side,similar,sinus,smaller,sometimes,spaced,sparse,stalk,ste,stellae,tal,tamen,tem,termination,time,tooth-like,unbranched,underdeveloped,unit,usually,variable,variously,vary,vein,well-developed,wide,ympodial	adhesion,arrangement,capitate,climate,colour,corolla,glandular,growth,height,history,life,na,number,ovary,plant,position,presence,pubescence,reproduction,rugulose,seed,shape,size,staman,stipe,texture,ye
429	wfo-0001028975	success	163	104	67	96	37	0.411	0.5-1,1,1-3,1-5,1.2-1.5,1.5-2,3-3.5,3-6.5,6-6.5,7.5-15,8-9,acuminate,acute,anther,apex,area,bark,base,broad,brown,calyx,cm,conically,corolla,cup-shaped,dark,dia,elliptic,fruit,glabrous,globose,golden,green,immature,leaf,length,lobe,lobed,long,margin,minutely,mm,narrowly,opposite,ovary,ovoid-reniform,pedicel,petiole,pitted,poricidal,pubescent,shiny,shrub,size,small,sparsely,stem,stigma,style,surface,tip,tree,triangular,tube,white,wide,x	.2,.5,0.1-1,1.5-1.8,2.2-6,3-10-flowered,5-ribbed,5.5-10,?,along,anthesi,apart,appearing,beneath,berry,closely,conical,corky,decurrent,deflexed,densely,denser,differing,difoliate,eaf,edicel,eed,entire,epidermi,equal,erect,exserted,extension,filament,free,fruiting,geminat,hyaline,large-celled,late,lateral,like,lon,lower,main,mainly,major,member,mere,middle,minor,nearly,nflorescence,obscured,occasionally,older,once-furcate,one,pair,papillo,pore,portion,prominent,pubescenc,raised,reddi,reflexed,remaining,rib,ruit,scar,shaped,short,simple,sinus,slender,slightly,somewhat,spaced,straight,strongly,tall,tapering,tear-drop,trichome,tub,ud,uniseriate,unit,upper,varying,vein,widest,woody,ympodial,young	0.5,9,adhesion,arrangement,blade,bud,climate,colour,dense,diameter,form,glandular,growth,hair,height,history,inflorescence,life,midpoint,na,number,peduncle,perennial,plant,position,presence,pubescence,ray,reddish,reproduction,rugulose,seed,shape,staman,stellate,stipe,texture
430	wfo-0001028980	success	168	106	76	92	30	0.452	.5,.75,0.5-1.5,1-1.2,1.2-1.8,1.5-1.8,1.5-2,1.5-6,2.5,3-4,4-5,5-6,6,7-12,acuminate,acute,anther,anthesi,apex,base,broadly,calyx,capitate,cm,coarsely,conical,corolla,deltoid,densely,dia,elliptic,flattened-reniform,glabrate,glabrous,glandular,globose,green,leaf,lobe,long,margin,minutely,mm,opposite,ovary,ovate,papillose,pedicel,peduncle,petiole,pitted,planar,poricidal,pubescent,reddish,reflexed,seed,sharply,shrub,size,slightly,small,soon,stem,stigma,style,surface,tall,tip,tree,trichome,tube,uniseriate,white,x,yellowish	.1,/3,1.2-3,2.5-5,20-25-flowered,3/4,5-8,6-8,along,apart,axil,bark,basal,beginning,beneath,berry,black,clearly,corky,cucullate,deflexed,differentiated,differing,difoliate,dry,drying,eaf,edicel,eed,expanded,exserted,extending,f,filament,fleshy,free,frui,fruiting,furcate,geminat,impressed,incrassate,inflorescenc,lamina,lateral,lenticellat,like,lobed,lon,lower,m.,main,major,material,member,middle,minor,nflorescence,occasionally,older,one,ovoid,pair,pale,paler,pit,pore,portion,prominent,ruit,scar,scarious,shaped,shining,simple,sparsely,speciman,strongly,tapering,tear-drop,thick,ti,type,ud,unit,usually,vein,way,widest,woody,ympodial,young	adhesion,arrangement,blade,climate,colour,diameter,form,fruit,growth,hair,height,history,inflorescence,length,life,midpoint,na,number,plant,position,presence,pubescence,ray,reproduction,rugulose,shape,staman,stellate,stipe,texture
431	wfo-0001028982	success	213	121	94	119	27	0.441	.5,0-0.2,0.25-0.5,0.3-0.6,0.35-0.5,0.4-0.65,0.4-1.1,0.5-1.3,1-1.5,1.5-2,1.5-2.5,1.5-4.5,1.6-2.3,3-4.5,4-6,4-7,8-18,abaxially,absent,acute,adaxially,angled,anther,apex,attemuate,basal,base,blade,calyx,chartaceous,cm,connivent,cuneate,cylindrical,diameter,entire,erect,extra-axillary,fruit,glabrous,gland-tipped,globose,green,hair,hastate,inflorescence,interpetalar,lanceolate,leaf,length,lilac,linear-hastate,lobe,lobed,loosely,margin,midpoint,mm,moderately,narrowly,obtuse,pale,pedicel,peduncle,perennial,petiole,present,pseudo-umbellate,ray,red,reniform,rhizomatous,scattered,shallowly,shape,short,shrub,simple,solitary,sparsely,stellate,stellate-pubescent,stigma,style,surface,tan,throughout,tissue,triangular,truncate,tube,unbranched,x,yellow	%,.3,0-2.5,0-3,0.2-0.3,0.2-0.4,0.3-0.7,0.3-0.8,0.3-2,0.5-0.6,0.5-1,0.8-1.5,0.8-2.5,1,1-2,1-3,1-locular,1.5-3,13-18,14-24,15-30,2-6,2.5-4.5,35-50,4-,4-5,4.5-7.5,5-6,5-9,5-merou,6-8,8-16,9-16,absen,accrescent,acicular,across,adult,alyx,apart,apparen,armed,articulated,axe,ba,branch,branche,capitat,confined,contiguous,decimetre,deeply,directed,distall,distributed,dm,eaf,eed,eglandular,exocarp,filament,finger,flower,fruiting,geminat,half,hig,homostylous,incomplete,juicy,juvenile,lamina,lateral,less,long,longer,lower,mature,mesocarp,mid-point,midrib,midvein,minute,nearly,nflorescence,oblique,orolla,overall,pair,part,per,perfect,placenta,pore,porrect,prickle,rachi,rugose,ruit,septum,sessile,spaced,sparse,stellae,straight,succulent,tamen,tem,thick,time,tissu,transparent,unarme,unarmed,unit,upper,vary,wide,ympodial	adhesion,arrangement,capitate,climate,colour,corolla,form,glandular,growth,height,history,life,na,number,ovary,plant,position,presence,pubescence,reproduction,rugulose,seed,size,staman,stem,stipe,texture
432	wfo-0001028984	success	180	128	94	86	34	0.522	-2,-3,-9,0.5-,1,1-1.7,1-2,1-6,1-9,1.2-4,1.5,10-20,2,2-16,2-2.5,2-3,3-6,4-30,4-5,4-6,4-6.3,4-7,5-10,abaxially,acuminate,acute,adpressed,age,also,apex,apical,basal,base,blade,broadly,calyx,campanulate,chartaceous,cm,color,concave,cordate,densely,diameter,eglandular,ellipsoid-fusiform,entire,especially,forked,fruit,glabrous,gland,glandular-puberulent,greenish,hair,lanceolate,lobe,long,margin,mm,moderately,often,ovate,pale,pedicel,peduncle,petiole,pilose,presence,puberulent,puberulent-pubescent,pubescent-pilose,purple,rarely,ripe,shrub,simple,small,sparsely,stigma,style,subcoriaceous,tip,toward,tree,truncate,tube,turning,two,unbranched,unknown,violet,x,yellow	-14,-2.5,-6,-65,1-,1-2.5,12-20,15-35,2-,2-4,20-40,3-10,3-26,3-28,4-foliat,5,7-14,8-15,abruptly,absen,adaxially,aggregate,almost,apart,ape,articulated,axe,broad,cell,connective,dilated,directed,distally,eaf,eed,equalling,exceeding,fleshy,flower,globose,laterally,leaving,lon,longer,lower,minutely,narrowed,near,nflorescence,nther,obconical,obtuse,orolla,ovoid,papillose,pedicellar,perfect,pilo,pore,possibly,present,pubescent-pilo,rachi,radiu,remnant,ruit,shorter,slightly,spaced,stamen,stone,strongly,swelling,tal,tem,thecae,time,tomento,tomentose,triangular,ud,unit,unknow,vary,wide,ympodial	adhesion,anther,arrangement,climate,colour,corolla,form,glandular,growth,height,history,inflorescence,leaf,length,life,midpoint,na,number,ovary,plant,position,pubescence,ray,reproduction,rugulose,seed,shape,size,staman,stellate,stem,stipe,surface,texture
433	wfo-0001028997	success	136	130	86	50	44	0.632	.5,0.5-0.7,0.5-1,0.5-1.5,0.8-1.1,1-1.2,1-1.5,2-3.5,3-4,3.3.5,4-10,4-4.5,5-6,6-10,acute,anther,anthesi,apex,appearing,area,attenuate,base,broadened,calyx,cm,conical,coriaceous,corolla,deflexed,dia,difoliate,dry,drying,elliptic,elliptic-obovate,erect,exserted,filiform,flattened-reniform,fragrant,glabrous,globose,golden,green,height,later,leaf,lobe,lobed,margin,matte,merely,minutely,mm,mustard,nearly,opposite,ovary,pale,papillose,pedicel,pericarp,petiole,pitted,poricidal,quadrate,revolute,scar,shiny,shrub,stem,stigma,strongly,style,surface,tan,terminal,thick,tip,trifoliate,tube,unknown,white,x,yellow,young	2-2.5,20-50-flowered,4-angled,6-7,abaxially,adaxially,apar,ba,bark,berry,branched,cucullate,eaf,edicel,eed,filament,free,fruiting,geminat,glabrou,greenish-brow,incrassate,lateral,lon,long,lower,main,many,middle,nflorescence,older,pair,partially,pore,portion,ruit,shaped,spaced,specimen,styl,tear-drop,thickened,time,tub,ud,unevenly,vein,widest,woody,ympodia	0.5,abaxial,adaxial,adhesion,apart,arrangement,blade,bud,climate,colour,diameter,exsertion,flower,form,fragrance,fruit,glandular,greenish-brown,growth,hair,history,inflorescence,length,life,midpoint,na,number,peduncle,plant,position,presence,pubescence,ray,reproduction,rugulose,seed,shape,size,spacing,staman,stellate,stipe,sympodia,texture
434	wfo-0001029003	success	207	106	80	127	26	0.386	0.3-0.5,0.5,1-2,1.2-1.9,1.2-2.5,1.5-2.3,11-32,12.2-30,3,3-20,4-8,5,5-10.5,5-12.5,7-15.5,7-9,abaxially,adaxially,anther,attenuate,axillary,blue-violet,brownish,bud,chartaceous,ciliate,cm,condition,conical,connivent,corolla,diameter,drying,elliptic,fresh,fruit,glabrous,green,greenish,hair,herb,lanceolate,leaf,light,like,lobe,long,margin,membranous,minute,mm,mottled,odd-pinnate,ovoid,pale,pedicel,peduncle,pentagonal,plant,pubescent,purple,ripe,rotate,seed,size,sparsely,stem,stigma,style,subcapitate,subglabrous,subtending,terminal,tube,usually,violet,whitish,wide,x,yellow	0-6,0.4-3,1,1-10,1-2.5,1-3,1-5,13-36,2-6,2.5-10,2.5-7.5,3-5,3.5-7.5,5-merou,9-14,absent,acumen,acuminate,ag,alyx,apart,apex,apparently,articulated,axe,base,berry,blade,capitat,cell,covering,decreasing,digestion,distal,dorsally,eaf,edge,eed,elongated,end,enzyme,equal,erec,especially,exceeding,filament,flat,flower,folded,forked,fourth,geminat,generally,glabrou,gradually,green-white,hair-like,hal,half,highly,homostylous,honeycomb-shaped,interjected,larger,lateral,leaflet,lengthening,living,lower,make,medium,middle,mucilaginous,nflorescence,obtuse,one,orbicular,orolla,ovate,pair,perfect,petiole,petiolule,pigmentation,placed,plurifoliate,pore,poricidal,prostrate,proximal,rarely,ray,removed,rounded,ruit,secondary,sessile,seudostipule,slightly,slit,sometimes,spaced,specimen,stamen,ste,stolo,straight,subequal,symmetrical,tall,tamen,tem,testal,thick,throughout,tip,toward,tri-,tuber,typically,unit,vary,wall,wet,white,wing,ympodial	adhesion,arrangement,calyx,capitate,colour,form,growth,height,hermaphroditic,history,inflorescence,length,life,na,ovary,perennial,position,pseudostipule,pubescence,reproduction,rugulose,shape,staman,surface,texture,ye
435	wfo-0001029006	success	217	140	115	102	25	0.53	-+,0.2,0.4-2.5,0.5,0.5-2,0.5-4,1,1-1.5,1-4,1-5,1.8-2.2,10,2.5,3.5-4,5,7-8,<,>,abaxially,adaxial,anther,apex,area,axil,base,berry,beyond,bilobed,blackish,c.,calyx,cell,chartaceous,cm,conical,connivent,corolla,deeply,deltate,dense,diameter,ellipsoid,elliptic,elongate,exserted,extending,flattened,glabrous,globose,green,groove,growth,inflorescence,irregular,lamina,later,lateral,lobe,lobed,long,loosely,membranous,minutely,mm,narrowly,occasionally,often,pale,papillate,pedicel,peduncle,pentagonal,petiole,pinnatifid,pitted,poricidal,puberulent,pubescent,purple,purplish,reddish,reniform,ripe,rotate-stellate,sagittate,shiny,simple,size,sometimes,somewhat,sparsely,stem,stigma,style,surface,tan,terminal,testal,thin,tiny,tip,trichome,tube,tuft,uniseriate,variously,vein,vine,violet,way,white,within,woody,x,young	.5,1.2-1.5,1/3,10-20,2-3,2-6,4-6,5-6,5-merou,50,7-9,acuminate,acute,adaxiall,ag,age,along,alyx,anthesi,apar,ark,articulated,asymmetrical,axi,basal,black,branched,bright,broadest,clavat,depending,drying,eaf,eed,entire,filament,filiform,flower,free,fruiting,growing,ilament,inflated,intramarginal,irregularly,keeled,leaving,lengthening,lower,many,margin,markedly,midrib,minute,nearly,new,nflorescence,nodding,oblique,obvious,older,one,orolla,pair,part,peg,pendan,per,perfect,pericarp,planar,plurifoliat,pore,portion,primary,puberulen,reaching,ruit,scar,sleeve,slit,small,smaller,spaced,spreading,strong,strongly,sunligh,tem,time,truncate,twinin,twining,ud,unit,upper,usually,variable,vary,widest,ympodial,zig-zag	adaxially,adhesion,arrangement,clavate,colour,form,fruit,height,history,leaf,length,life,na,ovary,plant,position,presence,pubescence,reproduction,rugulose,seed,shape,staman,stellate,texture
436	wfo-0001029021	success	161	122	89	72	33	0.553	0.5-1,0.8-1,0.8-1.2,0.8-2.1,1-2,1-3.4,1.1-1.3,1.5-2,1.5-3,1.8-2,2,2-2.5,3,3.5,3/4,5.5-6,abaxially,acute,along,anther,apex,base,bi-lobed,black,blade,branching,broadly,calyx,caudate,cm,conical,coriaceous,corolla,darker,decurrent,dendritic,densely,diameter,elliptic,flattened,fleshy,fruit,glabrate,glabrous,globose,grey-brown,growth,lamina,leaf,lenticular,lobe,lobed,long,long-triangular,loosely,margin,minutely,mm,ovary,ovate,pedicel,pericarp,petiole,pitted,plurifoliate,poricidal,pubescent,purple,reddish-brown,revolute,shiny,shrub,sparsely,stem,stigma,strongly,style,surface,terminal,thin,tiny,tip,trichome,tube,vein,violet,way,winged,x	1-1.5,1-4,3-6,8-10,abaxial,absent,adaxial,adaxially,age,anthesi,apical,appearing,axi,ba,bark,basal,becoming,berry,deciduous,deflexed,denser,eaf,edicel,eed,ew,exserted,filament,flower,free,fruiting,im.,impressed,inserted,later,lateral,lax,loose,lower,m.,monochasia,nflorescence,nodding,older,outline,overtopping,pair,papillo,per,planar,pore,portion,prominently,raised,ruit,scar,scattered,secondary,shoot,simple,sleeve,slit-like,stamen,ste,tapering,time,tub,ud,unit,wide,woody,ympodial,young	adhesion,arrangement,climate,colour,form,glandular,hair,height,history,im,inflorescence,length,life,midpoint,monochasial,na,number,peduncle,perennial,plant,position,presence,pubescence,ray,reproduction,rugulose,seed,shape,size,staman,stellate,stipe,texture
437	wfo-0001029031	success	213	129	102	111	27	0.479	-11.4,-12.3,-8,0.1-0.5,0.5-1.5,0.6-1.2,0.7-1.1,1-1.5,1-2.5,1-3,1-5,1-9.4,1.8-2.7,10,13.5,2-10.7,2-3,2-3.3,2.5-5.5,3-10,5-17,6-21,abaxially,acuminate,acute,adaxially,anther,apex,base,black,blade,bluish,brown,calyx,capitate,chartaceous,cm,corolla,cuneate,deltate,densely,diameter,eglandular,elliptic,elliptic-ovate,entire,erect,flattened,flower,fruit,glabrescent,glabrous,globose,green,hair,immature,inserted,leaf,leaf-opposed,length,light,lobe,margin,midpoint,mm,oblong,obtuse,occasionally,orange,outline,pedicel,peduncle,peltate,peltate-stellate,petiole,possibly,pubescence,pubescent,rarely,ray,reniform,ripening,rounded,rugulose,shrub,simple,small,sparsely,stellate,stellate-pubescent,stem,stigma,strongly,style,suborbicular,surface,tip,tree,tube,white,x,yellow	-3.6,.1-0.3,.5-1.2,0-5,0.5,0.5-4,1-2,1-2.6,1.3-3.3,1.5-2.8,1.5-3.5,1.8-4,1/3,2-5,2.5-5.6,20-150,4-5-,4-7.5,6-12,absent,accrescent,adaxiall,ag,angle,apart,apexacute,apparently,around,articulated,axe,ba,becoming,berry,bilobe,branched,center,connivent,covering,curved,cylindrical,denser,directed,distally,eaf,edge,eed,eglandula,equal,farinose,filament,fleshy,forked,frui,fruiting,fused,geminate,held,impressed,lanceolate,large,lateral,least,like,long,longitudinal,lower,major,many-foliate,midvein,nearly,nflorescence,opening,orolla,paired,perfect,pore,porrect-stellate,prominent,pseudoterminal,pubescen,rachi,ruit,sessile,short,short-stalked,side,silvery,slightly,slit,smaller,sometimes,somewhat,spaced,ste,straight,subtending,tall,tamen,tem,time,trichome,unarme,unbranched,unit,usually,vary,vein,whitish,wide,yellowish,ympodial	0.1-0.3,adhesion,arrangement,bilobed,climate,colour,form,glandular,growth,height,history,inflorescence,life,na,number,ovary,plant,position,presence,reproduction,seed,shape,size,staman,stipe,texture,ye
438	wfo-0001029047	success	168	125	89	79	36	0.53	.25,.5,0.05-0.5,0.1-0.5,0.5-1,0.5-2,0.7-1,0.7-3,1-1.2,1-4,1.25,2.5,3-5,3.6-8.5,4-5,5-9,6-7,9.5-19.6,acuminate,acute,anther,apex,arching,back,base,beginning,beneath,branch,broadly,brown,bud,calyx,campanulate,cm,corolla,deltoid,dia,elliptic,evenly,glabrous,globose,green,herbarium,leaf,like,lobe,lobed,long,margin,midrib,minutely,mm,much-branched,mustard,nearly,opposite,ovary,ovate,ovoid-reniform,pale,papillose,part,pedicel,petiole,pitted,poricidal,principal,pubescent,reddish-brown,scar,shape,shrub,soft,somewhat,spaced,specimen,stem,stigma,style,surface,tip,trichome,tube,uniseriate,vein,white,x,yellow,young	'',0-2,0.1-0.75,0.3-1.9,1,10-11,2.1-2.6,5-20-flowered,8365,``,across,amd,anisophyllou,anthesi,aspec,ba,bark,bearing,berry,deflexed,differing,difoliate,distinctly,eaf,edicel,eed,filament,filiform,flattened,flower,free,fruiting,geminate,giving,glabrou,herb,impressed,inflorescenc,kruckoff,lateral,lenticellate,lon,lower,main,major,markedly,middle,minor,nflorescence,occasionally,older,orbicular,pically,pore,portion,prominent,reflexed,rounded,ruit,shaped,shining,shorter,simple,slender,smaller,smooth,sparsely,strongly,styl,tall,tapering,tear-drop,thread-like,time,ud,unit,widest,woody,ympodial	adhesion,arrangement,blade,branching,climate,colour,diameter,form,fruit,glandular,growth,hair,height,history,inflorescence,length,life,midpoint,na,number,peduncle,perennial,plant,position,presence,pubescence,ray,reproduction,rugulose,seed,size,spacing,staman,stellate,stipe,texture
439	wfo-0001029048	success	162	110	76	86	34	0.469	.2,.5,/3,0.5-1,0.5-1.7,0.8-1,1,1-2,1-8,1.5-2,11,14,2,26,3-4,4-6,5-8,9-15,acuminate,anther,apex,attenuate,base,blade,bright,broadly,calyx,cm,conical,corolla,decurrent,dia,elliptic,glabrous,globose,green,greenish-white,greenish-yellow,hispidulous,leaf,live,lobe,lobed,margin,matte,minutely,mm,obtuse,opposite,ovary,ovoid-reniform,pale,papillose,pedicel,petiole,pitted,poricidal,puberulent,ripe,rounded,sharply,shrub,slightly,small-capitate,specimen,stem,stigma,style,surface,tan,tip,tube,unifoliate,way,winged,x	.01,0.5,25,3-7,3.5-4,8-10,angle,another,anthesi,apar,apparent,arching,basal,bearing,becoming,beneath,berry,bicellular,branch,eaf,edicel,eed,elongated,except,expanded,f,filament,filiform,flower,free,fruiting,geminate,glabrate,golden,greatly,greenish-yello,hanging,incrassate,lateral,less,like,long,lower,main,middle,midrib,minute,much,nflorescence,node,non-reproductive,obovoid,older,one,pair,papillo,parallel,planar,pore,portion,reflexed,right,ruit,scar,shaped,slender,somewhat,spaced,straight,tall,tapering,tear-drop,thread-like,time,translucent,trichome,ud,unevenly,uni-,unit,vein,widely,widest,ympodial,young,zig-zag	adhesion,arrangement,climate,colour,diameter,form,fruit,glandular,growth,hair,height,history,inflorescence,length,life,midpoint,na,number,peduncle,perennial,plant,position,presence,pubescence,ray,reproduction,rugulose,seed,shape,size,staman,stellate,stipe,texture
440	wfo-0001029053	success	275	153	127	148	26	0.462	.04,.3,.9,0.1,0.2–0.6,0.3–0.4,0.4–0.8,0.5–0.6,0.5–1.1,0.6–1.3,0.7–1.0,0.7–1.2,0.7–3.4,0.8–1.0,0.8–1.2,1.0–1.6,1.4–2.0,1.6–9.2,1.7–1.8,1/3–1/2,2.0–2.3,2.4–2.8,2.4–5.1,3.5,4.9,5.4–7.1,6.8–15.2,6–12,8,8.0–14.5,8.5–15.8,90°,abaxially,across,acuminate,acute,adaxially,adnate,aequilateral,anther,apex,apiculate,attachment,attenuate,basal,base,blade,borne,calyx,caudate,clinate,cm,corolla,deltoid,densely,diameter,dry,entire,erect,extra-axillary,flattened-oval,flower,fruit,glabrous,glandular,glandular-pubescent,globose,hair,individually,interpetalar,lanceolate,lateral,length,less,lobe,long,longer,margin,markedly,mature,midpoint,mm,moderately,much,nearly,notched,oblique,oblong,orange,ovate,pedicel,peduncle,petiole,point,porrect,probably,pubescence,pubescent,ray,red,rounded,semisucculent,sessile,short,shrub,simple,slightly,stellae,stellate,stellate-pubescent,stem,stigma,stipe,straight,style,tip,tissue,truncate,tube,unarmed,well-developed,white,yellow,yellow-ferruginous,yellow-tan,×,–10	.7,0.2,0.3–0.7,0.7–1.1,0.7–1.3,0.7–1.7,1.1–1.3,1.3–2.0,1.5,1.5–2.5,1.5–2.7,1/2–2/3,1/3,2.0–2.8,2.1–2.4,2.1–3.8,2.5,21,3.5–7.2,4.5–6.2,5-merou,5–8,6.6,7.1–9.7,7–8,accrescent,ag,along,alyx,anthesi,apart,apical,apparently,appearing,appressed,around,articulate,axe,ba,bark,becoming,beneath,bent,berry,branch,broad,brochidodromous,bud,capitat,channeled,coat,congested,criss-cros,deciduous,dentate,development,difoliate,directed,distal,distally,distinct,eaf,edge,eed,either,emerging,endocarp,exocarp,extending,fertile,filament,filiform,free,geminat,glossy,gradually,heterostylous,increasing,intact,internode,intersepalar,juic,lacking,layer,lon,lower,main,many,midrib,midvein,minute,nflorescence,opaque,ove,overlapping,pattern,per,perforated,pore,portion,potentially,raised,remaining,revealing,rigid,row,ruit,seen,short-stipitate,shorter,side,sinus,sloughing,smoot,smooth,sometimes,soon,spaced,sparsely,splitting,spread,spreading,stamen,subopposite,surface,suture,tamen,tem,thin,time,transparent,twice-branched,two,ud,unbranched,unit,upper,various,vary,vein,weakly,well,wide,ympodial,young,±90°,±equal,±glabrous	adhesion,arrangement,capitate,climate,colour,form,growth,height,history,inflorescence,leaf,life,na,number,ovary,perennial,plant,position,presence,present,reproduction,seed,shape,size,staman,texture
441	wfo-0001029055	success	169	94	69	100	25	0.408	0.4-1.5,1-2.6,1-5,1.6-3.5,1.8-3.5,14-50,2.2-3,2.5-8,4-10,4-6,4-7,5.5-9,6-14,8-9,9-22,abaxially,adaxially,calyx,cm,connate,corolla,covered,dark,densely,diameter,distal,elliptical,gland,green,green-white,hair,half,herbaceous,interjected,lateral,leaf,leaflet,long,longitudional,mm,odd-pinnate,outline,ovate,ovoid,pedicel,peduncle,pentagonal,perennial,petiole,pilose,plant,pubescent,purple,rotate,seed,short,short-stalked,size,sometimes,spreading,stigma,stripe,style,terminal,throughout,triangular,type,wide,yellow	1-4,1.7-2.2,2-1.,2-3,2-4,3,3-10,3-6,3-6-foliat,5-24,acumen,acuminate,acute,apex,apical,apically,articulate,attenuate,base,branched,cell,cordate,covering,cuneate,cyme,decurrent,dehiscent,dichasial,dichasially,digestion,diminishing,dorsally,eaf,ebracteate,edge,eed,elliptcal,emoval,enzyme,exceeding,filament,first,flat,flower,folded,forked,generally,globo,hair-like,honeycomb,introrse,living,lobe,lon,long-attenuate,longer,lower,lunat,make,maturing,monochasial,mucilaginous,near,nflorescence,nther,oblique,often,orolla,pair,pattern,perfect,plan,poricidally,proximal,rarely,reveal,ruit,second,sessile,seudostipule,short-petiolate,slit,specimen,stamen,straight,tal,tem,testal,thick,time,toward,tuber-bearing,typically,unit,vary,wall,whit,widest,ympodial,¼	2-11,anther,arrangement,colour,form,fruit,globose,growth,height,history,inflorescence,length,life,na,number,ovary,position,pubescence,reproduction,rugulose,shape,stem,surface,texture,white
442	wfo-0001029056	success	140	106	66	74	40	0.471	.2,.5,0.3-0.5,1/3-1/2,3-5-lobed,3-5-rayed,3-6,6-10,7-10,across,acute,annual,anther,anthesi,attenuate,basally,base,blade,broadly,calyx,campanulate,capitate,cm,coarsely,densely,dentate,developing,dm,externally,glabrous,glandular,green,hair,herb,invested,irregularly,length,linear-lanceolate,lobe,long,midpoint,mm,obtuse,ovate,petiole,pinnately,present,ray,scattered,sessile,sharply,simple,slender,stellate,stellate-pubescent,stem,strongly,surface,swollen,terminally,tightly,tip,tube,uniseriate,upturned,white	-5,0,0.7-1.0,4,5-9,6-8-flowere,along,also,alyx,ample,black,branched,cauline,central,consisting,dia,difoliate,divided,eaf,eed,elongated,erect,externall,flanking,geminat,gland,intermixed,internod,know,known,lacking,large,lon,lower,major,marking,much,nflorescence,numerous,occasional,often,one,orolla,prickle,prickly,purplish,reduced,ruit,separated,short-stipitate,shorte,side,slende,somewhat,sparse,spreading,starlike,stellae,strait,subulate,tall,tamen,taprooted,terete,tigma,tub,tyle,unit,vary,vein,vestiture,villous,yellow,ympodial	0.2,3-5,40,adhesion,apex,arrangement,climate,colour,corolla,diam,diameter,form,fruit,growth,height,history,inflorescence,internoda,leaf,life,margin,na,number,ovary,pedicel,peduncle,plant,position,presence,pubescence,reproduction,rugulose,seed,shape,size,staman,stigma,stipe,style,texture
443	wfo-0001029059	success	199	121	91	108	30	0.457	.5,0.1-0.5,0.1-1,0.2,0.5,0.5-1,1-1.5,1-3,1-4,1-6,1.2-3,1.3-1.7,1.5-2,1.5-2.8,10-19,3-3.5,3.5-6,4-10.5,7-9,acute,along,anther,apex,apiculate,base,berry,branched,calyx,clavate,cm,corolla,cuneate,deltoid,dense,densely,dia,dirty,elliptic,extremely,flattened-reniform,glabrous,globose,hispidulous,inflorescence,leaf,lobe,lobed,long,major,margin,minute,minutely,mm,nearly,occasionally,opposite,ovary,pale,papillose,pedicel,petiole,pubescence,pubescent,purplish,ripe,shallowly,shape,shaped,shrub,size,small,sparse,stem,stigma,style,tear-drop,tinge,tip,tree,trichome,tube,unicellular,uniseriate,usually,variable,vein,waxy,white,x,yellowish-green,yellowish-tan	0.2-0.5,1-1.2,2.5,3-6.5,3.5-8,5,5-15-flowered,6-10,anisophyllou,anthesi,apar,ape,apiculae,arising,bark,beneath,bout,bud,closely,coiba,connivent,cordate,covered,de,deep,deflexed,differing,difoliate,eaf,edicel,eed,ellipsoid,expanded,exserted,extending,filament,foetid,free,fruiting,geminate,glabrate,greatly,impressed,incrassate,interpetalar,isla,lamina,lateral,lon,longest,lower,main,member,membranous,middle,minor,narrowly,nflorescence,oblique,often,older,one,orange,orangish-yellow,orbiculate,pair,paler,panama,papillo,partially,pitted,planar,pointed,population,pore,poricidal,portion,prominent,reddish-gre,rest,rounded,ruit,scar,simple,sinus,slender,somewhat,soon,spaced,specimen,straight,surface,tall,tapering,terminal,thickened,ti,tightly,triangular,ud,underside,unit,wide,widest,woody,yellowish,ympodial,young	anisophyllous,arrangement,blade,climate,colour,diameter,form,fruit,glandular,growth,hair,height,history,length,life,midpoint,na,number,peduncle,perennial,plant,position,presence,ray,reddish-grey,reproduction,seed,stellate,stipe,texture
444	wfo-0001029065	success	202	121	92	110	29	0.455	0.2-0.4,0.5-1,0.5-1.5,0.5-4,1-2.5,1-3,1.5-2,1.5-2.5,10-20,2-15,2-2.5,2-3,3-6,3-7,4-8,5-15,5-7,7-10,8-20,abaxially,acute,adaxially,andromonoecious,anther,apex,attenuate,base,blade,brown,calyx,chartaceous,charteacous,cm,connivent,cylindrical,densely,diameter,extra-axillary,flower,fruit,functionally,glandular,globose,green,hair,hermaphroditic,immature,leaf,leathery,like,lobe,lobed,long,male,margin,mature,midpoint,mm,moderately,multicellular,nearly,obtuse,orange,ovary,ovate,pedicel,peduncle,per,petiole,plant,pubescent,ray,red,reniform,side,simple,sparsely,stellate,stem,stigma,style,surface,tapering,triangular,tube,uniseriate,unlobed,vine,white,woody,x,yellow	0.5,0.5-1mm,1,1-2,1-5,1-6,1.,1.5-3,1/3,2,2-4,2-5,2-ranke,30-60,4-7,5,5-10,8,8-12,abaxial,absent,accrescent,adaxial,adaxiall,alyx,apar,apical,armed,asymmetrical,axe,berry,beyond,contiguous,cordate,cut,dark,difoliate,directed,discolorous,eaf,eed,either,em,exserted,filament,flattened,frui,fruiting,geminate,generally,glabrou,glabrous,gree,green-brown,heteromorphic,introsel,less,light,long-styeld,lower,m.,major,many,merou,midrib,midvein,multiseriate,narrowly,netlike,nflorescence,often,older,orolla,pair,pit,pore,porrect-stellate,prickle,rachi,raised,recurved,ridge,roselike,ruit,separated,sessile,short-styled,sinus,slightly,small,spaced,stalk,stamen,staminate,straight,strongly,tamen,unarmed,unbranched,unequa,unicellular,unit,usually,vary,vein,way,wide,ympodial,young,¼	0-2,10,adhesion,arrangement,climate,colour,corolla,form,growth,height,history,inflorescence,length,life,na,number,perennial,position,presence,present,pubescence,reproduction,rugulose,seed,shape,size,staman,stipe,texture
445	wfo-0001029072	success	235	121	91	144	30	0.387	0.4-0.9,0.5-2,0.8-1.5,1-1.2,1-25,1.5-2.6,1/3,2-5,2-7,2.2-2.5,2.2-3.2,2.5-3.5,2.5-4.5,3-20,3-8,3.5-6,4.2-6.5,4.5-9,5-7,7-15,8-27,acute,andromonoecious,anther,apex,base,berry,blade,bright,calyx,chartaceous,cm,connivent,cordate,cream,cuneate,dark,deltate,densely,diameter,dull,equal,flattened-reniform,fruit,glabrous,green,herb,lateral,leaf,length,lobe,lobed,long,long-styled,lower,margin,marking,maturity,mauve,midpoint,mm,moderately,narrow-deltate,orange-brown,ovate,pale,pedicel,peduncle,petiole,plant,poricidal,ray,rounded,short-styled,shrub,simple,sometimes,spherical,stellate,stellate-pubescent,stem,style,tapering,terminal,tip,tube,upper,white,wide,yellow,young	-1/2,-15,-2.5,.5,/6,0,0-2,0-20,0-4,0-8,0.1-0.4,0.2-0.3,0.2-0.4,0.3,0.5-3,0.7,0.8,00-200,1,1-1.5,1-3,1.5-2.5,1.5-3.2,1/4-1/2,1/4-1/3,12-19,2-10,2-8,2.5-3.8,20-50,3-10,3-5,3-50,3/,4-,4-10,5-10,5-50,5-9,5-merous,7-10,8-20,abaxial,abaxially,adaxial,adaxially,alyx,ame,angled,apar,apart,apically,apparently,articulated,bark,branched,broad-deltate,broadly,c.,clearly,conical,curved,dirty,discolorous,distal,distance,drying,eaf,eed,elongated,elongating,erect,extending,filament,flattened,flower,free,fruiting,gently,gra,green-brown,hermaphrodite,heterostylous,infructescence,least,longer,longitudinal,lowermost,mature,midvein,multangulate,nflorescence,obtu,older,one,open,orolla,oung,pair,pendent,pendulous,per,pericarp,plurifoliat,porrect,portion,prickl,prickle,prickly,primary,raised,reflexed,ridge,ruit,scar,sessile,side,smooth,spaced,sparsely,spreading,stalk,stalked,staminat,stout,straight,strongly,surface,tamen,tertiary,time,trichome,unarmed,unit,variously,vary,vein,venation,visible,way,weakly,whitish,woody,ympodial	3/4,adhesion,arrangement,climate,colour,corolla,form,glandular,growth,hair,height,history,inflorescence,life,na,number,ovary,perennial,position,presence,pubescence,reproduction,seed,shape,size,staman,stigma,stipe,texture,ye
446	wfo-0001029073	success	211	141	110	101	31	0.521	.5,0.3-1,0.5-1,0.6-2,1-1.5,1-2.5,1.1-1.5,10-16,2,2-3,2-4,2/3,3.5-9,4-5,4-6,5-6,7-10,abaxially,acuminate,acute,adaxially,along,anther,apex,awn-like,base,berry,brown,calyx,chartaceous,cm,conical,corolla,dark,darker,dense,densely,diameter,elliptic,entire,equal,except,flattened,glabrous,globose,golden,growth,inflorescence,internodal,interpetalar,lanceolate,leaf,length,like,linear,lobe,lobed,long,margin,maturity,midpoint,midvein,minutely,mm,narrowly,oblique,occasionally,opposite,orange,pale,papillose,pedicel,peduncle,perfect,petiole,poricidal,porrect,pubescence,pubescent,purple,ray,reniform,sessile,shallowly,shiny,short-stalked,shrub,simple,sinuate,slightly,sparsely,stellate,stem,stigma,style,surface,tan,tapering,thin,tip,tissue,trichome,truncate,tube,unequally,unisexual,way,x,yellowish,½	.7,0.5,0.6-0.7,1-1.2,1-3,1.2-1.6,1.5-2,10-15,5-8,5-merous,6-9,8-14,another,anthesi,apart,armed,articulated,away,ba,bark,basal,beneath,broad-based,cell,cream,curved,difoliate,dimorphic,discolorous,drying,eaf,eed,enlarged,erect,exserted,filament,flower,four,free,frui,fruiting,geminat,gre,hooked,lamina,lengthening,long-styled,lower,mixture,multangulate,new,nflorescence,nodding,older,one,pair,paler,per,pericarp,planar,plurifoliate,pore,portion,prickle,prickly,primary,rectangular,reticulate,ruit,scar,short,shorter,slit,sometimes,somewhat,spaced,splitting,straight,strongly,styled,testal,three,ti,triangular,two,ud,unarmed,underside,unequal,unit,upper,upward,vein,visible,wall,whitish,wide,woody,yellow,ympodial,zygomorphic	0.7,1.5,adhesion,arrangement,blade,climate,colour,form,fruit,glandular,grey,hair,height,history,life,na,number,ovary,perennial,plant,position,presence,present,reproduction,rugulose,seed,shape,size,staman,stipe,texture
447	wfo-0001029074	success	174	130	96	78	34	0.552	.5,0.2-1,0.3-0.8,0.5-1,0.5-1.2,0.7-0.8,1,1-1.2,1-1.5,1.4-1.8,1.5-2,1.5-4,2-2.3,2-4,2-5,2-7,3.5-5,5-6,acute,anther,apex,apparently,bark,base,berry,black,broadly,calyx,capitate,cm,conical,corolla,cuneate,deflexed,densely,diameter,ellipsoid,entire,exerted,expanding,flattened,fruiting,glabrous,globose,green,grey,growth,herb,immature,internodal,leaf,less,lobe,margin,markedly,midpoint,minutely,mm,opposite,ovary,ovate,pale,pedicel,peduncle,petiole,pitted,poricidal,pubescent,pulp,purplish,ray,reniform,ripening,rounded,sagittate,simple,sparsely,stellate,stellate-pubescent,stem,stigma,strongly,style,subshrub,surface,thin,tip,triangular,truncate,tube,uniformly,watery,white,woody,x,yellowish	.1,0,0.3-0.4,0.7-0.95,1-,1-2,11,3-,3-6,5-7,abaxially,absent,adaxially,age,almost,along,anthesi,apart,appearing,articulation,basa,denser,eaf,eed,filament,flower,free,frui,glabrescen,lacking,lengthening,lignescent,like,lobed,longest,lower,midvein,mixture,new,nflorescence,obscuring,often,older,pair,papillat,per,perfect,pericarp,petal,planar,plurifoliat,pore,portion,primary,prominent,reflexed,ruit,scar,scattered,sessile,slit,small,somewhat,stalk,stalked,swollen,trichome,tub,ud,underside,uniseriate,unit,usually,vein,way,yellow,ympodial,¾	adhesion,arrangement,blade,bud,climate,colour,deflexion,expansion,form,fruit,glabrescent,glandular,hair,height,history,inflorescence,length,life,na,number,perennial,plant,position,presence,present,pubescence,reproduction,rugulose,seed,shape,size,staman,stipe,texture
448	wfo-0001029075	success	217	139	104	113	35	0.479	.3,.5,0.8-1.5,1-2,10-20,2-5,2.5-3,30-60,4-14,4-7,4.5-6.5,5-10,5-8,7-17,8-9,abaxially,abruptly,adaxially,anther,apex,articulated,attenuate-acuminate,axillary,base,berry,blade,broadly,brown,brownish,bud,canescent,cell,cm,condition,connivent,corolla,covering,cuneate,dark,densely,diameter,dot,drying,elliptic-lanceolate,flecked,fresh,fruit,glabrescent,glabrous,glandular-pilose,glandular-puberulent,gray-green,green,greenish,hair,hair-like,herb,lanceolate,lateral,leaf,lobe,long,long-spatulate,margin,minutely,mm,narrowed,narrowly,odd-pinnate,ovoid,pedicel,peduncle,pentagonal,petiole,plant,pointed,puberulent,pubescent,rounded,seed,short,size,slightly,small,stem,stigma,style,subobtuse,subquadrate,substellate,subtending,terminal,testal,thick,tube,wall,white,whitish,whitish-gray,wide,x,yellow,yellow-green,yellowish-white	0-3,0-8,0.5-0.8,0.8-1.2,1-10,1-2.5,1-3,2-4,2.7-4.2,4-10,4-5,5-8.5,5-merou,6-12,7-9,acumen,ag,along,alyx,apart,apparently,atypically,axe,ciliate,clavifor,decreasing,decurrent,digestion,distal,dorsally,eaf,edge,eed,end,enzyme,erect,erect-ascendin,especially,etota,exceeding,filament,flat,flower,folded,forked,geminat,generally,glabrou,gradually,greatly,green-white,half,homostylous,honeycomb-shaped,interjected,larger,leaflet,lengthening,light,like,living,lower,make,middl,midrib,mucilaginous,nflorescence,orbicular,orne,orolla,ovate,pair,perfect,petal,petiolulate,petiolule,plurifoliate,pore,poricidal,purple,rachi,removed,ruit,sec,sessile,seudostipule,singly,slit,sometimes,spaced,specimen,stamen,ste,stolo,straight,subequal,tall,tamen,tem,throughout,tip,toward,tri-,tuber,typically,unit,unwinged,upper,usually,vary,wet,woody,ympodial	abaxial,adaxial,adhesion,arrangement,calyx,claviform,climate,colour,form,glandular,growth,height,hermaphroditic,history,inflorescence,length,life,middle,midpoint,na,number,ovary,perennial,position,presence,pubescence,ray,reproduction,rugulose,shape,staman,stellate,stipe,surface,texture
449	wfo-0001029084	success	192	121	92	100	29	0.479	.5,0.8-2,0.8-2.1,1-10,1-2,1.1-2.2,1.5-2.5,10-50,2-3.5,2-5,3-6,3.5-7.5,3.5-8,4-7,4.5-10,4.5-6.5,6-13,7-9,8-23,abaxially,absent,acuminate,adaxially,anther,apart,apex,articulated,base,brownish,cell,chartaceous,cm,condition,conical,corolla,diameter,drying,fresh,fruit,glabrous,green,green-white,greenish,herb,honeycomb-shaped,interjected,lanceolate,leaf,leaflet,light,lilac,lobe,long,middle,minutely,mm,moniliform,mottled,obtuse,odd-pinnate,ovate-lanceolate,ovoid,pedicel,peduncle,petiole,petiolule,pilose,plant,proximal,puberulent,pubescent,purple,ripe,rotate,secondary,seed,size,sparsely,stigma,style,subglabrous,subsessile,terminal,testal,throughout,tube,tuber,wet,whitish,wide,x,yellow	1-3,1-4,2-4,4-17,5,5-7,5-merou,acumen,ag,along,alyx,apparently,arranged,axe,axillary,bead,berry,blade,bud,capitat,ciliate,connivent,covering,darker,decreasing,digestion,distal,dorsally,eaf,edge,eed,enzyme,especially,exceeding,filament,flat,flower,folded,forked,geminat,generally,glabrou,gradually,hair-like,half,homostylous,interpetalar,larger,lateral,lengthening,like,living,lon,lower,make,margin,midrib,minute,mucilaginous,multiple,narrow,necklace,nflorescence,orolla,pair,perfect,plurifoliate,pore,poricidal,ray,removed,ruit,semierec,seudostipule,slit,spaced,specimen,stamen,stolon,subequal,subglabrou,subtending,symmetrical,tall,tamen,tem,thick,thir,tip,tissue,toward,tri-,typically,unit,unwinged,usually,vary,wall,wing,ympodial	adhesion,arrangement,articulation,calyx,capitate,colour,form,growth,height,history,inflorescence,length,life,mucilaginousnes,na,ovary,perennial,position,presence,pubescence,reproduction,rugulose,shape,spacing,staman,stem,surface,texture,third
450	wfo-0001029087	success	226	122	94	132	28	0.416	0-0.5,0.25-0.4,0.3-0.5,0.3-0.8,0.5-0.75,0.5-2.3,0.7-0.9,0.7-2.2,0.9-8,1.4-1.7,1.5-1.75,11-20,2-3,2.5-4,2.7-2.9,3-5,3.5-5.5,6-8,6.5-13,8-12,abaxially,absent,acute,adaxially,andromonoecious,anther,apex,attenuate,base,blade,calyx,chartaceous,cm,cylindrical,dark,deltate,densely,diameter,entire,extra-axillary,finely,flattened,fruit,glabrous,gland-tipped,globose,green,grey,hair,half,herbaceous,inflorescence,lanceolate,lateral,leaf,length,lobe,long,margin,midpoint,mm,moderately,obtuse,ovate,pale,pedicel,peduncle,petiole,plant,present,proximal,purple,ray,resprouter,reticulate,rhizomatous,rotate,rotate-stellate,rusty,short,simple,sparsely,stellate,stellate-pubescent,stigma,streak,style,surface,time,tube,weakly,white,x,yellow	%,.05,.5,0-0.1,0-14,0-2,0-6,0-7,0.1-2,0.2-0.6,0.3-0.4,0.3-0.45,0.35-0.45,0.5-1,0.9-1.7,1-1.5,1-3,1-3.5,1-4,1-6,1.3-1.6,10-30,16-20,2-,2-7,2-locular,3,3-7,3-8,3-foliate,4.5-8,4.5-8.5,5-15,5-merou,6-7,7-10.5,7-8,7-9,8-20,8-30,8-9,9-15,absen,accrescent,acicular,across,adult,alyx,ample,anvil-shape,apart,articulated,axe,ba,branchlet,broadly,capitat,connivent,cross-section,deeply,directed,distall,distributed,dm,eaf,eed,eglandular,erect,exocarp,filament,finger,flower,fruiting,functional,geminat,grey-green,heterostylous,interpetalar,juicy,juvenile,lamina,less,lobed,longer,lower,mature,mesocarp,mid-point,midvein,minute,moist,narrowly,nflorescence,oblique,orolla,pair,part,pendent,per,placenta,pore,porrect,prickle,pseudo-racemose,rachi,ruit,sessile,shallowly,slightly,spaced,stalk,stalked,stellae,straight,tal,tamen,tem,thick,throughout,tissu,tissue,transparent,triangular,unarme,unarmed,unbranched,unit,upper,vary,wide,yellowish,ympodial	adhesion,arrangement,capitate,climate,colour,corolla,form,glandular,growth,height,history,life,na,number,ovary,perennial,position,presence,pubescence,reproduction,rugulose,seed,shape,size,staman,stem,stipe,texture
451	wfo-0001029088	success	149	112	79	70	33	0.53	.2,.3,0.1,0.6–3.2,1.3–4.5,1.5–2,15–25,1–1.5,1–1.6,1–3,25–30,2–2.5,3.5–7,3.5–8,3–16,4–8,<,acuminate,anther,apex,bronze-brown,calyx,capitate,climbing,cm,cylindrical,diameter,extra-axillary,flattened,fleshy,flower,fruit,glabrous,greenish-brown,hair,half,herbaceous,immature,leaf,lenticular,light,lobe,long,lower,mature,membranous,minutely,mm,moderately,near,ovoid-rhomboid,papillose,pedicel,peduncle,petiole,pubescent,purplish,reddish-brown,rounded,rugose,sand-punctate,simple,slender,slightly,somewhat,sparsely,stellate,stigma,stout,straight,style,surface,terrestrial,tip,tube,vine,white,wider,x	0.9–1.5,1.5–3,1–1.2,2-lobe,2.5–20,2.5–4.2,2–3,5,5-merous,5–8,6-10,abaxially,accrescent,acute,adaxially,alyx,apar,apicall,axe,base,berry,blade,c.,ciliate,cordate,densely,eaf,eed,emarginate,entire,filament,flavor,fragrant,fruiting,glabrou,groun,heavy,juicy,lanceolate,m.,margin,narrowly,nflorescence,nternode,obtuse,orolla,palmate,perfec,plurifoliat,primary,rachi,revolute,ruit,scent,shortly,spaced,strongly,swee,sweet,tamen,tem,truncate,truncate-acuminat,unbranched,unit,vary,vein,venation,ympodial,–7	2-lobed,adhesion,arrangement,climate,colour,corolla,form,ground,growth,height,history,inflorescence,length,life,midpoint,na,number,ovary,perfect,plant,position,presence,pubescence,ray,reproduction,rugulose,seed,shape,size,staman,stem,stipe,texture
452	wfo-0001029089	success	177	105	69	108	36	0.39	/4,0.8-1,1,1-1.5,1.5-2,1.5-6,10-25,4.5-5,5-10,5-9,6-7,acute,anther,apex,base,beneath,bilobed,branched,calyx,campanulate,caniculate,cm,corolla,dark,densely,dia,drying,elliptic,flattened-reniform,glabrous,globose,golden,green,leaf,lobe,lobed,margin,minutely,mm,opposite,ovary,pedicel,petiole,pitted,poricidal,pubescent,purplish,reddish-grey,resinous,rounded,rounded-deltoid,shiny,shrub,size,small,somewhat,stem,stigma,style,surface,tan,tip,tree,tube,uniseriate,usually,way,white,x	.5,.75,0.1-0.25,0.5-0.6,0.5-1,0.8-1.2,1/2,2.5-3.5,5-20-flowered,5-6,8-9,abrupt,along,anthesi,apart,apiculate,axil,ba,bark,beginning,berry,bud,closely,completely,covered,covering,cracking,decurrent,deflexed,differing,difoliate,eaf,edicel,eed,either,enclosed,entire,erect,expand,exserted,filament,free,fruiting,furcate,geminat,glabrou,impressed,incrassate,inflorescenc,lamina,later,lateral,like,lon,long,lower,main,major,material,member,middle,minor,nflorescence,obovoid,occasionally,older,one,otherwise,overlapping,pair,papillo,papillose,part,peeling,persistent,pinkish,planar,pore,portion,primary,prominent,resinou,ruit,scar,secretion,shaped,simple,slightly,smooth,spaced,still,straight,tall,tapering,tear-drop,trichome,tub,ud,underside,unit,varnish,varnished,vein,widening,widest,woody,ympodial,young	0.75,adhesion,alternate,arrangement,blade,climate,colour,diameter,form,fruit,glandular,growth,hair,height,history,inflorescence,length,life,midpoint,na,number,peduncle,perennial,plant,position,presence,pubescence,ray,reproduction,rugulose,seed,shape,staman,stellate,stipe,texture
453	wfo-0001029091	success	212	112	76	136	36	0.358	-4,-4.5,1-2,1.5-,1.5-2,10,10-20,15-40,2-2.5,2-3,2.5-,3-4,4,7-8,acuminate,acute,anther,apex,aromatic,axil,base,bluntly,broadly,buff,calyx,campanulate,capitate,cm,colour,corolla,cuneate,dia,discoidal,elliptic,flushed,fork,glandular,globular,grey,hair,intense,irregularly,lavender,leaf,light,lobe,long,minutely,mm,oblong,obovate,ochre-yellow,ovate,ovoid,pale,pedicel,peduncle,pentagonal,petiole,pubescent,reddish-purple,shrub,simple,slightly,soft,sparsely,speckled,stellate-rotate,stem,stigma,style,succulent,surface,triangular,violet-purple,x	-1,-15,0.3-,0.5-0.8,0.5-1,1,1-10,10-toothed,170-210,2-12,20-30,3,3-,3-11-lobed,46/1,5,5-7,635/1,age,appearing,articulated,articulation,aspect,ba,becoming,berry,blunt,brownish,cell,clonal,close,common,conspicuous,cut,cyme,dark,deeply,develop,developed,downward,eed,effect,ellipsoid,emarginated,erect,exceeding,exerted,filament,flattened,floral,flower,forked,fresh,fruiting,general,giving,globose,gree,growing,half,interacuminal,irregular,juvenile,lacking,larger,lasting,later,lateral,lavende,lengthening,line,linear,linear-lanceolate,long-triangular,lower,may,mid-vein,mineral,narrowly,nflorescence,obscure,occasionally,overlain,ower,pattern,pedicellate,petiol,petiolate,plurifoliat,point,pore,poricidal,rachi,raised,readily,relatively,reticulate-concentric,rh,ridge,ridged,ripe,rounded,ruit,scarcely,separate,several,shallowly,shed,shortly,sigmoid,sinus,slender,slit,soft-wooded,soon,stone,straggly,subulate,swollen,tall,tip,tissue,toward,transverse,tub,ud,unit,upper,usually,violet,well,winged,without,woody,year,ympodial	adhesion,arrangement,blade,climate,diameter,form,fruit,green,growth,height,history,inflorescence,length,life,margin,midpoint,na,number,ovary,perennial,plant,position,presence,present,pubescence,ray,reproduction,rugulose,seed,shape,size,staman,stellate,stipe,texture,tube
454	wfo-0001029101	success	233	135	106	127	29	0.455	-15,.5,/3,0-2,0.1-0.5,0.1-0.7,0.4-1.5,0.5-1,1-3,1.3-2,1.5-2.5,1.8-3,10-14,2.5-3.5,2.5-6,2.8-3.3,3-,3-4,5-,5-6,5-7,5-8,5-9,5.5-8,7-13,abaxial,abaxially,acute,andromonoecious,anther,apex,apically,base,berry,blade,calyx,cell,chartaceous,cm,connivent,cream,cuneate,dark,deltate,diameter,dull,elliptic,equal,erect,flattened-reniform,flower,fruit,glabrescent,glabrous,green,lateral,leaf,length,lobe,lobed,long,long-styled,margin,marking,maturity,mauve,midpoint,mm,moderately,obovate,obtuse,orange-brown,outline,ovate,pale,pedicel,peduncle,petiole,pit,plant,poricidal,present,raised,ray,rounded,short-styled,shrub,simple,small,smooth,sometimes,sparsely,spherical,stellate,stellate-pubescent,stem,style,surface,tapering,tip,tube,way,wide,yellow,yellow-orange,young	-3,/4,0-100,0-20,0-5,0-8,0.1,0.1-0.4,0.1-1,0.2,0.7-,0.8-3.5,00-200,1,1-1.5,1-4,1-8,1.3-2.6,1.4-2.2,1.5-2,1.7,1/5-1/4,10-20,2-,2-20,2-6,2/3-3/4,3-10,3-7,30-100,4-12,4-7,5-20,5-merous,6-8,8-15,adaxial,almost,always,alyx,apar,apart,apparently,articulated,bark,branched,broad-deltate,brown-green,concolorous,darker,discolorous,distal,distance,drying,eaf,eed,elongating,extending,filament,flattened,free,fruiting,green-brow,hermaphrodite,heterostylous,infructescence,lengt,like,lon,longer,lower,lowermost,mature,midvein,multangulate,narrow-deltate,nflorescence,oblong,often,older,one,open,orolla,oung,pair,pendulous,per,pericarp,plurifoliat,porrect,portion,prickl,prickle,prickly,primary,rarely,reduced,reflexed,rounde,ruit,scar,secondary,sessile,side,spaced,spreading,stalk,stalked,staminat,straight,suborbicular,tamen,terete,tertiary,thick,time,trichome,unit,variously,vary,vein,venation,visible,well-developed,woody,yellow-green,ympodial	adhesion,arrangement,climate,colour,corolla,form,glandular,growth,hair,height,history,inflorescence,life,na,number,ovary,perennial,position,presence,pubescence,reproduction,rugulose,seed,shape,size,staman,stigma,stipe,texture
455	wfo-0001029106	success	200	119	87	113	32	0.435	.5,/3,0.2-0.4,0.2-1,0.25-0.7,0.5-0.9,0.9-1.2,1.5-2,1.5-3.5,2-5.5,2-8,2.2-3,3-3.5,3-4,4-8,6-8,abaxially,acute,anther,apex,apically,base,berry,blade,calyx,cm,concolorous,cuneate,deltate,densely,diameter,discolorous,drying,elliptic,flattened-reniform,fruit,glabrescent,glabrous,lateral,leaf,length,lobe,lobed,long,lower,margin,maturity,mauve,membranous,midpoint,mm,obtuse,orange,orange-brown,orbicular,ovate,pale,pedicel,peduncle,petiole,poricidal,ray,red,rounded,scandent,shrub,simple,size,smooth,sometimes,sparsely,spherical,spreading,stellate,stellate-pubescent,stem,style,subentire,surface,tapering,tip,tube,way,weakly,white,wide,yellow-orange	-6,.1,0,0-0.3,0-10,0-2,0-20,0-5,0-6,0.1,0.5,0.5-0.8,0.5-1,0.5-2.5,1-1.6,1-2,1-5,1.5-1.8,1/4,1/5-1/4,2-3.5,2-4,2-6,2/,3-25,4-6,5-14,5-8,5-merous,acuminat,alyx,ame,apar,apart,apparently,appearing,articulated,bark,branched,c.,cell,curved,distance,eaf,eed,elongating,equal,erect,extending,eye,filament,flattened,flower,free,fruiting,gently,infructescence,light,lon,longer,mature,midvein,naked,nflorescence,older,one,open,orange-brow,orolla,oung,outline,pair,pendulous,per,perfec,pericarp,pit,plurifoliat,porrect,portion,prickl,prickle,prickly,primary,raised,reflexed,scar,sessile,shallow,shiny,shorter,side,slender,small,spaced,stalk,stalked,straight,tamen,terete,tertiary,time,trichome,uit,unit,variously,vary,vein,venation,visible,woody,yellowish-green,ympodial	2/3,acuminate,adhesion,arrangement,climate,colour,corolla,form,glandular,growth,hair,height,history,inflorescence,life,na,number,ovary,perennial,plant,position,presence,present,pubescence,reproduction,rugulose,seed,shape,staman,stigma,stipe,texture
456	wfo-0001029112	success	190	102	77	113	25	0.405	0.9-1.7,1-2,1.4-2.5,10-21,2-3.5,2.5-4.5,2.6-3,2.7-5.7,20,3-7,3.5-4.5,3.5-7,5,5-8,6.5-5.5,9.5-13,abaxially,acuminate,adaxially,anther,axillary,berry,brownish,bud,chartaceous,ciliate,cm,condition,conical,corolla,densely,diameter,drying,elliptic-lanceolate,fresh,fruit,glabrous,green,greenish,hair,herb,lanceolate,leaf,light,like,lobe,long,margin,minute,mm,moniliform,mottled,odd-pinnate,ovate,ovoid,pale,pedicel,peduncle,petiole,plant,pubescent,purple,ripe,rotate,seed,size,stigma,style,subtending,terminal,tube,tuber,violet,whitish,wide,x,yellow	0-2,0.5,1-10,1-3,1-4,1.5-1.8,1.5-2,10-17,2.7-3.5,2.7-4.2,3-4,3-5,3-6,5-merou,acumen,ag,along,alyx,apart,apex,apparently,arranged,articulated,axe,base,bead,blade,capitat,cell,connivent,covering,decreasing,digestion,distal,dorsally,eaf,edge,eed,enzyme,equal,especially,exceeding,filament,flat,flower,folded,forked,geminat,generally,glabrou,gradually,green-white,hair-like,half,homostylous,honeycomb-shaped,interjected,larger,lateral,leaflet,lengthening,living,lower,make,middle,mucilaginous,multiple,narrow,necklace,nflorescence,obtuse,orolla,pair,perfect,petiolule,plurifoliate,pore,poricidal,present,pubescen,ray,removed,ruit,secondary,semierec,seudostipule,slightly,slit,spaced,specimen,stamen,ste,stolon,subequal,symmetrical,tall,tamen,tem,testal,thick,thir,throughout,tip,toward,tri-,typically,unit,usually,vary,wall,wet,wing,ympodial	adhesion,arrangement,calyx,capitate,colour,form,growth,height,history,inflorescence,length,life,na,ovary,perennial,position,pseudostipule,pubescence,reproduction,rugulose,shape,staman,stem,surface,texture
457	wfo-0001029120	success	168	99	66	102	33	0.393	.5,0.1-0.5,0.7-1,1-1.5,1.1-1.5,1.1-2,2.5-3.5,2.6-7,3-3.5,6-8,6.5-16.5,acuminate,acute,anther,apex,bark,base,calyx,cm,corolla,dark,erose,glabrous,golden,greenish-brown,hirsute,internodal,leaf,like,lobe,lobed,long,long-triangular,margin,minutely,mm,narrowly,nearly,occasionally,opposite,ovary,ovate,paler,pedicel,peduncle,petiole,pubescent,rest,shaped,shrub,slightly,sparsely,stem,stigma,style,surface,tear-drop,trichome,tube,unifoliate,uniseriate,urceolate,vein,white,x,young	.05,.75,/2,0.5-1.5,5-10-flowered,5-8,8511,abrupt,anthesi,apart,basal,beginning,beneath,black,bud,bullate,cell,decurrent,deflexed,densely,dia,difoliate,dry,drying,eaf,edicel,eed,epidermi,especially,evenly,f,fide,filament,fleshy,free,geminat,globose,inflorescenc,infloresence,know,known,lanceolate,large,larger,later,lateral,lehmann,lon,lower,main,middle,midrib,minor,narrow,narrower,nflorescence,often,older,outer,pair,pale,papillose,peduncl,petaloid,point,pore,poricidal,portion,present,prominently,proximal,raised,reproductive,ruit,scar,scattered,simple,slender,spaced,specimen,speckle,straight,sympodial,tall,tapering,terminal,thickened,tip,tub,ud,unbranched,unit,upper,venation,way,white-papillo,wide,widening,widest,yellow,yellow-green,ympodial	arrangement,climate,colour,decurren,diameter,form,fruit,glandular,growth,hair,height,history,inflorescence,length,life,midpoint,na,number,perennial,plant,position,presence,pubescence,ray,reproduction,rugulose,seed,shape,size,stellate,stipe,texture,white-papillose
458	wfo-0001029121	success	161	125	95	66	30	0.59	0,0-2,0.2-2,1-5,1.1-3.9,1.2-2.5,1.2-3.3,10,15-30,2-13,2-3,2-3-celled,3.6-9,3.8-11,4-10,4-5.5,4.5-10.0,5-20,5-8,9-33,acumen,acuminate,acute,apex,apical,apically,attenuate,base,blue,branched,calyx,cm,commonly,conical,connate,corolla,cuneate,cyme,deep,dehiscent,diameter,dichasial,dichasially,distal,dorsally,edge,elliptical,flat,folded,glabrous,green,green-white,hair,half,herbaceous,honeycomb,interjected,introrse,leaf,leaflet,lobe,long,maturing,medium,mm,monochasial,narrowly,oblique,odd-pinnate,often,ovate,ovoid,pattern,pedicel,peduncle,perennial,petiole,petiolule,plant,poricidally,purple,rarely,rotate,rounded,scattered,seed,short,short-attenuate,size,slit,stigma,style,terminal,wide,yellow	-6,1-4,2-,2-10,3-5,3-6-foliat,8-16,abaxiall,abaxially,adaxially,articulate,cell,covering,digestion,diminishing,eaf,ebracteate,eed,emoval,enzyme,exceeding,filament,flower,forked,generally,globo,gradually,hair-like,lateral,living,lon,lower,lunat,make,mucilaginous,nflorescence,nther,obtuse,orolla,pair,perfect,plan,proximal,reveal,ruit,sessile,seudostipule,specimen,stamen,straight,subequal,tal,tem,testal,thick,throughou,throughout,tip,toward,tuber-bearing,typically,unit,vary,wall,ympodial,¼	6,anther,arrangement,branching,colour,dehiscence,form,frequency,fruit,globose,growth,height,history,inflorescence,length,life,maturation,mucilaginousnes,na,ovary,position,pubescence,reproduction,rugulose,shape,stem,surface,texture,true,tube
459	wfo-0001029125	success	197	118	77	120	41	0.391	abaxially,acuminate,adaxially,anther,apex,attenuate,base,berry,black,brownish,calyx,cell,central,cm,concave-reniform,corolla,cuneate,deltate,densely,diameter,ellipsoid,end,entire,fruit,glabrous,globose,green,herb,hilum,internodal,lateral,leaf,live,lobe,long,lower,margin,maturity,minutely,mm,narrower,orange,outline,ovary,ovate-lanceolate,pale,papillate,pedicel,peduncle,pentagonal,petiole,plant,pubescent,purple,purple-tinged,purplish,ripe,seed,shiny,simple,small,sparsely,star,stellate,stem,stigma,style,subshrub,surface,testal,toward,tube,turning,white,wide,yellow,¼	.0–3.5,.1,.1–1.4,.2,.4,.5–2.0,.6,0.5,0.5–0.6,0.5–1.0,0.8–0.9,0.9,1,1.0–1.2,1.0–1.5,1.0–4.0,1.5–2.0,1.5–3.0,1.7-,1.8–3.5,1–2-celled,2.5–12.0,2/3,20–100,2–3-celled,2–4,3.0–3.4,3.5–4,35–45,3–5,3–5-celled,4–8,5-merous,5–6,6,6–7,abaxial,acute,adaxial,age,along,anthesi,apar,apparently,appressed,arising,articulated,ba,beyond,branching,closely,cone,conical,delicate,difoliate,eaf,eed,especially,exerted,filament,flower,free,fruiting,geminat,growt,later,lengthening,like,lobed,lon,maximum,nearly,nflorescence,oblique,occasionally,often,one,pair,per,perfect,place,pore,poricidal,portion,positioned,primary,reflexe,reflexed,ridged,ruit,scar,scattered,shorter,single,slightly,slit,spaced,spreading,stemmed,stone,straight,strongly,sub-lateral,tall,tem,terete,tinged,tip,traingular,trichome,ud,unequal,uniseriate,unit,usually,vein,whitewith,woody,ympodial,young	0.4-0.5,0.5-0.6,0.5-1.0,1.0-1.5,1.0-4.0,1.1,1.2,1.5-2.0,1.5-3.0,1.7-3.4,2-4,2.5-12.0,20-100,3.5-4,5-6,6-7,adhesion,arrangement,blade,colour,form,growth,height,hirsute,history,inflorescence,length,life,na,perennial,position,presence,present,pubescence,reproduction,rugulose,shape,size,staman,texture,triangular
460	wfo-0001029138	success	170	98	68	102	30	0.4	0-0.1,0.15-0.3,0.5-0.9,0.6-0.7,0.6-1.1,1-2.5,1.7-4,2-locular,2.4-5.5,2.5-3.5,20-30,3-8,3.5-4.5,3.5-6.7,4-6,6-6.5,6-8,7-8,absent,acute,adaxially,anther,apex,base,blade,broadly,brown,calyx,chartaceous,cm,cuneate,deltate,densely,diameter,entire,extra-axillary,flower,fruit,glabrous,hair,inflorescence,length,lobe,margin,midpoint,mm,oblate,obtuse,ovate,pedicel,peduncle,perennial,petiole,present,prostrate,purple,ray,rhizomatous,rotate,rusty,simple,sparsely,stellate-pubescent,stem,style,tube,x,yellow	%,0,0-0.6,0-1.5,0-5,0.25-0.5,0.6-0.8,0.8-1.5,0.9-1.2,1-1.5,1-1.8,1-2,1-5,1.6-2.1,2-foliate,20-100,3-4,3-80,5-8,5-merou,6-10,65-115,7-10,abaxially,absen,accrescent,acicular,adaxiall,alyx,apart,apparently,armed,articulated,axe,ba,broad-based,cylindrical,d.,directed,distall,distally,distributed,dult,eaf,eed,eglandular,enclosing,finger,fruiting,functional,geminat,glabrou,gland-tipped,green,grey-green,juic,lamina,lateral,lon,long,longer,lower,markedly,mature,mesocarp,mid-point,midvein,minute,moist,nflorescence,oblique,orolla,part,per,pore,porrect,prickle,pseudo-racemose,ruit,short,shrub,spaced,stage,stalk,stellae,straight,tal,tamen,thick,thicker,thicknes,throughout,time,unbranched,unit,unknow,unknown,uvenile,vary,wide,yellowish,ympodial	adhesion,arrangement,climate,colour,corolla,form,glandular,growth,height,history,leaf,life,na,number,ovary,plant,position,presence,pubescence,reproduction,rugulose,seed,shape,size,staman,stellate,stigma,stipe,surface,texture
461	wfo-0001029150	success	177	118	83	94	35	0.469	.5,0.3,0.3–0.5,0.5–1.1,0.8–1,0.8–3.5,1.2–1.5,1.5,15,1–1.5,1–11,1–5,2.5–3,2.5–8,3-5,3–10,6,8-shaped,9–12,abaxially,acute,adaxially,anther,apex,apiculate,base,calyx,cm,conical,cylindrical,delicate,diameter,ellipsoidal,elliptical,enlarged,entire,extra-axillary,flower,fruit,glabrous,larger,leaf,light,lobe,margin,membranaceous,midvein,minutely,mm,nearly,oblique,opposed,ovate,pale,pedicel,peduncle,petiole,pinkish-white,pinnate,pubescent,rounded,rounded-deltoid,rugose,shortly,simple,slender,slightly,sparsely,stellate,stem,stigma,style,surface,tan,teardrop-shaped,tip,truncate,tube,venation,vine,white,woody,x	0.3-0.5,0.8-1,0.8–1.5,1.5–2,1.5–2.2,1–2,1–6,2.5–5,2–10,2–2.5,2–3,3–4,3–50,5-merous,7–8,accrescent,across,adaxiall,alyx,apar,apicall,apically,attenuate,axe,berry,blade,branched,c.,canopy,capitat,ciliate,climbing,color,cros,distant,dried,eaf,eed,except,filament,flattened,fleshy,flush,fruiting,glabrou,inconspicuous,lamina,lanceolate,living,lon,long,lower,m.,material,moderately,mor,nflorescence,nternode,older,orolla,pair,perfec,plurifoliat,pointed,rachi,rarely,reaching,ruit,sand-punctate,scar,secondary,section,side,small,somewhat,spaced,specimen,strong,tamen,tem,thick,thickened,time,translucent,tree,trichome,understory,unit,vary,vegetation,vein,wide,wiry,ympodial	3,abaxial,adhesion,arrangement,capitate,climate,colour,corolla,form,glandular,growth,hair,height,history,inflorescence,length,life,midpoint,na,number,ovary,perfect,plant,position,presence,present,pubescence,ray,reproduction,seed,shape,size,staman,stipe,texture
462	wfo-0001029151	success	197	105	73	124	32	0.371	-10,0.1-0.3,0.2-0.6,0.25-0.5,0.5-1,1-1.5,1-2,1-2.5,1-5,1-6,1.5-2,1.5-6,10-15,2-2.5,2-4,3.5-5,4-10,4.5-5,7-10,8-10,8-15,acute,annual,anther,apex,base,blade,brown,calyx,chartaceous,cm,dark,diameter,elliptic,entire,flattened,fruit,glabrous,globose,green,hair,herb,leaf,leaf-opposed,lobe,margin,midpoint,mm,narrowly,oblong,obtuse,ovate,pedicel,peduncle,petiole,purple,ray,reniform,rounded,simple,stellate,stem,stigma,style,subcordate,surface,truncate,tube,undulate,whitish,x,yellow,yellowish	0-0.5,1.5-3,15-20,2-15,2-3,2-6,2-8,5,5-10,5-7,5-8,6-10,7-9,8,abaxially,abundantly,accrescent,acicular,acro,acumen,adaxial,adaxially,apart,apparently,armed,articulated,axe,ba,capitat,close,completely,cone,connivent,covered,covering,curved,cylindrical,deflexed,densely,developed,difoliate,directed,discolorous,distall,downward,eaf,eed,eglandular,equal,filament,flower,forked,frui,fruiting,geminat,held,high,interpetalar,juic,juvenile,larger,lateral,like,lon,long,loosely,lower,main,markedly,mesocarp,midrib,minute,minutely,moderately,moist,multangulate,nearly,nflorescence,oblique,orolla,outside,pale,perfect,pore,porrect,prickle,prickly,probably,pubescent,rachi,rarely,reticulate,ruit,scarcely,shallow,shorter,side,silvery,small,spaced,sparse,sparsely,sparser,spiny,sprawling,stalk,stellate-pubescent,straight,tamen,tem,time,tissu,tissue,triangular,unarmed,unbranched,unit,usually,vary,vein,vigorous,white,wide,ympodial	adhesion,arrangement,capitate,climate,colour,corolla,dense,form,glandular,growth,height,history,inflorescence,length,life,na,number,ovary,plant,position,presence,pubescence,reproduction,rugulose,seed,shape,size,staman,stipe,texture,width,ye
463	wfo-0001029152	success	197	116	94	103	22	0.477	.1,0.25-0.5,0.5-1,0.75-1,0.8-1,0.9-1.3,1,1-1.5,1-4,1.1-1.3,1.5-1.7,1.5-2,2-2.5,2-5,2.5-3,3-5,8.5-16,anther,appressed,area,base,beginning,branch,broadened,broadly,brown,bud,calyx,closely,cm,conical,corolla,dark,deciduous,deep,deltoid,densely,dia,dry,elliptic,flattened,fruit,fruiting,glabrous,globose,green,greyish-red,hyaline,inflorescence,leaf,lightly,lobe,lobed,long,material,minutely,mm,nearly,obovate,often,opposite,ovary,overlapping,ovoid-reniform,pale,papillose,pedicel,petiole,pitted,plant,pore,poricidal,red-floccose,scar,shape,shaped,shiny,shrub,size,small,soon,spaced,stem,stigma,style,surface,tear-drop,tip,tree,tube,weak,white,winged,x	.5,1-2,1-3,2-3,2-4,3-8-flowered,4-6,6-8,61-25,acuminate,acute,anthesi,apex,appearanc,appearing,attenuate,ba,bark,beneath,berry,blade,citronella,completely,corky,cuneate,decurrent,deflexed,differing,difoliate,distal,eaf,edicel,eed,ellipsoi,enclosing,erect,et,exsertion,fide,filament,floccose,flower,fragrance,free,geminat,giving,held,inflorescenc,keeled,large-lenticellate,late,lateral,live,lon,long-styled,longer,lower,main,major,margin,middle,midrib,minor,nflorescence,older,one,pair,per,planar,plane,portion,prominent,prominently,quite,red,reddish,reddish-floccose,reflexed,reminiscent,rounded,ruit,short-styled,simple,single,slender,slightly,somewhat,straight,styl,tall,tapering,terminal,third,tillett,trichome,ud,unit,usually,vein,widest,woody,ympodial,young	1.5-4-6,adhesion,arrangement,colour,diameter,form,growth,height,history,length,life,na,peduncle,perennial,position,pubescence,reproduction,rugulose,seed,spacing,staman,texture
464	wfo-0001029156	success	65	82	36	29	46	0.554	0.5,1.5-2,4-6,6,6-8,<,apex,bark,center,cm,deeply,diameter,exfoliating,glabrous,golden,growth,liana,long,margin,minutely,mm,multiseriate,pale,pedicel,pitted,reniform,seed,shiny,sinuate,stem,surface,tan,trichome,vine,wide,woody	-3,1,10-12,2,almost,apparently,berry,cell,completely,eed,epiphytic,fide,flattened,fruiting,lateral,markedly,minute,nee,new,noddin,occasionally,older,per,rectangular,rib-like,shreddy,testal,thickening,wall	2-3,adhesion,anther,arrangement,base,blade,calyx,climate,colour,corolla,form,fruit,glandular,hair,height,history,inflorescence,leaf,length,life,lobe,midpoint,na,nodding,number,ovary,peduncle,perennial,petiole,plant,position,presence,present,pubescence,ray,reproduction,rugulose,shape,size,staman,stellate,stigma,stipe,style,texture,tube
465	wfo-0001029156	success	65	86	38	27	48	0.585	0.5,1,1.5-2,10-12,2,4-6,6-8,<,almost,apex,berry,cm,completely,diameter,flattened,glabrous,golden,growth,liana,margin,minute,minutely,mm,multiseriate,pale,pedicel,per,pitted,reniform,seed,shiny,stem,surface,tan,trichome,vine,woody,x	-3,apparently,ark,cell,center,deeply,eed,em,epiphytic,exfoliating,fide,fruiting,lateral,lon,markedly,nee,new,noddin,occasionally,older,rectangular,rib-like,shreddy,sinuate,testal,thickening,wall	2-3,6,adhesion,anther,arrangement,base,blade,calyx,climate,colour,corolla,form,fruit,glandular,hair,height,history,inflorescence,leaf,length,life,lobe,long,midpoint,na,nodding,number,ovary,ovoid,peduncle,perennial,petiole,plant,position,presence,pubescence,ray,reproduction,rugulose,shape,size,staman,stellate,stigma,stipe,style,texture,tube
466	wfo-0001029160	success	150	106	66	84	40	0.44	/2,0.5,0.7,1.11.4,1.3-1.8,1.8-2.2,2-7,3-8,3.0-3.5,5-13,6-8,6.5-8.6,annual,anther,armed,base,blade,bristly,broadly,brown,calyx,campanulate,capitate,cm,dark,developing,dm,dry,eglandular,glabrous,gland,hair,herb,including,incurved,internodal,invested,less,linear-lanceolate,lobe,long,maturity,mm,occasionally,ovate,petiole,plump,prickly,purple,radially,ridged,scattered,sessile,short-stipitate,size,sometimes,spherical,splitting,stellate,stem,strait,terminally,tightly,tinged,tube,yellow	0.35-0.50,1.3-1.6,20-40,4-8,4.5-6.0,5.6-7.5,6-10-flowered,accrescent,acicular,acro,across,acute,adjacent,also,alyx,among,anthesi,appearance,beneath,berry,branched,deep,deltoi,dia,difoliate,divergently,divided,eaf,eed,enveloped,erect,exceeding,extende,few-rayed,finer,fully,geminat,giving,heteromorphic,hilum,lon,lowermost,main,many,mostly,much,much-dissected,narrowly,nflorescence,notch,often,one,orolla,ovoid,pair,pinnatifid,prickle,ruit,shorter,shortest,slende,somewhat,spreading,stellae,stout,straigh,sunken,tall,tamen,three,thrice,tigma,tub,twice,tyle,ultimate,unit,uppermost,vary,vein,vestiture,whitish-tinged,wholly,ympodial	adhesion,apex,arrangement,climate,colour,corolla,diameter,form,fruit,glandular,growth,height,history,inflorescence,leaf,length,life,margin,midpoint,na,number,ovary,pedicel,peduncle,plant,position,presence,pubescence,ray,reproduction,rugulose,seed,shape,slender,staman,stigma,stipe,style,surface,texture
467	wfo-0001029163	success	149	111	82	67	29	0.55	-9,0.3-2.5,0.5-1,1-2,1.5-2.5,1.5-3,10-,2,2-3,2-6,2-7,2.5-3,20-30,3-14,3-4,4-20,4-6,4.5-23,5-8,7-9,abaxially,acuminate,acute,adaxially,apart,apex,articulated,base,blade,calyx,chartaceous,cm,connivent,cuneate,decurrent,deltate,densely,denser,diameter,distally,elliptic,elliptic-ovate,entire,free,fruit,glabrous,globose,hair,herb,lanceolate,lenticular,lobe,margin,mm,moderately,narrowed,nearly,pedicel,peduncle,perennial,petiole,puberulent-pubescent,pubescence,purple,shrub,simple,slightly,spaced,sparsely,stellate,stem,stigma,style,subcoriaceous,surface,tip,tube,unbranched,unknown,white,x,yellow	-25,-4,1,1.5-2,13-18,2-18,3-5,4-5-foliat,5-12,9-15,abaxial,absen,adaxiall,aggregate,axe,band,cell,color,cylindrical,directed,distall,eaf,eed,eglandular,flower,glandular,leaving,like,lon,long,lower,narrowly,nflorescence,nther,obtuse,orolla,papillose,pedicellar,pore,projection,pseudohair,puberulent,puberulent-pubescen,rachi,radiu,remnant,ripe,roughened,ruit,scale-like,small,sometimes,stalked,stone,subapical,tal,tem,thickened,time,triangular,truncat,unit,vary,vein,whitish,wide,ympodial	adhesion,anther,arrangement,colour,corolla,form,growth,height,history,inflorescence,leaf,length,life,na,number,ovary,plant,position,presence,present,ray,reproduction,rugulose,seed,shape,size,staman,texture,truncate
468	wfo-0001029171	success	137	105	70	67	35	0.511	-15,0.5,1-3,1-4.5,1.5-2,1.5-7.5,10-25,2-3,3-4,3.5-18,3.5-6.5,4-10,4-5,5-6,5-8,7-9,acuminate,acute,angled,apex,base,blade,calyx,chartaceous,cm,connivent,cuneate,decurrent,deltate,densely,diameter,elliptic,entire,fruit,glabrous,glandular,globose,hair,lanceolate,lobe,margin,mm,moderately,narrowly,orange,ovate-elliptic,pedicel,peduncle,petiole,puberulent,pubescent,purple,rarely,red,rugose,shrub,simple,slightly,smooth,sometimes,sparsely,stellate,stigma,style,triangular,tube,usually,white,x,yellow	-,-10,1-5,10-35,11-20,6-,8-17,abaxially,abruptly,absen,adaxially,aggregate,also,and/or,apart,articulated,axe,ba,branched,cell,cylindrical,dendritically,dense,directed,distall,eaf,eed,eglandular,except,flower,forked,gland,glandula,like,long,lower,many-foliat,midrib,narrowed,near,nearly,nflorescence,nther,obtuse,often,orolla,perfect,pore,rachi,radiu,ripe,ruit,shoot,short-stalked,spaced,ste,stone,tal,tem,time,tip,truncat,unbranched,unit,vary,wide,ympodial	adhesion,anther,arrangement,climate,colour,corolla,form,growth,height,history,inflorescence,leaf,length,life,midpoint,na,number,ovary,perennial,plant,position,presence,pubescence,ray,reproduction,rugulose,seed,shape,size,staman,stem,stipe,surface,texture,truncate
469	wfo-0001029215	success	49	57	34	15	23	0.694	0.3-0.5,0.5-0.7,0.5-2.5,1,2.3-2.9,appearance,border,brown,calyx,cm,coarse,diameter,elongating,entire,hair-like,herb,lobe,long,markedly,mm,narrowly,obovate,outgrowth,pubescent,round,shrub,silky,small,smelling,strong,surface,wide,winged,woody	-1.8-2.3,.2,cell,eed,fide,fruit,give,lateral,spreadin,tall,testa,thick,wall,weigend,xyledecor	0.2,1.8-2.3,colour,elongation,form,growth,height,history,length,life,na,perennial,plant,reproduction,scent,seed,shape,size,spreading,texture,thicknes,width,winging
470	wfo-0001029216	success	243	108	80	163	28	0.329	0.4-0.5,0.5,0.6-1,1-1.2,1-2,1.2-6,1.5-2.3,1.5-2.5,10,10-14,2.5-3.3,20-35,3,<,acute,annual,anther,apex,attenuate,base,basiscopically,biennial,bright,brown,calyx,capitate,cm,conical,corolla,crenate,decurrent,deep,dentate,diameter,elliptic,fruit,glabrescent,glandular,globose,green,herb,imparipinnate,inflorescence,interrupted,length,less,like,linear,lobe,long,margin,minute,minutely,mm,oblique,obovate,orange,ovary,ovate,pale,pedicel,peduncle,pentagonal,perennial,petiole,plant,present,pubescent,red,shape,sparsely,stem,stigma,style,surface,tube,usually,villous,wide,yellow	+,-0.5,-10,-5,.5,.8-1,0.1-0.3,0.1-0.5,0.1-0.6,0.1-0.8,0.2-0.25,0.2-0.3,0.2-0.4,0.2-0.8,0.3-0.4,0.3-0.5,0.3-2,0.4,0.5-0.8,0.5-1.5,0.5-2,0.6-0.8,0.8-2.5,1-3,1-4,1-6,1.5-3,1/,10-,2,2-4.5,2-locular,3-,3-4,3-5,3-7,3-foliate,4,5,5-15-flower,6-10,7-10,absen,absent,accrescent,acroscopically,adpressed,allogamous,always,and/or,angeld,anthesi,apical,appearance,appendage,articulated,articulation,axi,basal,becoming,branch,cell,cente,column,composed,cone,cordate,cultivar,deeply,distal,eaf,edicel,eed,entire,erect,exserted,extending,facultatively,fasciated,filament,fruited,fruiting,giving,gland-tipped,gree,hair-like,half,halfway,included,initially,interjected,internode,lanceolate,large,larger,later,lateral,leaflet,lobulate,lon,longer,lower,mainly,maturity,mixture,multicellular,multilocular,narrowly,near,nflorescence,numerous,often,one,outgrowth,pair,particularly,petiolule,population,primary,procumbent,pseudostipule,rarely,reflexe,ruit,scen,secondary,sessile,shaggy,shaped,short,silky,simple,sometimes,somewhat,sparse,spreading,staminal,sterile,straight,strong,strongly,tangled,tem,terminal,tertiary,testa,thick,thickening,tip,total,toward,trichome,truncate,ud,unicellular,uniseriate,unit,variety,varying,viny,wall,winged,ympodial	3-10,adhesion,arrangement,blade,climate,colour,form,growth,hair,height,history,leaf,life,midpoint,na,number,position,presence,pubescence,ray,reproduction,rugulose,seed,size,staman,stellate,stipe,texture
471	wfo-0001029226	success	206	126	96	110	30	0.466	-7,-9,.5,0-1,0.5-5,1-1.5,1-3,2-6,2.5-10,3-3.5,4,5-7,7-11,8-13,acuminate,acute,anther,apex,base,berry,black,blue,bright,calyx,capitate,cm,conical,cordate,corolla,dark,deltate,densely,diameter,ellipsoid,enation,entire,flattened,glabrous,glandular,globose,growth,herbaceous,lateral,lavender,leaf,like,lobe,lobed,long,lyrate,margin,membranous,mere,minutely,mm,occasionally,pale,pedicel,peduncle,perfect,petiole,pinnatifid,pitted,pubescent,red,reniform,rim,ripe,seed,shiny,short-glandular,shrub,simple,sparsely,stellate,stem,stigma,style,surface,tan,terminal,thin,translucent,trichome,truncate,tube,uniformly,uniseriate,vine,way,weak,white,wide,woody,yellowish,¾	.75,0.5,1-2,1-celled,10-40+,2,2-3,2-9,3-6,30,4-6,5-merou,>,ag,alyx,anthesi,apart,apparently,ark,articulated,ba,basal,branched,breaking,cell,completely,congested,connivent,decurrent,distall,divided,dry,eaf,eed,elongate,exserted,filament,flexuous,flower,free,fruiting,glabrescent,gland,green,hairy,ilament,irregularly,juice,lengthening,longer,loosely,lower,many,material,mature,minute,new,nflorescence,often,older,one,open,orolla,overtopping,pair,papillat,papillate,papillo,per,pinnate,plurifoliat,pore,poricidal,portion,primary,reflexed,remainin,ruit,sagittate,scar,scarlet,shorter,sleeve,slender,slit,small,sometimes,spaced,spot,sprawling,spreadin,spreading,staining,strongly,tangled,tem,testal,third,time,tip,twinin,ud,unit,usually,vary,vein,wall,widest,winged,ympodial	adhesion,arrangement,blade,climate,colour,form,fruit,hair,height,history,inflorescence,length,life,midpoint,na,number,ovary,papillose,plant,position,presence,pubescence,ray,reproduction,rugulose,shape,size,staman,stipe,texture
472	wfo-0001029234	success	204	110	81	123	29	0.397	0-2,0.1-0.5,0.2-0.3,0.3-0.9,0.4-0.7,0.5-1,0.5-2,0.8-1.1,0.9-2.1,1-1.5,1.1-1.5,1.5-2.5,2-2.5,2-6,3-3.7,3-5,4-8,5-9.5,5.5-7,9-24,acute,anther,apex,attenuate,base,blade,brown,calyx,capitate,chartaceous,cm,connivent,cuneate,diameter,entire,erect,flattened,fruit,glabrous,gland-tipped,glandular-puberulent,globose,hair,inflorescence,lanceolate,leaf-opposed,length,lobe,loosely,margin,midpoint,mm,moderately,narrowly,ovate,pale,pedicel,peduncle,perennial,perfect,petiole,present,pubescent,purple,ray,red,rhizomatous,rotate-stellate,short,shrub,simple,sparsely,stellate,stellate-pubescent,stigma,style,surface,triangular,tube,x,yellow	%,0-0.1,0-1,0-2.5,0-3,0-4,0-6,0.15-0.3,0.4-0.5,0.5-1.5,0.5-5,0.6-0.8,1-10,1-4,1-locular,1.5-2,11-23,18-24,2-3,20-,3-7,3-8,4-,4-7.5,4.7-7,5-merou,7-10,7-11,abaxially,absen,absent,accrescent,acicular,across,adaxiall,adaxially,adult,alyx,apart,apparen,articulated,axe,ba,bilobe,branche,confined,cylindrical,dense,directed,distall,distally,dm,eaf,eed,eglandular,exocarp,few-,filament,finger,flower,fruiting,geminat,green,half,incomplete,juicy,lamina,lateral,less,long,longer,lower,markedly,mature,mesocarp,mid-point,midrib,midvein,minute,nflorescence,oblique,orolla,part,per,placenta,plurifoliate,pore,porrect,prickle,pseudo-racemose,rachi,rugose,ruit,seeded,septum,sessile,spaced,sparse,stage,stalk,stellae,straight,succulent,tal,tamen,tem,thick,thicker,thicknes,throughout,time,tip,toward,unarme,unarmed,unbranched,unit,unknow,uvenile,vary,white,wide,ympodial	adhesion,arrangement,bilobed,climate,colour,corolla,form,glandular,growth,height,history,leaf,life,na,number,ovary,plant,position,presence,pubescence,reproduction,rugulose,seed,shape,size,staman,stem,stipe,texture
473	wfo-0001029236	success	159	134	100	59	34	0.629	.5,0.2-0.7,0.2-1,0.45-0.5,0.5,0.9-2.3,1-1.5,1-2,1.4-1.7,1/2,3,6-9,abaxially,absent,adaxial,age,anther,anthesi,apex,apically,bark,base,becoming,branching,branchlet,broadly,calyx,cm,conical,coriaceous,corolla,cupulate,decurrent,deltate,dendritic,densely,diameter,dichasial,elliptic,except,flattened,fleshy,fruit,fruiting,glabrous,globose,grey-brown,growth,leaf,lenticular,less,lobe,lobed,margin,middle,midvein,minutely,mm,narrowly,near,obscurely,occasionally,ovary,pale,pedicel,pericarp,petiole,pitted,pointed,poricidal,prominent,pubescent,purplish,purplish-black,reddish-brown,revolute,scar,scattered,shiny,short,shrub,slightly,slit-like,sparsely,stem,stigma,strongly,style,surface,terminal,thin,tip,trichome,trongly,tube,usually,violet,way,winged,x	0.5-1.5,2-4,2-5,apical,apparently,appearing,axi,ba,basal,berry,bi-lobe,branch,compact,completely,deflexed,eaf,edicel,eed,erect,ew,exserted,filament,flower,free,inserted,later,lateral,long,lower,m.,many,nflorescence,nodding,obscure,older,overtopping,packe,per,persistent,plurifoliate,pore,portion,ruit,secondary,shoot,simple,sleeve,stamen,tall,tapering,time,tub,ud,unit,venation,wide,woody,ympodial,young	adhesion,arrangement,bi-lobed,blade,climate,colour,form,glandular,hair,height,history,inflorescence,length,life,midpoint,na,new,number,peduncle,plant,position,presence,pubescence,ray,reproduction,rugulose,seed,shape,size,staman,stellate,stipe,texture,winging
474	wfo-0001029244	success	233	124	99	134	25	0.425	0-0.5,0-2,0-2.5,0-9,0.15-0.25,0.2-0.3,0.4-0.7,1-4,1.4-6,1.5-2.5,1.8-3.5,2-3,2-4,2.5-3.6,3-10,4-5.5,5-7,6-12,6-8,9-25,acuminate,acute,adaxially,andromonoecious,anther,apex,base,brown,calyx,chartaceous,cm,connivent,cuneate,deltate,densely,diameter,elliptic,entire,erect,extra-axillary,fruit,gland-tipped,globose,green,hair,inflorescence,juicy,lanceolate,lateral,leaf,length,lilac,lobe,lobed,long,loosely,lower,margin,midpoint,mm,moist,obovate,obtuse,occasionally,orange,ovate,pale,part,pedicel,peduncle,perennial,petiole,plant,present,purple,ray,red,reniform,rhizomatous,rostrate,rusty,shallowly,short,shrub,simple,sparsely,stellate,stellate-pubescent,stigma,style,summit,surface,throughout,time,toward,tube,weakly,x,yellow	%,0-0.2,0-0.3,0-1,0-16,0-55,0-80,0.2-0.25,0.2-0.5,0.25-0.4,0.5-2,0.8-5,1-1.5,1-2,1.1-1.8,10-18,100-150,12-25,2-12,2-foliate,2-locular,2.1-3.2,22-31,3-5,3-7,3-7.5,3-8,4-7,4.7-5,5-10,5-merou,6-9,7-10,7-12,7-30,7-9,8-10,9-16,90-200,abaxially,absen,absent,accrescent,acicular,across,adaxiall,adult,alyx,anvil-shape,apart,apiculate,articulated,axe,ba,blade,branch,branche,capitat,confined,contiguous,cross-section,cylindrical,decimetre,directed,distall,distally,distributed,dm,eaf,eed,eglandular,especially,exocarp,filament,finger,flattened,flower,fruiting,functional,geminat,half,hetereostylous,juvenile,lamina,less,longer,markedly,mature,mesocarp,mid-point,midrib,midvein,minute,minutely,moderately,narrowly,nearly,nflorescence,oblique,orolla,pair,per,placenta,pore,porrect,prickle,rachi,rugose,ruit,scarcely,sessile,side,sometimes,spaced,stalked,stellae,straight,tal,tamen,tem,thick,thicker,tip,transparent,triangular,unarme,unarmed,unbranched,unit,upper,vary,vein,wide,ympodial	adhesion,arrangement,capitate,climate,colour,corolla,form,growth,height,history,life,na,number,ovary,position,presence,pubescence,reproduction,rugulose,seed,shape,size,staman,stem,texture
475	wfo-0001029246	success	209	120	88	121	32	0.421	-1.5,/5,0.1-0.4,0.3-0.5,0.7-1.3,0.7-2,0.8-1.1,0.8-3,0.9-1.3,1.5-2.3,1.5-2.5,1.7-6,1/3,2,2.5-3.2,2.8-4,3.5-5,4-6,6-8,7-12,abaxially,acuminate,acute,anther,apex,apically,base,berry,blade,calyx,chartaceous,cm,connivent,cuneate,deltate,diameter,dull,elliptic,entire,equal,flattened-reniform,fruit,glabrescent,glabrous,lateral,leaf,length,less,lobe,lobed,long,lower,margin,maturity,mauve,midpoint,midvein,mm,moderately,obtuse,orange-brown,orange-red,pale,pedicel,peduncle,petiole,poricidal,purple,ray,shrub,simple,smooth,sometimes,sparsely,spherical,stellate,stellate-pubescent,stem,style,tapering,tip,tube,upper,way,white,wide,yellow,yellow-orange	-1,-4,0,0-15,0-5,0.1-0.3,0.15-0.3,0.2-1.5,0.3-0.8,0.5,0.5-1.5,0.7-1.5,1-1.5,1-1.8,1-10,1-3,1-4,1-5,1-8,1.2-2,1.5-6,1.8-3,1/10-1/5,2-3,2-3.5,2-5,2/3,2/3-3/,3-20,3-5,5-,5-20,5-merous,6-10,8-16,abaxial,acuminat,adaxial,almost,alyx,apar,apart,apparently,articulated,bark,broad-deltate,c.,concolorous,curved,densely,discolorous,distance,drying,eaf,eed,elongating,erect,extending,eye,filament,flattened,flower,free,fruiting,infructescence,lon,longer,mature,naked,narrow-deltate,narrow-ovate,nflorescence,oblong,older,one,open,orange-brow,orolla,oung,pair,pendulous,per,perfec,pericarp,plurifoliat,porrect,portion,prickl,prickle,prickly,primary,procumbent,pubescent,recurved,rounded,ruit,scar,sessile,side,spaced,spreading,stout,straight,strongly,surface,tamen,terete,tertiary,time,trichome,unarmed,unbranched,unit,usually,vary,vein,venation,visible,woody,ympodial,¼	2/3-3/4,adhesion,arrangement,climate,colour,corolla,form,glandular,growth,hair,height,history,inflorescence,life,na,number,ovary,perennial,plant,position,presence,present,pubescence,reproduction,seed,shape,size,staman,stigma,stipe,texture,unknown
476	wfo-0001029263	success	211	130	99	112	31	0.469	0-2.5,0-5,0.3-1,0.5-1,0.6-1.5,1.2-2.5,1/2,1/4-1/3,10-35,12-35,2-3,2.2-3.2,2.8-3.8,3-5,3.5-5,4-10,4-6,4-7,6-20,6-30,acute,almost,andromonoecious,anther,apex,apically,attenuate,base,berry,black,blade,calyx,chartaceous,cm,connivent,corolla,cream,cultivar,cuneate,dark,deep,deltate,diameter,dull,elliptic,entire,equal,evenly,flattened-reniform,flower,fruit,glabrous,glandular,green,hair,herb,lateral,leaf,length,lobe,lobed,long,long-styled,margin,marking,maturity,mauve,minute,mm,obtuse,often,orange,orange-brown,pale,pedicel,peduncle,petiole,plant,poricidal,purple,rotate,short-styled,simple,sometimes,spherical,stem,style,surface,tapering,tearing,tip,tube,upper,usually,way,white,wide,yellow,young	-2,0-100,0.5-1.5,1,1-10,1-4,1-7,1/3-2/3,1/3-3/4,1/6,10-20,2-4,30-60,5-10,5-8,5-merous,7-10,alyx,apar,apparently,articulated,ba,bark,becoming,broad,broad-deltate,cell,concolorous,curved,decurren,difoliate,distal,distance,drying,eaf,eed,elongating,erect,extending,extensive,filament,foliaceou,free,fruiting,fully,geminat,glabrescent,hermaphrodite,heterostylous,infructescence,less,lobing,long-acuminat,longer,lower,lowermost,mature,midvein,near,nflorescence,older,one,onl,open,opening,orolla,oung,outline,ovoi,pair,part,pendulous,per,pericarp,pit,portion,primary,raised,red-brown,reddi,reflexed,rounded,ruit,scar,secondary,side,small,smooth,spaced,sparsely,spreading,staminat,stellate-pubescent,stout,straight,tamen,terete,tertiary,time,trichome,ud,unarme,unarmed,unbranched,unit,vary,vein,venation,visible,wider,woody,ympodial	adhesion,arrangement,climate,colour,form,growth,height,history,inflorescence,life,long-acuminate,midpoint,na,number,ovary,perennial,position,presence,pubescence,ray,reddish,reproduction,rugulose,seed,shape,size,staman,stellate,stigma,stipe,texture
477	wfo-0001029286	success	224	113	79	145	34	0.353	.5,0.8,1-2,1.5-2,1.5-4,2.5-3,3-4,4-5,4.5,4.5-7,5,5-6,6-8,6-9,7-10,acute,almost,anther,apex,apically,apiculate,attenuate,base,branch,broadly,capitate,chartaceous,clustered,cm,conical,corolla,cuspidate,deltoid,dendritic,diameter,drying,entire,free,glabrescent,glabrous,grey,hair,inside,isolated,leaf,length,liana,light,lilac,lobe,lobed,margin,mauve,membranous,minutely,mm,obconical,oblong,obovate,outside,pedicel,peduncle,petiole,rounded,simple,slender,sometimes,stem,stigma,style,surface,terminal,tip,trichome,tube,unarmed,widely,x,yellowish	.4,0-0.5,0.1,0.15-0.4,0.4-1.2,0.6-1.2,0°,1-1.5,1.5-8,1/8,15-50,2-3,4-6,abaxial,abaxially,abscising,adaxially,age,along,altered,alyx,another,anthesi,apar,apart,apice,apparently,arising,around,articulated,articulation,axil,bark,becoming,branched,branching,brown,canaliculate,clearly,closer,concave,concolorous,crenulate,curved,delineated,density,dilated,distributed,domatia,eaf,eed,equal,except,extending,faint,fertilization,filament,flat,flexuous,flower,formed,forming,fresh,globo,green,increasing,inflorescenc,junction,know,known,lamina,lengthening,less,long,lower,m.,main,margi,mas,meeting,middle,midvein,much,multicellular,narrowly,nflorescence,nther,occasional,often,one,orolla,ovate,pair,papillo,perfec,plurifoliat,pore,poricidal,portion,primary,prominent,protruding,rachi,raised,rarely,regular,ruit,scar,separated,shallowly,side,smaller,smooth,somewhat,soon,sparsely,specimen,spreading,stretchy,stump,tangled,tearing,terete,tertiary,textur,thick,thickened,thinner,time,tissue,together,toward,translucent,translucent-violet,tuft,ud,uneven,unit,vary,vein,venation,visible,wide,ympodial,young	adhesion,arrangement,blade,calyx,climate,colour,form,fruit,glandular,growth,height,history,inflorescence,life,midpoint,na,number,ovary,papillose,perennial,plant,position,presence,pubescence,ray,reproduction,rugulose,seed,shape,size,staman,stellate,stipe,texture
478	wfo-0001029289	success	292	165	150	142	15	0.514	.05,.5,0.4-1.1,0.4-2,0.5-1,0.5-1.2,1-2,1-2.5,1.2,1.5-4,1.5-5,1/6-1/3,12,2-3,2.5,2.5-4,25,3-7,4-9,4.5,5-12,5-20,6-12,abaxially,acuminate,acute,adaxially,almost,along,always,anther,anthesi,apex,apparently,attenuate,bark,base,berry,black,branch,broadly,brown,calyx,capitate,chartaceous,clavate,close,cm,collapsing,complex-dendritic,conical,corolla,covering,cuneate,cupular,deeply,dendritic,developing,development,diameter,distributed,drying,entire,evenly,faint,finely,flattened,free,glabrescent,glabrous,green,half,honeycomb,indumentum,inside,leaf,length,liana,lobe,lobed,long,longitudinally,lower,main,margin,maturity,midvein,minutely,mm,obconical,oblong,obovate,one,orange,outline,outside,pair,pale,papillose,pattern,pedicel,peduncle,petiole,pili,pitted,primary,puberulous,pubescent,raised,rarely,reddish,reniform,reveal,ridged,seed,shape,side,simple,size,smooth,sometimes,sparse,spheroidal,stem,stigma,style,sunken,surface,terminal,tertiary,thick,thin,thin-coriaceous,together,trichome,truncate,tube,undulate,unicellular,usually,variable,vein,venation,violet,visible,white,x,yellow,yellowish,young	.2,0-2,0.15-0.25,0.2-1.5,0.4-1,0.5,0.5-0.7,1-1.2,1-4,1.5-2,100,15,15-45,1mm,3,60-90°,8,accrescent,adaxial,age,alyx,apar,apically,apice,appendage,arachnoid,arising,aristate,around,articulated,articulation,becoming,boundary,branched,branching,canaliculate,clear,clearly,complexity,concolorous,crenulate,curved,cuspidate,delineated,deltoid,dense,detaching,dilated,discolorous,domatia,dorsally,eaf,eed,ellipsoi,elongated,equal,erect,eye,fertilisation,filament,flexuous,flower,forming,found,fruiting,globose,hair,hard,inner,irregular,lamina,leave,lengthening,less,light-coloured,line,linear,loop,m.,margi,may,middle,minute,mixture,multicellular,naked,narrowly,nflorescence,nther,often,orolla,outer,papillae,papillo,pendulous,perfec,pericarp,pit,plurifoliat,point,pointed,pore,poricidal,portion,prominent,pronounced,protruding,rachi,rising,rounded,ruit,scar,see,shallow,shallowly,shiny,short,sinus,slightly,somewhat,soon,sparsely,spreading,straight,strongly,stump,sturdy,tearing,terete,thickened,time,tip,toward,tuft,ud,unarmed,unit,various,vary,wide,widely,ympodial	adhesion,arrangement,colour,form,fruit,growth,inflorescence,na,number,ovary,position,pubescence,staman,texture,type
479	wfo-0001029295	success	191	106	83	108	23	0.435	-5,-9,.5,0.5,0.7-1,1-1.5,1.2-3.5,2-3,2.5-3.5,2.5-6,2/3,3/4,4-4.5,5-6,6-8,<,along,anther,anthesi,base,calyx,capitate,cm,corolla,cup-shaped,diameter,drying,elliptic,fide,fruit,glabrescent,glabrous,globose,green,grey,height,herb,internodal,known,lateral,leaf,length,lobed,membranous,midrib,minutely,mm,narrowly,ovary,ovoid,pale,pedicel,peduncle,petiole,pitted,pointed,prolonged,purple,red,reniform,rhomboidal,ripe,scattered,shrub,simple,slightly,small,stem,stigma,style,surface,tan,thin,tip,trichome,tube,unarmed,uniseriate,urban,way,whitish,x,yellowish	0,1,2,2-4,4-5-celled,4-6,4-merous,?,abaxial,acuminate,acute,apex,apparently,appearing,articulated,attenuate,bark,become,berry,cell,closely,continuous,crystal,dark,deciduous,defined,defoliate,dense,distal,eaf,eed,ellipsoid,elongate,entire,erect,essentially,exserted,filament,flower,free,fruiting,geminat,glabrou,half,irregular,lamina,lengthen,lobe,lobe-lik,long,lower,margin,minute,nflorescence,nodding,obtusely,older,opening,orientation,outline,pair,papillat,papillate,peduncl,peelin,pentagonal,per,perfect,pericarp,pore,portion,primary,puberulent,pubescent,rim,rooting,rounded,ruit,sand,scar,seen,sessile,shallowly,short,sinuate,slit,soon,spaced,sparsely,splitting,sprawling,strongly,testal,tissue,top,ud,undulation,unifoliate,unit,upper,usually,vein,widest,wing,wiry,woody,ympodial,young	adhesion,arrangement,colour,form,growth,history,inflorescence,life,na,perennial,plant,position,presence,pubescence,reproduction,rugulose,seed,shape,size,staman,stellate,texture,unknown
480	wfo-0001029299	success	201	119	96	105	23	0.478	0-3,0-5,0.5-1.5,1-2,1-4,1.6-5,10-21,16-28.6,2.3-3.3,3,3-13,3-4.5,3-7.5,4-10,4-16,5-15,7-8,8.5-19,abaxially,acuminate,acute,adaxially,along,anther,apex,attenuate,axillary,base,broadly,brownish,bud,chartaceous,clavate,cm,condition,corolla,diameter,drying,elliptic,especially,fresh,fruit,glabrous,glandular,green,greenish,hair,herb,interjected,lanceolate,leaf,leaflet,like,lobe,medium,membranous,midrib,minutely,mm,moderately,mottled,multicellular,non-glandular,oblique,odd-pinnate,orbicular,ovate,ovoid,pair,pedicel,peduncle,pentagonal,petiole,petiolule,plant,puberulent,pubescence,pubescent,purple,rotate,rounded,seed,size,slightly,stem,stigma,style,subtending,terminal,trichome,truncate,tube,white,whitish,x,yellow	1-10,10-16,2-4,3-12,3-5,3.5-7.5,5-merou,6-5-15.3,acumen,ag,alyx,apart,apparently,articulated,axe,blade,borne,capitat,cell,ciliate,connate,cordate,covering,cuneate,decreasing,decurrent,dense,digestion,distal,dorsally,eaf,edge,eed,end,enzyme,erec,exceeding,filament,flat,flower,folded,forked,geminat,generally,grading,gradually,green-white,hair-like,half,homostylous,honeycomb-shaped,invested,lateral,lengthening,living,long,lower,make,margin,middl,mucilaginous,nflorescence,orolla,perfect,petiolulate,plurifoliate,pore,poricidal,removed,ruit,sessile,seudostipule,shallowly,short,singly,slit,spaced,specimen,spreading,stamen,ste,stolo,straight,subsessile,tall,tamen,tem,testal,thick,throughout,tip,tissue,toward,tri-,tuber,typically,unit,unknow,usually,vary,wall,wet,wide,wing,ympodial	adhesion,arrangement,calyx,capitate,colour,form,growth,height,hermaphroditic,history,inflorescence,length,life,na,ovary,perennial,position,reproduction,rugulose,shape,staman,surface,texture
481	wfo-0001029308	success	221	109	84	137	25	0.38	0.2-0.3,0.2-1.5,0.4-0.7,1-5,1.5-2.5,1.5-2.7,1.5-4,2-6,2.5-3,2.7-3.1,3-4,3.5-4.5,4-15,4-8,6-8,7-8,9-18,absent,acuminate,acute,adaxially,andromonoecious,anther,apex,base,blade,brown,calyx,chartaceous,cm,connivent,cuneate,deltate,densely,diameter,elliptical,entire,erect,extra-axillary,flattened,fruit,glabrous,globose,hair,inflorescence,lanceolate,leaf,length,lilac,lobe,lobed,loosely,margin,midpoint,mm,ovate,pale,pedicel,peduncle,perennial,petiole,plant,present,purple,ray,rhizomatous,rotate-stellate,rusty,seed,shallowly,shrub,simple,sparsely,stellate,stellate-pubescent,stigma,style,surface,throughout,tube,weakly,x,yellow,yellowish-green	%,0-10,0-25,0-4.5,0.05-0.3,0.25-0.3,0.25-0.35,0.25-0.4,0.25-1,1,1-4,1.2-2.5,1.5-3,1.5-5.5,168,19-30,1981,2-5,2-foliate,2-locular,2.2-2.7,20-40,3-6,30-50,4-5,4-6,4.3-15,4.5-6,5-merou,6-11,6-18,7-10,8-19,9.5-28,abaxially,absen,acicular,across,adaxiall,adult,alyx,anvil-shape,apart,articulated,axe,ba,branch,branche,broad-based,broadly,capitat,confined,counted,cross-section,cylindrical,decimetre,directed,distall,distributed,dm,eaf,eed,eglandular,elliptic,exocarp,finger,flower,fruiting,functional,furrowed,geminat,gland-tipped,green,half,heterostylous,interpetalar,juicy,juvenile,lamina,lateral,less,long,longer,lower,margi,mature,mesocarp,mid-point,midrib,midvein,minute,minutely,moderately,moist,nearly,nflorescence,oblique,one,orolla,pair,part,per,placenta,pore,porrect,prickle,rachi,reticulate,ruit,sessile,short,side,spaced,stalked,star,stellae,straight,tal,tamen,tem,thick,thickened,time,tissue,toward,triangular,unarme,unarmed,unbranched,unit,upper,vary,vein,wide,yellowish,ymon,ympodial	adhesion,arrangement,capitate,climate,colour,corolla,form,glandular,growth,height,history,life,na,number,ovary,position,presence,pubescence,reproduction,rugulose,shape,size,staman,stem,texture
482	wfo-0001029310	success	216	122	90	126	32	0.417	-16,-25,0.2-0.3,0.6-1.1,1-1.5,1.2-1.5,1.8-3,10-13,10-15,15-20,2-3.5,2-4,3-4,3.5,4-8,5-12,5-6,5-7,6-8,7-12,8,abaxially,acute,andromonoecious,anther,apex,apically,base,berry,blade,brown,calyx,cm,connivent,cordate,dark,deltate,diameter,dull,elliptic,equal,flattened-reniform,flower,fruit,glabrescent,hair,herb,lateral,leaf,length,lobe,lobed,long,long-styled,lower,margin,maturity,mauve,membranous,midpoint,mm,narrow-deltate,ornately,pedicel,peduncle,petiole,pinnatifid,plant,poricidal,ray,short-styled,shrub,simple,smooth,sparsely,spherical,spreading,stellate,stellate-pubescent,stem,stout,style,surface,tapering,tip,toward,truncate,tube,wide,yellow	.1,.5,.6,/4,/6,0-20,0-5,0.1-0.2,0.2-0.8,0.5,0.5-3,00,1,1-2,1-4,1/,10,10-20,2.5-6,2/3-3/4,20-40,20-60,200-500,3-5,4-10,45-60,5,5-10,5-20,5-30,5-8,5-merous,7-13,accrescent,alyx,ame,apar,apart,apparently,articulated,bark,beyond,branched,c.,concolorous,conical,difoliate,distal,distance,drying,eaf,eed,elongating,enclosing,erect,extending,filament,filifor,free,fruiting,geminat,gently,glabrous,gray,hermaphrodite,heterostylous,inflated,infructescence,lobing,lon,longer,lowermost,mature,midvein,minute,moderately,nflorescence,older,one,open,orange-green,orolla,oung,pair,pendent,pendulous,per,pericarp,perpendicular,porrect,portion,prickl,prickle,prickly,primary,recurved,red-brow,retrorse,ruit,scar,secondary,sessile,shorter,side,sometimes,spaced,stalk,stalked,staminat,straight,strongly,tamen,terete,tertiary,time,tissue,trichome,unit,variously,vary,vein,venation,visible,way,woody,ympodial	0.1,1/3,adhesion,arrangement,climate,colour,corolla,filiform,form,glandular,growth,height,history,inflorescence,life,na,number,ovary,perennial,position,presence,present,pubescence,reproduction,rugulose,seed,shape,size,staman,stigma,stipe,texture
483	wfo-0001029317	success	151	100	65	86	35	0.43	0.5,0.5-0.75,0.5-1,0.8-1,1,1-1.5,10-16,2-3,2.5-5,7-8,8-9,acuminate,anther,apex,area,attenuate,base,broadly,ca,calyx,cm,corolla,cup-like,deltoid,densely,dia,glabrous,grayish,inflorescence,leaf,like,lobe,lobed,long,margin,minutely,mm,narrowly,nearly,opposite,ovary,ovate,paler,papillose,pedicel,petiole,poricidal,probably,pubescent,rest,rounded,shrub,size,slightly,sparsely,stem,stigma,style,thickened,tip,trichome,tube,uniseriate,white,x	.5,0.25,1.5-3.5,10-30-flowered,11-14,6-8,6.5-11,along,anthesi,apar,barely,beneath,brow,bud,channeled,closely,deciduou,deflexed,denser,differing,difoliate,dry,eaf,edicel,eed,ellipsoi,epidermi,erect,exserted,extreme,filament,free,frui,fruiting,geminate,glabrate,globose,immature,known,lateral,lon,lower,main,major,middle,minor,nflorescence,occasionally,often,older,one,otherwise,overlapping,ovoid,pair,pore,portion,prominent,proximal,rachi,raised,reflexed,remaining,ruit,scar,shaped,simple,slender,soft,soon,spaced,specimen,straight,styl,tall,tapering,tear-drop,tuft,ud,unit,vein,visible,widest,yellowish,ympodial,young	adhesion,arrangement,blade,brown,climate,colour,diameter,form,fruit,glandular,growth,hair,height,history,length,life,midpoint,na,number,peduncle,perennial,plant,position,presence,pubescence,ray,reproduction,rugulose,seed,shape,staman,stellate,stipe,surface,texture
484	wfo-0001029332	success	197	98	68	129	30	0.345	0.1,0.15-0.2,0.5-1,1-2,1-4,1.3-1.5,1.5-2,2,2-2.5,2.5-3.5,2.8-3.7,3-4,3-6,3.5-5,5-8,6-8,8.5-9.5,andromonoecious,anther,apex,base,blade,calyx,chartaceous,cm,connivent,cordate,diameter,equal,erect,flattened-reniform,fruit,lateral,leaf,length,lobe,lobed,long,margin,maturity,mauve,midpoint,mm,narrow-deltate,orange-brown,ovate,pale,pedicel,peduncle,petiole,plant,ray,rounded,scandent,shrub,simple,smooth,spherical,spreading,stellate,stellate-pubescent,stem,style,terminal,tube,weakly,wide,yellow	-5,.5,/3,0,0-0.5,0-100,0-2,0-20,0-4,0-5,0.1-0.2,0.15-0.25,0.8-1,1-1.5,1-3,1/2,1/3,1/4,1/4-1/3,10-30,2-4,2/,2/3-3/4,4-10,4-15,5-6,5-merous,abaxial,abaxially,adaxial,alyx,apar,apart,apically,apparently,articulated,bark,becoming,berry,broad-deltate,concolorous,conical,curved,densely,difoliate,distal,distance,drying,eaf,eed,elongating,extending,filament,flattened,flower,free,fruiting,geminat,glabrescent,glabrous,gland,globular,grayi,herbaceous,hermaphrodite,heterostylous,infructescence,less,long-acuminat,long-styled,longer,lower,lowermost,mature,midvein,moderately,nflorescence,often,older,one,open,orolla,oung,pair,pendulous,per,pericarp,poricidal,porrect,portion,prickl,prickle,prickly,primary,pubescent,reduced,ruit,scar,sessile,short-styled,shorter,side,slender,spaced,stalk,stalked,staminat,subsessile,surface,tamen,tapering,terete,tertiary,time,tip,trichome,unbranched,unit,upper,variously,vary,vein,venation,visible,way,woody,yellow-green,yellow-orange,ympodial	8,adhesion,arrangement,climate,colour,corolla,form,glandular,growth,hair,height,history,inflorescence,life,na,number,ovary,perennial,position,presence,present,pubescence,reproduction,seed,shape,size,staman,stigma,stipe,texture
485	wfo-0001029333	success	155	109	77	78	32	0.497	.5,/4,0.5,0.7-1,1-1.2,1-1.5,1-15,1-3,1-7,1.5-2.5,1.5-3,17-26,2-2.5,5-6,8-15,abaxially,acuminate,acute,adaxially,anther,apex,auriculate,base,broadly,calyx,clavate,cm,conical,corolla,dendritic,dia,elliptic-obovate,flattened-reniform,glabrous,globose,green,leaf,lobe,lobed,long,long-styled,margin,minutely,mm,obovate,occasionally,opposite,ovary,pale,pedicel,petiole,pitted,pubescence,pubescent,reddish-brown,sessile,shape,shaped,shining,short-styled,shrub,size,small,somewhat,sparsely,stem,stigma,style,surface,tear-drop,tree,triangular,trichome,truncate,tube,way,wide	.25,0.5-1,1-2,1.5-2,10-15-flowered,100,3-7,3-7.5,9-13,abaxial,along,anisophyllou,anthesi,ba,bark,beige,beneath,berry,contracted,deflexed,dendritic-pubescent,densely,denser,differing,difoliate,dry,eaf,edicel,eed,erect,exserted,filament,flower,free,fresh,fruiting,geminate,golden,heteromorphic,incrassate,inflorescenc,lateral,like,lon,lower,main,major,minor,nflorescence,older,orbicular,overlappin,pair,paler,papillo,planar,pore,poricidal,portion,present,rest,rounded,ruit,scar,simple,slender,spaced,strongly,tall,time,tip,type,ud,unit,vein,woody,ympodial,young	adhesion,arrangement,blade,climate,colour,diameter,form,fruit,glandular,growth,hair,height,history,inflorescence,length,life,midpoint,na,number,peduncle,perennial,plant,position,presence,ray,reproduction,rugulose,seed,staman,stellate,stipe,texture
486	wfo-0001029334	success	211	113	87	124	26	0.412	0-4,0.15-0.3,1,1-2,1-3,1-6,1.3-4.5,1.5-6,1.8-2.9,2,2-2.5,2-4,2.5-3,3.3-6.5,4-5.5,4-8.5,5-10,7.5-15.5,8-30,9-12,abaxially,absent,acute,adaxially,almost,anther,apex,attenuate,base,broadly,brownish,chartaceous,clavate,cm,condition,cordate,corolla,densely,diameter,drying,fresh,fruit,glabrous,globose,green,greenish,herb,interjected,lanceolate,leaflet,lobe,long,membranous,minutely,mm,narrowly,oblique,odd-pinnate,orbicular,ovate,ovoid,pedicel,peduncle,petiole,petiolule,plant,puberulent,pubescent,pure,ripe,rounded,seed,size,stellate,stem,stigma,style,terminal,tinged,tube,typically,violet,white,whitish,wide,x,yellow	.2,1-10,1.5-3.9,2-5,2-8,3-5,3-7,3.2-5.8,5-merou,acumen,ag,along,alyx,among,apart,apparently,articulated,axe,axillary,berry,blade,borne,bud,capitat,cell,ciliate,connivent,covering,cuneate,decreasing,decurrent,digestion,distal,dorsally,eaf,edge,eed,elliptic,end,enzyme,erect,especially,exceeding,except,filament,flat,flower,folded,forked,geminat,generally,glabrou,gradually,grassland,greatly,green-white,hair,hair-like,half,homostylous,honeycomb-shaped,lateral,lengthening,like,living,low-growin,lower,make,margin,middl,midrib,mucilaginous,nflorescence,obtuse,often,orolla,pair,perfect,petiolulate,plurifoliate,pore,poricidal,proximal,rarely,reduced,removed,ruit,semi-rosette,sessile,seudostipule,shady,short,singly,situation,slightly,slit,spaced,specimen,stamen,ste,stolo,straight,subequal,subsessile,subtending,sunny,tall,tamen,tem,testal,thick,throughout,tip,toward,tri-,tuber,unit,unwinged,usually,vary,wall,wet,woodland,ympodial	adhesion,arrangement,calyx,capitate,colour,form,growth,height,herbaceous,history,inflorescence,leaf,length,life,na,ovary,perennial,position,pseudostipule,pubescence,reproduction,rugulose,shape,staman,surface,texture
487	wfo-0001029340	success	286	123	80	206	43	0.28	1-2,2,4,abaxially,abruptly,absent,acute,angle,anther,apex,base,blade,bluish,bright,brown,calyx,capitate,cm,conical,connivent,cordate,curved,densely,depressed-spherical,diameter,expanded,flattened-reniform,fruit,glabrous,gland,glandular,green,hair,heterostylous,lanceolate,lateral,leaf,like,lobe,lobed,long,margin,midpoint,minute,mm,narrowed,narrowly,orange-yellow,pale,pedicel,peduncle,petiole,pilose,purple,ray,shiny,shrub,simple,size,soft,soft-pilose,somewhat,spherical,spreading,spreading-pilose,stellate,stem,stigma,stipitate,style,suborbicular,surface,thin-textured,tinged,tough,tube,variously,wide,yellow,yellowish	'',-celled,.05,.2,.2–1.6,0,0.15–0.6,0.2–0.5,0.4,0.5,0.5–2,0.5–2.5,0.8–3.2,0–,1,1.2–2.0,1.2–2.2,1.4–1.8,1.5-3,1/2,1/4,10,100,13–15,1–,1–1.2,1–2,1–2-celled,2.5,20,2–10,2–2.2,2–3,2–3.2,2–5-celled,2–8,3,3.5–5.5,3–3.5,3–5-celled,3–5.3,3–6-celled,3–7,4–4.5,4–8,5,5-merous,5°,5–12,8–12.5,8–17,9–20,>,``,abaxial,acicular,adaxial,age,almost,alyx,anthesi,apical,apicall,armed,around,articulated,ba,basal,becoming,berry,bilobed,branched,broad-based,coarse,column,compressed,concentrated,curving,cylindrical,darker,developin,difoliate,directed,duller,eaf,eed,elongate,embedded,equal,evenly,exceeding,exceptionally,expanding,extending,falling,fertile,filament,flower,foveolate,free,frui,fruiting,geminat,geminate,gland-tipped,glandular-puberulent,grading,gradually,greater,greenish,held,hyaline,infructescence,irregularly,larger,largest,less,light,linea,lon,long-styled,lower,lowermost,main,major,many,mature,maturity,mesocarp,midrib,minutely,mixture,mostly,much,near,nearly,nflorescence,nipple,occasionally,often,one,orange,orolla,oung,ovoid,pair,papillat,per,pericarp,perpendicular,pore,poricidal,portion,prickle,prickly,pulp,rarely,recurved,reflexed,ruit,secondary,senescent,sessile,sharp,short,short-styled,shorter,shrivelling,similar,single,slightly,small,smaller,smooth,soon,sparsely,spongy,ste,stipitate-glandular,stout,straight,strongly,tall,tamen,tapering,terete,thin,tip,tooth,triangular,trichome,twice,two,unarme,unarmed,unbranched,uniseriate,unit,usually,vary,vein,viciously,way,white,whole,ympodial	0.15-0.6,0.2-0.5,0.5-2,1.2-2.2,3-3.5,3-5.3,3-7,3.5-5.5,4-4.5,4-8,45°,5-12,8-12.5,8-17,9-20,adhesion,arrangement,climate,colour,corolla,form,growth,height,history,inflorescence,length,life,na,number,ovary,perennial,plant,position,presence,present,pubescence,reproduction,rugulose,seed,shape,staman,stipe,texture
488	wfo-0001029344	success	147	100	63	84	37	0.429	0.4-1,0.5-1,0.5-1.5,0.5-3,1-6,1.5,1.5-3,1.5-4,10-20,2-7,3-10,4-6,5-12,5-15,absent,acute,anther,apex,base,blade,brown,calyx,chartaceous,cm,densely,diameter,dm,drying,elliptic,elliptic-ovoid,entire,flower,fruit,glabrous,globose,hair,herb,immature,linear-lanceolate,lobe,margin,maturing,membranaceous,mm,moderately,nearly,oblong,obtuse,pedicel,peduncle,petiole,pubescent,rotate,rounded,semitransparent,sparsely,stigma,style,surface,tube,white,x,yellow	.5,1,1-2,1-3,1-5,10-35,2-3,2-3-celled,2-4,abaxially,abundant,adaxiall,adaxially,along,axe,berry,beyond,center,ciliate,connected,cordate,decurrent,dehiscing,denser,difoliate,eaf,edge,eed,emarginat,equal,explosively,exserted,filament,fine,flat,frui,geminat,held,interpetalar,lacking,long,lower,lying,maturit,mesocarp,nflorescence,notch,obvious,often,one-,orolla,parallel,per,placenta,pressure,pubescen,rachi,radiating,raised,rhizomatous,ridge,ruit,running,shallow,short,slightly,sometimes,stamen,straight,swollen,tal,tamen,tem,tissue,triangular,two-celled,unbranched,unit,vary,vein,watery,wid,woody,ympodial	2.5,adhesion,arrangement,climate,colour,corolla,form,geminate,glandular,growth,height,history,inflorescence,leaf,length,life,midpoint,na,number,ovary,perennial,plant,position,presence,pubescence,ray,reproduction,rugulose,seed,shape,size,staman,stellate,stem,stipe,texture,ye
489	wfo-0001029363	success	152	80	57	95	23	0.375	.25,0.2-1.1,0.5-1,1-1.2,1.5-3.5,2-6,3-7,4-11,6-7,6-8,anther,beneath,bi-lobed,calyx,capitate,cm,corolla,cup-shaped,deep,deltoid,dia,elliptic,fruit,glabrous,globose,green,greyish,leaf,lobe,lobed,long,maroon,minutely,mm,narrowly,opposite,ovary,pedicel,petiole,poricidal,pubescent,shiny,shrub,small,stem,stigma,style,surface,tip,tree,trichome,tube,tuft,uniseriate,white,white-papillose,wide	.75,/4,0-0.1,0.1-0.5,0.5,1,1.5-1.7,5-7-flowered,7-10,acuminate,acute,anthesi,apex,axil,ba,bark,base,becoming,beginning,berry,bud,closely,coroll,deflexed,densely,drying,eaf,edge,edicel,eed,erect,except,exsertion,filament,free,fruiting,immature,inflorescenc,internodal,known,lamina,larger,later,lateral,lon,lower,main,margin,mature,meeting,middle,minute,much,near,nflorescence,obtuse,occasionally,often,older,overlapping,pair,pale,paler,papillo,papillose,pore,portion,prominent,reflexed,ruit,scar,simple,slender,slit-like,somewhat,spaced,sparse,sparsely,straight,tall,tapering,terminal,thickened,ud,unifoliat,unit,upon,usually,vein,way,widest,woody,yellowish,ympodial,young	arrangement,colour,diameter,form,growth,height,history,inflorescence,length,life,na,peduncle,perennial,plant,position,pubescence,reproduction,rugulose,seed,shape,size,texture,unifoliate
490	wfo-0001029364	success	153	109	72	81	37	0.471	0.2-0.5,1-3,1-5,1.5-2,10-27,2,2-6,3-4,4-9,5-9,6-8,abaxially,acuminate,adaxially,anther,apex,base,blade,calyx,chartaceous,cm,corolla,cream,cuneate,curled,diameter,distally,elliptic,entire,extra-axillary,finger,fruit,glabrous,gland-tipped,globose,green,greenish,hair,herb,immature,lobe,margin,minutely,mm,moderately,narrowly,nearly,obtuse,ovate,pedicel,peduncle,petiole,presence,puberulent,pubescent,sagittate,shallow,shrub,simple,sparsely,spot,stellate,stigma,strongly,style,tapered,triangular,tube,unknown,white,x,yellow	-2,-3,-6,.5,1,1-,1-4,191.,2-,2-foliat,4-12,5-,5-11,7-9,8-10,8-15,?,according,acute,aggregate,apart,around,articulated,axe,ba,bitter,blue,cell,center,color,connivent,cylindrical,darker,deep,directed,distall,eaf,ed,fide,filament,flower,free,glandular-puberulen,inserted,long,lower,major,membranaceous,mesocarp,nflorescence,orolla,part,perfect,pore,present,puberulen,rachi,radiu,ripe,ruit,rusby,short-tomentose,shorter,side,small,spaced,stone,tal,tamen,tem,thecae,tightly,time,tomento,truncat,unbranched,unit,vary,vein,wide,ympodial	1-2,2-12,4-6,6,adhesion,arrangement,climate,colour,form,glandular,growth,height,history,inflorescence,leaf,length,life,midpoint,na,number,ovary,perennial,plant,position,pubescence,ray,reproduction,rugulose,seed,shape,size,staman,stem,stipe,surface,texture,truncate
491	wfo-0001029368	success	139	88	59	80	29	0.424	.2,0.5-2,0.9-1,1.5-1.6,1.5-2,1.5-3,1.5-4,11-13,16-25,2-5,2.5-4,5-6,abaxially,acuminate,acute,anther,apex,apparently,base,breaking,broadly,calyx,capitate,cm,conical,corolla,densely,dia,elliptic,fruit,glabrous,globose,green,herb,inflorescence,internodal,lanceolate,leaf,lobe,minutely,mm,obtuse,opposite,ovary,papillose,pedicel,petiole,poricidal,puberulent,shrub,somewhat,stem,stigma,style,tip,tube,white,winged,x	.25,.5,0,?,adaxially,along,anthesi,bark,bearing,berry,bitter,borne,brow,closely,coarse,crumpled,cup,deflexed,distal,eaf,edicel,eed,erect,exserted,few-branched,fide,filament,flattened,flower,free,fruiting,golden,half,indistinct,inflorescenc,known,lamina,lateral,leaving,like,long,lower,main,margi,margin,middle,midrib,minute,nflorescence,non-flower,older,one,overlappin,pair,papillo,parallel,pore,portion,reflexed,rest,ruit,scar,shaped,simple,spaced,straight,strongly,tall,tear-drop,trichome,ud,unifoliat,uniseriate,unit,upper,vein,widest,woody,ympodial,young	adhesion,arrangement,brown,colour,deflexion,diameter,form,growth,height,history,length,life,na,peduncle,perennial,plant,position,presence,pubescence,reproduction,rugulose,seed,shape,size,staman,stellate,surface,texture,unifoliate
492	wfo-0001029370	success	224	131	98	126	33	0.438	-20,.3,0-35,0.1,0.2,0.5-2.2,1-2,1.5-6,1.8-2.5,1.8-2.8,1/4-1/3,10-17,12-17,2.5-3.5,3-4,3.5-4,3.5-8,4-7,5.5-7,7-11,7-13,8-23,abaxially,almost,andromonoecious,anther,apex,apically,base,berry,blade,broad-deltate,calyx,chartaceous,cm,connivent,cordate,cream,dark,densely,diameter,equal,fine,flattened-reniform,flower,fruit,glabrescent,glabrous,green,herb,lateral,leaf,length,lobe,lobed,long,long-styled,lower,margin,marking,maturity,mauve,midpoint,mm,moderately,obtuse,orange,orange-brown,ornate,ovate,pale,pattern,pedicel,peduncle,petiole,plant,poricidal,ray,reticulate,rotate,rounded,short-styled,shrub,simple,smooth,spherical,stellate-pubescent,stem,style,surface,tapering,tip,tube,way,white,wide,yellow,young	-32,.1,.5,/4,0-10,0-100,0-3,0.1-0.15,0.3,0.5-1,1,1-3,1-4,1/3-1/2,10-40,10-50,15-30,2-10,2-20,2-3,2-6,3/,4-6,4-9,5-10,5-12,5-merous,6-15,8-14,8-20,abaxial,acut,adaxial,alyx,ame,apar,apart,apparently,articulated,bark,basal,branched,c.,clearly,conical,curved,discolorous,distal,distance,drying,eaf,eed,elongate,elongating,erect,extending,fewer,filament,flattened,free,fruiting,fully,gently,greenish,hermaphrodite,heterostylous,infructescence,longer,lowermost,mature,midvein,mixture,multangulate,nflorescence,often,older,one,open,opening,orolla,oung,overlapping,pair,pendulous,per,pericarp,perpendicular,plurifoliat,porrect,portion,prickl,prickle,prickly,primary,red-brown,ruit,scar,sessile,shiny,side,slightly,sometimes,spaced,spreading,stalk,stalked,staminat,stout,straight,strongly,tamen,terete,tertiary,time,trichome,unarmed,unit,variously,vary,vein,venation,visible,white-gra,whitish,woody,ympodial	3/4,acute,adhesion,arrangement,climate,colour,corolla,form,glandular,growth,hair,height,history,inflorescence,life,na,number,ovary,perennial,position,presence,present,pubescence,reproduction,rugulose,seed,shape,size,staman,stellate,stigma,stipe,texture
493	wfo-0001029373	success	199	97	58	141	39	0.291	3,5,6.8,anther,apex,base,berry,broadly,bud,calyx,cell,clavate,cm,conical,corolla,deltate,densely,diameter,ellipsoid,flattened-reniform,fruit,glabrous,globose,green,growth,herb,hilum,internodal,lateral,laterally,leaf,long,middle,mm,moderately,ovary,ovate-lanceolate,pedicel,peduncle,pentagonal,petiole,plant,pubescent,shallowly,shape,simple,stellate,stem,stigma,style,surface,testal,tube,white,wide,yellow,yellow-green,yellowish	.0–1.2,.2,.3,.5,.5–2.0,0.3–0.5,0.4–1.6,0.5–1.2,0.5–1.8,0.6–0.7,1.0–1.2,1.0–1.6,1.2–1.5,1.3–2.2,1.4–3.5,1.5–2.0,1.5–2.5,1.5–2.7,1.8–2.0,1.8–2.3,180°,2-celled,2.0–2.5,2.7–3.0,20–30,2–4-celled,3.5–4.0,30–40,3–5,4–5,4–6,5-merous,5–6,8–9,abaxial,abaxially,accrescent,acuminate,acute,adaxial,adaxially,age,anthesi,apar,appearanc,appressed,arising,articulated,bark,basal,bayonet,beyond,capped,cone,curved,developing,distal,eaf,eed,elongate,enclosed,enclosing,entire,exerted,filament,finger,flower,free,fruiting,fully,geminat,glandular-tipped,grey-brown,hair,half,halfway,immature,individual,lengthening,less,like,live,lobe,lobed,lon,lower,margin,mature,mesocarp,minute,minutely,mouth,new,nflorescence,node,obtuse,older,outline,pair,papillate,per,perfect,pitted,plurifoliate,pore,poricidal,portion,positioned,primary,reflexed,resembling,root,rounded,ruit,scar,seen,seudostipule,short,slightly,slit,smoot,spaced,spreading,still,straight,tall,tem,terete,thicker-walled,tip,trailing,trichome,tub,ud,uniseriate,unit,upper,vein,woody,ympodial,–5	0.3,0.4-1.6,0.5-1.2,0.6-0.7,1.0-1.2,1.0-1.6,1.2-1.5,1.4-3.5,1.5-2.0,1.5-2.5,1.5-2.7,2.7-3.0,20-30,5-6,8-9,adhesion,arrangement,colour,form,height,herbaceous,history,inflorescence,length,life,na,perennial,position,presence,present,pseudostipule,pubescence,reproduction,rugulose,seed,size,staman,texture,width
494	wfo-0001029402	invalid_json_followup	113	91	49	64	42	0.434	0.5-1,0.5-2,1-2.5,2,2-3,3-6,4-6,5-25,6-16,7-8,7-9,8-15,acute,apex,base,blade,calyx,ciliolate,cm,connivent,deltate,diameter,elliptic,free,glabrous,hair,lanceolate,lobe,margin,mm,moderately,narrowly,pedicel,peduncle,petiole,pubescence,pubescent,shrub,simple,sparsely,stellate,stigma,style,surface,tapered,tube,unknown,violet,x	11-17,15-30,2-10,3-4,3-5,4-7,4-8,7-11,abaxial,abaxially,acuminate,adaxially,apart,articulated,axe,band,branched,chartaceous,color,cylindrical,denser,directed,distall,eaf,eed,fleshy,flower,forked,glabrate,glabrou,inrolled,leaving,long,lower,many-foliat,narrowed,nearly,nflorescence,nther,often,orolla,papillose,pore,rachi,rachise,radiu,roughened,ruit,scale-like,scar,somewhat,spaced,tal,tem,thickened,time,tip,triangular,truncat,unit,unknow,vary,wide,ympodial	'',[,``,adhesion,anther,arrangement,characteristic,climate,colour,corolla,form,fruit,glandular,growth,height,history,inflorescence,leaf,length,life,midpoint,na,number,ovary,perennial,plant,position,presence,ray,reproduction,rugulose,seed,shape,size,staman,stem,stipe,texture,truncate,value,{,}
495	wfo-0001029404	success	154	130	93	61	37	0.604	-3,0.5-1,1,1-4,2,2-3,2-4,2-5,2.5-22,2.5-3,20-35,3-4,3-8.5,5-10,5-20,5-24,5-6,6-8,6.5-34,abaxially,acuminate,acute,adaxially,anther,apex,apiculate,articulated,auriculate,basal,base,blade,branched,calyx,center,chartaceous,cm,connivent,cordate,cream,cylindrical,dark,darker,deltate,densely,diameter,eglandular,ellipsoidal,entire,flattened,fruit,glabrous,glandular,green,hair,lanceolate,leaving,less,light,lobe,long,longitudinal,margin,mm,moderately,mottling,orange,ovate,pedicel,pedicellar,peduncle,petiole,pink,puberulent,pubescent,purple,remnant,ripe,shrub,simple,somewhat,star,stellate,stigma,style,subcoriaceous,toward,tree,tube,unbranched,vein,white,x,yellow	-1.5,-10,-5,0-60-flower,1.5-2,15-25,2-8,3-5,4-foliat,6-9,8-12,absent,aggregate,apart,ape,axe,beyond,cell,connective,directed,distally,eaf,eed,exserted,fleshy,flower,glandular-puberulen,lemon,lon,lower,narrowly,nflorescence,nther,obtuse,orang,orolla,ovoid,perfect,pore,presen,rachi,radiu,ruit,shorter,slightly,small,spaced,sparsely,stone,tal,tem,thecae,time,tomento,triangular,truncat,ud,unit,vary,wide,ympodial	adhesion,arrangement,climate,colour,corolla,form,growth,height,hermaphroditic,history,inflorescence,leaf,length,life,midpoint,na,number,ovary,perennial,plant,position,presence,present,pubescence,ray,reproduction,rugulose,seed,shape,size,staman,stem,stipe,surface,texture,tomentose,truncate
496	wfo-0001029406	success	136	101	67	69	34	0.493	0.6-1,0.7-1.5,1-1.5,1-10,1-2,1.5-2.2,2,2-11,2-3,2.5-3.5,28,30,4-18,4-6,acute,anther,apex,arachnoid-pubescent,base,broadly,brown,calyx,clavate,cm,conical,corolla,dark,deltate,dia,elliptic,glabrous,globose,grayish-brown,grayish-green,green,greenish-white,leaf,lobe,lobed,long,margin,maturity,minutely,mm,often,ovary,ovoid,ovoid-reniform,pedicel,petiole,pitted,poricidal,shiny,shrub,size,slightly,small,stem,stigma,style,surface,tip,tree,tube,waxy,white,wide	.5,0.3-1,0.5-1,1.5-2.5,1.5-5,3-9,7-12,abaxially,adaxially,along,anthesi,arachnoid,ba,bark,berry,brownish,bullate,conspicuously,deciduous,deflexed,densely,differing,difoliate,dry,eaf,eed,felt-like,filament,free,fruiting,geminat,impressed,large,lateral,lenticel,lilac,lon,lower,main,major,matted,middle,minor,nearly,occasionally,older,pair,pale,papillo,papillose,planar,pointed,population,pore,portion,pubescent,ruit,shaped,soon,tall,tear-drop,tinge,trichome,unit,vein,widest,woody,ympodial,young	adhesion,alternate,arrangement,climate,colour,diameter,form,fruit,glandular,growth,hair,height,history,inflorescence,length,life,midpoint,na,number,peduncle,perennial,plant,position,presence,pubescence,ray,reproduction,rugulose,seed,shape,staman,stellate,stipe,texture
497	wfo-0001029407	success	208	90	63	145	27	0.303	-25,-6,-7,.5,0.4-0.7,0.5-0.7,0.5-1.5,0.6-0.9,1-1.4,1-2,1-4,1-4.5,1.8-2.5,2.5-3,3-4,3-6,4-15,anther,bright-red,calyx,chartaceous,cm,deltate,densely,diameter,dull,equal,erect,evenly,flattened-reniform,fruit,green,lateral,leaf,length,lobe,long,maturity,mauve,mm,moderately,orange,orange-brown,ovate,pale,pedicel,peduncle,shrub,simple,smooth,spherical,stellate,stellate-pubescent,stem,straw-yellow,style,surface,tapering,tube,white,wide,yellow,young	-10,-2,-4,/3,0,0-15,0-2,0-4,0-5,0.1-0.2,0.1-0.25,0.15-0.4,0.2-0.3,0.4-1,0.5-2,0.6,0.7-1.2,1,1-3,1.5,1/3,1/3-1/2,1/5,1/8-1/5,2-3,2-4,2-5,3.5-4.5,4-9,4.5-6,5-7,5-merous,6-13,6-20,7-8,abaxial,abaxially,acut,acute,adaxial,almost,alyx,apar,apart,apex,apically,apparently,articulated,bark,base,berry,blade,brow,connivent,cuneate,curved,dark,difoliate,discolorous,drying,eaf,eed,elliptic,elongating,entire,filament,flattened,flower,free,fruiting,geminat,geminate,glabrescent,glabrous,gray-greenish,green-brown,infructescence,lengt,lobed,longer,lower,margin,mature,midpoint,nflorescence,obtuse,occasionally,older,one,open,orolla,oung,pair,pendulous,per,perfec,pericarp,petiole,poricidal,porrect,portion,prickl,prickle,prickly,primary,pubescent,rarely,ray,recurved,reflexed,rounded,ruit,scar,sessile,shorter,side,slender,sometimes,spaced,sparsely,spreading,stalk,stalked,stout,straight,strongly,tamen,terete,tertiary,thick,time,tip,trichome,unbranched,unit,upper,vary,vein,venation,visible,way,weakly,woody,yellow-green,ympodial	adhesion,arrangement,colour,corolla,form,growth,height,history,inflorescence,life,na,ovary,perennial,perfect,plant,position,presence,pubescence,reproduction,rugulose,seed,shape,size,staman,stigma,texture,ye
498	wfo-0001029408	success	244	140	113	131	27	0.463	0,0.2-0.3,0.7-1.2,0.9-1.3,1-8,1.1-1.5,1.4-1.9,1.6-2.8,1.7-2.4,11-31,2-12,2-4,2-5,2.2-3.7,2.5-7,4-14,4-20,5-24,5-6.5,7-12,abaxially,acute,adaxially,anther,apex,apical-lateral,base,becoming,blunt-tipped,broadly,brown,calyx,clavate,cm,conical,corolla,cuneate,deltoid,diameter,directed,elliptic,entire,extend,fleshy,fruit,glabrous,globose,gray,growth,honeycombed,inserted,introrse,lanate,lanceolate,large,lateral,leaf,length,lilac,lobe,long,long-attenuate,longitudinal,main,margin,midvein,mm,moderately,mostly,oblong,ovate,pale,pedicel,peduncle,perfect,persistent,petiole,plurifoliate,pore,present,pseudo-terminal,pubescent,purplish,rarely,rather,ray,reniform,reticulate-punctate,ripe,rotate-stellate,short-attenuate,shrub,side,slit,small,stelliform,stem,stigma,style,subcampanulate,suborbicular,thick-textured,tomentose,toward,tree,tube,vein,velutinous,white,whitish,x,yellow,yellowish	-1.5,-10.5,-4.5,.2-3.5,/10,0-100,0.3-5,0.5-2.5,0.9-1.6,1.5-3,1.8-3.5,1/2,1/2-3/4,1/4,2-3.5,2/3,3-5,3.5-5,4-7.5,5-6,5-8,5-merou,accrescent,acuminate,adaxiall,ag,alyx,anthesi,apart,articulated,axe,axillary,ba,barely,bark,berry,blade,branch,branched,bud,capitat,chartaceous,continued,dark,decurrent,dehiscing,dendritic-echinoi,dendritic-multangulate,densely,develope,distal,distall,due,eaf,echinoi,echinoid,eed,exserted,faintly,few-rayed,filament,flower,free,fruiting,green,hair,high,homostylous,indument,interpetalar,lacking,lobed,long-,long-stalked,lower,m.,many,mixed,multangulate,near,nearly,nflorescence,obscured,obtuse,often,older,orbicular,orolla,ovate-lanceolate,overlapping,part,partly,porrect-stellate,rachi,relatively,ribbed,ruit,runk,sessile,short-,short-stalked,simple,slightly,sometimes,spaced,stamen,subovate,suture,tamen,terete,testa,thick,thick-stalked,thin-stalked,time,tissue,tomentu,tomentum,top,touching,turbinate,unarme,unarmed,unit,usually,vary,way,well,wide,ympodial,young	adhesion,age,arrangement,capitate,colour,form,height,history,inflorescence,life,na,number,ovary,perennial,plant,position,presence,pubescence,reproduction,rugulose,seed,shape,size,staman,stellate,surface,texture
499	wfo-0001029417	success	213	138	113	100	25	0.531	.5,0.2-0.6,0.7-3,1-2,1.3-8,1.5-1.8,1.5-8,12,2.5-10,2.8-3.5,3-5,4-7,5-15,8-15,8-9,abaxially,acuminate,acute,adaxially,along,anther,apex,apiculate,attenuate,axillary,base,basiscopic,blue,broadly,brownish,bud,chartaceous,clavate,cm,coarsely,condition,corolla,dark,decurrent,deep,diameter,dot,drying,erect,especially,fresh,fruit,glabrous,globose,green,greenish,hair,herb,interjected,lanceolate,leaflet,like,linear,lobe,long,lunate,medium,membranous,midrib,minute,minutely,mm,moderately,narrowly,non-glandular,odd-pinnate,often,orbicular,ovate,ovoid,pedicel,peduncle,pentagonal,petiole,pilose,plant,puberulent,pubescent,purple,rarely,ripe,rotate,rounded,scattered,seed,sessile,short,short-petiolulate,side,size,slightly,sometimes,stem,stigma,style,subtending,terminal,tinged,trichome,tube,typically,violet,white,whitish,wide,widely,x,yellow	0-7,0.4-8,1,1-1.5,1-10,1-4,1-8,1.5-10,2-4,3-14,5-merou,6-11,acumen,ag,alyx,apart,apparently,articulated,axe,berry,blade,borne,capitat,cell,central,ciliate,connivent,covering,decreasing,digestion,distal,dorsally,eaf,edge,eed,end,enzyme,erec,exceeding,filament,flat,flower,folded,forked,geminat,generally,glabrou,greatly,green-white,hair-like,hal,half,homostylous,honeycomb-shaped,lateral,lengthening,living,lower,make,margin,mucilaginous,nflorescence,orolla,pair,perfect,petiolulate,plurifoliate,pore,poricidal,rapidly,removed,ruit,seudostipule,singly,slit,spaced,specimen,stamen,star,ste,stolo,straight,subequal,tall,tamen,tem,testal,thick,throughout,tip,tri-,tuber,unit,unwinged,usually,vary,wall,wet,wing,ympodial	adhesion,arrangement,calyx,capitate,colour,form,growth,height,history,inflorescence,leaf,length,life,na,ovary,perennial,position,pseudostipule,pubescence,reproduction,rugulose,shape,staman,surface,texture
500	wfo-0001029437	success	198	127	100	98	27	0.505	0.5-1,1,1-1.5,1-3,1.5-2,10-12,2-3,2.5-3.5,2.5-5,3-3.5,3-5,5-9,6-8,7-10,acute,anther,apex,axi,basal,base,beige,berry,blue,branched,brownish,calyx,chartaceous,clavate-truncate,cm,cordate,coriaceous,corolla,dark-green,diameter,elliptic,elliptic-lanceolate,entire,flattened,glandular,globose,green,growth,heterostylous,hirsute,inflorescence,internodal,irregularly,lamina,leaf,like,linear-oblong,lobe,lobed-angulate,margin,maturity,membranous,midpoint,mm,oblong,oblong-lanceolate,orange,ovary,ovate,ovate-elliptic,pedicel,peduncle,persistently,petiole,plant,pubescence,pubescent,reniform,rest,rounded,rusty,shrub,similar,simple,stellate,stellate-pubescent,stem,stigma,style,subcordate,subglobose,suborbicular,subscabrous,subulate,surface,tapering,tomentose,trichome,tube,velutinous,villous,violet,visible,woody,x,¼	-10,.5,1-2,1/3,3-7,30-50,4-5,9-13,abaxially,acicular,adaxially,anthesi,antrorse,apar,apical,armed,articulated,bark,brow,c.,compressed,cylindrical,densely,distal,eaf,eed,eglandular,enclosed,erect,except,filament,flower,free,fruiting,glabrescent,glabrous,gland,golden,greyish,juvenile,leaving,lengthening,lobed,long,long-styled,loose,lower,minute,minutely,multangulate,multicellular,near,nearly,new,nflorescence,obverse,older,ovoid,packed,papillo,per,perfect,pericarp,plurifoliat,pore,poricidal,porrect,portion,prickle,prickly,recurved,reticulate,rotate,ruit,scar,sessile,short-styled,slit,spaced,sparsely,stalked,staminate,subscandent,tall,testa,thick,tip,triangular,ud,unarmed,unevenly,unicellular,unit,upper,whitish,without,yellow,ympodial	adhesion,arrangement,blade,climate,colour,form,fruit,hair,height,history,length,life,na,number,perennial,position,presence,present,ray,reproduction,rugulose,seed,shape,size,staman,stipe,texture
501	wfo-0001029440	success	218	137	107	111	30	0.491	-10,0.5-0.6,0.9-1,1,1-1.2,1-1.5,1-2,1.5-2,2-2.5,2-3,2-4,2-6,2.5-7,4-6,5-15,5-5.5,6.5-8,8-10,>,abaxial,across,acute,adpressed,anther,apex,armed,articulate,base,beige,blade,brown,calyx,canaliculate,clavate,cm,coriaceous,curved,deeply,diameter,enlarged,entire,ferruginous,finely,flower,fruit,glabrous,glandular-pubescent,glandular-stellate,glandular-tipped,globose,lanceolate-attenuate,leaf,leathery,length,lobe,lobed,long,minutely,mm,oblong-elliptic,oval-elliptic,papillose,parted,pedicel,peduncle,perennial,perfect,petiole,plant,porrect-stellate,prickle,rarely,ray,reddish,reticulated,rounded,rugose,scabrous,sessile,shiny,shrub,similar,slender,small,solitary,staminate,stellate,stellate-glandular,stem,stigma,straight,strigose,style,sub-coriaceous,sub-truncate,subcampanulate,subreniform,subsagittate,surface,terete,terminal,triangular,trichome,tube,white,wide,within	0.2-0.3,0.3-1,1-2-celled,1-nerved,2,20,30,4-5,4-6-forked,4-8,5-6,5-merous,9-10,9-12,<,accrescent,acicular,along,alyx,anthesi,ape,apical,bark,basal,bicolorous,branch,brow,caly,central,compressed,cyme,dark,dark-green,deciduous,distal,eaf,eed,elongate,enclosed,epicarp,equal,erect,exceeding,exserted,filament,floral,free,fruiting,functional,fused,geminat,glabrescent,gynoeci,held,indument,lanate,leaving,longer,lower,midrib,mucilaginous,nflorescence,numerous,oblong-lanceolate,obver,older,orolla,part,partially,peg,persistent,petiol,plurifoliate,pore,primary,prominent,rachi,recurved,reduced,reflexed,ruit,secondary,sepal,short,somewhat,sparse,sparsely,stalked,stamen,stiff,strongly,sub-terete,surfac,tall,tamen,testa,tomentose,touch,tri-,unarmed,unit,upright,vary,vein,velutinous,without,yellowish,ympodial,young,¼,¾	adhesion,arrangement,climate,colour,corolla,form,glandular,growth,hair,height,history,inflorescence,life,margin,midpoint,na,number,ovary,position,presence,present,pubescence,reproduction,rugulose,seed,shape,size,staman,stipe,texture
502	wfo-0001029461	success	217	121	91	126	30	0.419	-1.5,-14,-3,-3.2,-4.5,-5,0.1,0.1-0.25,0.6-1,1-1.6,1.2-1.8,1.3-2.2,1.5-,1/3,1/4-1/2,2-2.4,2-2.8,2-3,2-4,2.5-3,4-10,4-6.5,4.5-7,abaxially,almost,andromonoecious,anther,apex,attenuate,base,becoming,berry,black,blade,broad-deltate,brown,calyx,chartaceous,cm,cuneate,densely,diameter,elliptic,erect,evenly,flattened-reniform,fruit,glabrous,green,leaf,length,lobe,lobed,long,margin,maturity,mauve,midpoint,mm,moderately,oblong,orange,ovate,pedicel,petiole,plant,poricidal,ray,rounded,shiny,shrub,simple,sparsely,spherical,staman,stellate,stellate-pubescent,stem,style,subentire,surface,tip,tube,unequal,upper,way,weakly,wide,yellow,young,zygomorphic	-2,-3/4,-4,.5,0,0.15-0.25,0.7-1,0.8,0.8-1.5,1-,1-2,1-3,1-4,1-6,1.2-1.7,1.5-2,1/3-2/3,1/4,3-20,3-6,4-7,4.7-7.2,5-10,5-25,5-merous,7-10,7-12,8-9,acuminat,alyx,ame,apart,apically,bark,breaking,brittle,c.,cell,concolorous,curved,dark,discolorous,distal,distance,drying,dull,eaf,eed,elongating,extending,faint,fifth,filament,fine,flattened,flower,four,free,fruiting,glabrescent,gra,hermaphrodite,heterostylous,infructescence,lengt,long-styled,longer,lower,lowermost,mature,midvein,obovate,obtuse,older,orolla,oung,outline,pair,pendulous,per,pericarp,pit,plurifoliat,porrect,portion,prickl,prickle,prickly,primary,raised,reddish,reduced,reflexed,ruit,sessile,shallow,short-styled,shorter,side,slender,slightly,small,smooth,sometimes,spaced,spreading,stalk,stalked,staminat,straight,strongly,tamen,terete,tertiary,time,trichome,unarme,unarmed,unit,variously,vary,vein,venation,visible,woody,ympodial	adhesion,arrangement,climate,colour,corolla,form,glandular,growth,hair,height,history,inflorescence,life,na,number,ovary,peduncle,perennial,position,presence,present,pubescence,reproduction,rugulose,seed,shape,size,stigma,stipe,texture
503	wfo-0001029462	success	166	132	95	71	37	0.572	-2,-4,0.5-1,0.5-2,1,1-3,1-6,1.5-2,1.5-7,10-,15-25,2-6.5,2.5-3.5,2.5-5.5,20-35,3-18,3-4,5-30,6-9,7-8,abaxially,acuminate,acute,adaxially,apex,articulated,base,beyond,blade,calyx,campanulate,chartaceous,cm,connivent,cuneate,cylindrical,dark,densely,dentate,diameter,ellipsoidal,elliptic,entire,equal,exserted,flattened,fruit,glabrous,green,hair,lanceolate,laterally,leaving,light,lobe,long,longitudinal,margin,membranaceous,minutely,mm,moderately,near,occasionally,often,ovate,pedicel,pedicellar,peduncle,perfect,petiole,puberulent,pubescent,pubescent-pilose,purplish,remnant,reticulate,rounded,simple,somewhat,sparsely,stamen,stellate-,stigma,stripe,style,tip,tree,triangular,truncate,tube,unbranched,white,x,yellow	-30,-5,1-,1-2,1.5,1.5-3,10-22,2-3,3,3-27,3-5,3-6,3-7,4-15,4-20,4-foliat,7-19,8-9,abruptly,absent,aggregate,apart,ape,axe,basal,broad,cell,ciliate,connective,constricted,curled,directed,eaf,eed,eglandular,exceeding,flower,lon,lower,m.,narrowly,nflorescence,nther,obtuse,orolla,oval,ovoid,pore,pubescent-pilo,purpl,rachi,radiu,ruit,shorter,slightly,small,smooth,spaced,stone,tal,tem,thecae,time,tomentose,truncat,ud,unit,vary,wide,without,ympodial	1.5-3-6,adhesion,anther,arrangement,climate,colour,corolla,form,glandular,growth,height,history,inflorescence,leaf,length,life,midpoint,na,number,ovary,perennial,plant,position,presence,pubescence,ray,reproduction,rugulose,seed,shape,size,staman,stellate,stem,stipe,surface,texture
504	wfo-0001029464	success	235	126	97	138	29	0.413	.9,0-80,0.2-0.5,0.3-1,1-10,1/4,10-23,10-40,2-3.5,2.2-2.5,2.5-5,2.9-3.2,3-20,3-7,5-17,5-8,5.5-7.5,6-15,8-15,9-15,abaxially,acute,andromonoecious,annual,anther,apex,base,black,blade,brown,calyx,chartaceous,cm,connivent,cordate,curved,dark,deltate,diameter,ellipsoid,equal,flattened-reniform,fruit,glabrescent,globular,green,hair,herb,lateral,leaf,length,lobe,lobed,long,lower,margin,maroon,maturity,mauve,midpoint,mm,moderately,mottled,narrow-deltate,oblong,obtuse,orange-brown,ovate,ovoid,pedicel,peduncle,petiole,pink,plant,poricidal,purple,ray,simple,smooth,sometimes,sparsely,stellate,stellate-pubescent,stem,striped,style,tapering,terminal,tip,tube,upper,usually,variously,white,wide,yellow-orange,young	-2/3,-3,-30,-5,0,0-2,0.2,0.2-0.7,0.3-0.7,0.5,0.5-2,0.8-2,00-200,1,1-3,1-8,1.2-3,1.5-2,1/,1/4-1/2,1/4-1/3,10-15,10-50,12-50,2,2-3,2-4,2.4-4,2.5-8,3-5,3.5-5,4-7,4-8,4-8-merous,5.5-6,7-10,8-13,abaxial,acicular,adaxial,alyx,ame,apar,apart,apically,apparently,around,articulated,bark,berry,branched,broad,broad-deltate,brow,c.,cultivar,cup-shaped,difoliate,discolorous,distal,distance,drying,eaf,eed,elongated,elongating,erect,extending,filament,flower,free,fruiting,fully,geminat,glabrous,glaucous,green-brown,hermaphrodite,heterostylous,infructescence,less,long-acuminat,long-styled,longer,lowermost,mature,midvein,minute,nflorescence,occasionally,often,older,one,open,opening,orolla,oung,pair,pendent,pendulous,per,pericarp,porrect,portion,prickl,prickle,prickly,primary,red-brown,rounded,ruit,scar,sessile,short-styled,side,spaced,spreading,stalk,stalked,staminat,straight,surface,tamen,terete,tertiary,time,translucent,trichome,unarmed,unit,vary,vein,venation,visible,way,woody,yellow-green,ympodial	1/2,adhesion,arrangement,climate,colour,corolla,form,glandular,growth,height,history,inflorescence,life,na,number,ovary,perennial,position,presence,present,pubescence,reproduction,seed,shape,size,staman,stigma,stipe,texture
505	wfo-0001029505	success	169	104	75	94	29	0.444	.1,0-0.3,0.15-0.2,0.2-0.3,0.3-0.5,0.5-1.1,1-1.2,1-3,2-4,2.4-3.2,2.7-4,4.5-5.5,5-7.5,5.5-7,6-18,6-8,7-8,absent,adaxially,andromonoecious,anther,apex,base,blade,brown,calyx,chartaceous,cm,cuneateor,deltate,densely,diameter,elliptic,elliptical,entire,extra-axillary,fruit,glabrous,gland-tipped,globose,green,hair,inflorescence,juicy,length,lobe,margin,midpoint,mm,moist,obtuse,ovate,pale,pedicel,peduncle,perennial,petiole,plant,present,prostrate,ray,red,rotate-stellate,short,shrub,simple,sparsely,stellate,stellate-pubescent,stoloniferous,style,tube,white,x,yellow	%,.05,0-10,0-3,0-3.5,0.15-0.25,0.8-1,1-6,1-locular,1.5-2.2,2-5,2-7,22-25,5-merou,7-12,7-20,8-10,abaxially,absen,acicular,across,adaxiall,adult,alyx,apart,articulated,axe,ba,branche,confined,cross-section,cylindrical,decimetre,directed,distall,eaf,eed,elliptica,exocarp,finger,flower,fruiting,functional,half,heterostylous,incomplete,lamina,lateral,less,long,longer,lower,mature,mesocarp,midrib,midvein,minute,moderately,nflorescence,oblique,onl,orolla,part,per,placenta,pore,porrect,prickle,pseudo-racemose,ruit,semi-circular,septum,sessile,solitary,spaced,stellae,straight,tal,tamen,tem,thick,throughout,time,transparent,unarme,unarmed,unbranched,unit,unknow,vary,weakly,wide,yellowish,ympodial	adhesion,arrangement,climate,colour,corolla,form,glandular,growth,height,history,leaf,life,na,number,ovary,position,presence,pubescence,reproduction,rugulose,seed,shape,size,staman,stem,stigma,stipe,surface,texture
506	wfo-0001029524	success	212	135	105	107	30	0.495	-5,-6,-8,.5,0.1-0.3,0.7-0.8,1-,1-2,1-3,1.2-1.5,1.5-2,12-25,2-,2-2.5,2-4,3-,3-3.5,3-8,4-4.5,4-6,4-7,5-15,6-7,7-9,acicular,acuminate,acute,angulate,anther,apex,base,beige,berry,calyx,campanulate,cm,corolla,diameter,eglandular,entire,flattened,flower,foliaceous,glandular,glandular-hirsute,globose,green,growth,heterostylous,internodal,lanate,linear-oblong,lobe,lobed,long,long-styled,margin,maturity,membranous,midpoint,mixture,mm,oblique,obtuse,ovary,ovate,ovate-elliptic,ovate-lanceolate,pedicel,peduncle,petiole,plant,prickle,pubescence,reniform,rounded,rusty,short-styled,shrub,size,slightly,somewhat,stellate,stem,stigma,style,sub-cordate,subcordate,subcoriaceous,suborbicular,subscabrous,subspherical,surface,tapering,tiny,triangular-lanceolate,trichome,tube,unarmed,villous,viscid,white,woody,x,yellowish	0.2-0.3,0.9-1.2,1-1.5,10,2-3,25,6,9-10,abaxially,adaxially,adult,anthesi,articulated,bark,basal,branched,brown,cell,channelled,clavate-truncat,congested,corymbose,cyme,decumbent,densely,discolorous,distal,distall,doubling,eaf,eed,elongating,erec,erect,exceeding,exserted,filament,filamentous,flexuous,flowering,free,fruiting,glabrescen,glabrous,grey,impressed,leaving,light,like,long-stalked,loosely,lower,m.,minute,multicellular,new,nflorescence,numerous,oblong,oblong-lanceolate,obverse,occasionally,older,one,partially,perfect,pericarp,plurifoliat,pore,poricidal,porrect,portion,prickly,pubescent,recurved,reticulate,rugose,ruit,scar,sessile,single,slit,spaced,sparsely,stalked,staminate,stellate-pilose,stellate-pubescent,subbsessile,tall,testa,time,tip,tomentose,turbinate,ud,unevenly,unit,upper,vein,velvety,venation,way,yellow,yellow-green,ympodial,¾	adhesion,arrangement,blade,clavate-truncate,climate,colour,form,fruit,hair,height,history,inflorescence,leaf,length,life,na,number,perennial,plurifoliate,position,presence,present,ray,reproduction,rugulose,seed,shape,staman,stipe,texture
507	wfo-0001029546	success	203	147	120	83	27	0.591	0-2,0.3-1,1-2,1-3.2,1-4.5,1.5-2,1.5-6.2,1.6-6.5,2.2-2.8,3.5-5,4-10,4.5-12.5,5-10,5-8,7-10,8,8-17,8-19.5,abaxially,acuminate,acute,adaxially,anther,apex,apiculate,articulated,attenuate,axillary,base,blue,broadly,brownish,bud,cell,chartaceous,clavate,cm,condition,connivent,cordate,corolla,covered,covering,densely,diameter,dot,drying,elliptic,elliptical,frequently,fresh,fruit,glabrous,glandular,globose,green,green-white,greenish,hair,hair-like,herb,lanceolate,lateral,leaf,leaflet,like,lobe,long,longer,lunate,make,membranous,minutely,mm,mucilaginous,nearly,non-glandular,oblique,odd-pinnate,often,orbicular,ovate,ovoid,pair,pedicel,peduncle,pentagonal,petiole,petiolule,plant,pubescent,purple,rarely,regular,ripe,rotate-pentagonal,seed,short,simple,size,slightly,soft,sometimes,stem,stigma,style,subtending,terminal,testal,thick,throughout,tinged,trichome,tube,wall,wet,white,whitish,x,yellow	1-10,1-5,2-4,2-9,3-8,4.5-7,5,5-18,5-merou,6.3-19.5,absent,acumen,adaxiall,ag,alyx,apart,apparently,axe,berry,blade,capitat,curved,decreasing,decumben,decurrent,digestion,distal,dorsally,eaf,edge,eed,enzyme,erect,exceeding,filament,flat,flower,folded,forked,geminat,generally,glabrou,greatly,half,homostylous,honeycomb-shaped,interjected,lengthening,living,lower,middl,mottle,nflorescence,perfect,plurifoliate,pore,poricidal,rachi,removed,ruit,sessile,seudostipule,slit,spaced,specimen,stamen,ste,straight,subequal,tall,tamen,tem,tip,tri-,truncate,typically,unit,unwinged,usually,vary,wide,wing,ympodial	adhesion,arrangement,calyx,capitate,colour,form,growth,height,history,inflorescence,length,life,middle,mottled,na,number,ovary,perennial,position,pseudostipule,pubescence,reproduction,rugulose,shape,staman,surface,texture
508	wfo-0001029552	success	161	114	80	81	34	0.497	0.1-0.5,0.5,0.6-1,1-1.3,1-1.5,1-3,1-5,1.5-2,10-20,12,2-2.5,2.5-3,5.5-8,abaxially,acuminate,acute,adaxially,along,anther,apex,area,base,broadened,broadly,calyx,cm,conical,corolla,deltate,dendritic,densely,dia,elliptic,flattened-reniform,glabrous,globose,green,incrassate,inflorescence,leaf,lobe,lobed,long,long-styled,main,margin,minutely,mm,nearly,opposite,ovary,pale,paler,pedicel,petiole,pitted,pubescent,shape,shaped,shining,short-styled,shrub,size,small,sparsely,stem,stigma,style,surface,tan,tear-drop,tip,tree,tree-like,trichome,tube,vein,white,wide,x	.25,.5,1-2,1.5-6.5,2-9,5-10-flowered,6-9,abaxial,abruptly,anthesi,bark,berry,branched,clavate,closely,contracted,decurrent,deflexed,denser,differing,difoliate,drying,eaf,edicel,eed,erect,exserted,filament,flower,free,fruiting,geminat,greyish-brow,heteromorphic,inflorescenc,lamina,later,lateral,like,lon,lower,major,middle,minor,minute,nflorescence,occasionally,older,onto,orbicular,overlappin,pair,papillo,persistent,planar,pore,poricidal,portion,present,reflexed,rest,rounded,ruit,scar,scattered,simple,slender,slightly,somewhat,spaced,strongly,swollen,tall,tub,ud,unit,widest,woody,yellowish,ympodial,young	adhesion,arrangement,blade,climate,colour,dense,diameter,form,fruit,glandular,greyish-brown,growth,hair,height,history,length,life,midpoint,na,number,peduncle,perennial,plant,position,presence,pubescence,ray,reproduction,rugulose,seed,staman,stellate,stipe,texture
509	wfo-0001029558	success	184	101	71	113	30	0.386	0.05-0.1,0.1-0.2,0.1-0.9,0.3-0.5,0.5,1-1.1,1-1.5,1.5-2,2-4,2.5-3.5,6-10,6-9,acute,anther,apex,base,calyx,capitate,cm,conical,corolla,densely,diameter,elongate,entire,flattened,glabrous,globose,growth,inflorescence,internodal,leaf,lobe,long-triangular,margin,midpoint,minutely,mm,narrowly,obovate,obspathulate,obtuse,ovary,pale,pedicel,peduncle,petiole,pubescent,ray,red,reddish,reniform,rhombic,rounded,shape,shiny,shrub,simple,size,sparsely,stellate,stem,stigma,style,surface,tan,tapering,thin,tube,white,x	.5,0.1-,0.15-0.2,0.2-,0.4,0.4-0.6,0.4-1.1,0.5-2,1,1-3,1-4,10-16,2,2-3,4-merous,<,?,abaxially,adaxially,along,anthesi,armed,articulated,bark,bearing,berry,branched,cell,closely,deflexe,difoliate,divaricately,eaf,easily,eed,ellipsoid,elliptic,enclosed,equal,erect,filament,filiform,flower,free,fruiting,geminat,geminate,glabrescent,gre,highly,hyaline,including,interlocking,larger,later,leave,lengthening,like,lobed,long,lower,mere,midvein,mixture,nearly,new,nflorescence,node,occasionally,older,overlapping,pair,paired,papillo,per,perfect,pericarp,pitted,planar,pore,poricidal,porrect,portion,prickle,prickly,primary,rest,rhachi,ruit,scar,sessile,short-stalked,shorter,sinus,slit,small,spaced,square,stalked,straight,testal,tiny,tip,trichome,ud,unit,upper,usually,vein,visible,wall,widening,ympodial	0.1-1.1,0.2-2,adhesion,arrangement,blade,climate,colour,form,fruit,glandular,hair,height,hermaphroditic,history,length,life,na,number,perennial,plant,position,presence,present,pubescence,reproduction,rugulose,seed,staman,stipe,texture
510	wfo-0001029569	success	265	127	84	181	43	0.317	.0,.2,.3,0.05,0.1,0.2,1.6,2,3.2,8.1,90°,abaxially,across,acuminate,adaxially,adnate,along,anther,apex,apiculate,base,blade,calyx,chartaceous,cm,corolla,cuneate,densely,diameter,dry,elliptic,entire,extra-axillary,flattened-reniform,flexed,flower,fruit,glabrous,glandular,globose,hair,lamina,lateral,length,less,light,lobe,margin,mature,midpoint,mm,nearly,orange,ovate,pedicel,peduncle,petiole,probably,pubescent,ray,red,rounded,shrub,simple,sinuate,sparsely,stellate,stem,stigma,stipe,style,surface,tip,triangular,truncate,tube,unarmed,vein,white,yellow,yellow-ferruginous,yellow-tan,±90°,×	.4,.9,/2,/3,0.03,0.2–0.5,0.3–0.5,0.4–0.6,0.5–0.8,0.6–0.8,0.6–0.9,0.7–0.9,0.8–1.0,0.9,0.9–1.3,0.9–1.4,0.9–2.0,1.0–1.3,1.3–1.8,1.4–2.4,1.5–1.7,1.6–4.5,1.7–2.3,1.8–2.5,1/2–2/3,1/3,130,14.6–16.5,2.0–3.2,2.3–3.0,2.3–4.4,3.2–3.8,3.4–3.7,4.0,4.5,4.9,4–6,5-merou,5.0,5.1,5.3–16.6,5.7–6.6,6.3–18.5,6.8–7.8,6–12,6–8,7.4–9.1,7–10,aequilateral,ag,alyx,anthesi,apart,apical,apparently,appearing,around,articulate,attenuate,axe,ba,bark,basal,becoming,berry,branch,branching,broad,brochidodromous,bud,capitat,channeled,clinate,deciduous,dentate,development,difoliate,directed,distal,distally,distinct,eaf,edge,eed,either,emerging,endocarp,evenly,exocarp,extending,fertile,filament,filiform,free,geminat,glossy,gradually,homostylous,increasing,intact,internode,interpetalar,intersepalar,juic,lacking,layer,lon,long,longer,lower,many,middle,midrib,midvein,minute,moderately,nflorescence,oblique,oblong,orolla,ove,per,perforated,pore,porrect,porrect-stellate,portion,potentially,raised,reduced,reflexe,remaining,restricted,reticulate,rigid,row,ruit,scarcely,sessile,short,short-stipitate,shorter,side,sinus,sloughing,smoot,spaced,splitting,spread,spreading,stamen,stellae,stellate-pubescent,stipitate,straight,suture,tamen,tardily,tem,terete,thin,time,tissue,toward,translucent,transparent,two,ud,unit,upper,various,vary,weakly,well,well-developed,wide,ympodial,young,±equal,±glabrous,±well	0.3-0.5,0.5-0.8,0.6-0.8,0.6-0.9,0.7-0.9,0.9-1.3,0.9-2.0,1.3-1.8,1.5-1.7,14.6-16.5,2.0-3.2,3.2-3.8,5.3-16.6,5.7-6.6,6-12,6-8,6.3-18.5,adhesion,arrangement,capitate,climate,colour,dense,form,growth,height,inflorescence,leaf,na,number,ovary,plant,position,presence,present,pubescence,rugulose,seed,shape,size,sparse,staman,texture
511	wfo-0001029584	success	180	96	69	111	27	0.383	1,1.5-6.5,16.2-33,2-3,2-4,3-10,3-7,4-14,4-5,4.5-11.5,6-7,8-15,9.7-23.4,abaxially,adaxially,anther,articulated,axillary,brownish,bud,clavate,cm,condition,connivent,coriaceous,corolla,densely,diameter,drying,elliptic,fresh,fruit,glabrescent,glabrous,green,greenish,hair,half,herb,leaf,lobe,middle,mm,oblong-lanceolate,odd-pinnate,ovate,ovoid,pedicel,peduncle,pentagonal,plant,proximal,pubescent,purple,seed,short,simple,size,stigma,style,substellate,subtending,terminal,tube,usually,white,whitish,x,yellow	0-30,1-2,1-3,1-6,2.4-6.3,3-5,4-15,5-merou,5.3-13.3,6.1-9.4,7-14,9.8-17,acumen,acuminate,acute,ag,alyx,apart,apex,apparently,asymmetric,attenuate,axe,base,basiscopic,blade,borne,capitat,cell,considerably,covering,dark,decreasing,dense,digestion,distal,dorsally,eaf,edge,eed,end,enzyme,erry,filament,finer,flat,flower,folded,forked,geminat,generally,green-white,hair-like,hal,homostylous,honeycomb-shaped,interjected,larger,lateral,leaflet,lengthening,light,linear,living,long,lower,make,margin,mucilaginous,nflorescence,orbicular,orolla,pair,perfect,petiole,petiolulate,plurifoliate,pore,poricidal,present,removed,second,semi-erec,sessile,seudostipule,side,singly,slit,spaced,specimen,stolo,straight,tall,tamen,tem,testal,thick,throughout,tip,tissue,toward,tri-,tuber,typically,unit,unknow,unwinged,vary,wall,wet,ympodial	adhesion,arrangement,calyx,capitate,colour,form,growth,height,history,inflorescence,length,life,na,ovary,perennial,position,pseudostipule,pubescence,reproduction,rugulose,shape,staman,stem,surface,texture,unknown,ye
512	wfo-0001029592	success	207	106	79	128	27	0.382	0-0.1,0.25-0.7,0.3-0.6,0.4-0.7,0.5-1.5,0.5-1.8,0.8-0.9,1.1-2.8,1.8-2.4,1.8-8,2-3.5,2.1-4,3-6,3.5-5.5,4-8,5.5-11.5,6-8,6.5-8.5,acute,adaxially,anther,apex,attenuate,base,black,blade,brown,calyx,chartaceous,cm,cordate,deltate,densely,depression,diameter,entire,erect,extra-axillary,flower,fruit,glabrous,globose,green,hair,hemispherical,inflorescence,leaf,length,lobe,lobed,long,margin,mid-point,midpoint,mm,moderately,obtuse,ovate,pedicel,peduncle,perennial,petiole,present,purple,ray,rhizomatous,shallowly,shrub,simple,sparsely,stellate,stellate-pubescent,style,thick,throughout,tube,vein,x,yellow	%,.05,.4,0,0-0.15,0-0.3,0-3.5,0.1-0.2,0.25-0.5,0.5-0.8,0.5-1,0.8-1.2,0.8-1.5,1-1.5,1-1.9,1-10,1-3,1-8,1-locular,1.5,1.5-3,1.8-6.5,14-20,18-30,2-10,2-3-branched,2-foliate,240-1400,3-4,5-8,5-merou,5.5-10.5,7-10,7-17,7-25,7-9,8,8-10,8-20,abaxially,absent,acicular,across,adaxiall,adult,alyx,apart,apparen,apparently,armed,articulated,axe,ba,branch,branche,decimetre,deeply,directed,distall,distally,distributed,dm,eaf,eed,eglandular,exocarp,finger,fruiting,geminat,gland-tipped,half,homostylous,incomplete,index,juicy,juvenile,lamina,lateral,less,lobing,longer,lower,markedly,mature,mesocarp,midvein,minute,nflorescence,oblique,orolla,pair,part,per,perfect,placenta,pore,porrect,presen,prickle,ridged,ruit,septum,sessile,short,side,spaced,sparse,stalk,stellae,straight,succulent,surface,tal,tamen,tem,terete,thicker,thicknes,time,transparent,unarme,unbranched,unit,upper,vary,white,wide,ympodial	adhesion,arrangement,climate,colour,corolla,form,glandular,growth,height,history,life,na,number,ovary,plant,position,presence,pubescence,reproduction,seed,shape,size,staman,stem,stigma,stipe,texture
513	wfo-0001029593	success	181	74	56	125	18	0.309	0.5-5,0.8-1.2,1,1-1.2,1-1.5,1-2,1.6-2.3,10-50,2.3-3.0,3-4,4-6,5-15,7-25,anther,axillary,broadly,brown,calyx,capitate,cm,conical,deltate,densely,diameter,elliptic,fruit,glabrous,globose,green,leaf,long,minutely,mm,obovate,ovary,ovoid-reniform,papillose,pedicel,petiole,pinnate,plant,pubescence,pubescent,seed,shape,shrub,simple,slightly,smooth,stigma,style,surface,trichome,tube,uniseriate,x	-10,0.05,0.5-1,0.8-1,1-8,100,2,2-14,2-3,2-5,2.3,3.5-8,35-60,5-10,7.5-15,9-15,abaxially,abruptly,acuminate,acute,adaxially,age,always,anthesi,anticlinal,apex,apically,arising,attenuate,axil,basal,base,basiscopically,bearing,berry,cateniform,cell,clavat,colony,cone,decurrent,dry,drying,eaf,edicel,eed,enlarged,entire,epidermal,exserted,extremely,filament,filiform,flower,free,fruiting,glabrescent,growing,half,hollow,included,irregular,lamina,large,lateral,leaflet,lobe,lower,markedly,much,narrowing,nflorescence,noddin,oblique,occasionally,often,once-branched,onto,open,opposite,pair,per,perfectly,petiolule,place,pointed,poricidal,portion,primary,projection,pubescen,purple,rachi,rarely,reflecting,rest,ruit,scar,short-styled,similar,single-stemmed,sinuous,small,smaller,somewhat,sparsely,tall,tem,terminal,thickening,tip,tub,ud,unifoliat,unit,usually,variable,vein,white,white-lenticellate,wider,winged,without,woody,ympodial	arrangement,clavate,colour,form,growth,height,history,inflorescence,length,life,na,perennial,position,reproduction,rugulose,size,stem,texture
514	wfo-0001029601	success	187	118	84	103	34	0.449	0-37,0.2-0.8,0.5-5.8,1-3,1-4,1-53,1.1-2.7,1.7-6.5,2-12,2-7,2-9,2.3-5.9,2.8-10.5,3-10,3-5,4-13.5,5-41,6-10,6.6-22,6.8-14.5,abaxially,adaxially,anther,apart,brownish,cell,clavate,cm,condition,connivent,coriaceous,corolla,dark,diameter,dot,drying,elliptic,flower,fresh,fruit,glabrescent,glabrous,globose,green,greenish,herb,honeycomb-shaped,interjected,lanceolate,leaf,leaflet,lengthening,light,lobe,middle,mm,mucilaginous,odd-pinnate,ovate,ovoid,pair,pedicel,peduncle,pentagonal,petiole,plant,pore,puberulent,rotate,seed,size,slightly,slit,small,stigma,style,terminal,testal,tube,wet,white,whitish,x,yellow	0.5-8,1-2,1.2-2.3,2,2-3,2.2-4.5,3-7,5-merou,abaxiall,acumen,acuminate,acute,ag,alyx,apex,apparently,articulated,asymmetric,attenuate,axe,axillary,base,basiscopic,berry,blade,borne,bud,capitat,covering,decreasing,digestion,distal,dorsally,eaf,edge,eed,end,enzyme,erec,exceeding,filament,flat,folded,forked,geminat,generally,glabrou,green-white,hair,hair-like,half,homostylous,larger,lateral,linear,living,long,lower,make,middl,narrow,nflorescence,orbicular,orolla,perfect,petiolulate,plurifoliate,poricidal,removed,ripe,rounded,ruit,sessile,seudostipule,short,side,singly,spaced,specimen,stamen,stolo,straight,subequal,subglabrou,subtending,tall,tamen,tem,thick,throughout,tip,tissue,toward,tri-,tuber,typically,unit,unwinged,usually,vary,wall,wing,ympodial	5-merous,abaxial,adaxial,adhesion,age,arrangement,articulation,calyx,capitate,colour,form,growth,height,history,inflorescence,length,life,na,number,ovary,perennial,position,pseudostipule,pubescence,reproduction,rugulose,shape,spacing,staman,stem,subglabrous,surface,texture,ye
515	wfo-0001029606	success	179	122	94	85	28	0.525	.5,/2,0.2-0.5,0.4-0.5,0.5-1,1,1.5-2,1.5-3.5,1.8-2.5,2-2.5,2-3,3,3-9,4-8,4.5-5,5,5-6,7-9,abaxially,aciculate,acuminate,acute,adaxially,anther,apex,base,beneath,berry,bilobed,broadly,brownish,calyx,cm,coriaceous,corolla,densely,diameter,elliptic,elongate,entire,flattened,flower,form,glabrous,globose,growth,heterostylous,inflorescence,internodal,leaf,lobe,lobed,long,long-stalked,long-styled,margin,midpoint,minutely,mixture,mm,multangulate,narrowly,oblong,orbicular,pedicel,peduncle,petiole,porrect,pubescence,pubescent,ray,reddish,reniform,revolute,sessile,shiny,shrub,simple,stalked,stellate,stem,stigma,style,surface,tapering,terminal,thin,triangular,trichome,tube,urceolate,way,white,x	0.5,1.5-3,15,4-5,4-6,7,along,anthesi,apparently,arching,armed,articulated,bark,brown,cell,closely,color,deciduous,defoliate,dense,eaf,eed,ellipsoidal,elongation,equalling,erect,especially,exerted,filament,free,fruiting,geminat,gre,herbarium,impressed,inshort-styled,known,lengthening,like,lower,m.,many,marginal,midrib,multiseriate,new,nflorescence,nodding,older,once-branched,pair,papillat,per,pericarp,pore,poricidal,portion,prickle,primary,prominent,red,redder,ruit,rusty,scar,slightly,slit,sometimes,soon,space,specimen,stalk,stellate-pubescent,straggling,straight,strongly,testal,tip,ud,unit,usually,vein,woody,yellowish,ympodial	adhesion,arrangement,blade,climate,colour,fruit,glandular,hair,height,history,length,life,na,number,ovary,perennial,plant,position,presence,present,reproduction,rugulose,seed,shape,size,staman,stipe,texture
516	wfo-0001029619	success	188	116	87	101	29	0.463	0.25-0.75,0.5-1,0.5-1.5,0.5-2,1,1-1.5,1-2,1-2.5,1-5,1.5-2,10-12,2-11,2-3,2-5,3-4,4-6,5-20,6-10,7,8-12,abaxially,acute,adaxially,anther,apex,attenuate,base,blade,brown,bud,chartaceous,cm,connivent,densely,diameter,extra-axillary,flower,fruit,glabrous,glandular,globose,green,hair,immature,leaf,leaf-opposed,length,like,lobe,lobed,margin,mature,midpoint,mm,moderately,nearly,obtuse,orange,ovate,pedicel,peduncle,per,petiole,porrect-stellate,pubescent,ray,reniform,rusty,scandent,shrub,side,simple,sparsely,spreading,stellate,stem,stigma,style,surface,tan,tapering,triangular,tube,unlobed,white,x,yellow	1-.,1-3,1-3.5,2,25-40,3-8,5-merou,6,6-8,7-10,7-12,absent,accrescent,adaxiall,alyx,andromonoecy,apar,apart,apical,apparently,appearing,armed,axe,berry,beyond,calyx,clavat,contiguous,cordate,cut,cylindrical,dark,difoliate,directed,discolorous,eaf,eed,either,elongated,em,exserted,filament,flattedned,frui,fruiting,geminate,glabrou,gland-tipped,implying,introrsel,less,long,lower,m.,major,many,midrib,midvein,multicellular,multiseriate,narrowly,netlike,nflorescence,occasionally,often,orolla,pair,perfect,pit,pore,prickle,rachi,raised,recurved,reduced,ridge,roselike,ruit,separated,sinus,slightly,small,spaced,sparse,stalk,stamen,ste,tamen,unarmed,unbranched,unequa,unicellular,unit,usually,vary,vein,way,whitish,wide,ympodial,¼	adhesion,arrangement,cayx,clavate,climate,colour,corolla,form,growth,height,history,inflorescence,life,na,number,ovary,plant,position,presence,present,pubescence,reproduction,rugulose,seed,shape,size,staman,stipe,texture
517	wfo-0001029621	success	165	124	83	82	41	0.503	.1,0.5-1.5,0.7-1.1,0.8-1,0.8-4.5,1-1.5,1.5-2,1.5-2.5,1.5-5,2.5-3,3-3.5,3.5-4.5,6-20,7-9,acute,anther,apex,area,attenuate,bark,base,becoming,brown,calyx,cm,completely,corolla,cup-shaped,dark,decurrent,deltoid,dry,ellipsoid,enclosed,fleshy,fruit,glabrous,globose,green,irregularly,lanceolate,late,later,lateral,leaf,live,lobe,lobed,long,margin,material,merely,minutely,mm,oblanceolate,ovary,ovoid-reniform,pale,papillate,pedicel,pitted,plant,puberulent,scar,sessile,shaped,shrub,stem,stigma,style,surface,tan,tapering,tear-drop,terminal,thick,trichome,tube,white,whorl-like,widened,x,yellowish	0.5-0.75,0.5-1,0.5-1.2,1-2,1/3,2/3,5-20-flowered,6-8,accrescent,along,anthesi,apar,appearing,appressed,beneath,berry,borne,branched,caudate,cluster,constricted,course,densely,dia,distal,eaf,edicel,eed,elongate,erect,exsertio,filament,free,fruiting,geminate,glabrate,like,lon,lower,main,many,middle,nflorescence,occasionally,often,older,onto,pair,papillo,papillose,planar,plurifoliat,pore,poricidal,portion,prominent,quite,rarely,reddish,reddish-gre,ripe,river,ruit,shiny,small,somewhat,spaced,ste,straight,tall,time,tip,ud,uniseriate,unit,vein,way,widest,woody,yellow,ympodial,young	adhesion,apart,arrangement,blade,bud,climate,colour,development,diameter,exsertion,form,glandular,growth,hair,height,history,inflorescence,length,life,midpoint,na,number,peduncle,perennial,petiole,position,presence,pubescence,ray,reddish-grey,reproduction,rugulose,seed,shape,size,spacing,staman,stellate,stipe,texture,thicknes
518	wfo-0001029622	success	182	97	71	111	26	0.39	.1,.5,/3,0.5,0.5-1,0.8-1,1-1.2,1-1.5,1-4,1.5,2-11,2.5-3,3-4,3-5,30-35,abaxially,adaxially,anther,base,brown,calyx,chartaceous,cm,connivent,corolla,deflexed,diameter,elliptic,except,fruit,glabrous,globose,green,inflorescence,internodal,leaf,lobe,lobed,long-triangular,minutely,mm,narrowly,obconic,oblong,occasionally,opposite,ovate,papillose,pedicel,peduncle,petiole,present,reddish,sagittate,shiny,shrub,simple,size,slightly,somewhat,stellate,stem,stigma,style,tapering,tip,tube,way,white,x,yellow	.2,0.3,0.5-0.7,0.6-0.9,1-2.7,2-4,2-5,4-6.5,40,45-50,5-6,7-11,absent,accrescent,acute,ag,alyx,anthesi,apex,apparently,appearing,arising,attenuate,axe,axil,bark,beneath,blade,bud,capitat,consisting,cylindrical,deciduous,differing,difoliate,dimorphic,eaf,eed,elongate,entire,filament,flower,free,fruiting,geminate,glabrou,ilament,immature,included,interlaced,jointed,known,lamina,lateral,less,long,long-acuminate,longitudinal,m.,main,major,margin,mature,measured,midrib,minor,minute,nflorescence,often,older,one,onto,opening,orolla,oung,ovate-lanceolate,pair,pendent,pore,portion,probably,rachi,raised,reflexed,remaining,rounded,ruit,scar,second,shaped,single,slende,slender,slit,straight,tal,tear-drop,thin,thus,trichome,tuft,ud,unarme,unifoliat,uniseriate,unit,vary,vein,within,ympodial,young	adhesion,arrangement,capitate,colour,form,growth,height,history,length,life,na,number,ovary,perennial,plant,position,presence,pubescence,ray,reproduction,rugulose,seed,shape,staman,surface,texture
519	wfo-0001029625	success	168	108	86	82	22	0.512	..,0.5-1,0.5-1.3,0.5-2,0.5-2mm,0.8-1.4,1-1.5,1-2,1.2-1.6,3-,3-3.5,4-10,4-4,4-5-celled,4-7-celled,4-9,5,5-6,5-8,9-25,along,anther,base,beneath,calyx,cm,conical,corolla,darker,deflexed,deltate,densely,denser,diameter,elliptic,flattened,four,fruit,glabrescent,glabrous,globose,green,greenish,growth,herb,hyaline,inflorescence,lamina,later,lighter,like,lobe,lobed,long,margin,midline,mm,nearly,occasionally,ovary,ovate-reniform,pale,papillate,pedicel,peduncle,pubescent,purplish,reddish,scattered,single-stemmed,smooth,sparsely,stem,stigma,stripe,style,surface,tan,tinged,trichome,tube,uniseriate,vein,white,x,young	-15,.1-0.2,.5,0.8-1.8,1-3,100,2,2.5-.,3,3-3,5-10,6-9,8-13,abaxial,anthesi,apical,bark,branc,branch,branched,brittle,brow,capitat,cel,cell,cucullate,deflexe,distinct,dry,eaf,edicel,eed,erect,filament,flower,frui,fruiting,gland,gland-tipped,glandular,lower,markedly,middle,minute,mixed,narrowly,new,nflorescence,open,outer,outline,pair,per,pericarp,planar,plurifoliat,point,pointed,primary,rarely,regularly,ruit,scar,shrub,single,sinuate,slightly,small,striate,strongly,testa,thin,time,tip,triangular,tuft,ud,unit,wall,weight,without,ympodial	arrangement,brown,capitate,colour,form,height,history,leaf,length,life,na,perennial,plant,plurifoliate,position,pubescence,reproduction,rugulose,seed,shape,size,texture
520	wfo-0001029630	success	286	138	108	178	30	0.378	.5,.8,/6,0-5,0.2-0.3,0.2-0.4,0.4,0.5-1.5,1.5-4,12-17,2-6,2.5,2.5-3,3.5-5,4-8,5-9,6-8,7-10,8,8-9,abaxially,acuminate,acute,almost,along,anther,apex,apically,apparently,base,berry,blade,brachyblast,calyx,capitate,chartaceous,clavate,climber,cm,corolla,cuneate,cupular,dark,densely,diameter,discolorous,distributed,drying,dull-yellow,elliptic,entire,equal,evenly,finely,flattened-reniform,free,fruit,glabrous,globose,green-brown,grey-brown,lateral,leaf,length,like,lobe,lobed,margin,maturity,mauve,midpoint,mm,oblique,often,orange,orange-brown,ovate,papillose,pedicel,peduncle,petiole,purple,ray,red-brown,rounded,shiny,side,smooth,sometimes,somewhat,stellate,stellate-pubescent,stem,stigma,strongly,style,suborbicular,surface,tapering,terminal,thin,tube,unequal,unequal-deltoid,weakly,yellow-brown,young,×	.1,.15,.7,/2,0,0-10,0-8,0.1-0.2,0.15-0.3,0.2-0.7,0.3-0.5,0.5,0.5-1,0.5-2,0.5-4.5,0.6-0.8,1,1-3,1.2-1.5,1.5-2,1/3,1/3-1/5,1/3-2/3,10-30,12-15,2.5-6,3-10,4-5,45-60°,5,5-20,5-merou,abaxial,accrescent,across,adaxially,age,always,alyx,apar,apart,area,armed,articulated,ascendant,attachment,bark,beyond,branch,branched,broadly,brown,cell,clearly,coroll,curved,delineated,deltoid,development,difoliate,distance,divided,downward,eaf,eed,ellpsoid,elongating,exserted,extending,eye,fertile,filament,flat,flattened,flower,fruiting,geminat,glabrescent,glaucous,greyi,hooked,infructescence,irregula,lengthening,less,lighter,lon,long,longer,longitudinal,lower,main,mature,midvein,mostly,naked,narrow-ovate,nflorescence,orolla,outline,ovoid,pair,pale,papillo,patchily,pendulous,per,perfect,pericarp,pit,point,pore,poricidal,porrect,portion,prickle,primary,prominently,rachi,raised,recurved,reduced,reflexe,relatively,rest,robust,ruit,scar,secondary,shorter,simple,sinus,slender,slit,small,spaced,sparsely,species,spherical,spreading,stalk,stalked,stout,straight,strong,stump,sunk,tamen,terete,tertiary,thicker,throughout,time,tip,toward,translucent,trichome,ud,undulate,uniform,unit,usually,variously,vary,vein,venation,visibl,visible,visibly,white,white-translucent,wide,widest,woody,yellow,yellow-green,yellow-translucent,ympodial	adhesion,arrangement,climate,colour,form,glandular,greyish,growth,hair,height,history,inflorescence,life,na,number,ovary,perennial,plant,position,presence,present,pubescence,reproduction,rugulose,seed,shape,size,staman,stipe,texture
521	wfo-0001029632	success	202	135	101	101	34	0.5	.5,0.2,0.5–1.4,0.6–1.1,0.8–,0.8–1.0,0–1.5,1.0–2.0,1.0–3.5,1.0–6.0,1.1–,1.2–1.4,1.5–,1.5–2.6,1.7–8.5,10–30,11–25,2.0–11.5,2.0–2.2,2.7–3.5,2–3,3.5–5.0,3–8,4.5–6.0,abaxially,acute,along,anther,anthesi,apex,arising,associated,base,black,blade,brown,calyx,clavate,cm,dark,deeply,densely,diameter,elliptic,especially,flattened,fruit,glabrous,globose,green,hair,herb,leaf,like,lilac,lobe,lobed,margin,marking,midrib,midvein,midway,mm,moderately,oblong,ovate,pair,pale,pedicel,peduncle,pentagonal,perennial,petiole,pitted,pubescent,purple,rarely,semi-succulent,simple,sometimes,sparsely,stigma,style,subentire,succulent,surface,tube,violet,white,whitish,x,yellow,–11.0,–11.5,–13.5,–19.0,–2.0,–4.5,–40,–5.2,–50	.0,0.3–2.0,0.4–1.0,0.5,0.5–0.7,0.7,0.8–1.5,0.8–2.2,0.9,1,1.0–1.5,1.2,1.2–2.5,2,4–8,5,5.5–9.5,5–10,6–13,7.5–13,75,abaxial,absent,adaxiall,adaxially,ag,angular,apart,appressed,articulated,axe,ba,branching,caudex,cell,chartaceous,connivent,cylindrical,decurrent,eaf,eed,elongate,equal,filament,flower,geminat,indistinct,lamin,lon,long,longitudinal,lower,m.,multicellular,nflorescence,obtuse,occasionally,often,opening,orolla,particularly,perfect,pore,poricidal,present,prostrate,purplish,rapidly,ruit,scandent,shaped,side,slender,slit,spaced,spheroidal,stone,straight,subterranean,swollen,tall,tamen,tear-drop,tem,time,tip,unbranched,unicellular,unifoliate,uniseriate,unit,vary,vein,wide,wing,ympodial,–1.4,–10,–15,–2.2,–4.0	adhesion,arrangement,climate,colour,corolla,decurren,form,glandular,growth,height,history,inflorescence,lamina,length,life,midpoint,na,number,ovary,plant,position,presence,pubescence,ray,reproduction,rugulose,seed,shape,size,staman,stellate,stem,stipe,texture
522	wfo-0001029645	success	160	106	81	79	25	0.506	0.2-0.5,0.3-0.5,0.5-2.5,0.5-7,1-1.5,1-2,1.3-7,1.5,2.5-17,2.5-4,3-15,3-7,337,6-12,7-12,750,?,abaxially,acute,adaxially,anther,apex,base,blue,brown,calyx,chartaceous,cm,corolla,diameter,distally,et,extra-axillary,fide,finger,flattened,fruit,glabrous,gland-tipped,globose,green,greenish,hair,herb,immature,kayap,line,lobe,membranaceous,minutely,mm,moderately,obtuse,ovate,ovate-elliptic,pedicel,peduncle,petiole,puberulent,purple,rarely,red,rotate-stellate,rugose-verrucate,sagittate,short-tomentose,simple,smith,sparsely,stigma,strongly,style,tapered,triangular,truncate,tube,white,wide,x,yellow,±	-1,.5-1,1,1-4,1.5-2,2-3-foliat,2-4,3-10,3.5-4,4-5,4-8,5,5-8,abundantly,acuminate,aggregate,along,apart,around,articulated,axe,ba,blade,cell,connivent,cuneate,cylindrical,decurrent,deltate,directed,distall,eaf,eed,entire,except,filament,flower,free,glabrou,inserted,knapp,long,lower,major,margin,mesocarp,nearly,nflorescence,orolla,part,perfect,pore,puberulen,rachi,radiu,ruit,sand-punctate,short,shorter,shru,side,small,spaced,stone,subcordate,tal,tamen,tem,thecae,tightly,time,tomento,truncat,unbranched,unit,vary,vein,veiny,ympodial	0.5-1,adhesion,arrangement,colour,form,growth,height,history,inflorescence,leaf,length,life,na,ovary,plant,position,pubescence,reproduction,seed,shape,shrub,size,staman,stem,texture
523	wfo-0001029646	invalid_json_followup	141	112	66	75	46	0.468	0.1-0.6,0.5,0.5-0.8,0.7-2.2,1-4,1.5-2,1.5-4.9,10-15,2-3,3-14,4-5.5,6-8,abaxially,acuminate,acute,adaxially,apex,attenuate,base,calyx,cell,cm,corolla,covering,diameter,distal,elliptic,finely,free,globose,green,green-white,half,herbaceous,honeycomb,lateral,leaf,lobe,long,mm,mucilaginous,mucronate,narrowly,ovate,ovoid,pattern,pedicel,peduncle,perennial,petiole,plant,pubescent,seed,simple,stellate,stigma,style,testal,thick,throughout,tone,wall,white,wide,yellow,yellow-green	3-6-foliat,5-15,7-15,acumen,apical,apically,articulate,branched,commonly,cyme,dehiscent,dichasial,dichasially,digestion,dorsally,eaf,ebracteate,edge,eed,emoval,enzyme,epiphytic,equaling,filament,flat,flower,folded,forked,generally,globo,ground,growing,hair-like,introrse,linear,living,lon,lower,make,maturing,monochasial,mos,mould,nflorescence,nther,oak,often,orolla,ovat,perfect,pine,plan,poricidally,proximal,rarely,reveal,ruit,seudostipule,short,slit,specimen,stamen,straight,tall,tem,throughou,tree,tuber-bearing,typically,unit,vary,viole,without,ympodial,¼	'','hair-like,[,],``,adhesion,anther,arrangement,blade,characteristic,climate,colour,form,fruit,glandular,growth,hair,height,history,inflorescence,length,life,margin,midpoint,na,number,ovary,position,presence,pubescence,ray,reproduction,rugulose,shape,size,staman,stem,stipe,surface,texture,tube,value,violet,wet,{,}
524	wfo-0001029652	success	160	119	85	75	34	0.531	.25,.5,0.5-1,0.5-4,0.75-1,0.8-1,1-3,1.5-2,2-2.5,2-4,2.5-3,3.5-4,3/4,4-4.5,6-15,abaxially,adaxially,along,anther,apex,apical,attenuate,base,broadly,calyx,cm,conical,corolla,curling,deltate,dia,elliptic-ovate,flower,glabrous,globose,golden,green,greenish-white,hard,hispid,leaf,lobe,lobed,long,long-acuminate,long-styled,margin,maturity,minutely,mm,narrowly,occasionally,opposite,ovary,ovoid-reniform,pale,papillose,pedicel,petiole,pitted,pore,poricidal,projection,pubescent,reddish-brown,shaped,short-styled,shrub,size,stem,stigma,style,surface,swollen,tan,tear-drop,tip,trichome,tube,undulate,uniseriate,vein,way,white,x	.3,1,1-2,2,25,7-9,anthesi,apar,ape,arch,arching,ba,bark,bearing,berry,cone,deciduous,deflexed,denser,differing,difoliate,drying,eaf,edicel,eed,evenly,exserted,filament,filiform,free,fruiting,geminat,golden-red,heteromorphic,included,joining,lamina,lateral,like,lon,lower,main,major,middle,midrib,minor,minute,near,nflorescence,older,pair,papillo,pericarp,portion,reflexed,ruit,scar,series,simple,slende,slender,slightly,soon,spaced,sparsely,tall,thickened,time,tub,ud,unit,widest,within,ympodial,young	adhesion,arrangement,blade,climate,colour,diameter,form,fruit,glandular,growth,hair,height,history,inflorescence,length,life,midpoint,na,number,peduncle,perennial,plant,position,presence,pubescence,ray,reproduction,rugulose,seed,shape,staman,stellate,stipe,texture
525	wfo-0001029662	success	181	122	97	84	25	0.536	.3,.5,0.5,0.7–1,0.7–3,1,1.4,1.5,1.7–3.5,15,20,2–3,2–3-celled,3.5–6,3–4,4-rayed,5-6,5–7.5,7-14,9–11,abaxially,adaxially,andromonecious,anther,apart,apex,armed,articulated,base,calyx,campanulate,caudate,chartaceous,cm,diameter,distally,expanded,extra-axillary,filament,flower,fruit,glabrous,hair,herb,including,lateral,leaf,like,linear-tapered,lobe,lobed,long,margin,mm,nearly,oblong-ovate,oblong-ovoid,obtuse,opposite,ovate,pedicel,peduncle,petiole,pilose,plant,prickle,pubescent,ray,recurved,repand,sessile,shallowly,shape,shorter,simple,size,small,somewhat,spaced,sparsely,stellae,stellate,stellate-pentagonal,stem,stigma,style,thickened,tip,tomentose,tube,unknown,vine,white,wide,widely,x,yellow	12,1–3.5,2,2-,3-foliate,3.2,3.5,4–5,6-7,absent,accrescent,acicular,adaxiall,ag,axe,ba,blade,capitat,color,connivent,creeping,curve,cylindrical,directed,eaf,eed,equal,erect,fertile,fragrant,free,fruiting,geminat,glabrou,half,ilament,immature,less,lightly,longitudinal,lower,lowest,m.,major,midpoint,minute,nflorescence,node,offset,one,opening,orolla,per,perhaps,pore,portion,probably,rachi,reflexed,ripe,rooting,rounded,ruit,side,slender,slightly,slit,straight,striaght,subcordate,tal,tem,triangular,truncate,two,unarmed,unbranched,unequal,uniform,unit,vary,vein,way,ympodial	4,arrangement,capitate,colour,corolla,form,growth,height,history,inflorescence,length,life,na,number,ovary,perennial,position,presence,pubescence,reproduction,rugulose,seed,stipe,surface,texture
526	wfo-0001029673	success	159	116	84	75	32	0.528	.5,0.7-1.1,0.75-1,0.8-1,1-10,1-2,1-5,1.2-3.5,1.5-2,2-2.5,2.5,4-6,5.5-15,acuminate,acute,age,anther,anthesi,apex,appearing,base,becoming,black,blade,branch,calyx,clavate,cm,conical,corolla,deep,deltoid,dendritic,diameter,elliptic,fork,fruit,glabrous,globose,greyish-yellow,growth,later,lateral,leaf,length,lenticular,lobe,long,minutely,mm,narrowly,occasionally,ovary,overtopping,pedicel,pericarp,petiole,pitted,planar,plurifoliate,poricidal,pubescent,purple,reddish-brown,reflexed,shoot,shrub,slightly,slit-like,small,sparsely,stem,stigma,style,surface,terminal,thin,tip,tree,triangular,trichome,tube,violet,x	0.5-1,1.5-1.8,10-20,2-3,2-4,3-5,3/4,5-25,abaxial,abaxially,absent,accrescent,adaxial,adaxially,along,apical,bark,basal,berry,branching,broadly,decurrent,deflexed,densely,denser,dichasia,eaf,edicel,eed,ew,exserted,filament,flower,free,fruiting,greyish,greyish-yello,individual,inserted,lamina,like,lon,longer,lower,m.,monochasial,nflorescence,nodding,older,pair,papillo,petal,pore,portion,prominent,pyramidal,ruit,scar,secondary,sleeve,somewhat,stamen,strongly,tall,tapering,time,tub,ud,unit,vein,wide,winged,woody,ympodial,young	adhesion,arrangement,climate,colour,dense,form,glandular,hair,height,history,inflorescence,life,margin,midpoint,na,number,peduncle,perennial,plant,position,presence,pubescence,ray,reproduction,rugulose,seed,shape,size,staman,stellate,stipe,texture
527	wfo-0001029680	success	212	143	113	99	30	0.533	0.1,0.5–1.5,0.6–1.2,0.6–2.0,1,1.0,1.0–1.1,1.0–1.8,1.1–1.2,1.4–7.5,1.7–7,1.8–3.8,11–16,11–25,12,2.2–4.2,3.0–4.2,3–6,4.0–16,4.0–6.5,4.5–20,4.5–7.0,50,5–11,abaxially,acute,adaxially,annual,anther,anthesi,apex,arequipa,axillary,base,becoming,bipinnate,blade,blue,brown,calyx,clavate,cm,densely,diameter,divided,equal,flattened,fleshy,fruit,glabrous,globose,green,hair,herb,indistinct,leaf,length,light,lobe,long,margin,mm,moderately,multicellular,oblong,obovate,obtuse,ovate,pair,pale,pedicel,peduncle,pentagonal,perfect,petiole,pinnae,pinnate,pitted,primary,pubescent,purple,rarely,red,ripe,rotate,shallowly,shoot,simple,size,sometimes,sparsely,specimen,stem,stigma,style,subglabrous,surface,tacna,terminal,tripinnate,tube,turning,unicellular,uniseriate,violet,white,winged,woody,x,yellow,–10,–12.5,–19	.0,0.4,0.6,0.9–1.0,1.0–1.5,1.4–2.5,1.5,1.6–2.7,10,1–2,1–3,1–6,1–8,2–20,3.3–5.5,3–22,4–10,4–30,5,5.5–8.5,7–10,8–32,absen,adaxiall,ag,along,apart,appressed,arranged,articulated,asymmetrically,axe,ba,beyond,borne,branched,cell,connivent,cylindrical,decreasing,decurrent,difoliate,eaf,eed,entire,erect,extending,filament,flange,flower,forming,geminat,irregularly,lon,longitudinal,lower,m.,midrib,narrow,nflorescence,node,occasionally,often,opening,orolla,parallel,pendant,plurifoliate,pore,poricidal,prostrate,rapidly,ruit,running,secondary,shaped,side,spaced,split,stone,straight,tal,tamen,tear-drop,tem,tertiary,time,tip,unit,usually,vary,wide,wing,winge,ympodial,–3,–3.2,–46,–48	adhesion,arrangement,climate,colour,corolla,decurred,form,glandular,growth,height,history,inflorescence,life,midpoint,na,number,ovary,plant,position,presence,pubescence,ray,reproduction,rugulose,seed,shape,staman,stellate,stipe,texture
528	wfo-0001029685	success	288	119	92	196	27	0.319	.2,.4,0.2-0.8,0.5-1.5,0.7-1.5,1-4,1-5,1.3-1.5,1/6-1/3,2-3,2-6,2.1-3,2.5-3.7,3-7,3.5-16,3.5-4,4-7,4-9,5-20,5.5-7,6-8,6.5-9,acute,almost,anther,apex,apically,base,berry,black,blade,bright,brown,calyx,chartaceous,clavate,cm,corolla,cuneate,cupular,curved,densely,diameter,drying,equal,erect,flattened-reniform,free,fruit,globose,lateral,leaf,length,lobe,lobed,long,long-acuminate,long-deltate,margin,maturity,mauve,midpoint,mm,obconical,orange,orange-brown,ovate,ovoid,pedicel,peduncle,petiole,ray,red-brown,shiny,shrub,simple,smooth,stellate,stellate-pubescent,stem,stigma,stout,straight,strongly,style,surface,tapering,thin,truncate,tube,yellow,×	.5,.8,/3,0-15,0.1,0.1-0.2,0.1-0.3,0.2,0.5,0.5-1,0.7-1.8,1-1.3,1-2,1-7,1.5,1.5-5,1.5-6,1/2-2/3,1/3,1/3-2/3,1/3-4/5,10,10-20,2.5-3,20,3,3-20,3-5,3-6,3.5,3/4-1/2,30-60°,4,4-10,4.5-6,5,5-11,5-merou,abaxially,accrescent,adaxially,age,alyx,apar,apart,apparently,armed,articulated,axe,bark,beyond,branched,breaking,brittle,broad-deltate,cell,clearly,clump,covering,dark,deep,deltate,dense,development,difoliate,discolorous,distance,divided,dorsal,downward,eaf,eed,elongating,exserted,extending,faint,filament,filiform,finely,finger-hair,flat,flattened,flower,fruiting,geminat,glabrescent,glabrous,grey-brow,growing,inflated,infructescence,irregula,irregular,lengthening,less,longer,longitudinal,lower,mature,midvein,minute,mixture,moderately,much,nflorescence,oblique,obovate,often,older,one,open,opening,orange-translucent,orolla,oung,outline,ovoi,pair,papillae,papillo,partly,patch,per,perfect,pericarp,persisting,pit,point,pore,poricidal,porrect,portion,prickle,primary,pronounced,pubescent,rachi,raised,rarely,reduced,reflexed,regular,rest,ri,ridged,robust,rounded,ruit,scar,secondary,sessile,side,sinus,slender,slightly,slit,small,sometimes,somewhat,spaced,sparsely,specimen,spherical,spreading,stalk,stalked,stump,tamen,terete,terminal,tertiary,thick,throughout,time,tip,toward,translucent,trichome,ud,unarmed,unbranched,unit,upper,usually,variously,vary,vein,venation,visible,well-developed,wide,widest,woody,x1.5-2,yellow-green,ympodial	adhesion,arrangement,climate,colour,form,growth,height,history,inflorescence,life,na,number,ovary,papillose,perennial,plant,position,presence,present,pubescence,reproduction,rugulose,seed,shape,size,staman,texture
529	wfo-0001029691	success	223	123	94	129	29	0.422	-8,0-0.1,0.2-0.4,0.25-0.45,0.3-0.45,0.5-0.8,1.2-1.7,1.6-2.1,1.7-2.7,11-14,2.5-4,2.5-8,3-4,3-6,3-7,3.3-3.5,5-8,6.5-10,6.5-8.5,8-14,abaxially,absent,acute,adaxially,andromonoecious,anther,apex,attenuate,base,blade,broadly,brown,calyx,chartaceous,cm,connivent,cuneate,cylindrical,densely,diameter,entire,extra-axillary,fruit,glabrous,gland-tipped,globose,green,hair,herbaceous,inflorescence,juicy,lanceolate,length,lilac,lobe,lobed,long,margin,midpoint,minutely,mm,moderately,moist,obtuse,orbicular,ovate,pale,pedicel,peduncle,petiole,plant,present,ray,resprouter,reticulate,rotate,shallowly,shape,short,simple,sparsely,stellate,stellate-pubescent,stigma,style,summit,surface,throughout,toward,tube,white,x,yellow,yellowish-green	%,0-6,0.3-0.7,0.3-1.4,0.4-0.5,0.5-0.7,0.5-1,0.8-1.2,0.8-1.6,0.8-2.5,1-1.1,1-2,1-5,1-6,1-locular,1.1-2.1,1.4-2,1.5-4,10,100-400,13-18,13-20,13-25,140-320,18-23,2-3,36-50,4-8,40-250,5-,5-merou,5.5-9,6-10,6-8,absen,abundant,accrescent,acicular,across,adaxiall,adult,alyx,apart,armed,articulated,axe,ba,branche,bursting,cone,cross-section,curved,decimetre,directed,distall,eaf,eed,eglandular,elliptica,equalling,exocarp,filament,finger,flower,fruiting,functional,half,heterostylous,included,incomplete,index,interpetalar,lamina,lateral,less,lobing,lon,longer,lower,mature,maturity,mesocarp,mid-point,midvein,minute,nflorescence,oblique,orolla,part,per,petal,placenta,pore,porrect,presen,prickle,prostrate,rachi,readily,rounded,ruit,septum,sessile,side,slightly,spaced,sprawling,stage,stalk,stellae,straight,tal,tamen,tem,thick,time,tip,tissue,transparent,truncat,unbranched,unit,unknow,uvenile,vary,vein,weakly,wide,ympodial	adhesion,arrangement,climate,colour,corolla,elliptical,form,glandular,growth,height,history,leaf,life,na,number,ovary,perennial,position,presence,pubescence,reproduction,rugulose,seed,size,staman,stem,stipe,texture,truncate
530	wfo-0001029704	success	146	114	77	69	37	0.527	0-1.5,1.5-2.5,1.5-3,15-25,2-2.5,2-3,3-4-celled,4,4-7,7-10,9-20,acuman,acuminate,acute,along,anther,apex,base,blue,branch,broadly,brown,calyx,cm,conical,corolla,cuneate,dark,deeply,dia,ellipsoid,extra-axillary,fork,glabrous,globose,green,halfway,leaf,less,lobe,lobed,minute,minutely,mm,mottled,obovate,occasionally,one,ovary,pedicel,peduncle,petiole,pinnatisect,poricidal,pubescent,purple,record,reddish,reticulate,rounded,short,shrub,simple,stellate,stigma,stout,striped,style,subdiscoidal,surface,tip,trichome,tube,variously,vein,white,x	-17,-3,.5,0.5,1,1-2,1-4,1.5,10-14,1000-1200,140-185,2-5,3-5,5,7-,also,anthesi,apparently,aspect,axi,berry,c.,cell,composed,cunate,cut,deflexed,diam,eaf,eed,enlarged,erect,especially,exerted,few-flowered,filament,flower,flowering,fruiting,gradually,lanceolate,lengthening,long,lower,midrib,moderately,nflorescence,obovoid,plurifoliat,pore,ruit,shoot,single,sinus,slit,sombre,sprawling,stone,straight,subglobo,swollen,tub,twig,ud,unit,variable,within,ympodial,young	adhesion,arrangement,blade,climate,colour,diameter,form,fruit,glandular,growth,hair,height,history,inflorescence,length,life,margin,midpoint,na,number,perennial,plant,plurifoliate,position,presence,pubescence,ray,reproduction,rugulose,seed,shape,size,staman,stem,stipe,subglobose,texture
531	wfo-0001029727	success	260	110	83	177	27	0.319	-10,-3,/3,0-4,0.15-0.3,0.2,0.4-1,1-1.2,1-4,1.5-5.5,1.6-3,2.5-3.2,2.5-5.5,2.8-4,3-11,3-7,4.5,5.5-7,6-11,acuminate,acute,anther,apex,apically,base,berry,blade,calyx,chartaceous,clavate,climber,cm,cordate,corolla,cupular,densely,diameter,equal,erect,filiform,finely,flattened-reniform,lateral,leaf,length,lobe,lobed,long,margin,mauve,midpoint,mm,moderately,obconical,oblong,orange-brown,ovate,pedicel,peduncle,petiole,pitted,poricidal,ray,red-brown,rounded,scandent,seed,shallowly,shape,shrub,simple,size,stellate,stellate-pubescent,stem,stigma,style,subentire,tapering,terminal,tip,tube,wide	-1/3,.5,0-15,0-2,0-20,0-30,0-40,0-5,0-8,0.1-5,0.15-0.2,0.2-0.5,0.2-2.5,0.3,0.4,0.5,0.5-1.2,0.5-3,0.7-0.9,0.7-1,1,1-,1-2,1.2-2,1.5-2.3,1.5-2.5,1.5-3,1/2-2/3,1/3-1/2,1/4,1/8-1/5,2-5,2.5,3-6,3/,4-7,4-merou,4-merous,4.5-,5-12,5-8,5-9,7-10,abaxial,abaxially,acicular,adaxial,age,almost,along,alternate,alyx,ame,anthesi,apar,apart,apparently,articulated,bark,branched,bristle,brown,c.,colourles,connivent,covered,curved,darker,deltate,deltoid,developing,different,dimorphic,discolorous,divided,drying,eaf,edge,eed,elongating,except,extending,ferrugineous,filament,filiform-acuminat,fissure,flower,free,geminate,glabrous,increasing,inside,lengthening,less,like,lon,longer,lower,m.,mature,middle,midvein,minor,minutely,mixture,narrow-deltate,nflorescence,nther,occasional,older,one,open,orolla,oung,outside,pair,papillo,papillose,per,perfec,perfect,pit,plurifoliat,pore,porrect,portion,prickl,prickle,prickly,primary,protruding,pubescent,raised,rarely,red-brow,reddish,reduced,regular,scar,series,sessile,short,sinus,smooth,sometimes,spaced,spreading,stalk,stalked,straight,strongly,surface,tamen,tearing,terete,tertiary,time,toward,translucent,transverse,trichome,unarmed,uneven,unit,upper,variable,variously,vary,vein,venation,violet,visible,way,x,yellowish,ympodial,young	adhesion,arrangement,climate,colour,dioecious,form,fruit,glandular,growth,hair,height,history,inflorescence,life,na,number,ovary,perennial,plant,position,presence,pubescence,reproduction,staman,stipe,texture,ye
532	wfo-0001029728	success	238	119	77	161	42	0.324	0.5-1.5,2.7-3.1,abaxially,abundantly,acute,anther,anthesi,apex,base,blade,broadly,brownish,bud,calyx,cm,diameter,early,enlarged,extra-axillary,flattened-reniform,flower,free,fruit,glabrous,glandular,glandular-pilose,globose,golden,green,hair,lanceolate,late,leaf,length,light,lobe,lobed,margin,mature,maturity,midpoint,minutely,mm,narrowly,nearly,ovate,pedicel,peduncle,petiole,pilose,pubescence,pubescent,ray,scarcely,shallowly,shrub,simple,size,stellate,stem,stigma,style,subcordate,suborbicular,surface,tan,terete,thin-textured,tip,triangular,triangular-lanceolate,truncate,tube,white,x,yellow,yellowish	.6,0.2,0.3,0.3–0.4,0.4–2,0.5–0.9,0.6–1.5,0.7–1.2,0.8,0.8–1.6,0.8–2.5,0–0.5,1.2–2.3,1.5–2,1.6,1.7–2.5,1/3,11,12–20,1–,1–2,1–2-celled,2,2-foliate,2.4–3.6,2.8,200-310,260,2–3,2–4,2–4-celled,3,3.4–4.5,3.5–5.5,3–18,3–5,4,4.5-5.5,4–10,4–14cm,4–15,4–6-rayed,5,6.2–8.1,7,7-10,7–12,7–14,7–15,8–10.5,9,=,absent,accrescent,acicular,adaxiall,adaxially,admixture,armed,around,ascending,auxiliary,axe,becoming,branche,capitat,cell,column,compressed,contiguou,curled,curved,cylindrical,densely,differing,dimorphic,directed,distall,eaf,eed,erect,exceeding,fallen,fertile,fewer,filament,frui,fruiting,geminate,generally,glabrou,gland-tipped,grading,half,horizontally,hyaline,intermixed,larger,least,long,longer,lower,lowermost,main,major,many,minute,mixed,much,n,nflorescence,numerous,obtuse,often,one,orolla,pair,per,pitted,plane,pore,prickle,rachi,recurved,reflexed,relatively,ruit,scattered,sessile,short-pilose,shorter,similar,similarly,single-stemmed,slender,slightly,small,smaller,sparsely,spine,spreading,stellae,stout,straight,tall,tamen,tem,terminal,unbranched,undulate,unit,usually,various,vary,vein,wid,wide,withered,ympodial,–4,–5	0-0.5,0.3-0.4,0.6,0.8-1.6,1-2,1.7-2.5,12-20,2-3,2.4-3.6,4-10,4-14cm,4-15,6.2-8.1,7-12,adhesion,arrangement,capitate,climate,colour,corolla,form,growth,height,history,inflorescence,life,monoecious,na,number,ovary,perennial,plant,position,presence,present,reproduction,rugulose,seed,shape,staman,stipe,texture
533	wfo-0001029731	success	246	106	76	170	30	0.309	0.1-0.8,1,1-2,1-2.5,1.5,1.5-2.5,10-20,2.5-4.5,3-4,4,4-9,6-7,7-11,8-9,acquiring,acuminate,acute,almost,along,anther,apex,base,black,branch,brown,calyx,clavate,cm,conical,coriaceous,corolla,cuneate,diameter,distributed,elliptic,entire,epiphyte,evenly,filiform,fleshy,fruit,glabrous,ground,hair,leaf,less,liana,linear,lobed,long,long-ellipsoid,margin,mauve,mm,obconical,oblong,obovate,pedicel,peduncle,petiole,pyriform,revolute,rounded,sometimes,stem,stigma,style,succulent,surface,terminal,thick,tube,white,widely,woody,x	.5,.6,0.05,0.25-0.3,1-1.5,1.5-3,1/3,1994,2,2-3,2-6,2.5,3,3-10,31,4-5,6,abaxially,accrescent,adaxially,age,alyx,anthesi,apar,apically,apparently,arcy,articulated,bark,basal,basally,beak,becoming,berry,boundary,branched,branching,broadly,bumpy,clearly,concolorous,connate,crinkled,darker,delimited,delineated,deltoid,dense,development,different,dilated,domatia,dorsal,dorsifixed,dry,drying,dull,eaf,early,elongating,enlarge,equal,erect,even,exserted,faint,filament,fine,finely,flaring,flattened,flower,free,fruiting,iscoid,lamina,large,later,lateral,lengthening,like,lobe,lon,longitudinal,longitudinally,lower,main,mature,maturity,midvein,much,narrowly,nflorescence,nther,obtuse,occasionally,often,orange-brown,orolla,pair,papillae,papillose,part,pendulous,perfec,pericarp,persisting,plurifoliat,pore,poricidal,portion,primary,prominent,protruding,rachi,raised,rakotozafy,rarely,reflexed,reported,ribbed,ridge,ridged,ruit,scar,see,several,shallowly,shorter,simple,sinus,slender,slightly,small,smaller,smoot,sparsely,straight,stretched,stump,sunk,tearing,thickened,thinner,though,time,tip,toward,trichome,tub,tuft,ud,unit,usually,vary,vein,venation,ventral,visibl,visible,well-developed,wide,wing,winged,wrinkling,yellow,yellow-green,ympodial,young,’	arrangement,blade,climate,colour,form,glandular,growth,height,history,inflorescence,length,life,midpoint,na,number,ovary,perennial,plant,position,presence,pubescence,ray,reproduction,rugulose,seed,shape,size,stellate,stipe,texture
534	wfo-0001029741	success	137	79	55	82	24	0.401	0.9-1.2,1-1.5,1-3.5,1.1-1.3,1.5,1.5-4,1.5-6,2.5-7.8,9.5-22.5,?,age,anther,apiculate,base,becoming,calyx,capitate,cm,corolla,dark,deltoid,dia,elliptic,fruit,glabrous,globose,green,growth,inflorescence,leaf,lenticellate,lighter,lobe,lobed,minutely,mm,nearly,opposite,ovary,ovate,papillose,pedicel,petiole,poricidal,shrub,size,stem,stigma,style,tip,tree,tube,weak,white,x	.4,.5,0.5-1.5,0.8-3.5,10-50-flowered,2-2.5,2.2-9,3,accrescent,acute,anthesi,apex,attenuate,berry,black,branched,ca,caly,closely,completely,deflexed,differing,difoliate,divisio,dry,drying,eaf,early,edicel,eed,erect,exserted,filament,flower,free,fruiting,furcate,geminat,glabrou,immature,known,lateral,lon,long,lower,main,major,middle,minor,new,nflorescence,overlapping,pair,papillo,planar,pore,portion,produced,prominent,proximal,quite,raised,reddish-brown,ruit,scar,shaped,slender,slightly,spaced,straight,tall,tapering,tear-drop,ud,unit,usually,variable,vein,widest,wood,woody,ympodial	0.5,1.4,3.5,7.5,alternate,arrangement,colour,diameter,form,height,history,length,life,na,peduncle,plant,position,pubescence,reproduction,rugulose,seed,shape,surface,texture
535	wfo-0001029744	success	113	98	60	53	38	0.531	0.3-0.6,1.5-3.2,2,5-8,50,7-15,abaxially,acute,adaxially,apex,base,blunt,calyx,cm,deltate,dendritic,densely,difoliate,elliptic,entire,extreme,flattened,form,fruit,geminate,glabrous,golden,lanceolate,leaf,lobe,long-acuminate,margin,minutely,mm,narrowly,oblanceolate,oblique,occasionally,opposite,ovoid-reniform,pale,pedicel,petiole,pitted,pubescence,pubescent,revolute,shape,shrub,slightly,sometimes,somewhat,stem,surface,tip,trichome,unifoliate,uniseriate,white,x	0.5-1,1,1.5,2-4,8-10-flowered,8-11,along,apart,bark,beginning,branch,brow,denser,distinct,eaf,eed,examined,fide,flexuous,glabrescent,incrassate,inflorescenc,lamina,leave,looping,lower,major,marginal,mature,minor,nflorescence,node,non-reproductive,older,pair,primary,scar,see,similar,simple,single-celled,small,smaller,smith,spaced,thee,thin,ud,unicellular,unit,vein,ympodial,young	adhesion,anther,arrangement,blade,brown,climate,colour,corolla,diameter,glandular,growth,hair,height,history,inflorescence,length,life,midpoint,na,number,ovary,peduncle,perennial,plant,position,presence,ray,reproduction,rugulose,seed,size,staman,stellate,stigma,stipe,style,texture,tube
536	wfo-0001029746	success	179	128	94	85	34	0.525	0.3-2,0.5-1,0.7-1,1,1-1.3,1-1.5,2,2-2.5,2-4,2-7,2-8,3,3-4,4-9,8-10,8-11,acuminate,acute,anther,anthesi,apart,apex,base,bearing,blackish,broadly,brown,calyx,capitate,centre,cm,conical,cordate,corolla,cup-shaped,curved,dark,darker,densely,diameter,ellipsoid,elliptic,entire,exerted,flattened,flush,fruit,glabrous,gland-tipped,glandular,globose,greenish,herb,horn,inflorescence,internodal,leaf,lobe,margin,minutely,mm,narrowly,orange,ovary,ovate,ovoid,pale,pedicel,peduncle,petiole,poricidal,principal,pubescent,purple,rachi,red,reddish,scar,simple,sparse,stem,stigma,strongly,style,subshrub,surface,thin,tip,triangular,trichome,tube,uniseriate,vein,x	.5,1.2-1.5,1.5,3-4-pluri-foliate,3-4.5,3-6,6,6-7,abaxially,adaxially,age,becoming,berry,c.,cell,ciliate,color,crenate,crowded,eaf,edicel,eed,enlarged,erect,filament,fleshy,flower,free,fruiting,growing,heteromorphic,hollow,irregularly,lamina,lengthening,less,lon,long,longer,longest,lower,markedly,mature,maturit,mid-length,mixed,near,nflorescence,nodding,occasionally,pair,papillo,papillose,pericarp,pitted,plan,pore,portion,primary,pubescen,reflexed,ruit,shallowly,shortest,single,slender,slightly,slit,somewhat,spaced,sparsely,spreading,straight,testal,third,ud,unit,upper,upward,wall,widely,widest,woody,ympodial,–3	1.5-3,adhesion,arrangement,blade,bud,climate,colour,distance,form,growth,hair,height,history,length,life,midpoint,na,number,perennial,plant,position,presence,pubescence,ray,reproduction,rugulose,seed,shape,size,spacing,staman,stellate,stipe,texture
537	wfo-0001029751	success	158	120	91	67	29	0.576	.5,0.6–1.6,1,1.7,1.8–4,10–11,10–19,2.2–2.5,2.5–5,2–4-celled,2–5,3,3–9,8–9,9–18,anther,apex,attenuate,base,blade,broadly,calyx,capitate,celled,clavate,cm,compressed,corolla,covered,cuneate,deltoid,diam,diameter,eglandular,elongate,extra-axillary,fruit,geminate,glabrous,glandular,globose,globose-ellipsoid,hair,immature,inner,leaf,length,linear,linear-lanceolate,lobe,long,membranaceous,midpoint,mm,orbicular,outside,ovary,pedicel,peduncle,petiole,ray,ripe,sessile,shallow,short,shrub,simple,size,small,solitary,sometimes,spreading,stalked,stellate,stigma,style,subcordate,surface,tooth,triangular,trichome,truncate,unequal,variegated,white,whitish,wide,winged,yellow,±,×	1.2,1.3–2.6,12–14,1–2,1–3,2,2–3,4,4.5–6,5-merous,5–10,5–25-flowered,6,acicular,also,apical,armed,broad-based,central,di-,eaf,eed,enlarged,equal,geminat,gree,lanceolate,lateral,little,lon,longer,lower,midvein,moderately,needlelike,nflorescence,one,opening,pair,pedunculate,perfect,planar,pore,prickle,prickly,pubescent,recurved,ruit,scorpioid,short-stalked,shorter,smaller,somewhat,sparsely,straight,subtended,tal,tem,toward,trifoliate,twice,unarmed,unbranched,unit,upper,usually,ympodial	adhesion,arrangement,climate,colour,form,green,growth,height,history,inflorescence,life,margin,na,number,perennial,plant,position,presence,present,pubescence,reproduction,rugulose,seed,shape,staman,stem,stipe,texture,tube
538	wfo-0001029758	success	261	150	122	139	28	0.467	.2,.5,0.2,0.5–0.7,0.6–0.9,0.7–0.8,0.7–1.3,0.8–1.3,0.9–1.0,0.9–1.5,1.0–3.4,1.1–1.5,1.1–1.8,1.2–1.9,1.3–1.7,1.7–2.8,10.3–14.5,2.1–6.2,2.2–2.9,2.3–3.3,2.3–6.4,2.8–2.9,3.6,7.6,7–9,8.0–33.1,8–11,abaxially,acuminate,adaxially,adnate,aequilateral,anther,apex,appearing,arcuate,attachment,attenuate,base,black,blade,calyx,capitate,chartaceous,cm,cordate,corolla,dark,deltoid,densely,diameter,dry,entire,erect,evenly,extra-axillary,flattened-orbicular,flattened-reniform,flexed,flower,fruit,glabrous,globose,green,interpetalar,lateral,length,lobe,lobed,long,margin,markedly,mature,midpoint,mm,moderately,nearly,notched,observed,obtuse,occasionally,orbicular,oval,ovate,pedicel,peduncle,petalar,petiole,point,porrect,prostrate,pubescent,purple,ray,red-brown,reticulate,rounded,short-stipitate,shorter,shrub,simple,stellae,stellate,stem,stigma,stipe,style,sub-coriaceous,surface,tissue,toward,tube,unarmed,vein,well-developed,white,yellow,yellow-brown,yellow-ferruginous,young,±90°,×	.3,/4,0.4–1.2,0.8–1.1,0.9–1.2,1.2–1.4,1.8,1.9–2.6,1.9–2.7,1/3,1/4–1/3,2.8–4.2,3.1–3.8,3.2–3.5,3.5–4.8,4.1–6.3,4.3–4.8,4.3–6.2,4–6,5-merou,5.7–7.8,5.8,7–17,absent,ag,alyx,anthesi,apart,apical,apparently,appresse,arching,around,articulate,axe,ba,basal,bent,berry,broad,brochidodromous,bud,bulge,channeled,cream,curved,cylindrical,dentate,development,directed,directly,distal,distally,distinct,eaf,edge,eed,either,emerging,endocarp,equal,exocarp,extending,fertile,filament,filiform,free,geminat,glossy,gradually,gree,heterostylous,immature,increasing,intact,internode,intersepalar,juic,lanceolate,layer,least,lon,longer,lower,many,midrib,midvein,minute,nflorescence,often,opaque,orolla,ove,per,perforated,persistent,pore,portion,potentially,presumably,raised,remaining,ridge,rigid,row,ruit,short,side,sinus,sloughing,spaced,splitting,spread,spreading,stamen,stellate-pubescent,stipitate,straight,suture,tamen,tem,tetrafoliate,thin,though,tip,transparent,trifoliate,two,ud,unbranched,unit,various,vary,weakly,well,wide,ympodial,±a,¼	adhesion,arrangement,climate,colour,dioecious,form,growth,height,history,inflorescence,leaf,life,na,number,ovary,perennial,plant,position,presence,present,pubescence,reproduction,rugulose,seed,shape,size,staman,texture
539	wfo-0001029769	success	142	98	62	80	36	0.437	.25,.5,0.5-1.5,1-3,1.5-2.5,2.5-3,2.5-8,3.5-4,5-8,6-17,7-8,8.5-17,acuminate,acute,anther,apex,base,brown,calyx,capitate,cm,conical,corolla,cyathiform,dark,densely,dia,elliptic,fresh,glabrous,globose,green,hen,horizontally,internodal,leaf,lobed,margin,minutely,mm,nearly,opposite,ovary,ovoid-reniform,papillose,pedicel,petiole,pitted,poricidal,pubescent,shrub,smooth,somewhat,sparsely,stem,stigma,style,surface,tip,tube,white,x	1-1.2,1.5-2,30-60-flowered,4,4-5,8-9,abaxially,adaxially,along,anthesi,apar,ape,archin,ba,bark,bearing,berry,branch,brochidodromu,cerro,curl-tipped,deflexed,deltoid,eaf,edicel,eed,exserted,filament,filiform,flower,free,fruiting,golden,inglé,lateral,less,like,lobe,lon,long,lower,main,midrib,nflorescence,older,onto,pair,papillo,pore,portion,puberulent,reflexed,ried,ruit,scar,scattered,shaped,simple,spaced,straight,swollen,tall,tear-drop,three,time,trichome,tub,two,ud,unevenly,unifoliat,uniseriate,unit,vein,wide,widely,winged,woody,ympodial,young	arching,arrangement,blade,branching,climate,colour,diameter,form,fruit,glandular,growth,hair,height,history,inflorescence,length,life,midpoint,na,number,peduncle,perennial,plant,position,presence,pubescence,ray,reproduction,rugulose,seed,shape,size,stellate,stipe,texture,unifoliate
540	wfo-0001029771	success	196	116	87	109	29	0.444	.5,0-0.5,0.1-0.3,0.3-0.6,0.3-1,0.4-0.7,0.4-1.4,0.45-0.9,0.7-1.8,0.9-1,1-1.5,1-2,1.2-2.8,2-2.3,2-3,2.5-10,2.5-7,3-4,4-7,5.5-8,6-11,7-8,abaxially,absent,acute,anther,apex,base,blade,calyx,chartaceous,cm,connivent,cordate,densely,diameter,elliptic,entire,extra-axillary,flower,fruit,glabrous,gland-tipped,globose,grey,hair,inflorescence,lanceolate,lateral,leaf,length,lilac,lobe,long,margin,midpoint,mm,obtuse,ovate,pale,pedicel,peduncle,perennial,petiole,present,purple,ray,red,reniform,rhizomatous,rotate,rotate-stellate,scattered,short,shrub,simple,stellate-pubescent,stigma,style,surface,thick,throughout,time,tube,white,x,yellow	%,0-0.25,0-0.6,0-3,0-4,0-5,0.05-0.15,0.2-0.25,0.2-0.4,0.4-1,0.5-0.7,0.5-1.2,0.7-1.2,0.8-1.2,1,1-5,1-locular,1.8-3,15-35,2,2-3-foliate,4-,4.5-12,5-10,5-9,5-merou,7-10,absen,accrescent,across,adaxially,adult,alyx,apart,apparen,articulated,axe,ba,branch,capitat,contiguous,curved,cylindrical,deltate,directed,distall,distributed,dm,eaf,eed,eglandular,erect,exceeding,exocarp,filament,finger,fruiting,geminate,green,grey-green,incomplete,interpetalar,juicy,juvenile,lamina,lon,lower,mature,mesocarp,mid-point,minute,nearly,nflorescence,oblique,orolla,part,per,perfect,placenta,pore,porrect,prickle,pseudo-umbellate,pubescent,rachi,reticulate,ruit,septum,slightly,somewhat,spaced,stalk,stellae,straight,succulent,tal,tamen,tem,tissu,tissue,unarme,unarmed,unbranched,unit,upper,vary,wide,yellowish,ympodial	adhesion,arrangement,capitate,climate,colour,corolla,form,glandular,growth,height,history,life,na,number,ovary,plant,position,presence,pubescence,reproduction,rugulose,seed,shape,size,staman,stellate,stem,stipe,texture
541	wfo-0001029775	success	54	75	29	25	46	0.537	0.25-1.5,0.5-4,3-4,4-5.5,alveolate,base,brown,cm,diameter,flattened,glabrous,globose,light,margin,mm,orange,perennial,puberulent,sparsely,stigma,strongly,subshrub,surface,trichome,unbranched,unifoliate,vine,x,yellow	2-6,2-8,6-16,absen,aggregate,ecuador,eed,hollow,internode,long,prickle,recurve,ripe,robust,ruit,shin,straight,tal,tem,thickened,tone-cell,truncat,unit,wide,ympodial	adhesion,anther,apex,arrangement,blade,calyx,climate,colour,corolla,form,fruit,glandular,growth,hair,height,history,inflorescence,leaf,length,life,lobe,midpoint,na,number,ovary,pedicel,peduncle,petiole,plant,position,presence,pubescence,ray,reproduction,rugulose,seed,shape,size,staman,stellate,stem,stipe,style,texture,truncate,tube
542	wfo-0001029780	success	204	114	89	115	25	0.436	1-1.2,1-2,11-24,15-22,15-45,2-2.8,2-3.5,2-5.5,3,3.5-7.3,4-6,5.5-13,8-12,abaxially,absent,acute,adaxially,anther,apex,articulated,attenuate,axillary,base,bud,chartaceous,cm,connivent,cordate,corolla,cuneate,dark,densely,diameter,distal,fruit,glabrous,globose,green,greenish,hair,half,herb,high,interjected,invested,lanceolate,leaflet,length,like,lobe,membranous,minute,minutely,mm,non-glandular,obtuse,odd-pinnate,orbicular,ovate,ovoid,pair,pale,pedicel,peduncle,petiole,pinkish,plant,puberulent,pubescent,rarely,rotate,seed,short,size,stem,stigma,streak,stripe,style,subtending,terminal,trichome,truncate,tube,typically,white,whitish,x,yellow	1-10,1.4-1.9,1.5-2,120-210,2-12,2-2.5,2.4-4.2,20-60,3-6,4.5-6,5-7,5-merou,5.5,50-70,600-950,?,acumen,ag,along,alyx,apart,apparently,axe,berry,blade,borne,brownish,capitat,cell,ciliate,condition,covering,decumbent,digestion,dorsally,drying,eaf,edge,eed,end,enzyme,erec,especially,exceeding,except,filament,flat,flower,folded,forked,fresh,geminat,generally,glabrou,gland,glandular,greatly,green-white,hair-like,hal,head,homostylous,honeycomb-shaped,lateral,lengthening,living,long,longer,lower,make,margin,midrib,mucilaginous,nflorescence,often,orolla,perfect,petiolulate,petiolule,plurifoliate,pore,poricidal,proximal,reduced,removed,ripe,ruit,sessile,seudostipule,singly,slit,spaced,specimen,stamen,ste,stolo,straight,subequal,tall,tamen,tem,testal,tetralobulate,thick,throughout,tip,tri-,tuber,unit,unwinged,usually,vary,wall,wet,ympodial	adhesion,arrangement,calyx,capitate,colour,form,growth,height,history,inflorescence,leaf,life,na,ovary,perennial,position,presence,pseudostipule,pubescence,reproduction,rugulose,shape,staman,surface,texture
543	wfo-0001029784	success	237	114	84	153	30	0.354	-5,.1,.5,0.25-0.3,0.3-0.5,0.4-0.45,0.4-0.6,0.5-1.5,0.6-1,1-1.1,1-1.2,1-4,1.0-1.3,1.5-,1.7-2.6,2,2-,2-2.5,2/3,3-,3-5,5-14,5-8,abaxially,acuminate,acute,adaxially,anther,apex,base,brown,calyx,capitate,cm,corolla,crenate-serrate,dark,densely,diameter,elliptic,fruit,glabrous,glandular,globose,golden,green,herb,imparipinnate,inflorescence,interrupted,lanceolate,like,lobe,long,margin,mm,narrowly,obovate,occasionally,ovary,pale,pedicel,peduncle,pentagonal,perennial,petiole,plant,proximal,pubescence,pubescent,soft,sparsely,stem,stigma,stripe,style,surface,thick,truncate,tube,velvety,white,wide,yellow	-12,.2,0-4,0.1-,0.1-0.15,0.1-0.5,0.2,0.2-,0.2-0.3,0.2-0.5,0.3-0.35,0.3-0.4,0.3-1,0.4-,0.4-0.5,0.5,0.5-,0.7-1.2,0.9-1.2,1,1-,1-1.5,1-2,1-2-celled,1.2-2.5,1/3,2-3-celled,2-4,2-4.5,2-foliate,2-locular,2.5-3.5,5-10,abaxial,absent,abundant,adpressed,along,angled,anthesi,apical,appearance,appendage,arising,articulated,articulation,axi,basal,basicopically,beneath,berry,bract,broadly,cell,column,conical,crenation,decurrent,deeper,developed,distal,distributed,due,eaf,edicel,eed,eglandular,enclosing,entire,evenly,exserted,filament,flower,fruiting,giving,glabrescent,gree,hair-like,hal,half,halfway,head,included,interjected,internode,interspersed,irregularly,lamina,larger,lateral,leaflet,live,lon,long-acuminate,loosely,lower,markedly,maturing,mostly,multicellular,nflorescence,node,northern,often,orbicular,outgrowth,pair,paler,patent,petiolule,population,present,primary,pseudostipule,rarely,reflexed,ripe,robust,ruit,scattered,secondary,sessile,silky,simple,smaller,sometimes,somewhat,sparse,spreadin,staminal,sterile,stout,straight,strongly,tem,terminal,tertiary,testa,trailing,trichome,ud,undulate,unicellular,uniseriate,unit,unseriate,usually,vein,wall,winged,woody,x,ympodial	adhesion,arrangement,blade,climate,colour,dioecious,form,growth,hair,height,history,leaf,length,life,midpoint,na,number,position,presence,ray,reproduction,rugulose,seed,shape,size,staman,stellate,stipe,texture,ye
544	wfo-0001029785	success	223	133	109	114	24	0.489	0-2,0-3,0.1-0.5,0.3-2.2,0.4-4.9,0.8-1,1-1.2,1-2,1-5,1.2-3.2,1.5-3.6,1.8-3.5,10-26,2-4,3.5-5,3.8-7.2,5-16,5-9,8-11,abaxially,acute,adaxially,along,anther,apex,attenuate,axillary,base,broadly,brownish,bud,chartaceous,clavate,cm,commonly,condition,corolla,cuneate,dark,darker,denser,diameter,drying,especially,fresh,fruit,glabrous,globose,green,greenish,hair,herb,interjected,invested,lanceolate,leaf,leaflet,like,lobe,long,margin,medium,membranous,midrib,minutely,mm,mottled,multiple-celled,non-glandular,oblique,odd-pinnate,orbicular,outer,ovate,ovoid,pair,pedicel,peduncle,pentagonal,petiole,petiolule,plant,puberulent,pubescent,purple,ripe,rotate,rounded,seed,short,size,slightly,sparsely,stem,stigma,style,subglabrous,subtending,terminal,tube,typically,unbranched,unwinged,vein,violet,whitish,wide,x,yellow	1-10,1.8-7,3-4,3-6,3-8,4-10.5,5-merou,6,absent,acumen,ag,alyx,apart,apparently,articulation,axe,berry,blade,borne,capitat,cell,connivent,cordate,covering,decreasing,decumbent,digestion,distal,dorsally,eaf,edge,eed,elliptic,end,enzyme,erec,exceeding,filament,flat,flower,folded,forked,geminat,generally,glabrou,greatly,green-white,hair-like,half,homostylous,honeycomb-shaped,larger,lateral,lengthening,living,lower,make,markedly,middle,minute,much,mucilaginous,nflorescence,obovate,obtuse,one-quarte,orolla,pale,perfect,petiolulate,plurifoliate,point,pore,poricidal,present,purple-tinged,quite,rarely,removed,ruit,scale-like,sessile,seudostipule,shallowly,singly,slit,sometimes,spaced,specimen,stamen,ste,stolo,straight,stripe,tall,tamen,tem,testal,thick,throughout,tip,toward,tri-,truncate,tuber,unequal,unit,usually,variable,vary,wall,wet,white,ympodial	adhesion,arrangement,calyx,capitate,colour,form,growth,height,history,inflorescence,length,life,na,number,ovary,perennial,position,pubescence,reproduction,rugulose,shape,staman,surface,texture
545	wfo-0001029788	success	194	138	112	82	26	0.577	.7,0.7-2,1-10,1-2,1.2-2,1.5-2,12-15,2-2.5,2.4-5.5,25-30,3-4,3.5-6,4,4-5,4-6,5,5-13,6,6.5-7,7-21,abaxially,acuminate,adaxially,along,anther,apart,apex,articulated,attenuate,axillary,base,berry,brownish,bud,cell,chartaceous,ciliate,cm,condition,conical,corolla,covering,decreasing,densely,diameter,distal,drying,elliptic-lanceolate,especially,fresh,glabrous,gradually,green,green-white,greenish,hair-like,half,herb,increasing,lanceolate,lateral,leaf,leaflet,light,lobe,long,make,margin,middle,midrib,minute,minutely,mm,mottled,mucilaginous,narrow,odd-pinnate,ovoid,pair,pedicel,peduncle,petiole,plant,puberulent,pubescent,purple,ripe,rotate,seed,size,slightly,spaced,sparsely,stigma,style,subequal,subsessile,subtending,terminal,testal,thick,throughout,tip,toward,tube,violet,wall,wet,whitish,wide,x,yellow	.4,0-5,0.5,2-4,4.5-5,5-merou,absent,acumen,ag,alyx,asymmetrical,axe,basiscopic,blade,borne,c.,capitat,commonly,connivent,digestion,dorsally,eaf,edge,eed,elliptic,end,enzyme,equal,erec,filament,flat,flower,folded,forked,geminat,generally,glabrou,hal,homostylous,honeycomb-shaped,interjected,larger,lengthening,living,lon,lower,nflorescence,orbicular,orolla,petiolule,pilo,plurifoliate,pore,poricidal,ray,removed,ruit,secondary,semierect,sessile,seudostipule,side,singly,slit,specimen,stolo,straight,symmetrical,tall,tamen,tem,tissue,tri-,tuber,typically,unit,unwinged,usually,vary,white,wing,ympodial	adhesion,arrangement,calyx,capitate,colour,form,fruit,growth,height,history,inflorescence,length,life,na,ovary,perennial,position,pseudostipule,pubescence,reproduction,rugulose,shape,staman,stem,surface,texture
546	wfo-0001029789	success	167	109	82	85	27	0.491	0-2,0.2-0.5,0.5-2.8,1-2,1-3,1.8-6.5,12,2-6,2-6.5,2.7-4.7,3-8.5,4-10,5-7,6,7-16.6,7-21,8-9,abaxially,acuminate,acute,adaxially,anther,apex,axillary,base,blue,broadly,bud,chartaceous,clavate,cm,corolla,dark,decurrent,diameter,fruit,glabrous,green,herb,interjected,lanceolate,leaf,leaflet,light,lilac,linear,lobe,long-attenuate,lunate,membranous,minute,minutely,mm,narrowly,odd-pinnate,orbicular,ovary,ovate,pair,pedicel,peduncle,pentagonal,petiole,plant,pubescent,rarely,rotate,sessile,short,size,sparsely,stigma,style,subglabrous,subtending,terminal,tinged,tube,typically,white,x,yellow	0.8-3.5,1-10,1.5-2,1.7-8.5,2-25,2-3,3-5,4-13,5-merou,6-7,acumen,adaxiall,ag,alyx,apart,apparently,articulated,attenuate,axe,basiscopic,blade,capitat,connivent,decreasing,distal,dorsally,eaf,edge,eed,erec,exceeding,filament,flat,flower,folded,forked,formed,geminat,generally,greatly,hair,hal,half,homostylous,lant,lateral,lengthening,like,long,lower,maturing,mottled,never,nflorescence,orolla,perfect,petiolulate,plurifoliate,pore,poricidal,pubescen,purpl,rachi,seudostipule,side,simple,slightly,slit,spaced,stamen,star,ste,sterile,straight,subequal,tall,tamen,tem,tip,toward,tri-,unit,usually,vary,ympodial	adhesion,arrangement,calyx,capitate,colour,form,growth,height,history,inflorescence,length,life,na,number,perennial,position,pseudostipule,pubescence,purple,reproduction,rugulose,seed,shape,staman,stem,surface,texture
547	wfo-0001029810	success	149	118	92	57	26	0.617	.5,0.5-3,1-1.3,1-1.5,1-10,1-2,1-3,1.1-2.3,1.5-3,2-3,2.5-3,3-3.5,3-4,3-6,5-16,5-6,acuminate,acute,adaxially,along,anther,apex,apically,arachnoid,attenuate,base,berry,brown,calyx,capitate,cm,compact,compressed,conical,corolla,dark,dendritic,densely,dia,elliptic,filament,free,fruiting,glabrous,globose,green,inflorescence,internodal,leaf,like,lobed,long,margin,minutely,mm,narrowly,nearly,occasionally,opposite,ovary,ovoid-reniform,pale,papillose,pedicel,petiole,pitted,pointed,pore,poricidal,portion,pubescent,reddish-brown,rest,shaped,shining,shrub,size,small,sparsely,stem,stigma,style,surface,tan,tear-drop,tip,tree,trichome,tube,vein,white,wide	.25,0.5-1,2-5,4-10,5-15-flowered,8-12,abaxially,anthesi,ape,bark,closely,congested,deflexed,deltate,differing,difoliate,drying,eaf,edicel,eed,ellipsoid,exserted,fleshy,geminat,glabrou,large,later,lateral,lenticel,less,lobe,lon,lower,main,major,middle,minor,nflorescence,older,overlappin,papillo,planar,ruit,scar,simple,slender,spaced,tall,tapering,tub,ud,unit,widest,woody,yellowish,ympodial,young	0.25,0.5,adhesion,alternate,arrangement,blade,colour,diameter,form,fruit,growth,height,history,length,life,na,peduncle,perennial,plant,position,pubescence,reproduction,seed,shape,staman,texture
548	wfo-0001029811	success	225	101	74	151	27	0.329	-3,0-35,0.1-0.4,0.2-0.6,0.3-1,1.3-1.7,1.5-6,13-20,2-2.5,2.5-3,2.8-3.2,3-5.5,4-8,4.5-5,5-11,5-17,6-12,7-9,8-12,andromonoecious,anther,apex,base,berry,blade,brown,calyx,chartaceous,cm,connivent,cordate,dark,diameter,equal,flattened-reniform,fruit,glabrous,glandular,hair,herb,lateral,leaf,length,lobe,lobed,long,margin,maturity,mauve,midpoint,mm,moderately,narrow-deltate,obtuse,orange-brown,ovate,pedicel,peduncle,petiole,plant,ray,scandent,shrub,simple,spherical,stellate,stellate-pubescent,stem,style,surface,tapering,tube,wide,yellow	-6,-merous,.5,/3,0,0-30,0.1-0.3,0.2,0.3-1.5,0.5-2,0.8-1.5,1,1-1.5,1-2.5,1-3,1.5-2.5,1/,1/2-2/3,1/3,1/3-2/3,10-22,15-23,15-50,2-5,2-5.5,20-100,3-5,3-7,3.5-4.5,5,5-40,5-9,7-18,8-18,abaxial,abaxially,acicular,adaxial,alyx,apar,apart,apically,apparently,articulated,bark,broad-deltate,cell,cream,cuneate,densely,discolorous,distal,distance,drying,eaf,eed,elongate,elongating,erect,extending,eye,faint,fewer,filament,flattened,flower,free,fruiting,green,green-brow,hermaphrodite,heterostylous,inflated,infructescence,less,lobing,long-acuminat,long-styled,longer,lower,lowermost,marking,mature,midvein,minute,multangulate,naked,nflorescence,often,older,one,open,orolla,oung,outline,pair,pale,pendulous,per,pericarp,perpendicular,pit,plurifoliat,poricidal,porrect,portion,prickl,prickle,prickly,primary,raised,ruit,scar,secondary,sessile,short,short-styled,shorter,side,slightly,small,smooth,sometimes,spaced,sparsely,spreading,stalk,stalked,staminat,stout,straight,tamen,terete,tertiary,time,tip,trichome,unarmed,unbranched,unit,upper,usually,vary,vein,venation,visible,way,woody,yellow-green,ympodial,young	adhesion,arrangement,climate,colour,corolla,form,growth,height,history,inflorescence,life,na,number,ovary,position,presence,present,pubescence,reproduction,rugulose,seed,shape,size,staman,stigma,stipe,texture
549	wfo-0001029938	success	179	131	102	77	29	0.57	0.5,0.7-1,0.7-1.2,1,1-1.5,1-2.5,1-3,1-4,1.5-2,1.5-2.5,12,2-2.5,2.5-3,3-7,3/4,5,6-8,6-9,abaxially,acute,along,anther,anthesi,apex,appearing,base,becoming,berry,black,blade,bright,calyx,capitate,clavate,cm,conical,corolla,deltoid,dendritic,densely,diameter,drying,elliptic,entire,fine,flattened,free,fruit,glabrate,glabrous,globose,greenish,grey,growth,later,lateral,leaf,length,lenticular,lobe,long-triangular,margin,maturity,minutely,mm,narrowly,near,occasionally,ovary,pedicel,pericarp,petiole,pitted,planar,plane,plant,plurifoliate,poricidal,pubescent,red,reddish-brown,shrub,slit-like,small,somewhat,sparsely,stem,stigma,style,surface,terminal,thin,tip,tree,trichome,tube,upon,violet,way,white,winged,x	.5,0,1.2-1.5,1/2,10-20,12-15,4,8-10,absent,accrescent,adaxially,apical,ba,bark,basal,branching,broader,deciduous,deflexed,denser,dichasia,discussion,eaf,edicel,eed,elliptical,ew,exserted,filament,flower,fruiting,glabrou,growing,horizontal,inserted,larger,lon,long,lower,m.,monochasial,nflorescence,older,overtopping,pair,papillo,parallel,per,perhaps,pore,portion,prominent,pyramidal,raised,ruit,scar,secondary,see,shade,shoot,sleeve,soon,specimen,stamen,strongly,tall,tapering,time,tub,ud,unit,upper,vein,wide,woody,ympodial,young	adhesion,arrangement,climate,colour,form,glandular,hair,height,history,inflorescence,life,midpoint,na,number,peduncle,perennial,position,presence,pubescence,ray,reproduction,rugulose,seed,shape,size,staman,stellate,stipe,texture
550	wfo-0001029945	success	211	106	83	128	23	0.393	0-0.6,0.15-0.25,0.2-0.3,0.4-0.5,0.7-1.2,1.3-3.5,1.5-4,1.8-2.4,10-17,2.1-3.3,2.5-2.8,3-17,3-6,4-5.5,5-8,6-8,7-24,9-10,absent,acute,adaxially,anther,apex,attenuate,base,blade,broadly,calyx,chartaceous,cm,cordate,cylindrical,dark,deeply,densely,diameter,extra-axillary,flower,fruit,glabrous,gland-tipped,globose,green,grey,hair,inflorescence,lanceolate,leaf,length,lobe,lobed,long,margin,mm,obtuse,ovate,pale,pedicel,peduncle,perennial,petiole,plant,present,purple,ray,rhizomatous,rotate,shallowly,short,shrub,simple,sparsely,stellate,stellate-pubescent,stem,stigma,streak,style,triangular,tube,white,x,yellow	%,.05,0,0-0.3,0-0.5,0-1,0-10,0-2,0.35-0.45,0.4-0.7,0.5,0.8-1,1-1.3,1-1.5,1-3,1-8,1.2-1.6,1.4-2.7,1.7-4,15-24,17-26,2-30,2-4,2-5,2-locular,3-5,3-9,4-10,4-7,4-9,5-merou,5.5-17,6-10,6-7,7-14,7-9,9-24,abaxial,abaxially,absen,accrescent,acicular,across,adaxial,adaxiall,adult,alyx,andromonoecious,anvil-shape,apart,armed,articulated,ba,broad-based,connivent,cross-section,d.,directed,distall,distally,dult,eaf,eed,eglandular,erect,exocarp,filament,finger,fruiting,functional,geminate,half,heterostylous,hig,index,juicy,juvenile,lateral,less,lobing,lon,longer,lower,markedly,mature,mesocarp,mid-point,midpoint,midvein,minute,mixed,moist,nflorescence,oblique,orolla,pair,part,per,placenta,pore,porrect,prickle,pseudo-racemose,ruit,sessile,side,stalk,stalked,stellae,straight,surface,tamen,thick,thicker,throughout,time,transparent,truncat,unarmed,unbranched,unit,upper,vary,vein,weakly,wide,yellowish,ympodial	adhesion,arrangement,colour,corolla,form,glandular,growth,height,history,life,na,number,ovary,position,presence,pubescence,reproduction,seed,shape,size,staman,texture,truncate
551	wfo-0001029968	success	299	142	116	183	26	0.388	.25,/3,0.15,0.2-0.4,0.25,0.25-0.3,0.3-1,0.4,0.7-0.9,0.7-2,0.8-1.2,1-2.5,1.2-5.5,1.5-2.5,2-2.3,2-3,2.5-3.5,2.8-3,3-11,3-4,4-6,6-8,7-9,abaxially,acuminate,acute,adaxially,along,anther,apex,base,becoming,berry,black,branch,brown,calyx,capitate,chartaceous,clavate,clustered,cm,corolla,cuneate,cupular,dark,deltoid,densely,diameter,distributed,dry,entire,evenly,flattened-reniform,free,fruit,glabrous,gray,inflorescence,large,lateral,leaf,length,like,lobe,lobed,long,margin,mature,midpoint,mixture,mm,obconical,oblique,oblong,orange,orange-brown,outside,ovate,pale,pedicel,peduncle,petiole,present,pubescent,ray,regular,rounded,rounded-undulate,seed,shoot,shrub,simple,size,small,smooth,sparsely,spheroidal,stellate,stellate-pubescent,stem,stigma,strongly,style,surface,tapering,terminal,thin,tip,toward,trichome,tube,uneven,wrinkled,x,young	-2,-3,.2,.5,.7,0,0.1-0.25,0.3,0.3-0.4,0.4-0.6,0.5,0.7-1,0°,1,1-3,1.5,1.5-3,1/4-1/3,1/6-1/8,2.5-4,2.5-5.5,4,4-7,4-8,4-merou,absent,accrescent,acicular,adjacent,age,almost,alternate,alyx,anthesi,apart,apically,apparently,area,arising,armed,articulated,articulation,bark,basally,brachyblast,branched,branching,ca,canaliculate,central,cordate,covered,curved,dehiscence,detaching,development,dilated,discolorous,divided,drying,eaf,early,edge,eed,ellipsoi,elongating,equal,erect,except,extending,fasciculate,filament,filiform,finely,flat,flattened,flexuous,flower,forming,fruiting,glabrescent,grey-green,greyish,increasing,indumentum,inside,invisible,irregular,irregularly,large-leaved,leave,leaved,lengt,lengthening,less,line,lobing,looping,lower,m.,main,maturity,middle,midvein,minor,network,nflorescence,nther,obscured,obscurely,occasionally,often,opposite,orolla,ovoid,pair,paler,papillose,patch,pendulous,per,perfect,pericarp,pit,pitted,plurifoliat,pore,poricidal,porrect,portion,prickle,primary,prior,prominent,protruding,rachi,raised,red,reddish,reduced,remnant,ridged,ruit,scar,secondary,seemingly,seen,sessile,shiny,shorter,sinus,small-leaved,smoot,sometimes,somewhat,sparse,specimen,spreading,stalk,stalked,straight,stump,tearing,terete,tertiary,thicker,translucent,ud,unarme,unarmed,undulate,unit,usually,variable,vary,vein,venation,virtually,visible,white,wide,widening,ympodial	adhesion,arrangement,blade,climate,colour,form,glandular,growth,hair,height,history,life,na,number,ovary,perennial,plant,position,presence,pubescence,reproduction,rugulose,shape,staman,stipe,texture
552	wfo-0001029978	success	208	130	106	102	24	0.51	0.3-0.4,0.5-0.6,0.7-1.9,1-2,1.3-1.5,1.4-1.5,1.5-3.1,1.8-5,15-27,2-4,3-5,3-7,3.2-2.5,3.5-9.5,3.7-8.1,4-7,4.2-5.2,5,5-16.5,8-10,abaxially,acuminate,adaxially,anther,apex,attenuate,axillary,base,berry,brownish,bud,cell,chartaceous,clavate,cm,coarsely,condition,conical,corolla,diameter,drying,elliptic,exceeding,filament,finely,fresh,fruit,glabrous,green,greenish,hair,herb,honeycomb-shaped,interjected,lanceolate,lateral,leaf,leaflet,light,like,lobe,long,membranous,minute,minutely,mm,moniliform,mottled,mucilaginous,odd-pinnate,orbicular,ovate,ovoid,pedicel,peduncle,pentagonal,petiole,petiolule,plant,pore,poricidal,puberulent,pubescent,purple,ripe,rotate,seed,sessile,simple,size,sparsely,stamen,stem,stigma,style,subsessile,subtending,terminal,testal,tube,tuber,wet,whitish,wide,x,yellow	0.3-0.7,0.8,0.9-2.3,1-10,11-19,3.1-6.3,4-11,5-merou,acumen,ag,along,alyx,apart,apparently,arranged,articulated,asymmetrical,axe,basiscopic,bead,blade,capitat,ciliate,commonly,connivent,covering,dark,darker,decreasing,digestion,distal,dorsally,eaf,edge,eed,enzyme,erec,especially,flat,flower,folded,forked,fourt,geminat,generally,glabrou,gradually,green-white,hair-like,half,homostylous,larger,lengthening,less,living,lower,make,margin,medium,middle,midrib,multiple,narrow,necklace,nflorescence,orolla,pair,perfect,plurifoliate,pubescen,ray,removed,ruit,secondary,semierect,seudostipule,side,slightly,slit,spaced,specimen,ste,stolon,straight,subequal,symmetrical,tall,tamen,tem,thick,throughout,tip,tissue,toward,tri-,typically,unit,usually,vary,wall,wing,ympodial	adhesion,arrangement,calyx,capitate,colour,form,growth,height,history,inflorescence,length,life,na,ovary,perennial,position,pseudostipule,pubescence,reproduction,rugulose,shape,staman,surface,texture
553	wfo-0001029980	success	173	112	80	93	32	0.462	0.25-0.5,0.25-1,0.5-1.2,0.5-2.5,0.5-5,0.7-1.3,0.8-1.2,1-1.5,1.2-2.5,1.5-2,2-5,2/3,3-4,3-9,6.4-17,acute,anther,apex,base,bright,brown,calyx,cm,conical,corolla,dark,deflexed,deltoid,dia,elliptic,flattened-reniform,glabrous,globose,gray,green,greenish-white,leaf,lobe,lobed,long,margin,minutely,mm,opposite,ovary,ovate,pale,papillose,pedicel,petiole,pitted,plant,pore,poricidal,puberulent,rounded,shape,shaped,shiny,shrub,size,slender,slightly,small-capitate,stem,stigma,style,surface,tan,tapering,tear-drop,tip,trichome,tube,tuft,uniseriate,way,white,winged,x	.1,.5,0.1-0.25,0.5-1,0.9-4.5,1-1.7,1.5-6,2-6,5-10,5-50-flowered,abaxially,adaxially,anthesi,apar,appearing,appressed,axil,ba,bark,berry,black,bud,closely,curved,decurrent,density,differing,difoliate,dried,drying,eaf,edicel,eed,elevation,especially,exserted,filament,five,free,fruiting,geminat,greatly,high,impressed,incrassate,knob,lateral,live,lon,lower,main,major,material,middle,minor,near,nflorescence,node,often,older,one,onto,orbicular,overlapping,pair,paler,portion,prominent,proximal,race,reflexed,ruit,scar,side,simple,somewhat,soon,spaced,specimen,straight,tall,ud,unicellular,unit,varying,vein,venezuelan,whit,widest,woody,yellowish,ympodial,young	adhesion,arrangement,blade,climate,colour,diameter,form,fruit,glandular,growth,hair,height,history,inflorescence,length,life,midpoint,na,number,peduncle,perennial,position,presence,pubescence,ray,reproduction,rugulose,seed,staman,stellate,stipe,texture
554	wfo-0001029989	success	161	112	77	84	35	0.478	0.25-0.5,0.5-1,0.5-1.5,1-1.5,1-2.5,1-4,1.3-2.3,2.5-3,3-5,3-8,3.5-8,4-4.5,7-20,abaxially,acute,adaxially,anther,apex,base,broadly,calyx,capitate,cm,conical,corolla,deltoid,dendritic,densely,dia,difoliate,elliptic,flattened,glabrous,globose,golden,gray,green,greenish-black,incrassate,inflorescence,internodal,leaf,lenticular,lobe,lobed,long,margin,minutely,mm,nearly,occasionally,opposite,ovary,pedicel,petiole,pitted,poricidal,pubescence,pubescent,reddish-brown,shining,shrub,small,sparsely,stem,stigma,style,surface,tip,tree,tree-like,trichome,tube,unifoliate,white,wide,x	.2,.5,/2,1-2,1.5-2.5,10-14,5-10-flowered,5-6,abaxial,anthesi,bark,berry,branch,branched,brownish-re,central,closely,collection,congested,deflexed,dense,described,dimaeter,discussion,drying,due,eaf,edicel,eed,erect,exserted,filament,fleshy,free,fruiting,geminat,heteromorphic,inflorescenc,lamina,lateral,like,lon,lower,main,middle,nflorescence,nodding,northern,older,overlappin,pair,papillo,peru,peruvian,perú,petal,petaloid,planar,population,pore,portion,probably,reddish,rest,ruit,scar,scattered,see,shaped,short-style,simple,somewhat,spaced,tall,tear-drop,ud,unit,vein,way,widest,woody,yellow,ympodial,young	2.5-6,adhesion,arrangement,blade,brownish-red,climate,colour,diameter,form,fruit,glandular,growth,hair,height,history,length,life,midpoint,na,number,peduncle,perennial,plant,position,presence,ray,reproduction,rugulose,seed,shape,size,staman,stellate,stipe,texture
555	wfo-0001030000	success	155	119	82	73	37	0.529	-50,-7,0.5-,0.5-1,0.5-3,1-,1-10,1-2,1.5-,1.5-2,15-25,2-2.5,2-3,2.5-,2.5-3,2.5-3.5,25-30,3-16,3-4,3.5-5,4-4.5,4-5,abaxially,adaxially,also,apex,apiculate,base,calyx,chartaceous,cm,connivent,coriaceous,deltate,densely,dia,diameter,eglandular,ellipsoidal,flattened,fruit,glabrous,globose,green,hair,immature,lobe,long,margin,mature,mm,moderately,oblong,obtuse,occasionally,orange,pedicel,peduncle,pilose,puberulent,pubescent,purplish,rarely,shrub,small,sparsely,spotted,stellate,stigma,style,subcoriaceous,tinge,tip,tree,truncate,tube,unbranched,white,x,yellow,yellow-brown,yellowish	-4,-5,-pilose,0.5-14,1,10-,10-20,2-4,2-5,3-,30-50,4,4-foliat,7-15,absent,acute,aggregate,apart,ape,articulated,axe,biglandula,cell,ciliat,connective,conspicuous,creamy-whit,cucullate,dilated,directed,distally,eed,equal,exceeding,flower,laterally,leaving,lon,lower,narrowly,nflorescence,nther,orolla,ovoid,pedicellar,perfect,pore,produced,pubescen,rachi,radiu,remnant,ruit,scar,shorter,slightly,smal,spaced,stamen,stone,strongly,swelling,tal,tem,thecae,tomentose,triangular,ud,umbrella-shaped,unit,vary,wide,ympodial	adhesion,anther,arrangement,biglandular,blade,climate,colour,corolla,form,glandular,growth,height,history,inflorescence,leaf,length,life,midpoint,na,number,ovary,petiole,plant,position,presence,pubescence,ray,reproduction,rugulose,seed,shape,size,staman,stem,stipe,surface,texture
556	wfo-0001030000	success	178	123	87	91	36	0.489	-7,-pilose,0.5-,0.5-1,0.5-13,0.5-3,1-10,1-5,1.5-,15-25,2-,2-2.5,2-3,2.5-,2.5-3.5,3-,3-16,3-4,3.5-5,4-25,4-4.5,4-5,5-25,abaxially,acuminate,acute,adaxially,also,apex,apiculate,basal,base,blade,calyx,cm,cordate,deltate,densely,diameter,ellipsoidal,entire,flattened,fruit,glabrescent,glabrous,globose,green,hair,immature,lobe,margin,mature,mm,moderately,oblique,oblong,occasionally,often,orange,ovate,pedicel,peduncle,petiole,pilose,puberulent,purplish,shrub,simple,small,sparsely,spotted,stellate,stigma,style,subcoriaceous,tinge,tip,tree,truncate,tube,unbranched,vein,white,x,yellow,yellow-brown,yellowish	-2,-4,-5,-50,0.5-14,1,1-,1-1.5,1-2,1.5-2,10-,10-20,2-4,2-5,2.5-3,25-30,30-50,4,4-foliat,7-15,absent,aggregate,apart,ape,articulated,axe,biglandula,cell,chartaceous,ciliat,connective,connivent,conspicuous,coriaceous,creamy-whit,cucullate,dia,dilated,directed,distally,eaf,eed,eglandular,elliptic,equal,exceeding,flower,laterally,leaving,lon,long,lower,narrowly,nflorescence,nther,obtuse,orolla,ovoid,pedicellar,perfect,pilo,pore,produced,pubescen,pubescent,rachi,radiu,rarely,remnant,ruit,scar,shorter,slightly,smal,spaced,stamen,stone,strongly,swelling,tal,tem,thecae,time,tomentose,triangular,ud,umbrella-shaped,unit,vary,wide,ympodial	0.5-2.5,adhesion,anther,arrangement,biglandular,climate,colour,corolla,form,glandular,growth,height,history,inflorescence,leaf,length,life,midpoint,na,number,ovary,plant,position,presence,pubescence,ray,reproduction,rugulose,seed,shape,size,staman,stem,stipe,surface,texture
557	wfo-0001030004	success	177	105	86	91	19	0.486	0-1.5,0.2-1,1-1.5,1-2,1.2-2,1.5-2.5,2-20,3-3.5,3-4,3.5-5,4-15,5-25,9-30,abaxial,adaxially,along,anther,base,broadly,calyx,capitate,cm,conical,corolla,dendritic,dense,densely,dia,elliptic,flattened-reniform,glabrous,globose,green,hard,incrassate,inflorescence,later,lateral,leaf,like,lobed,long,loose,margin,minutely,mm,nearly,obovate,occasionally,ovary,pale,pedicel,petiole,pitted,plant,plurifoliate,pore,poricidal,prominent,pubescence,pubescent,rest,seed,shaped,shrub,small,sparsely,stem,stigma,style,surface,tan,tear-drop,terminal,tip,translucent,tree,trichome,tube,variously,vein,white,wide,woody,x,yellowish-green	.3,0-0.5,0.3-1,0.8-1.1,15,15-20,20-200-flowered,abaxially,across,acuminate,acute,always,anthesi,apar,apex,appearanc,axillary,barely,bark,basal,berry,blade,body,branched,branching,bushy,collection,cone,crotaloid,decurrent,deltate,denser,diamete,distal,drying,eaf,edicel,eed,erect,especially,exserted,filament,flat,fleshy,free,fruiting,giving,greenish-yello,juvenile,knob,lamina,large,lobe,lower,main,many,middle,much,nflorescence,obovoid,often,older,onto,pair,papillate,papillo,pericarp,planar,portion,possessing,ruit,scar,sessile,simple,spaced,stout,strongly,surpassing,tall,thick,thin,time,tub,tuft,ud,unevenly,widest,winged,yellowish,ympodia,young	arrangement,colour,diameter,form,fruit,greenish-yellow,growth,height,history,length,life,na,perennial,position,reproduction,rugulose,shape,size,texture
558	wfo-0001030007	success	168	119	94	74	25	0.56	.4,.5,0.1-0.5,0.2-1,0.5-1,0.8-1,1-1.5,1-15,1-2,1.6-2.2,15-20,2-4,3/4,4.5-5,7-10,7-9,acuminate,acute,along,anther,apart,apex,base,beneath,broadly,brown,bud,calyx,campanulate,clavate,cm,corolla,deltoid,densely,dia,dry,elliptic,filament,flattened,glabrous,globose,golden,golden-pubescent,green,leaf,live,lobe,lobed,long,margin,material,midrib,minutely,mm,oblique,onto,opposite,ovary,pale,papillose,pedicel,petiole,pitted,plant,poricidal,pubescent,raised,reniform,rest,scar,shorter,shrub,slightly,small,soft,sparsely,stem,stigma,straight,style,surface,thickened,tip,tree,trichome,tube,two,type,uniseriate,way,white,winged,x,young	.05,1.5-5,2-7,3-5,6-10-flowered,abrupt,anthesi,ba,bark,becoming,berry,branched,closely,cork,dark,decurrent,difoliate,edicel,eed,erect,exserted,fleshy,free,fruiting,geminateleaf,glabrate,gre,hooded,impressed,incrassate,inflorescenc,lateral,like,lon,longer,lower,main,major,middle,minor,nflorescence,obovoid,occasionally,older,one,outline,pair,papillo,planar,pore,portion,prominent,rounded,ruit,shaped,short,simple,slender,soon,spaced,specimen,tall,tapering,tear-drop,thick,trunk,tub,ud,unit,vein,widening,widest,woody,ympodial	arrangement,colour,corky,diameter,form,fruit,growth,height,history,inflorescence,length,life,na,peduncle,perennial,position,pubescence,reproduction,rugulose,seed,shape,size,spacing,straightnes,texture
559	wfo-0001030010	success	156	100	78	78	22	0.5	.75,/4,0.5-5,0.9-1.1,1-1.3,1-2,1.2-1.5,1.5-2,10-15,2-2.2,2-7,2.5,20-40,4-4.5,5-7,anther,area,base,beneath,brown,calyx,cm,corolla,cyathiform,dark,deciduous,decurrent,deflexed,deltate,dia,fruit,glabrous,globose,green,grey,leaf,lobe,lobed,midrib,minute,minutely,mm,near,nearly,obovate,occasionally,opposite,ovary,ovoid-reniform,papillose,pedicel,petiole,pitted,poricidal,puberulent,reddish,shrub,size,slightly,small,smooth,soon,stem,stigma,straight,style,surface,tiny,tip,tree,trichome,tube,uniseriate,way,white,winged,woody,x	.5,0.7-1,1-1.5,10-50-flowered,11-12,3-5,7-10,acuminate,acute,anthesi,apex,appearing,attenuate,bark,basal,berry,bud,closely,differing,difoliate,distal,dry,eaf,edicel,eed,ellipsoid,exserted,f,filament,fleshy,free,fruiting,furcate,geminat,glabrate,hooded,lateral,lon,long,lower,m.,main,major,margin,materia,material,middle,minor,nflorescence,often,older,one,orange,overlappin,pair,persistent,planar,pore,portion,prominent,rather,ruit,scar,shaped,shin,simple,spaced,styl,tall,tapering,tear-drop,trunk,ud,unit,vein,widest,ympodial,young	alternate,arrangement,colour,diameter,form,growth,height,history,inflorescence,length,life,na,perennial,plant,position,pubescence,reproduction,rugulose,seed,shape,shiny,texture
560	wfo-0001030023	success	171	137	100	71	37	0.585	0.5-1,1,1-,1-8,1.5-7,10-25,2,2-3,2.5-3.5,20-30,3-4.5,3-5,30-50+,4,4-10,4-12,5,5-16,5-6,6-26,6-7,7-9,abaxially,acute,adaxially,apart,apex,apiculate,articulated,basal,base,blade,calyx,ciliate,cm,cordate,cuneate,deeply,densely,denser,diameter,ellipsoidal,elliptic,entire,especially,except,finely,flattened,fleshy,fruit,glabrous,glandular-puberulent,globose,greenish-white,hair,leaving,lobe,long,main,margin,membranaceous,mm,moderately,narrowly,near,oblique,oblong,occasionally,often,ovate,pedicel,pedicellar,peduncle,peltiform,petiole,probably,puberulent,pubescence,pubescent,purplish-,remnant,short-acuminate,simple,spaced,sparsely,stellate,stigma,style,subcoriaceous,tip,tree,triangular,truncate,tube,unknown,vein,villous,x,yellowish,young	-,0-100+,1-2,1.5-2,10-,11-40+,12-18,13-20,4-foliat,5-,aggregate,ape,axe,beyond,branched,capitat,cell,color,connective,connivent,cylindrical,dilated,directed,distally,eaf,eed,exceeding,exserted,flower,forked,glandular-puberulen,highly,lanceolate,lon,loosely,lower,narrow,nflorescence,nther,obtuse,orolla,perfect,pore,presen,present,prominent,pubescen,pubescent-pilo,rachi,radiu,ripe,ruit,shorter,slightly,small,somewhat,stamen,stone,swelling,tal,tem,thecae,time,ud,unbranched,unit,unknow,usually,vary,wide,ympodial	adhesion,anther,arrangement,capitate,climate,colour,corolla,form,glandular,growth,height,hermaphroditic,history,inflorescence,leaf,length,life,midpoint,na,number,ovary,perennial,plant,position,presence,pubescent-pilose,ray,reproduction,rugulose,seed,shape,size,staman,stem,stipe,surface,texture
561	wfo-0001030032	success	250	95	75	175	20	0.3	0.2-0.5,0.25-0.4,0.5-0.6,0.5-0.7,1-1.3,1-1.5,11-20,13-35,2-3-locular,2-4,2-5,2-lobed,2.4-3.5,3.0-3.5,3.5-12,30,4.3-5.0,60-80,8-10,8-20,anther,bright,brown,calyx,capitate,cm,conical,corolla,deltate,densely,diameter,elliptic,free,fruit,golden,green,greenish-brown,imparipinnate,interrupted,irregularly,leaf,length,lobe,long,mm,oblanceolate,obovate,occasionally,orbicular,ovary,pale,pedicel,peduncle,petiole,pubescence,pubescent,rotate,rotate-stellate,seed,simple,somewhat,splitting,stem,stigma,style,surface,thick,trichome,tube,uniseriate,vine,white,wide,woody,yellow	+,.05,.5,0.1-0.4,0.1-0.5,0.2,0.2-0.3,0.4-1.5,0.5,0.5-1,0.5-1.5,0.5-2,0.6-1.1,0.7-0.8,0.8-1.0,0.8-1.1,1-2-celled,1-3,1-celled,1.5-2,1.5-2.5,2,2-10,2-3.5,2-60,3,3-5,4-5,4-6-celled,4-celled,5-plurifoliate,6-11,7-16,7.5-10,8-10-celled,abaxially,absent,abundant,acuminate,acute,adaxial,adaxially,along,also,anthesi,apex,apical,appearance,appendage,articulated,articulation,basal,basally,base,basiscopically,bent,border,branche,branched,breaking,cell,clambering,column,completely,conspicuou,dark,decurrent,densest,desne,dry,eaf,ebracteate,edicel,eed,entire,exserted,filament,flower,fruiting,give,glabrous,glandular,gree,hair-like,halfway,hea,head,herbarium,interjected,internode,lamina,large,larger,lateral,leaflet,leave,like,longest,lower,many,margin,markedly,middle,midvein,mixed,moderately,much,multicellular,nflorescence,node,oblique,often,older,onto,opposite,outgrowth,pair,paler,patent,petiolule,pithy,present,primary,pseudostipule,rachi,reflexed,rest,rough,round,ruit,secondary,set,shorter,silky,slightly,smaller,soft,sometimes,sparsely,sparser,specimen,spreading,stamen,staminal,sterile,straight,subopposite,swollen,tall,tangled,tem,terminal,tertiary,testa,thickened,time,tiny,tip,touch,transparent,truncate,ud,unicellular,unit,usually,vegetatio,vein,venation,wall,weaker-walled,well-developed,winged,ympodial,younger,½-3/4	adhesion,arrangement,colour,dense,form,growth,height,history,inflorescence,life,na,perennial,plant,position,reproduction,rugulose,shape,size,staman,texture
562	wfo-0001030048	success	156	121	87	69	34	0.558	0.5-1.5,1-1.5,1-2,1.2-2,1.3-1.6,1.5-7,2-3,2-5,3-3.5,3-5,4-15,4-4.5,5-8,abaxially,acute,adaxially,along,anther,apex,apically,arachnoid,base,bi-lobed,blue,broadly,calyx,clavate,cm,conical,corolla,decurrent,deltate,densely,dia,difoliate,elliptic,felt-like,glabrous,globose,green,greyish,internodal,leaf,lobe,lobed,long,main,margin,matted,minutely,mm,nearly,occasionally,onto,opposite,ovary,ovoid-reniform,pale,pedicel,petiole,pitted,pointed,pore,poricidal,pubescent,reddish-brown,shaped,shiny,shrub,small,somewhat,sparsely,stem,stigma,style,surface,tan,tear-drop,thickened,tip,tree,trichome,trifoliate,tube,vein,white,wide	.5,1.5-3.5,10-16,5-10-flowered,5973,abaxial,anthesi,ape,apparently,bark,becoming,berry,bi-colored,brown,closely,completely,covered,deflexed,drying,eaf,edicel,eed,ellipsoid,exserted,fide,filament,fleshy,four-angle,free,fruiting,geminat,glabrate,golden,impressed,inflorescenc,lamina,lateral,lightly,like,lon,lower,middle,nflorescence,older,overlappin,pair,papillo,papillose,planar,portion,prominent,rather,rest,ruit,scar,simple,solomon,spaced,strongly,tall,thick,tub,ud,unit,widest,woody,yellowish,ympodial,young	adhesion,arrangement,blade,climate,colour,diameter,form,fruit,glandular,growth,hair,height,history,inflorescence,length,life,midpoint,na,number,peduncle,plant,position,presence,pubescence,ray,reproduction,rugulose,seed,shape,size,staman,stellate,stipe,texture
563	wfo-0001030053	success	141	95	59	82	36	0.418	0.5,0.5-1,1-1.3,1-13,1.3-3.5,1.8-2,10-20,2-2.5,2.5-3,3.5-4,<,abruptly,acuminate,acute,apex,base,berry,brown,calyx,cm,coriaceous,corolla,cyathiform,decurrent,diameter,elliptic,entire,flattened,glabrous,greenish,growth,inflorescence,irregularly,lobe,lobed,margin,minutely,mm,pale,pedicel,peduncle,per,petiole,pitted,reniform,revolute,shallowly,simple,slightly,stem,surface,terminal,truncate,tube,vine,white,woody,x,yellowish	1.5-5.5,100,4-,5,5-merou,7-11,7-9,abscission,aiding,alyx,anthesi,apart,apical,apiculae,ark,around,articulated,bfeore,branch,branched,cell,climbin,completely,eaf,eed,exserted,far,fide,filiform,fine,flower,fragrant,frui,fruiting,hyaline,leaving,long,lower,many,mentz,near,new,nflorescence,nipple,older,orolla,pair,papilla,papillo,parallel,peg,pendant,perfect,plurifoliat,primary,rectangular,rim,scar,secondary,shin,shining,shiny,sleeve,small,spaced,spreadin,spreading,strongly,support,tem,testal,time,tiny,tip,turbinate,twining,ud,unit,usually,vein,venation,ympodial	4-11,adhesion,anther,arrangement,blade,climate,colour,form,fruit,glandular,hair,height,history,leaf,length,life,midpoint,na,number,ovary,plant,position,presence,pubescence,ray,reproduction,rugulose,seed,shape,size,staman,stellate,stigma,stipe,style,texture
564	wfo-0001030057	success	141	84	64	77	20	0.454	-2,2-3-celled,2-4,2-4.5,20-30,20-80,3.5-8,4-10,5.5-12,7-14,8-19,abaxially,adaxially,articulated,axillary,broadly,brownish,bud,chartaceous,cm,condition,diameter,distal,drying,elliptic,fresh,fruit,globose,green,green-white,greenish,hair,herb,high,leaf,leaflet,like,long,membranous,mm,mottled,mucilaginous,odd-pinnate,ovate,ovoid,pedicel,peduncle,petiole,plant,pubescent,purple,seed,short,size,sometimes,stem,subglabrous,suborbicular,subtending,terminal,throughout,wet,whitish,x	1-10,1-2,2-6,2.1-4.1,3-5,4.3-8.2,8,absent,acuminate,acute,apart,apex,apparently,axe,base,berry,blade,borne,cell,cordate,covering,cuneate,decreasing,digestion,eaf,eed,end,enzyme,erec,extremely,flower,forked,geminat,generally,glabrou,greatly,hair-like,half,honeycomb-shaped,interjected,larger,lateral,living,lunate,make,narrow,nflorescence,pair,perfect,petiolule,plurifoliate,removed,ruit,scale-like,seudostipule,singly,small,spaced,specimen,ste,stolo,tall,tem,testal,thick,thir,toward,tri-,truncate,tuber,typically,unit,unwinged,usually,wall,wing,ympodial	arrangement,colour,form,glabrous,growth,height,history,inflorescence,length,life,na,perennial,position,pubescence,reproduction,rugulose,shape,surface,texture,third
565	wfo-0001030057	success	197	129	105	92	24	0.533	-10,-2,.5-3.5,1-2,2-3-celled,2-4,2-4.5,2-6,2.1-4.1,20-30,20-80,3-5,4-10,4.3-8.2,5-6,7-14,8,8-19,abaxially,absent,acuminate,acute,adaxially,along,anther,apex,axillary,base,brownish,bud,chartaceous,ciliate,cm,condition,cordate,corolla,cuneate,diameter,drying,elliptic,especially,extremely,flower,forked,fresh,fruit,glabrous,globose,green,greenish,greenish-yellow,hair,herb,lanceolate,leaf,leaflet,like,linear,lobe,long,lunate,margin,membranous,middle,midrib,minutely,mm,mottled,odd-pinnate,ovate,ovate-lanceolate,ovoid,pedicel,peduncle,pentagonal,petal,petiole,petiolule,plant,puberulent,pubescent,purple,rotate,scale-like,seed,short,size,small,sometimes,star,stem,stigma,striped,style,subglabrous,subtending,terminal,tip,truncate,tube,usually,white,whitish,x,yellow	1-10,2-3,2-5,3.5-8,5-10,5-merou,5.5-12,acumen,ag,alyx,apart,apparently,articulated,axe,berry,blade,borne,broadly,cell,connivent,covering,decreasing,digestion,distal,dorsally,eaf,edge,eed,end,enzyme,erec,exceeding,filament,flat,folded,geminat,generally,glabrou,globo,greatly,green-white,hair-like,half,high,homostylous,honeycomb-shaped,interjected,larger,lateral,lengthening,living,lower,make,mucilaginous,narrow,nflorescence,orolla,pair,perfect,plurifoliate,pore,poricidal,removed,ruit,seudostipule,singly,slit,spaced,specimen,stamen,ste,stolo,straight,suborbicular,tall,tamen,tem,testal,thick,thir,throughout,toward,tri-,tuber,typically,unit,unwinged,vary,wall,wet,wing,ympodial	adhesion,arrangement,branching,calyx,colour,form,growth,height,history,inflorescence,length,life,na,ovary,perennial,position,pseudostipule,pubescence,reproduction,rugulose,shape,staman,surface,texture
566	wfo-0001030067	success	206	135	104	102	31	0.505	%,0-1,0-1.5,0.1-0.3,0.1-0.5,0.15-0.3,0.2-0.4,0.2-1,0.4-1.1,0.5-0.8,0.6-0.9,0.9-2.8,1-3,12-16,13-15,2-2.5,2-3,2.5-3.5,2.5-7,3-8,3.5-5.5,3.6-5.3,6-18,7-8,absent,adaxially,anther,apex,armed,basal,base,black,blade,broad,broadly,brown,calyx,chartaceous,cm,connivent,cordate,cylindrical,deltate,densely,depressed-globose,diameter,entire,extra-axillary,flower,fruit,glabrous,gland-tipped,globose,green,grey,hair,herbaceous,inflorescence,lamina,lateral,length,lobe,long,loosely,margin,mid-point,midpoint,mm,moderately,obscure,obtuse,orbicular,ovate,ovate-oblong,pedicel,peduncle,perennial,petiole,present,pseudo-racemose,purple,ray,recurved,resprouter,rhizomatous,rotate,shallow,short,shrub,simple,stellate-pubescent,stem,stigma,straight,style,thick,time,tube,unarmed,unbranched,undulate,white,x,yellow	.05,.5,0-0.1,0-0.2,0-0.7,0-2,0-30,0.1-0.25,0.2-0.35,0.3-0.4,0.3-0.8,0.5-13,0.7-1.3,0.8-1.4,1-6,1-7,10-16,2-foliate,4.5-6,5-merou,8-11,9-18,?,abaxially,absen,abundant,accrescent,acicular,adaxiall,alyx,apart,articulated,axe,ba,capitat,coating,decimetr,directed,distall,distinct,distributed,dult,eaf,eed,eglandular,equal,erect,filament,finger,frequently,fruiting,functional,geminat,half,homostylous,interpetalar,juic,less,longer,lower,mature,mesocarp,midvein,minute,moist,multiradiate,nflorescence,oblique,obscured,often,orolla,part,per,perfect,petal,pore,porrect,prickle,probably,pubescent,rachi,resinous,ruit,sessile,slightly,spaced,stage,stalk,stellae,tal,tamen,thickened,throughout,tip,tissue,triangular,unit,unknow,uvenile,vary,wide,ympodial	adhesion,arrangement,capitate,climate,colour,corolla,form,glandular,growth,height,history,leaf,life,na,number,ovary,plant,position,presence,pubescence,reproduction,rugulose,seed,shape,size,staman,stellate,stipe,surface,texture,unknown
567	wfo-0001030080	success	186	103	77	109	26	0.414	0.3-7,0.4-1.5,0.5-4,1.5-2,1.5-2.5,2-3,2-4,2.1-7.1,3-10,4-12,5-13.5,5-7,6.5-18.6,8-23,9.9-33,abaxially,adaxially,anther,articulated,axillary,brownish,bud,clavate,cm,condition,connivent,coriaceous,corolla,diameter,distal,dot,drying,elliptic,fresh,fruit,glabrous,green,greenish,half,herb,high,lanceolate,leaf,lobe,long,mm,moniliform,mottled,odd-pinnate,ovate,ovoid,pedicel,peduncle,petiole,plant,plurifoliate,purple,pyriform,seed,size,sometimes,stellate,stigma,style,subtending,terminal,throughout,tiny,tri-,tube,tuber,unit,white,whitish,winged,x,yellow	1-2,1-3,1.8-4.5,1999,3-5,3.3-7.7,4-7,5-merou,5.5-9.9,8-16,abaxiall,absent,acumen,acuminate,ag,along,alyx,apart,apex,apparently,arranged,axe,base,bead,berry,blade,capitat,ccording,cell,covering,cuneate,dark,decreasing,decurrent,digestion,dorsally,eaf,edge,eed,enzyme,erec,exceeding,filament,flat,flower,folded,forked,geminat,generally,glabrescent,glabrou,green-white,hair,hair-like,hal,homostylous,honeycomb-shaped,inconspicuous,interjected,larger,lateral,leaflet,lengthening,light,like,linear,living,lower,make,medium,mucilaginous,multiple,necklace,nflorescence,ochoa,onto,orolla,pair,perfect,pore,poricidal,rachi,removed,second,seudostipule,slightly,slit,spaced,specimen,stamen,stolon,straight,strongly,subequal,tall,tamen,tem,testal,thick,tip,toward,typically,unknown,usually,vary,wall,wet,width,ympodial	adhesion,arrangement,calyx,capitate,colour,form,growth,height,history,inflorescence,length,life,na,ovary,perennial,position,pseudostipule,pubescence,reproduction,rugulose,shape,staman,stem,surface,sympodial,texture
568	wfo-0001030081	success	157	98	63	94	35	0.401	.5,0.5-1,0.5-1.5,0.5-2.5,1-3,1-4,1.5,1.5-3,1.5-7,10-20,2-7,3-10,4-6,5-12,5-15,acute,anther,apex,base,blade,brown,calyx,chartaceous,ciliate,cm,densely,diameter,dm,drying,elliptic,elliptic-ovoid,entire,flower,fruit,glabrous,globose,hair,herb,immature,linear-lanceolate,lobe,margin,maturing,membranaceous,mm,moderately,oblong,obtuse,pedicel,peduncle,petiole,pubescent,rotate,rounded,semitransparent,sparsely,stigma,style,surface,tube,white,x,yellow	0.25-0.5,1,1-2,1-2-celled,1-5,10-35,1st,2-4,2-foliate,2nd,3-6,abaxially,absent,abundant,adaxiall,adaxially,along,apically,axe,berry,beyond,cell,center,connected,cordate,decurrent,dehiscing,denser,eaf,edge,eed,emarginat,equal,explosively,exserted,few-branched,filament,fine,flat,frui,geminat,geniculate,held,interpetalar,long,longer,lower,lying,maturit,mesocarp,nearly,nfloresence,notch,often,one,orolla,other,parallel,per,placenta,pointing,pressure,pubescen,rachi,radiating,raised,rarely,ridge,ruit,running,shallow,short,single-,slightly,small,sometimes,stamen,straight,swollen,tal,tamen,tem,tissue,triangular,two-celled,unbranched,unit,usually,vary,vein,watery,wid,woody,ympodial	adhesion,arrangement,climate,colour,corolla,form,glandular,growth,height,history,inflorescence,leaf,length,life,midpoint,na,number,ovary,perennial,plant,position,presence,pubescence,ray,reproduction,rugulose,seed,shape,size,staman,stellate,stem,stipe,texture,ye
569	wfo-0001030083	success	146	111	75	71	36	0.514	.5,0.25-0.5,0.5-1,0.5-2,0.8-1,0.8-3,1-1.5,1-2,1.5-3,10-30,2,3/4,4-15,4-6,acute,anther,apex,base,broadly,calyx,cm,corolla,cup-shaped,deeply,deltoid,dia,drying,elliptic,flower,fruit,glabrous,globose,green,greenish-white,internodal,leaf,lobe,lobed,long,long-acuminate,long-styled,membranous,minutely,mm,narrowly,opposite,ovary,ovate,ovoid-reniform,pale,papillose,pedicel,petiole,pitted,poricidal,red-papillose,shallowly,short-styled,shrub,slender,small-capitate,stem,stigma,style,surface,tan,tapering,thin,tip,translucent,tube,way,white,winged,x	.75,0.1,2-3,2-5-flowered,3-4,9-11,accrescent,anthesi,bark,beginning,berry,closely,dar,deciduous,decurrent,deflexed,dry,eaf,edicel,eed,elongate,exserted,fleshy,fruiting,greyish-re,hyaline,inflorescenc,lateral,lon,lower,main,middle,near,nflorescence,older,onto,overlapping,pair,paler,papillae,pore,prominent,proximal,raised,reddish-gold,reflexed,ruit,scar,shaped,simple,single-stemmed,slightly,somewhat,soon,spaced,specimen,straight,strongly,tall,tear-drop,terminal,thickened,tub,ud,unifoliat,unit,vein,widest,woody,ympodial,young	arrangement,blade,climate,colour,dark,diameter,form,glandular,greyish-red,growth,hair,height,history,inflorescence,length,life,margin,midpoint,na,number,peduncle,perennial,plant,position,presence,pubescence,ray,reproduction,rugulose,seed,shape,size,stellate,stipe,texture,unifoliate
570	wfo-0001030093	success	181	131	90	91	41	0.497	0.2-1,0.5-1.1,0.6-1.5,0.75-1,1-1.5,1-12,1-5,2-2.5,3-4,3.5-12,4-6,7-30,7-9,8-9,acuminate,acute,anther,apex,attenuate,bark,base,brownish-tan,calyx,campanulate,clavate,cm,corolla,cuneate,deflexed,deltoid,densely,dia,elliptic,except,fruiting,glabrous,globose,golden,green,greenish-white,growth,hirsutulous,lateral,leaf,lobe,lobed,main,margin,minutely,mm,narrowly,nearly,new,obovate,often,opposite,ovary,ovoid-reniform,pair,pale,paler,pedicel,petiole,pitted,plant,puberulent,pubescent,shaped,shiny,shrub,simple,size,slender,slightly,small,stem,stigma,style,surface,tapering,tear-drop,tree,trichome,tube,underside,uniseriate,vein,white,woody,x	.2,.5,0,0.1-0.3,0.2,0.2-0.5,1.3-4.5,2.5-11,5-50-flowered,5-8,anthesi,apar,becoming,beneath,berry,branched,case,closely,collection,commonly,continues,differing,difoliate,eaf,edicel,eed,ellipsoid,erect,especially,evenly,expanded,exserted,filament,flower,forest,free,furcate,geminat,greyish-brow,guyanese,hyaline,impressed,inundated,like,lon,long,long-styled,lower,major,many,member,middle,minor,nflorescence,occasionally,older,one,onto,open,orbicular,papillo,persisting,population,pore,poricidal,portion,present,quite,reflexed,remaining,ruit,scar,shoot,short-styled,soon,southern,spaced,straight,tall,terminal,thickened,time,tiny,tip,tub,ud,unit,widest,yellowish,ympodial,young	0.5,1.5-4,adhesion,apical,arrangement,blade,climate,colour,deflexion,diameter,dominance,form,fruit,glandular,greyish-brown,hair,height,history,inflorescence,length,life,midpoint,na,number,orientation,peduncle,perennial,position,presence,pubescence,ray,reproduction,rugulose,seed,serration,shape,staman,stellate,stipe,texture,venation
571	wfo-0001030115	success	192	131	102	90	29	0.531	-30,.2,.5,0.2,0.5,1-1.2,1.5-2,1.5-3,12,12-22,2.5-3,3,3-4,3.5-5,5-10,5-5.5,5-8,abaxially,acuminate,acute,anther,apex,base,berry,c.,calyx,cm,conical,cordate,corolla,dark,densely,diameter,echinoid,echinoid-stellate,elliptic,entire,flower,glabrescent,glandular,globose,green,growth,inflorescence,irregular,lanceolate-elliptic,leaf,like,linear,lobe,lobed,long,long-styled,long-triangular,margin,midpoint,minutely,mm,near,oblique,ovary,pale,papillate,pedicel,peduncle,pentagonal,petiole,poricidal,pubescent,purple,ray,reddish,scattered,shallowly,shiny,short-styled,shrub,simple,slightly,small,somewhat,sparsely,stellate,stem,stigma,style,surface,tapering,terminal,thin,tip,tree,trichome,truncate,tube,underside,undulate,violet,way,white,x,yellowish	-100,0.1,0.5-0.6,1,10,10-,30-60,4,7,9-11,<,>,adaxially,anthesi,apart,armed,bark,basal,basall,beneath,branched,broad-based,brow,closely,completely,curved,deep,discolorous,distant,drying,eaf,eed,ellipsoid,equalling,erect,exserted,filament,free,fruiting,glabrous,heterostylous,impressed,included,irregularl,know,known,lamina,later,lengthening,lower,many,new,nflorescence,obscured,obvious,occasionally,often,older,pair,papillo,pericarp,planar,plurifoliat,pore,portion,prickle,prickly,primary,prominent,ruit,scar,sessile,sinus,slit,spaced,splitting,stout,strongly,tearing,time,translucent,trichoem,ud,unarmed,unit,upper,usually,vein,ympodial,young	adhesion,arrangement,blade,brown,climate,colour,form,fruit,hair,height,history,length,life,na,number,papillose,plant,position,presence,pubescence,reproduction,rugulose,seed,shape,size,staman,stipe,texture,ye
572	wfo-0001030145	success	153	103	72	81	31	0.471	-3,0.2-2,0.3-,0.5-1,0.5-4,1,1-1.5,1-2,1-2.5,1-3,1.5,1.5-2,1.5-7,2-3,2.5-6.5,3-10,3-4,3-5,abaxially,adaxially,also,apex,base,calyx,campanulate,cm,color,compound,deltate,densely,diameter,ellipsoidal,elliptic-ovate,forked,fruit,glabrous,glandular,globose,hair,herb,leaf,lobe,long,margin,mm,moderately,narrowly,ovate-elliptic,pedicel,peduncle,petiole,pilose,puberulent,ripe,shrub,simple,slender,slightly,sparsely,stigma,style,subcoriaceous,ternately,toward,triangular,truncate,tube,unbranched,unknown,violet,x,yellow	-2,0.5,1-5,1.5-4.5,10-12,2-4,3,4-5,4-8,4-foliat,6-40,8-11,absent,acute,adpressed,aggregate,apart,ape,articulated,axe,basal,beyond,blade,cell,chartaceous,connective,cuneate,cylindrical,directed,distally,dunal,eaf,eed,elliptic,entire,exceeding,exserted,fide,fleshy,flower,lanceolate,larger,lateral,leaflet,leaving,less,lon,lower,near,nflorescence,nther,obtuse,orolla,pedicellar,pore,presen,puberulen,rachi,radiu,reddish,remnant,ruit,shorter,sinuate,somewhat,spaced,stamen,stone,subcordate,tal,tem,terminal,thecae,time,tomento,truncat,ud,unit,vary,wide,ympodial	anther,arrangement,colour,corolla,form,growth,height,history,inflorescence,length,life,na,number,ovary,perennial,plant,position,presence,present,pubescence,ray,reproduction,rugulose,seed,shape,size,stellate,stem,surface,texture,tomentose
573	wfo-0001030146	success	210	91	54	156	37	0.257	0.5,20,>,anther,bright,brown,calyx,capitate,cm,connivent,coriaceous,corolla,cup-shaped,densely,diameter,ellipsoidal,elliptic,flattened-reniform,globose,golden,green,growth,inflorescence,leaf,length,lobed,long,loosely,mm,narrowly,pedicel,peduncle,perfect,petiole,plant,pubescence,pubescent,ray,reddish,shiny,simple,small,stellate,stem,stigma,style,terminal,thin,tree,treelet,tube,white,wide,yellow	.1,.2,.5,0.2–0.4,0.5–1,0.6–0.7,0.6–2,0.9–1,1.2–1.5,1.5–2,16–20,1–1.1,1–1.5,2.5–9,20–30,2–5,3–4,3–6,40–50,4–30,4–4.5,5-merou,5–8,6.5–16,60+,6–7,8–15,9–9.5,abaxial,abaxially,absent,acuminate,acute,adaxial,ag,almost,along,alyx,anthesi,apar,apex,appearing,ark,articulated,axe,base,beig,beneath,berry,branched,branching,brownish,c.,cell,center,closely,covered,dark,deeply,deltate,dense,dichasia,discolorous,drying,eaf,echinoid,edge,eed,elongate,entire,erec,exserted,filament,flower,free,fresh,fruiting,fused,glabrous,gradually,halfway,ilament,impressed,lamina,layer,lengthening,less,like,lobe,lower,many,margin,midpoint,minutely,multangulate,narrowing,new,nflorescence,nodding,older,olive,orolla,pair,pale,papillose,part,peltate,per,pericarp,persistent,pitted,plurifoliate,pore,poricidal,portion,primary,projection,reflexed,regularly,revolute,rhachi,ripe,ruit,scar,scurfy,sessile,short-stalked,slit,spaced,sparsely,stout,strongly,subtended,surface,tall,tan,tangled,tem,testal,time,tiny,tip,trichome,ud,undersurface,unevenly,unit,upper,vary,varying,vein,visible,way,woody,ympodial,–18	0.2-0.4,0.6-0.7,0.6-2,0.9-1,1.2-1.5,1.5-2,18,2-5,2.5-9,20-30,3-4,3-6,5-8,6.5-16,8-15,9-9.5,adhesion,arrangement,colour,form,fruit,height,history,life,na,number,ovary,perennial,position,presence,present,reproduction,seed,shape,size,staman,texture
574	wfo-0001030147	success	158	118	84	74	34	0.532	0.5-2,1-5,1.0-2.0,10-19,14-35,15-30,2,2-10,2-10.5,2-13,2-3,2-5,2.5-7.5,4-5.5,4.5-10,5-8,8-38,abaxially,acuminate,adaxially,apex,apical,apically,base,blue,branched,calyx,cm,conical,connate,corolla,cuneate,cyme,deep,dehiscent,diameter,dichasial,dichasially,distal,elliptical,finely,flower,forked,green,green-white,half,herbaceous,honeycomb,interjected,introrse,leaf,leaflet,long,maturing,medium,mm,monochasial,narrowly,oblique,odd-pinnate,often,ovate,ovoid,pattern,pedicel,peduncle,perennial,perfect,petiole,petiolule,plant,poricidally,pubescent,purple,rotate,rounded,seed,short,size,slit,stigma,style,wide,yellow	-8,0-5,1-4,1.0-2.2,3-,3-6-foliat,4-3.,4.2-7.5,5-7,abaxiall,acumen,acute,articulate,attenuate,cell,covering,digestion,diminishing,dorsally,eaf,ebracteate,edge,eed,emoval,enzyme,exceeding,filament,flat,folded,generally,globo,gradually,hair-like,lateral,living,lobe,lon,long-attenuate,lower,lunat,make,mucilaginous,nflorescence,nther,obtuse,orolla,pair,plan,proximal,reveal,ruit,sessile,seudostipule,specimen,stamen,straight,subequal,subsessile,tal,tem,terminal,testal,thick,throughou,throughout,tip,toward,tuber-bearing,typically,unit,vary,wall,ympodial,¼	4-31,anther,arrangement,branching,colour,dehiscence,form,fruit,globose,growth,height,history,inflorescence,length,life,lunate,maturation,mucilaginousnes,na,number,ovary,position,pseudostipule,pubescence,reproduction,rugulose,shape,stem,surface,texture,true,tube,type,wet
575	wfo-0001030151	success	175	118	86	89	32	0.491	0.2-0.5,0.5-1,1-1.5,1-17,1-2,1-3,1.5-2.5,10-25,2-25,2-6,2-7-compound,3-14,3-5,3.5-32,4-5,5-6,6-9,abaxially,abundantly,acuminate,acute,adaxially,apex,apiculate,around,base,blade,blotch,calyx,chartaceous,cm,connate,cordate,cuneate,deltate,diameter,elliptic,entire,except,fruit,glabrate,glabrous,glandular,glandular-puberulent,globose,hair,leaf,lilac-tinged,line,lobe,longitudinal,margin,membranaceous,mm,narrowly,oblong,obovate,pedicel,peduncle,petiole,pinnately,presence,puberulent,pyriform,ring,sand-punctate,scattered,shallowly,short,simple,sometimes,stellate,stigma,stripe,style,surface,tip,tree,truncate,tube,unbranched,white,white-puberulent,x,yellow,yellow-green	-3,-50,0.3-0.5,0.5,1,1-5,1.5-2,10-20,15-35,2-11,2-3,20-30,4-foliat,?,absent,adaxial,aggregate,apart,ape,articulated,axe,basal,beyond,cell,channe,ciliat,compound,connective,cylindrical,decurrent,directed,distally,eaf,eed,eglandular,exceeding,exserted,flower,lanceolate,leaflet,leaving,less,lon,long,lower,near,nflorescence,nther,oblique,obtuse,often,orolla,pedicellar,perfect,pore,probably,purplish,rachi,radiu,remnant,ripe,ruit,sand-punctat,shorter,slender,slightly,small,somewhat,spaced,sparsely,stalked,stamen,stone,tal,tem,thecae,time,toward,triangular,truncat,ud,unit,unknow,vary,vein,veiny,whitish,wide,ympodial	adhesion,anther,arrangement,climate,colour,corolla,form,growth,height,history,inflorescence,length,life,midpoint,na,number,ovary,perennial,plant,position,pubescence,ray,reproduction,rugulose,seed,shape,size,staman,stem,stipe,texture,unknown
576	wfo-0001030153	success	147	113	80	67	33	0.544	.1,.2,/3,0.2-1,0.8-0.9,1-1.2,1-1.5,1-2,1-2.5,1.3-1.5,1.3-1.9,1.5-2,2-8,2-lobed,2.5-4,3-5,3.5-10.5,5-6,abaxially,acuminate,acute,adaxially,anther,anthesi,apex,apiculate,apparently,attenuate,base,berry,calyx,campanulate,clavate,cm,conical,corolla,dark,deltate,diameter,distinct,domatia,elliptic,entire,glabrous,globose,green,growth,internodal,lanceolate,lobe,lobed,margin,mm,narrowly,older,ovary,pedicel,peduncle,petiole,pit-like,poricidal,revolute,ripe,simple,slightly,small,stem,stigma,style,surface,terminal,tip,tree,treelet,tube,way,white,x,yellowish,young	0.8-1.3,1-10,3-4,3-50,6-8,absent,age,apart,ape,axil,bark,branched,brittle,broadly,caly,densely,dot,dry,eaf,ellipsoid,enlarged,erect,exerted,filament,flower,free,fruiting,glabrou,impressed,irregularly,known,lengthening,less,lower,markedly,membranous,minutely,new,nflorescence,nodding,occasionally,ot,pair,paler,papillat,papillate,perfect,plane,plurifoliat,pore,portion,primary,rachi,resinous,ruit,scar,slit,spaced,specimen,straight,strongly,thin,time,ud,unit,vein,ympodial	adhesion,arrangement,blade,climate,colour,form,fruit,glandular,hair,height,history,inflorescence,leaf,length,life,midpoint,na,number,perennial,plant,position,presence,pubescence,ray,reproduction,rugulose,seed,shape,size,staman,stellate,stipe,texture
577	wfo-0001030155	success	183	94	70	113	24	0.383	0,0.4,0.5,0.7,12–19,12–20,1–2,2,2.5-3,2–3,3.5,3–5,4,4–5,5–10,5–6,5–8,abaxially,anther,anthesi,armed,brown,calyx,campanulate,chartaceous,cm,corolla,deltate,diameter,equal,flattened,fruit,glabrous,globose,immature,imparipinnately,lateral,light,lobe,mature,midrib,minutely,mm,oblong,pedicel,peduncle,petiole,pinnatifid,pitted,plant,prickle,purple,recurved,size,spreading,stellate,stem,stigma,strongly,style,surface,tapering,terminal,tube,vine,white,yellow,×,–17,–27	0.2,0.5-0.6,0.5–1.2,1-1.2,1/2,2-4,2.5,2/3,2–,3,4–6,4–8,4–9,607,6–8,acuminate,acute,ag,alyx,apex,articulated,ba,basal,basally,base,becoming,berry,blade,branched,bud,cell,central,clustered,confluent,connecting,connivent,corresponding,decurrent,deeply,degree,densely,eaf,eed,ellipsoid,elongating,entire,et,exserted,filament,flower,fresh,glabrou,green,internode,knob,leaflet,lengthening,lobed,long,long-styled,lower,major,margin,middle,narrowly,nflorescence,often,orolla,outline,papillate,part,pericarp,petiolulate,plurifoliat,pore,poricidal,present,prominent,protuberant,rachi,rectangular,recurve,robust,rodriguez,rounde,rounded,ruit,side,slender,slit,soon,stout,straight,subwoody,tamen,terminally,testal,third,time,tip,tissue,truncat,ttriangular,tub,unit,vary,vein,way,wide,widest,wing,woody,ympodial	adhesion,arrangement,colour,form,growth,height,history,inflorescence,leaf,length,life,na,ovary,perennial,position,presence,pubescence,reproduction,rugulose,seed,shape,staman,texture,truncate
578	wfo-0001030160	success	177	130	103	74	27	0.582	.2,.5,.8,0.2,1,1-1.5,1-2,1-3,1-5,1.5-4.5,3,3-11,3-3.5,3-4,4-rayed,5-6,?,acuminate,acute,anther,apex,base,bluish-violet,calyx,cm,conical,coriaceous,corolla,densely,diameter,dioecious,dry,elliptic,elongate,entire,female,flower,fruit,glabrous,globose,growth,height,inflorescence,internodal,irregularly,like,lobe,lobed,long,long-triangular,male,margin,midpoint,minutely,mm,narrowly,near,nearly,oblique,occasionally,orange-red,ovary,pale,pedicel,peduncle,petiole,pitted,plant,prickle,pubescent,ray,red,reniform,scattered,several,shallow,shiny,short-stalked,shrub,simple,sometimes,sparsely,stellate,stem,stiff,stigma,strongly,style,surface,terete,terminating,thin,tip,triangular,trichome,truncate,tube,undulate-toothed,unknown,usually,winged,x,yellow	00,1.5-2,1030.,10300,2,2.5-3,7-10,8-9,absent,acicular,almost,amshoff,apart,apparently,armed,bark,beneath,berry,broad-based,bud,capitat,closely,completely,consisting,conspicuous,eaf,eed,ekman,exserted,fide,filament,flattened,flowered,forming,free,fruiting,glabrescen,m.,marginal,markedly,mere,midrib,minute,new,nflorescence,often,older,other,ower,pair,per,pericarp,plurifoliat,poricidal,portion,primary,prominent,ruit,scar,single,small,somewhat,spaced,stub,ti,tiny,ud,unisexual,unit,vein,vestigial,woody,ympodial,young	adhesion,arrangement,blade,capitate,climate,colour,form,glandular,hair,history,leaf,length,life,na,number,position,presence,present,pubescence,reproduction,rugulose,seed,shape,size,staman,stipe,texture
579	wfo-0001030161	success	179	105	76	103	29	0.425	0.1-0.2,0.2-0.5,0.2-1.3,0.4-0.8,0.5,0.8-1,1.1-1.3,1.5-2,1.5-5,2-2.5,2.5-3,3-15,3-3.5,4,4-5,8-9,9-10,acuminate,acute,anther,apex,base,calyx,clavate,cm,conical,coriaceous,corolla,densely,diameter,elliptic,entire,flattened,fruit,glabrous,globose,growth,internodal,leaf,lobe,lobed,long-triangular,margin,midpoint,mm,narrowly,nearly,occasionally,orange,ovary,pale,pedicel,peduncle,petiole,pubescent,ray,red,reddish,reniform,shiny,simple,slightly,sparsely,stellate,stem,stigma,style,surface,tapering,thick,treelet,tube,undulate-toothed,white,x,yellowish	.1,.2,.25,.5,0,0.1,0.5-0.6,1,12-16,2-3,4-20,5197,<,?,abaxially,adaxially,almost,anthesi,apar,apparently,articulated,bark,bearing,beneath,berry,breaking,broad-based,cell,curved,difoliate,eaf,eed,egger,ellipsoid,erect,especially,exserted,fide,filament,filiform,flower,free,fruiting,furcate,fused,geminat,glabrescent,impressed,irregularly,later,leave,lengthening,lepidote,like,long,looping,lower,marginal,midvein,minutely,near,new,nflorescence,older,outline,pair,papillo,per,perfect,pericarp,pitted,planar,pore,poricidal,porrect,portion,prickle,prickly,primary,prominent,rhomboid,ruit,scar,scattered,sessile,shorter,slit,small,somewhat,spaced,stalked,straight,strongly,testal,tip,tooth,trichome,tub,ud,unit,vein,woody,ympodial	adhesion,arrangement,blade,climate,colour,form,glandular,hair,height,history,inflorescence,length,life,na,number,perennial,plant,position,presence,pubescence,reproduction,rugulose,seed,shape,size,staman,stipe,texture,ye
580	wfo-0001030167	success	141	99	63	78	36	0.447	.9,0.1–0.2,0.5–0.6,0.5–0.7,0.6,0.7–1.2,0.8–1,1.5–2,1.5–7,14–19,15–20,1–1.5,2–4.5,4.5–8,4–10,4–4.5,8–10,abaxially,acuminate,adaxially,anther,apex,base,blade,calyx,chartaceous,cm,diameter,entire,extra-axillary,flattened,flower,fruit,glabrous,green,herbaceous,lanceolate,lobe,margin,membranaceous,mm,near,obtuse,ovate,ovoid,pedicel,peduncle,petal,petiole,pointed,rounded,simple,somewhat,stellate,stigma,style,thinly,tip,tube,vine,weakly,white,x	.8,0.6–0.8,1.2–2.5,12,17–58,1–1.2,2–3,4–5,4–7,5-merous,accrescent,acute,along,alyx,apar,apically,axe,berry,branch,c.,ciliat,ciliate,clavate,climbing,contiguously,densely,eaf,eed,enlarged,fertile,filament,fruiting,gap,glabrou,immature,less,long,lower,m.,maturity,membranous,minutely,moderately,nearly,nflorescence,nternode,orolla,pair,penden,perfec,pinnate,plurifoliat,rachi,reflexed,ruit,sand-punctate,scar,secondary,seen,slender,slightly,spaced,sparsely,subequal,symmetrical,tamen,tem,time,truncat,unbranched,unit,unknown,vary,vegetation,vein,venation,wide,ympodial	adhesion,arrangement,climate,colour,corolla,form,glandular,growth,hair,height,history,inflorescence,leaf,length,life,midpoint,na,number,ovary,perfect,plant,position,presence,pubescence,ray,reproduction,rugulose,seed,shape,size,staman,stem,stipe,surface,texture,truncate
581	wfo-0001030170	success	230	112	71	159	41	0.309	0,1,2,8.5,abaxially,acute,anther,apex,around,base,blade,blue,calyx,cm,connivent,cordate,densely,diameter,extra-axillary,flattened,flower,fruit,glabrous,gland-tipped,glandular,glandular-puberulent,globose,hair,lanceolate,leaf,less,lobe,margin,maturity,minutely,mm,nearly,oblong-apiculate,obtuse,orbicular,pair,pedicel,peduncle,perennial,petiole,puberulent,pubescence,rarely,ray,reniform,shrub,similar,simple,size,smooth,stellate,stem,stigma,stipitate-glandular,style,subdeltoid,surface,thin-textured,triangular,truncate,tube,violet,white,x,yellow,yellowish	-6,.2,/2,0.1,0.15–0.35,0.2–0.5,0.2–2,0.5–15,0.5–2,0–30,1.5,10–15,12.5,15–20,1–2-celled,1–2.5,1–4.5,2-foliate,2.5–3,20–25,20–30,2–3-celled,2–4,2–5,2–8,3,3.5–4,3.5–4.4,3–10,4,4–13-rayed,4–22,5,5–10,5–12,5–15,5–apiculate,absent,accrescent,acicular,adaxially,also,apart,appearing,articulated,axe,ba,bud,capitat,coarse,confined,conspicuously,curved,cylindrical,directed,disappearing,distall,eaf,eed,enlarged,entire,erect,eventually,falling,fertile,few-branched,few-rayed,filament,flexuous,frui,fruiting,geminat,geminate,gland,ground,horizontal,hyaline,interpetalar,larger,like,lobed,lon,long,longer,longest,lower,lowest,major,male,many,mesocarp,minute,mostly,multangulate,near,nflorescence,numerous,oblique,often,one,orolla,perfect,pore,prickle,pubescent,rachi,ranging,rare,reflexed,rootstock,ruit,scarcely,scattered,senescent,sessile,shallow,short-puberulent,shorter,single,slightly,small,solitary,sometimes,somewhat,spaced,spongy,spreading,stella,stellae,sterile,stiffly,stipitate,stout,straight,strongly,surfac,tall,tamen,tem,thic,thick,tissue,tooth,toward,twice,ultimately,unbranched,unit,upper,usually,various,vary,vein,vestigial,way,wide,without,ympodial,–4	-4,0.15-0.35,0.2-0.5,0.2-2,10-15,2-4,2-5,2-8,2.5-3,3.5-4,3.5-4.4,5-12,5-15,adhesion,arrangement,capitate,climate,colour,corolla,form,growth,height,history,inflorescence,length,life,midpoint,na,number,ovary,plant,position,presence,present,reproduction,rugulose,seed,shape,staman,stipe,texture
582	wfo-0001030176	success	171	109	73	98	36	0.427	.2,.7,0.5-2,0.6-0.9,0.7-1.4,0.7–0.8,1.2,1.2-2.5,1.5-2,1.6,2.25-3.25,2.5–7.5,2.5–9,3-5,3-lobed,6-8,6–8,acute,anther,apex,attenuate,base,bilobed,blade,broadly,calyx,chartaceous,ciliate,cm,contact,depressed-globose,diameter,especially,extra-axillary,flattened-reniform,flower,fruit,glabrous,hair,herb,hermaphroditic,lanceolate-oblong,light,lobe,long,margin,mm,nearly,oblong,ovate,pale,pedicel,peduncle,petiole,plant,pubescent,rarely,ripe,rotate-stellate,simple,slightly,soil,sometimes,sparsely,stigma,style,tube,violet,white,x,yellow,yellow-orange,young	-1.4,-4.25,-6.25,.75-1.5,0.4-1.5,0.5,1,1-2,1-5,1.5-2.5,1/3,1/6,2-3,2-foliate,2.5,2–3,3.75-5,4-9,5-merou,abaxially,accrescent,adaxiall,adaxially,alyx,angulate,apart,apparently,articulated,asymmetrically,axe,ba,basal,berry,bi-lobed,branch,broad,capitat,connivent,covering,cylindrical,decumbent,dehiscent,downward,eaf,eed,erec,few-branched,filament,forming,fruiting,geminat,hold,interlobal,juic,lance-ovate,lateral,line,lon,longitudinall,lower,major,mesocarp,midrib,minutely,near,nflorescence,node,numerous,often,orolla,partially,patch,perfect,pore,prostrate,rachi,recurve,recurved,rooting,round,ruit,sinus,somewhat,spaced,tamen,tem,terminal,time,tip,triangular,unbranched,unit,vary,vein,white-puberulent,wide,winged,ympodial	0.75-1.5,adhesion,arrangement,capitate,climate,colour,corolla,form,glandular,growth,height,history,inflorescence,leaf,length,life,midpoint,na,number,ovary,perennial,position,presence,pubescence,ray,reproduction,rugulose,seed,shape,size,staman,stellate,stem,stipe,surface,texture
583	wfo-0001030180	success	135	77	49	86	28	0.363	.75,0.5-1,0.8-2,0.9-1.8,1-1.5,1.1-1.2,3-8,4.5-5,6,8.5-23,abruptly,anther,calyx,clavate,cm,corolla,dark,deltoid,fruit,glabrous,globose,green,height,leaf,linear,lobe,lobed,minutely,mm,narrowing,opposite,ovary,papillose,pedicel,petiole,poricidal,puberulent,shrub,sparsely,stem,stigma,style,surface,tube,unknown,white,widely,winged,x	.1,.5,0.05-1,10-30-flowered,3-4,8-10,?,accrescent,anthesi,apart,apex,apiculate,appearing,attenuate,bark,base,becoming,berry,clu,decurrent,deflexe,dia,eaf,edicel,eed,ellipsoid,erect,exserted,filament,free,fruiting,furcate,glabrate,immature,inflorescenc,interpetalar,known,lateral,lenticellat,lon,long,long-acuminate,lower,main,middle,minute,nearly,nflorescence,occasionally,older,overlapping,pair,papillate,peduncl,planar,plurifoliat,pore,portion,prominent,proximal,raised,rounded,ruit,scar,shaped,sinus,slender,slightly,soon,spaced,straight,tear-drop,terminal,thin,tip,trichome,ud,unevenly,uniseriate,unit,vein,widest,woody,yellowish,ympodial,young	adhesion,arrangement,colour,diameter,form,growth,history,inflorescence,length,life,na,number,peduncle,plant,plurifoliate,position,presence,present,pubescence,ray,reproduction,rugulose,seed,shape,size,staman,stellate,texture
584	wfo-0001030182	success	205	121	95	110	26	0.463	-12,0.2-0.3,0.5-1,1-4.5,1.2-1.5,12-15,15-20,2-2.2,2-3,2-5,2.4-2.5,3-12,3-4,3-5,3-8,4-10,abaxially,acute,angulate-lobed,anther,apex,basal,base,berry,blue,brown,brownish,calyx,clavate-truncate,cm,coriaceous,corolla,diameter,elliptic,entire,flattened,fruit,glandular,globose,green,growth,heterostylous,hirsute,immature,internodal,leaf,linear-lanceolate,lobe,margin,midpoint,mixed,mm,oblique,obtuse,ovary,ovate,ovate-elliptic,papillose,pedicel,peduncle,petiole,plant,pubescence,pubescent,ray,red,reddish,repand,ripe,rounded,rusty,shrub,simple,sparsely,stellate,stellate-glandular,stem,stigma,style,subcoriaceous,subreniform,surface,tapering,terminal,tomentose,treelet,triangular-lanceolate,trichome,tube,variegated,velutinous,violet,x,yellowish,¼	0.3-0.5,1,1-1.5,1-1.7,1-celle,1-celled,1-multicellular,1-nerved,1.5-2,1/4,2-15,2-8,4-5,accrescent,adaxially,adult,anthesi,armed,articulated,asymmetric,bark,branched,cell,closely,dark,den,discolorous,distal,e,eaf,eed,eglandular,erect,evident,exserted,ferruginous-tomentose,filament,finely,flower,free,fruiting,glabrescent,juvenile,later,lengthening,like,lobed,long,long-styled,lower,many,microscope,midrib,minute,minutely,mixture,multangulat,multicellular,nearly,new,nflorescence,older,one,ovoid,papillo,per,perfect,pericarp,plurifoliat,pore,poricidal,porrect,porrect-,porrect-stellate,portion,prickle,prickly,recurved,reduced,reflexed,reticulate,ruit,scar,seen,sessile,short,short-styled,similar,slightly,slit,space,sparse,stalked,staminate,strongly,subsessile,tall,testa,tip,tub,turbinate,ud,unarmed,uniseriate,unit,upper,vein,wood,yellow,ympodial	adhesion,arrangement,blade,climate,colour,form,hair,height,history,inflorescence,length,life,na,number,perennial,position,presence,present,reproduction,rugulose,seed,shape,size,staman,stipe,texture
585	wfo-0001030185	success	206	116	89	117	27	0.432	-0.5-1.3,0.2,1,1-10,1.0-1.3,1.7,10,15,2-3,2.0-3.0,21,25,3.5-4.2,35,5-7,5-lobed,8-11,9-18,acumen,apiculate,beyond,blue,blue-violet,calyx,caudate,center,clasping,cm,commonly,connate,corolla,dark,darker,deep,densely,diameter,distal,elliptic,forked,glabrous,glandular-pubescent,globose,green,green-white,hair,half,herbaceous,lanceolate,light,lobe,long,medium,middle,mm,moderately,narrowly,oblong,occasional,odd-pinnate,ovate,ovoid,pedicel,peduncle,pentagonal,perennial,plant,puberulent,purple,rhizomatous,rotate,rotate-,scarcely,seed,semi-lunate,shape,size,sometimes,spot,star,stem,stigma,style,symmetrically,tinged,violet,white,wide,without,yellow	1-4,1-8,1.5-4,2,20-65,3-6-foliat,4,4-7,5-10,abaxially,acuminate,acute,adaxially,angular,apex,apical,apically,articulate,b,ba,basal,base,becoming,branched,cell,cente,coat,collection,color,cordate,covering,cuneate,cyme,decreasing,dehiscent,dichasial,dichasially,digestion,eaf,ebracteate,eed,embryo,emoval,enzyme,erect,exceeding,filament,flower,formed,generally,glabrescent,gland,globo,hair-like,honeycomb,interjected,introrse,lateral,leaflet,living,lon,lower,make,maturing,monochasial,mucilaginous,nearly,nflorescence,nther,obliquely,often,one,orolla,pair,pattern,perfect,petiolate,petiolulate,petiolule,poricidally,purpl,radiating,rare,reduced,reveal,rhizome,rounded,ruit,sessile,seudostipule,short,slightly,slit,somewhat,specimen,stamen,ste,straight,subequal,tem,terete,terminal,testal,thick,tip,trailing,type,typically,unbranched,unit,usually,vary,visible,wall,wid,wider,ympodial	anther,arrangement,colour,form,fruit,glandular,growth,height,history,inflorescence,leaf,length,life,na,ovary,petiole,position,presence,present,pseudostipule,pubescence,reproduction,rugulose,surface,texture,tube,width
586	wfo-0001030189	success	188	119	88	100	31	0.468	-4,0-1,0.1-0.2,0.2-0.3,0.5-1.6,0.9-1.1,1,1-1.5,1.1-2.7,1.3-4.2,1.5-5,1/3,2-5.5,2.5-4,3.2-4.5,4-5.5,5-10,5-6,6-12,8,abaxially,anther,apex,base,blade,calyx,chartaceous,cm,cordate,densely,diameter,dull,elliptic,entire,equal,evenly,flattened-reniform,fruit,glabrescent,glabrous,gland-tipped,gray,green,lateral,leaf,length,lobe,lobed,long,lower,margin,maturity,mauve,midpoint,mm,moderately,oblong,obtuse,often,orange,ovate,pedicel,peduncle,petiole,poricidal,purple,ray,red,rounded,scandent,shrub,simple,sometimes,sparsely,spherical,stellate,stellate-pubescent,stem,style,surface,tapering,terminal,tip,tube,upper,wide,yellow,young	-1/2,.2,/3,0-15,0-30,0.1,0.2-0.5,1-2,1-3-cellular,1-4-cellula,1-4-cellular,1.5-2,1.5-4.5,1/,1/6-1/3,2,2-3,3-4,4-13,5-,5-merous,6-10,8-10,8-18,acut,alyx,apar,apically,apparently,appressed,articulated,bark,berry,branched,concolorous,connivent,curved,deltate,drying,eaf,eed,elongating,erect,faint,filament,flower,foliaceous,free,frui,fruiting,glabrescen,infructescence,longer,mature,nflorescence,older,one,open,orolla,oung,pair,per,perfec,pericarp,plurifoliat,porrect,portion,primary,recurved,red-brow,reflexed,ruit,scar,sessile,shorter,slender,smooth,somewhat,spaced,spreading,stalk,stalked,strongly,tamen,terete,tertiary,time,trichome,unarme,unarmed,unit,variously,vary,vein,venation,visible,way,woody,yellow-green,ympodial	1/4,adhesion,arrangement,climate,colour,corolla,form,glandular,growth,hair,height,history,inflorescence,life,na,number,ovary,perfect,plant,position,presence,pubescence,red-brown,reproduction,rugulose,seed,shape,size,staman,stipe,texture
587	wfo-0001030195	success	255	107	62	193	45	0.243	2,acuminate,adnate,anther,apex,apiculate,base,blade,brown,calyx,capitate,chartaceous,cm,corolla,cuneate,densely,diameter,entire,flattened-orbicular,fruit,glabrous,glandular,globose,green,hair,lateral,leaf,lobe,long,margin,midpoint,mm,moderately,notched,oblong,obtuse,ovate,pedicel,petiole,pubescent,ray,red,reddish,rounded,shoot,short,shot,shrub,simple,spatulate,stellate,stellate-pubescent,stem,stigma,style,subcoriaceous,surface,terminal,tube,white,yellow,yellow-tan	.2,.3,.5,.6,.7,/3,0.1–0.2,0.2–0.3,0.2–0.5,0.2–1.0,0.3–0.7,0.5,0.5–0.6,0.5–1.3,0.5–4.0,0.7–1.0,0.8,0.8–0.9,0.9–4.8,1,1.0,1.0–1.4,1.0–1.5,1.2–1.6,1.3–1.5,1.3–2.6,1.4–1.6,1.5–1.7,1.5–1.9,1.7–2.2,1.7–3.2,1.8–2.0,1.8–2.5,1/3,2.2–2.7,2.3,3.8–4.8,3–6,3–7.3,4-merou,4.9–7.0,5.5–6.5,6.3–7.7,6–8,6–9,abaxially,adaxial,adaxially,aequilateral,ag,along,alyx,anthesi,apical,apparently,appearing,appresse,around,articulate,attachment,attenuate,ba,bark,based,berry,borne,broad,broad-based,brochidodromous,bud,channeled,connivent,dark,deltate,dentate,developed,directed,distal,distally,distinct,dry,eaf,edge,eed,either,elliptic,emerging,endocarp,evenly,exocarp,extending,extra-axillary,fertile,filament,filiform,flat,flattened-irregular,flexed,flower,free,glossy,gradually,gree,homostylous,hort,immature,increasing,indistinct,individually,intact,internode,interpetalar,intersepalar,isolated,juic,layer,laying,light,lon,longer,lower,m.,many,markedly,mature,middle,midrib,midvein,minute,mottled,narrowly,nearly,nflorescence,nodding,oblique,occasionally,opaque,orolla,per,perforated,pitted,plurifoliat,point,poorly,pore,porrect,portion,potentially,presen,prickle,raised,reflexed,remaining,restricted,ruit,scattered,sessile,side,sinus,slightly,sloughing,smoot,sparsely,splitting,stamen,stellae,straight,striped,suture,tamen,tem,thin,time,tip,tissue,transparent,truncate,typically,ud,unarmed,unit,vary,vein,weakly,wide,yellow-ferruginou,yellow-ferruginous,ympodial,young,±90°,±equal,±glabrous,×	0.1-0.2,0.2,0.2-0.3,0.2-0.5,0.3,0.5-0.6,0.5-4.0,0.6,0.9-4.8,1.0-1.5,1.2-1.6,1.3-2.6,1.5-1.9,3.8-4.8,5.5-6.5,6-8,adhesion,arrangement,climate,colour,form,growth,height,history,inflorescence,length,life,na,number,ovary,peduncle,perennial,plant,position,presence,present,pubescence,reproduction,rugulose,seed,shape,size,staman,stipe,texture
588	wfo-0001030198	success	234	142	89	145	53	0.38	0.8,1,16,abaxially,acute,adaxially,angulate,anther,apex,apical,attenuate,base,black,blade,calyx,closely,cm,cordate,deeply,deltoid,densely,diameter,drying,entire,finely,flattened-reniform,flower,free,fruit,glabrate,glabrous,globose,green,hair,initially,interpetalar,irregularly,lateral,leaf,lilac,lobe,margin,midpoint,minute,minutely,mm,nearly,oblong-lanceolate,orange,overtopped,pedicel,peduncle,persistently,petiole,pitted,pore,purple,ray,rounded,sessile,shiny,shrub,simple,sinuate,sinus,somewhat,soon,splitting,stellae,stellate,stellate-tomentose,stem,stigma,style,surface,tan,terminal,tissue,tomentose,truncate,tube,turning,weak,well-developed,whitish,whitish-tomentose,yellow,yellowish,×	.2,0.6,0.7–,0.7–0.8,0.7–0.9,0.7–1.1,0.8–1.4,0.9–1.7,0.9–2,1.2,1.4–1.6,1.5–3.5,1.5–6.5,10–12,13–20,1–2.5,2,2.5,2.5–14,2.5–3.0,2–2.8,2–3,2–3-lobed,3.4–4.0,3.5–7,3–3.5,3–4,3–9,4,4.5,4–12-branched,5-merou,5.3–7,5.5–13,5–12,60–150,6–10,7.5–10,acicular,adaxiall,alyx,ampliate,apart,apparently,appearing,articulated,axe,basal,berry,branch,broad,broadly,capitat,caudate,contrasting,coroll,dark,darker,directed,distall,distally,eaf,eed,except,extra-axillary,fewer,filament,filiform,formed,frui,geminat,glabrescent,gland-tipped,gradually,hal,high,homostylous,immature,internode,interwoven,larger,like,lobed,lon,long,lower,major,many,midri,midrib,midvein,midzone,much,near,nflorescence,often,one,orolla,ovate,ovoid,part,perfect,plurifoliate,porrect,prickle,principal,recurved,reflexed,relatively,ruit,short-stalked,shorter,side,slightly,sometimes,spaced,sparse,spreading,stalk,stella,stout,straight,strongly,tamen,tem,thickened,time,tip,triangular,ud,unarmed,unit,upper,usually,vary,vein,white,white-tomentose,wide,ympodial,–17,–18,–20,–3,–3.5	0.7-1.5-3.5,0.8-1.4,0.9-1.7,1-2.5,10-12,13-20,17,18,2-2.8,2-3,2-3-lobed,2.5-14,2.5-3.0,20,3,3.4-4.0,3.5,5-12,5.3-7,5.5-13,6-10,7.5-10,adhesion,arrangement,capitate,climate,colour,corolla,form,glandular,growth,height,history,inflorescence,length,life,na,number,ovary,perennial,plant,position,presence,pubescence,reproduction,rugulose,seed,shape,size,staman,stipe,texture,ye
589	wfo-0001030212	success	188	107	76	112	31	0.404	0.2-0.4,0.5-0.6,1-1.2,1-1.5,1.2-1.8,1.5-2,2-2.5,2-4,2-5,2.1-3.4,2.4-3.3,2.5-6,2.6-6.5,3.5-5,4-23,4-9,4.5-6,absent,acute,andromonoecious,anther,apex,attenuate,base,blade,broadly,brown,calyx,capitate,chartaceous,cm,compound,cuneate,deeply,deltate,depressed-globose,diameter,fruit,glabrous,gland-tipped,glandular-puberulent,green,hair,herbaceous,inflorescence,leaf-opposed,length,lobe,lobed,margin,mm,narrowly,ovate,pedicel,peduncle,petiole,pinnately,plant,prostrate,purple,resprouter,rotate,rotate-stellate,short,simple,slightly,sparse,sparsely,sprawling,stigma,style,surface,tube,x,yellow,yellowish-green	%,0-4,0.5-1,0.5-7,0.9-1.3,1-15,1-2,1-3,1-5,1-6,1.4-1.8,12-40,15-40,20-50,25-60,28-37,3-5,30-150,4-27,4-6,5-merou,6-9,7-11,8-9,9-10,abaxial,abaxially,absen,abundant,accrescent,acicular,adaxial,adaxiall,adaxially,alyx,apart,apparently,armed,articulated,axe,ba,bilobe,bristle-like,center,connivent,cylindrical,d.,directed,distall,divided,eaf,eed,filament,finger,flower,fruiting,functional,geminat,half,heterostylous,index,interpetalar,juic,lamina,lateral,lobing,lon,long,lower,mature,mesocarp,mid-point,midvein,minute,moist,nflorescence,oblique,orolla,part,per,plurifoliate,pore,presen,present,pricke,prickle,rachi,ruit,side,spaced,stage,straight,strongly,tal,tamen,tem,thick,throughout,time,tissue,toothed,triangular,unbranched,unit,unknown,uvenile,vary,vein,weakly,wide,winged,ympodial	adhesion,arrangement,bilobed,climate,colour,corolla,form,glandular,growth,height,history,leaf,life,midpoint,na,number,ovary,position,presence,pubescence,ray,reproduction,rugulose,seed,shape,size,staman,stellate,stem,stipe,texture
590	wfo-0001030219	success	191	123	68	123	55	0.356	0.5,1.5,60,abaxially,acute,adaxially,anther,anthesi,apex,base,black,blade,blue,brown,calyx,cm,decurrent,deeply,densely,diameter,elliptic,flattened,fruit,glabrous,globose,green,hair,incised,lanceolate,leaf,lilac,lobe,long,margin,marking,mm,moderately,multicellular,number,oblong,opposed,ovate,pair,pale,pedicel,peduncle,pentagonal,perennial,petiole,pitted,pubescent,purple,regularly,shallowly,shrub,simple,size,spaced,sparsely,stigma,style,surface,tube,uniseriate,velutinous,woody,x,yellow	0.1–0.3,0.2–2.3,0.4–1.0,0.5–,0.7–1.1,0.8–3.0,0–,1.0–1.2,1.0–1.5,1.0–2.0,1.0–2.2,1.3–2.9,1.4–2.8,1.6–,10,15,1–2.5,2.0–2.5,2.0–3.2,2.0–5.5,2.4–6.0,2–,2–2.5,2–3,2–4.5,3,4.5–5.5,4.8–11.5,4–5,4–7,5,5–,5–8,6–,6–10,6–8,7–11,8–18,9–10,9–12,abaxiall,acut,adaxiall,adnate,ag,along,anisophyllous,apart,apical,apparently,appearing,arising,arranged,articulated,axe,ba,basal,bract–like,branched,cell,chartaceous,clavat,concave,connivent,convex,cylindrical,decreasing,diamete,difoliate,directed,distally,eaf,eed,equal,erect,filament,flower,geminat,glabrescent,indistinct,internode,longitudinal,lower,nflorescence,olive,opening,oppositely,orolla,paler,perfect,pore,present,procumbent,rapidly,red–purple,rounded,ruit,serrate,sessile,sid,side,smaller,split,stone,straight,stripe,strongly,tal,tamen,tem,time,two,unicellular,unit,vary,white,wide,wing,winged,ympodial,–3.0,–7.0,–9.5	-3.0,-7.0,-9.5,0.1-0.3,0.2-2.3,0.5-,0.7-1.1,1.0-1.2,1.0-2.0,1.0-2.2,1.6-,2-,2-4.5,2.0-3.2,2.0-5.5,2.4-6.0,4-5,4-7,4.5-5.5,4.8-11.5,5-,7-11,9-10,adhesion,arrangement,clavate,climate,colour,corolla,form,glandular,growth,height,history,inflorescence,length,life,midpoint,na,opposite,ovary,plant,position,presence,pubescence,ray,reproduction,rugulose,seed,shape,staman,stellate,stem,stipe,texture
591	wfo-0001030224	success	191	99	75	116	24	0.393	0.5-1,0.5-1.5,1-2,1-3.5,12-14,14-17,2-10,2-4,2.5-4,2.5-4.5,2.5-8,4-10,4-4.5,4.5-5,6-15,7-10,abaxially,adaxially,andromonoecious,anther,armed,black,brown,calyx,chartaceous,clavate,cm,dark,densely,diameter,elliptic,equal,extra-axillary,ferruginous,finely,flattened,form,fruit,glabrous,globose,greyish,hair,linear-lanceolate,lobe,mm,moderately,orange,outline,pedicel,peduncle,petiole,pink,plant,pseudohair,pubescent,purple,red,reniform,scandent,sessile,shrub,simple,sparsely,stellate,stellate-pubescent,stem,stigma,style,subcoriaceous,suborbicular,surface,tan,tube,x,yellow	-2.5,.25,.5,0.5-3,1-1.5,1.5-9,10-20,2-3-celled,2-5,20-25,3-4-foliate,4-6,5-10,5-merous,6-10,6-8,8-12,absent,accrescen,acuminate,acute,adaxiall,ag,alyx,andromonoeciou,apart,apex,articulated,axe,ba,bark,base,berry,blade,broad-based,capitat,cell,connivent,cylindrical,deflexed,directed,distally,dry,eaf,eed,eglandular,filament,fissure,flower,forked,free,fruiting,functionally,geminat,gradually,green,hermaphroditic,heteromorphic,interpetalar,lateral,lighter,like,long,long-,longer,longitudinal,lower,lowering,major,mature,maturit,midpoint,midvein,narrowly,nflorescence,occasionally,one,opening,orolla,other,part,perfect,pericarp,pore,prickle,rachi,ray,recurved,reddish-brown,reflexed,ruit,shiny,short-styled,side,slit,small,spaced,sparse,staminate,strongly,tamen,tapered,testal,tightly,time,tissue,triangular,unbranched,unit,vary,vein,wall,wide,wtih,yellowish,ympodial	adhesion,arrangement,capitate,colour,corolla,fissured,growth,height,history,inflorescence,leaf,length,life,na,ovary,position,pubescence,reproduction,rugulose,seed,shape,size,staman,texture
592	wfo-0001030225	success	155	118	84	71	34	0.542	-11,-30,-4,-7,.5-2.5,1,1-4,1-6,1.5-2.5,10-15,2,2-18,2-2.5,2-3,2-6,3-11-compound,3-20,3-4,3-5,4-5,abaxially,acuminate,acute,adaxially,apex,apical,basal,base,bilobed,blade,calyx,campanulate,cm,conivent,cordate,cuneate,deltate,densely,diameter,elliptic-ovate,entire,especially,expanded,forked,fruit,glabrous,gland,globose,leaf,less,lobe,long,margin,mm,moderately,oblong,obtuse,papillose,pedicel,peduncle,petiole,pinnately,possibly,puberulent,purple,shallowly,shrub,simple,small,somewhat,sparsely,stellate,stigma,style,succulent,tip,toward,tree,truncate,tube,two,unbranched,unknown,x	-1.5,-45,.5,0,0-20,0-5,1.5,10-30,3-foliat,8-15,absent,apart,ape,apically,articulated,ature,axe,beyond,color,compound,connective,coriaceous,cylindrical,dilated,directed,distally,eaf,eed,equal,exceeding,exserted,fleshy,flower,glabrate,immature,laterally,leaflet,leaving,lower,minutely,narrowly,nflorescence,nther,one,orolla,perfect,pore,prominent,puberulen,rachi,radiu,scar,see,seen,slightly,spaced,stalked,stamen,strongly,tal,tem,thecae,time,tomento,triangular,ud,unit,unknow,vary,wide,ympodial	adhesion,anther,arrangement,climate,colour,corolla,form,glandular,growth,hair,height,history,inflorescence,length,life,midpoint,na,number,ovary,plant,position,presence,pubescence,ray,reproduction,rugulose,seed,shape,size,staman,stem,stipe,surface,texture
593	wfo-0001030244	success	226	134	105	121	29	0.465	%,0-0.1,0-0.6,0-1,0.1-1.5,0.2-0.6,0.2-1.3,0.25-0.5,0.3-0.5,0.4-0.7,0.5-1,0.5-1.2,0.5-3.5,0.6-0.8,0.8-1.2,1-1.5,1-5,1.5-2,1.5-2.3,1.5-3,11-33,2.5-6.5,3.5-9,7-16,7-24,7-8,abaxially,absent,acute,adaxially,andromonoecious,anther,apex,articulated,attenuate,base,blade,blue,brown,calyx,chartaceous,cm,cuneate,cylindrical,deltate,densely,diameter,entire,erect,extra-axillary,flower,fruit,glabrous,gland-tipped,globose,green,grey,hair,inflorescence,lamina,lanceolate,lateral,length,linear,lobe,long,margin,midpoint,mm,moderately,narrow,narrowly,oblong,obtuse,pale,pedicel,peduncle,perennial,petiole,plant,present,purple,ray,red,reniform,rhizomatous,rotate,scattered,short,shrub,simple,sparsely,stellate,stellate-pubescent,stigma,style,surface,tan,thick,throughout,time,tube,white,x,yellow	.05,.3,0-0.3,0-3,0.2,0.2-0.5,0.2-1,0.25-0.4,0.3-0.4,0.3-5,0.5-7,1-2,1-20,1-6,1-8,1-locular,1.5-,2-2.5,2-4,2-foliate,2.5-13.5,3.3-7.5,4-5,4-5-merou,4-6,5-6,6-8,7-15,7-9,8-18,absen,accrescent,acicular,across,alyx,apart,apparen,axe,ba,capitat,common,confined,connivent,decimetre,directed,distall,distally,distributed,eaf,eed,eglandular,exocarp,filament,finger,fruiting,geminat,half,heterostylous,homostylous,incomplete,interpetalar,juicy,less,longer,lower,markedly,mature,mesocarp,mid-point,midrib,minute,nflorescence,oblique,orolla,part,per,perfect,placenta,plump,pore,porrect,prickle,pseudo-racemose,pubescent,rachi,reticulate,ruit,septum,sessile,slightly,solitary,spaced,sparse,stage,stalk,stalked,stellae,straight,strongly,succulent,tal,tamen,tem,thicker,thicknes,tissu,tissue,triangular,unarme,unarmed,unbranched,unit,unknow,usually,uvenile,vary,weakly,wid,wide,yellowish,ympodial	1.5-13.5,adhesion,arrangement,capitate,climate,colour,corolla,form,glandular,growth,height,history,leaf,life,na,number,ovary,position,presence,pubescence,reproduction,rugulose,seed,shape,size,staman,stem,stipe,texture
594	wfo-0001030250	success	169	93	60	109	33	0.355	.5,0.5-1,1-1.5,1-3,1.1-1.2,1.25-1.5,1.4-1.5,1.7-7,11.2-22,11.3,2-2.5,2.5-3.25,25,3.4-6.6,3.5-4,5-6,anther,apex,base,broadly,brown,calyx,capitate,cm,corolla,cup-shaped,dia,elliptic-ovate,glabrous,globose,green,greenish-white,greenish-yellow,inflorescence,leaf,lobed,long-acuminate,minutely,mm,opposite,ovary,ovoid-reniform,pale,papillose,pedicel,petiole,pitted,poricidal,seed,shape,shrub,size,stem,stigma,style,surface,tan,tip,tube,x	/4,0-seeded,1.1-3.5,1.9-2.6,2.1-6,3-5,4-7,5-50-flowered,6-8,across,anthesi,apart,appearing,arching,attenuate,bark,beginning,beneath,berry,bullate,carinate-hooded,conical,consisting,cuneate,curved,dark,decurrent,deflexed,differing,difoliate,dry,eaf,edicel,eed,elliptic,exerted,filament,five,free,fresh,fruiting,geminat,glabrou,horizontally,inflorescenc,irregularly,lateral,lobe,lon,long,lower,main,major,maturity,middle,minor,n,nflorescence,node,occasionally,older,one,orbicular,orbiculate,pair,paler,papillo,pendulous,pit,pore,portion,projection,prominent,proximal,raised,reflexed,rim,ruit,scar,sea-green,shallow,shaped,simple,slender,slightly,smooth,soon,spaced,specimen,spreading,straight,tall,tapering,tear-drop,translucent,translucent-green,two,ud,unit,usually,vein,way,white-lenticellat,white-lenticellate,wide,widest,winged,woody,ympodial	0.5,arrangement,blade,climate,colour,decument,diameter,form,fruit,glandular,growth,hair,height,history,length,life,margin,midpoint,na,number,peduncle,perennial,plant,position,presence,pubescence,ray,reproduction,rugulose,stellate,stipe,sympodial,texture
595	wfo-0001030271	success	195	114	87	108	27	0.446	0-2,0.15-0.75,0.5-1.2,0.7-9.5,0.9-2.5,0.9-3.6,1-2.5,1-3,1-7,1.4-2.1,1.9-6.6,15-61,2-2.7,2-4,2-6,2.4-5.6,3-10,3.4-7.5,4-7,5.6-12.3,6-15,acute,anther,apex,attenuate,axillary,base,blue,brownish,bud,clavate,cm,coloration,completely,condition,coriaceous,corolla,dark,deep,diameter,drying,elliptic,fresh,fruit,glabrous,green,greenish,herb,interjected,lanceolate,leaf,leaflet,light,lilac,lobe,long,medium,mm,mottled,odd-pinnate,orbicular,ovate,ovoid,pair,pedicel,peduncle,pentagonal,petiole,plant,purple,ripe,rotate,rounded,seed,size,spot,stigma,style,subtending,terminal,tube,vein,white,whitish,wide,x,yellow	1-2,1-4,1-6,2-3,3-5,4-22,5-8,5-merou,abaxially,acumen,adaxiall,adaxially,ag,along,alyx,apart,apparently,arranged,articulated,asymmetric,axe,basiscopic,bead,berry,blade,capitat,cell,connivent,considerably,covering,decreasing,digestion,distal,dorsally,eaf,edge,eed,enzyme,erect,exceeding,filament,flat,flower,folded,forked,geminat,generally,glabrou,green-white,habi,hair-like,half,homostylous,honeycomb-shaped,larger,lateral,lengthening,like,linear,living,lower,make,middl,moniliform,mucilaginous,multiple,necklace,nflorescence,orolla,perfect,petiolulate,plurifoliate,pore,poricidal,removed,rosette,ruit,sessile,seudostipule,side,slightly,slit,sometimes,spaced,specimen,stamen,stolon,straight,symmetric,tall,tamen,tem,testal,thick,throughout,tip,tissue,toward,tri-,tuber,typically,unit,unwinged,usually,vary,wall,wet,ympodial	abaxial,adaxial,adhesion,arrangement,calyx,capitate,colour,form,growth,height,history,inflorescence,length,life,na,ovary,perennial,position,pseudostipule,pubescence,reproduction,rugulose,shape,staman,stem,surface,texture
596	wfo-0001030272	success	179	124	94	85	30	0.525	-6,/4,0.5-1.5,0.5-2,0.6-0.9,0.65-1,0.7-2.5,0.8-1.5,1,1-2.8,1.2-1.8,1.5-2.5,1/3,10-20,2-6.5,2.5-3,2.5-3.5,2.8-3.5,3.5-5,4-15,abaxially,acute,anther,apex,apically,base,berry,blade,bright,calyx,cm,connivent,deltate,densely,diameter,elliptic,entire,equal,erect,evenly,flattened-reniform,fruit,glabrescent,glabrous,glandular,green,hair,lateral,leaf,length,less,lobe,lobed,long,long-attenuate,margin,maturity,mauve,membranous,midpoint,minute,mm,near,obtuse,orange-brown,pedicel,peduncle,petiole,poricidal,ray,red,rounded,shallowly,shrub,simple,sometimes,sparsely,spherical,spreading,stellate,stellate-pubescent,stem,style,surface,tapering,terminal,tip,trichome,tube,undulate,upper,way,wide,young	.3,.5,0-20,0.05-0.1,0.05-1.5,0.5-1,1-1.5,1.5-3,1/3-2/3,2-2.5,3-8,4-10,4-6,4-8,5-7,5-merous,acut,almost,alyx,ame,apar,apparently,articulated,ba,bark,c.,concolorous,difoliate,drying,eaf,eed,elongating,filament,flower,free,fruiting,geminat,glabrescen,gland,gra,infructescence,longer,lower,mature,moderately,multangulate,narrow-deltate,nflorescence,older,one,open,orolla,oung,pair,per,perfec,pericarp,porrect,portion,primary,red-brown,reduced,reflexe,ruit,scar,sessile,shorte,slender,smooth,spaced,straight,tamen,terete,tertiary,time,unarme,unarmed,unbranched,unit,vary,vein,venation,visible,woody,ympodial	adhesion,arrangement,climate,colour,corolla,form,gray,growth,height,history,inflorescence,life,na,number,ovary,perennial,plant,position,presence,present,pubescence,reproduction,seed,shape,size,staman,stigma,stipe,texture,unknown
597	wfo-0001030278	success	235	168	141	94	27	0.6	0-0.2,0.6-1,1-2,10-30,12-25,2,2-6,2.5-3,3-4,3-5,3-7,3.5-5,4-8,5-20,6-12,7-10,7-12,8-30,9-18,abaxially,achlorophyllous,acute,acute-,adaxial,adaxially,along,also,anther,apex,articulated,ascending,attenuate,base,blade,branched,broadly,brown,calyx,capitate-glandular,closely,cm,coarsely,collection,concentrated,connivent,contiguous,cordate,corolla,cylindrical,dark,deltoid,densely,dentate,diameter,divergently,ellipsoid,elliptic,elongate,erect,extra-axillary,fine,flesh,flexuous,flower,fruit,glabrous,hair,hermaphroditic,hirsute,inflorescence,intermixed,lateral,length,lenticular,lignescent,linear-lanceolate,lobe,long,longer,margin,midpoint,minutely,mixed,mm,moderately,narrowly,nearly,obtuse,obtuse-tipped,occasionally,open-campanulate,orange,outline,ovate,pale,pedicel,peduncle,perennial,petiole,pitted,prickle,prickly,pubescent,ray,resembling,rigid,ripe,sessile,short-stalked,similar,simple,slender,smaller,sometimes,somewhat,spaced,sparsely,spreading,stalked,stellae,stellate,stem,stigma,straight,style,subglobose,surface,tan,termination,thin-textured,tip,trichome,truncate,tube,unbranched,uniseriate,vein,weakly,white,x,yellow	0-1,0.1-0.3,1-several,1/3-1/2,10-20,15-20,2-4,2-7,2-foliate,3.5-7,4-12,4-locular,5-8,6-18,7-20,absent,accrescent,adaxiall,armed,axe,ba,basally,breaking,broad-based,capitat,cauline,commonly,completely,compressed,covering,density,directed,distal,distall,eaf,eed,entire,female-sterile,filament,finally,fruiting,geminat,glabrou,gland-tipped,glandular-puberulen,immature,inserted,interlobal,large,laterally,less,lower,major,maturit,medium-sized,midrib,mostly,much,nflorescence,numerous,often,orolla,ovate-lanceolate,per,petaloid,pore,principal,prominent,rachi,recurved,reduced,ruit,section,short-styled,side,sinus,small,spreading-hirsute,ste,straighter,subequal,surrounding,tal,tamen,tem,toothlike,unarmed,unit,usually,vary,varying,wide,widely,ympodial	adhesion,arrangement,capitate,climate,colour,form,glandular,growth,height,history,leaf,life,na,number,ovary,plant,position,presence,pubescence,reproduction,rugulose,seed,shape,size,staman,stipe,texture
598	wfo-0001030281	success	193	113	86	107	27	0.446	0.2-0.8,0.5-1,0.5-1.0,0.5-1.5,0.5-3,1,1-2,1.5,10-13,12-16,12-20,2-4,2-5,2.5-3,2.5-3.5,2.5-5,3-6,4-7,5-10,5-16,6-8,abaxially,absent,andromonoecious,anther,attenuate,base,brown,calyx,capitate,chartaceous,cm,connivent,densely,diameter,extra-axillary,flower,fruit,functionally,glabrous,glandular,globose,green,hair,hermaphroditic,leaf,leathery,like,lobe,lobed,male,mature,midpoint,mm,moderately,nearly,orange,ovate,pedicel,peduncle,petiole,plant,porrect-stellate,pubescent,ray,red,reniform,rusty,short,simple,slightly,sparsely,stellate,stem,stigma,style,surface,tan,tapering,triangular,tube,unlobed,vine,white,x,yellow	0.5,1-.,1-2.5,1.5-3,10-14,10-25,2-4.5,20-30,3-12,4-6,4-8,5-merou,abaxial,absen,accrescent,acute,adaxial,adaxiall,adaxially,alyx,anthesi,apar,apex,apical,armed,asymmetrical,axe,berry,beyond,blade,cordate,curved,cylindrical,dark,difoliate,directed,discolorous,distally,eaf,eed,either,em,expanded,exserted,filament,flattened,frui,fruiting,geminate,glabrou,gree,heteromorphic,interpetelar,introrsel,lacking,long,long-styeld,lower,major,many,midrib,midvein,multicellular,multiseriate,narrowly,netlike,nflorescence,obtuse,often,older,orolla,pair,per,pit,planst,pore,prickle,rachi,raised,recurved,reflexed,ridge,roselike,ruit,separated,short0styled,side,small,spaced,stalk,stamen,staminate,ste,tamen,tissue,unarmed,unbranched,unequa,unicellular,unit,usually,vary,vein,whitish-green,wide,ympodial,young	1-4,adhesion,arrangement,colour,corolla,form,growth,height,history,inflorescence,length,life,na,number,ovary,perennial,position,presence,present,pubescence,reproduction,rugulose,seed,shape,size,staman,texture
599	wfo-0001030285	success	279	159	131	148	28	0.47	.04,.1,0.1–1.1,0.2–0.3,0.3–0.4,0.3–0.6,0.4–0.6,0.5–0.7,0.7–1.5,1.0–2.2,1.3–1.8,1.4–1.9,1.6–2.3,1.6–5.0,1/3,10.8–12.3,15.0–25.5,2.2–4.8,3.5–6.0,3.7–5.4,4,4.0–7.0,4.3–11.8,5,6.0–9.0,6–10,9.9–14.9,abaxially,acuminate,adaxial,adaxially,adnate,age,anther,apex,apiculate,attenuate,basal,base,becoming,blade,calyx,capitate,channel,chartaceous,cm,corolla,cuneate,densely,diameter,dry,elliptic,entire,erect,extra-axillary,flattened-irregular,flattened-orbicular,flattened-reniform,flower,fruit,glabrous,glandular,globose,green,growth,hair,homostylous,internode,interpetalar,lateral,lavender,leaf,lobe,long,margin,mature,maturing,midpoint,minute,mm,moderate,moderately,nearly,obovate,occasionally,ovoid,pedicel,peduncle,petiole,poorly-developed,porrect,porrect-stellate,protuberance,pubescence,pubescent,purple,ray,red,reduced,restricted,rounded,sessile,shrub,simple,slightly,small,sparse,sparsely,stellae,stellate,stem,stigma,style,tall,tip,tissue,toward,tree,triangular,truncate,tube,upper,vigorous,wavy,white,yellow,yellow-ferruginous,young,±90°,±glabrous,×	.4,.6,.8,0.3–0.7,0.4–0.5,0.6–0.9,0.7–1.1,0.7–1.3,0.7–1.7,0.9–1.5,1.0–1.3,1.2–2.1,1.2–2.3,1.4–2.0,1.9–4.0,10–14,13.5,1984,2.4–3.2,2.8–3.1,3/4,4.6–8.8,45,4–5-merou,5.7–6.5,6–8-ray,9.2–15.2,90°,aequilateral,alveolate,alyx,anthesi,apart,apical,apparently,appearing,appressed,area,armed,articulated,attached,attachment,axe,ba,berry,bilobe,branch,brochidodromous,bu,bud,central,channeled,clinate,congested,conical,connivent,deciduous,dehiscence,dentate,difoliate,distally,dorsally,eaf,eed,either,emerging,enclosing,endocarp,exocarp,fertile,filament,filiform,flat,flexed,fork,forking,free,frui,fully,geminat,gradually,immature,inclined,increasing,intersepalar,juic,lanceolate,large,laying,less,line,lon,lower,major,many-flowered,midrib,midvein,minor,nflorescence,notched,oblique,often,orolla,peekel,per,perforate,point,pore,portion,potentially,prickle,raised,reported,rigid,ripe,row,ruit,shiny,shorter,side,single,sinus,smooth,soon,splitting,spread,stellate-pubescent,straight,surface,suture,tamen,tem,thin,time,transparent,two,ud,unarme,unarmed,unbranched,vary,vein,weakly,wide,ympodia,±90°and,±equal,±overlapping	4–5-merous,6–8,adhesion,arrangement,bilobed,climate,colour,form,height,history,inflorescence,length,life,na,number,ovary,perennial,plant,position,presence,present,reproduction,seed,shape,size,staman,stipe,texture
600	wfo-0001030287	success	150	120	84	66	36	0.56	-11,0-15,0.5-1,1-15,1-2,1-2.5,1-3,1-4,1-5.5,1.5-10,1.5-2.5,1966,2,2-,2-10,2-12,2-5,3-9,4-5,4.5-6,abaxially,acute,adaxially,apart,apex,articulated,base,blade,bluish,calyx,chartaceous,cm,compound,connivent,deltate,dendritically,densely,diameter,down,ellipsoidal,elliptic-ovate,entire,fide,flattened,glabrous,glandular,hair,herb,lanceolate,leaf,lilac,lobe,margin,mm,moderately,narrowly,oblong,ovoid,pedicel,peduncle,petiole,pinnately,puberulent,pubescent,purple,rugulose,shrub,simple,slightly,smith,spaced,sparsely,stellate,stigma,strongly,style,subcordate,subcoriaceous,tip,truncate,tube,unknown,x,yellow	-40,-foliat,-many,.5-2.5,1,1-10,2.5-4,3,4-6,5-10,8-13,?,adaxiall,aggregate,axe,basiscopically,branched,cell,color,cylindrical,decurrent,dendritic,dendritic-pubescen,directed,distall,eaf,eed,eglandular,flower,forked,gland,lateral,leaflet,leaving,lon,long,long-stalked,lower,membranaceous,nflorescence,nther,obtuse,often,orolla,pedicellar,pore,presen,rachi,radiu,ruit,scar,scattered,sparser,stalked,stone,subcapitat,tal,tem,time,triangular,unbranched,unit,upper,vary,wide,ympodial	adhesion,anther,arrangement,climate,colour,corolla,dendritic-pubescent,form,fruit,growth,height,history,inflorescence,length,life,midpoint,na,number,ovary,perennial,plant,position,presence,present,pubescence,ray,reproduction,seed,shape,size,staman,stem,stipe,subcapitate,surface,texture
601	wfo-0001030299	success	179	141	107	72	34	0.598	-2,-50,-6,1-1.5,1-10,1-2,1-3,1-5,1.5-2,1.5-3,1.5-4,10-20,2-,2-10,2-20,2-4,20-30,3,3-13,3-30,3-4,3-9-compound,4-5,4-6,5-40,6-22,6-9,?,acuminate,acute,adaxially,apart,apex,apiculate,articulated,basal,base,beyond,blade,calyx,campanulate,capitate,chartaceous,cm,connivent,cordate,cylindrical,densely,diameter,dilated,distally,ellipsoidal,entire,expanded,exserted,fide,flattened,forked,fruit,glabrous,hair,leaf,leaving,lobe,long,margin,mm,moderately,narrowly,obtuse,often,ovate,pavón,pedicel,pedicellar,peduncle,petiole,pink,pinnately,pubescent-pilose,purple,remnant,rugose-reticulate,ruiz,shrub,simple,slightly,small,spaced,sparsely,stamen,stigma,style,thickened,tip,tomentose,tree,triangular,truncate,tube,unbranched,unequal,urceolate-,violet,white,x,yellow	-40,.5-2,0.5-1,10-16,2,2.5-12,25-50,3-5,4,4-8,4-foliat,5-10,5-8,abaxially,absen,absent,aggregate,also,ape,axe,basiscopically,cell,color,compound,connective,coriaceous,decurrent,diamete,directed,eaf,eed,equal,exceeding,flower,globose,lateral,laterally,leaflet,lon,lower,midnerve,nflorescence,nther,orolla,perfect,perhaps,pilose-hirsute,pore,present,prominent,puberulent-pubescen,puberulent-pubescent,pubescent,pubescent-pilo,rachi,radiu,ruit,shorter,stone,tal,tem,thecae,time,tomento,toward,ud,unit,unknow,upper,vary,wide,ympodial	adhesion,anther,arrangement,climate,colour,corolla,form,glandular,growth,height,history,inflorescence,length,life,midpoint,na,number,ovary,plant,position,presence,pubescence,ray,reproduction,rugulose,seed,shape,size,staman,stellate,stem,stipe,surface,texture
602	wfo-0001030300	success	235	112	88	147	24	0.374	-1,-7,0.1,0.4-0.5,0.5,0.5-0.6,0.5-1,0.5-4,0.6-0.8,0.7-1.2,0.7-1.5,0.9-1,1,1-1.3,1-2,1-4,1.4-2.4,2-2.1,3/4,4-11,9-12,abaxially,absent,anther,basal,base,bifid,broadly,brown,calyx,capitate,cm,coherent,corolla,crenate,densely,diameter,elliptical,finely,fruit,glabrous,globose,golden,green,herb,imparipinnate,inflorescence,interrupted,large,like,lobe,long,margin,mm,moderately,obovate,once-branched,orbicular,ovary,pale,partially,pedicel,peduncle,pentagonal,perennial,petiole,plant,present,pseudostipule,pubescence,pubescent,simple,slightly,sparsely,spathulate,stem,stigma,style,surface,tall,thick,triangular,tube,wide,woody,yellow,yellowish-green,zygomorphic	-0.9,.5,0.1-0.15,0.15-1,0.2,0.2-0.5,0.2-1.5,0.4-1.5,0.4-4.5,0.5-5,0.6-0.7,0.7-0.8,0.8-1,0.8-3,0.8-4,1-2-celled,1-6,1-celled,1.2-,1.5-,1.5-2.5,2-2.5,2-3,2-4,2-foliate,2-locular,2.2-7.5,3.5-13,4-celled,6-15,6-8-celled,abundant,acute,adaxial,adaxially,almost,although,always,anthesi,apex,apical,appearance,appendage,articulated,articulation,ba,bent,beyond,bract,bracteate,brittle,cell,column,cordate,crenat,curved,deltate,developed,diamete,distal,eaf,edicel,eed,eglandular,ellipsoidal,elongate,entire,even,exserted,face,filament,flower,frequently,fruiting,give,glandular,glutinous-viscose,gree,hair-like,halfway,head,interjected,internode,introrse,irregularly,lamina,larger,lateral,leaflet,leave,less,lon,longer,markedly,midvein,minute,multicellular,narrowly,nflorescence,node,oblique,occasionally,outgrowth,pair,papillae,petal,petiolule,pith,population,pore,primary,reflexed,rest,rounded,ruit,secondary,silky,spreadin,spreading,staminal,sterile,straight,strongly,tem,terminal,tertiary,testa,tip,trichome,two,ud,underlying,unicellular,uniseriate,unit,united,upper,usually,vein,velvety,wall,weak,well,wider,winged,yellowish,ympodial	1.2-7.5,1.5-13,adhesion,arrangement,colour,form,growth,height,history,leaf,length,life,na,position,presence,reproduction,rugulose,seed,shape,size,staman,stellate,texture,width
603	wfo-0001030311	success	182	111	80	102	31	0.44	.2,0.5–0.8,0.5–1,0.8–1.2,1.2–7,1.5–5.5,1.5–8,1.8–2,15–22,1–1.2,1–1.5,1–2.5,2.2–2.5,2.2–3,2–2.5,2–6,3–5,3–7,5-pinnate,5–10,abaxially,acuminate,acute,adaxially,anther,apex,base,blade,brown,calyx,chartaceous,cm,cordate,deltoid,densely,diameter,entire,extra-axillary,flattened,flower,fruit,glabrous,granular,green,hair,herbaceous,lenticular,lobe,margin,membranaceous,membranous,minutely,mm,oblique,obtuse,orangish,ovoid-rhomboid,pedicel,peduncle,petiole,pubescence,pubescent,purplish,rounded,sand-punctate,slightly,sparsely,stellate,stem,stigma,style,surface,tan,terrestrial,thickened,tip,tube,vine,white,x	.5,.5–1.8,0.1,0.1–0.2,0.3–1.5,0.4–2,0.5–2,0.5–2.5,0.6–1,0.6–2.4,0.8–4,0.8–4.5,1.5–2,1.5–3,1.5–6,1–2,1–3,2.5–9,2–10,<,accrescent,adaxial,along,alyx,apar,apical,appearance,axe,basal,berry,c.,capitat,ciliat,ciliate,clavate,color,cuneate,dense,distal,eaf,eed,elliptical,especially,falcate,fallen,filament,fruiting,giving,glabrou,groov,groove,ground,half,lanceolate,lateral,leaflet,like,log,lon,long,lower,m.,midvein,nflorescence,nternode,obovate,occasionally,orolla,pair,papillose,petiolulate,petiolule,plurifoliat,present,proximal,rachi,rhomboid,ruit,scattered,sessile,short,shortly,side,slender,smaller,spaced,strongly,tamen,tem,thick,thinner,trailing,trichome,unbranched,unit,upper,vary,vein,wide,wide-diameter,widely,ympodial	adhesion,arrangement,capitate,climate,colour,corolla,form,glandular,growth,height,history,inflorescence,leaf,length,life,midpoint,na,number,ovary,plant,position,presence,ray,reproduction,rugulose,seed,shape,size,staman,stipe,texture
604	wfo-0001030311	success	203	130	95	108	35	0.468	.2,0.5-0.8,0.5-1,0.8-1.2,1-1.2,1-1.5,1-2.5,1-3,1.2-7,1.5-5.5,1.5-8,1.8-2,15-22,2-2.5,2-6,2.2-2.5,2.2-3,3-5,3-7,5-10,5-pinnate,abaxially,acuminate,acute,adaxially,anther,apex,basally,base,blade,brown,chartaceous,clavate,cm,cordate,deltoid,densely,diameter,entire,equal,flattened,flower,fruit,glabrous,granular,green,hair,half,herb,lenticular,lobe,lower,margin,membranaceous,midvein,minutely,mm,oblique,oblong,obtuse,occasionally,orangish,ovoid-rhomboid,papillose,pedicel,peduncle,petiole,present,pubescent,purplish,rounded,scattered,short,simple,slender,slightly,sparsely,stellate,stem,stigma,style,surface,tan,thick,thickened,thinner,tip,tube,unbranched,uniseriate,vein,white,widely,x,yellow	.5,.5-1.8,0-2.5,0.1,0.4-2,0.5-2,0.6-1,0.6-2.4,0.8-4,0.8-4.5,1.5-2,1.5-3,1.5-6,2-10,2224,5-merou,8031,<,[,],absen,absent,accrescent,adaxial,ag,aggregate,along,alyx,apart,apical,apparently,appearance,articulated,axe,ba,basal,capitat,cell,ciliat,ciliate,color,connivent,cuneate,dense,dig,directed,distal,distally,eaf,eed,elliptical,especially,falcate,fallen,filament,formation,g,geminat,gh,giving,groov,groove,ground,interjected,large,lateral,leaflet,like,log,lon,long,longitudinal,m.,nflorescence,node,obovate,opening,orolla,pair,perfect,petiolulate,petiolule,pittier,plurifoliate,pore,proximal,rachi,rhomboid,rooting,ruit,sessile,shortly,side,sinple,slit,smaller,spaced,stone,strongly,tamayo,tamen,tem,trailing,unit,upper,vary,wide,ympodial	adhesion,arrangement,calyx,capitate,climate,colour,corolla,form,glandular,growth,height,hermaphroditic,history,inflorescence,leaf,length,life,midpoint,na,number,ovary,perennial,plant,position,presence,pubescence,ray,reproduction,rugulose,seed,shape,size,staman,stipe,texture
605	wfo-0001030335	success	153	129	91	62	38	0.595	.1,.25,.5,0-5,0.05-0.2,0.5-1,0.7-1,1-1.5,1-2,1.1-1.4,1.1.5,2-2.5,2-4.5,2-5,2.5-3,3/4,5-6,7-13,acuminate,acute,along,anther,apex,bark,base,beneath,bi-lobed,calyx,cm,conical,corolla,dark,decurrent,deltoid,densely,dia,dry,elliptic,filiform,flattened,gently,giving,glabrous,globose,green,greyish-red,horizontally,leaf,lenticellate,lobe,lobed,long,material,minute,minutely,mm,narrowly,onto,opposite,ovary,ovoid-reniform,pale,papillose,pedicel,petiole,pitted,pore,poricidal,puberulent,pubescent,ripe,shaped,shrub,sparsely,spreading,stem,stigma,style,surface,tan,tapering,tear-drop,tip,trichome,tube,uniseriate,vein,way,white,x,yellowish-green	.75,0.1-0.5,0.25-0.5,1-3-flowered,2-2.2,5-7,anthesi,aspec,ba,berry,branch,bud,deciduous,deflexed,eaf,edicel,eed,erect,except,expanded,exserted,filament,free,fruiting,geminate,lamina,lateral,lightly,like,lon,lower,main,middle,nflorescence,obovoid,occasionally,often,older,pair,papillo,portion,prominent,puberulen,raised,reflexed,ruit,simple,slightly,soon,straight,strongly,tall,ud,underside,unifoliat,unit,widest,winged,woody,yellow,ympodial,young	adhesion,arrangement,aspect,branching,climate,colour,diameter,form,fruit,glandular,growth,hair,height,history,inflorescence,length,life,margin,midpoint,na,number,peduncle,perennial,plant,position,presence,pubescence,ray,reproduction,rugulose,seed,shape,size,staman,stellate,stipe,texture,unifoliate
606	wfo-0001030336	success	266	130	106	160	24	0.398	-10,-19,.5,0.1-0.7,0.15-0.9,0.2-1,0.3-1.1,0.5,0.5-0.7,0.5-1.5,0.6-1.5,0.8-3,1,1-1.5,1-3,1.0-1.4,1.5-,1.5-3.5,1.6-7,1.7-2.3,1.8-3.0,2/3,3-5,4,4-10,4-celled,6,almost,anther,apex,basal,bright,brown,calyx,capitate,cm,completely,conical,corolla,crenate,dark,densely,diameter,elliptic,entire,flushed,fruit,glandular,globose,grayish,green,greenish,head,herb,imparipinnate,inflorescence,interjected,interrupted,lanceolate,lateral,leaf,leaflet,lobe,long,margin,minute,minutely,mixed,mm,obovate,orbicular,ovary,pale,pedicel,peduncle,perennial,petiole,pseudostipule,puberulent,pubescent,purple,rotate,scattered,shorter,shrub,simple,slightly,small,sparse,stellate,stem,stigma,style,surface,terminal,thick,tip,trichome,tube,uniformly,uniseriate,united,velvety,white,wide,yellow	-1.5,-2,0-,0.1-0.3,0.1-0.5,0.1-1,0.15-0.2,0.2,0.2-0.25,0.2-0.8,0.2-1.5,0.3-0.4,0.5-1,0.6-0.8,0.8-0.9,0.8-1.2,0.8-1.3,1-1.4,1-celled,1.5-2,1.5-5,1/4-1/3,10,2-4,2-9,2-foliate,2-locular,4-,8-16,8-20,8-celled,absent,acute,adpressed,amongst,anthesi,apical,appearance,appearing,appendage,articulated,articulation,base,basiscopically,bent,berry,bifurcate,bluntly,bract,bracteate,branch,cell,clavat,coat,column,cordate,curved,darker,decurrent,deeply,developed,diamete,distal,divided,eaf,edicel,eed,eglandular,elongate,entir,erect,essentially,exserted,extremely,filament,first,flower,fruiting,giving,glandula,hair-like,half,halfway,internode,investing,large,larger,largest,leave,less,like,lobed,lon,longer,loosely,lower,markedly,maturity,mere,middl,midvein,mostly,narrowing,narrowly,nflorescence,node,oblique,occasionally,often,once-branched,outgrowth,pair,papillate,part,petiolule,population,present,primary,proximal,rachi,range,reflexed,rest,rounded,ruit,secondary,sessile,shaggy,silky,sinus,soft,sometimes,southern,spreadin,spreading,staminal,sterile,straight,stripe,strongly,surrounding,tall,tem,ten,tertiary,testa,truncate,two,ud,unicellular,unit,upper,usually,wall,way,weak-walled,winged,woody,ympodial,young	adhesion,arrangement,clavate,colour,form,growth,height,history,length,life,na,plant,position,pubescence,reproduction,rugulose,seed,seedling,shape,size,staman,texture,width,ye
607	wfo-0001030342	success	155	121	88	67	33	0.568	.2,.5,0.1–0.2,0.3–1.2,0.5–1,0.8–1.5,1.5,1.5–13,1.5–2,1.5–5,1.5–7.5,10–25,1–1.5,1–2.5,1–7,2–2.5,2–4,3-pinnate,3–12,4–5,abaxially,acuminate,acute,adaxially,anther,apex,apiculate,base,blade,brown,calyx,chartaceous,cm,cordate,cuneate,deltoid,dense,diameter,entire,extra-axillary,flattened,flower,fruit,glabrous,greenish,herbaceous,leaf,lenticular,light,lobe,long,margin,membranous,minutely,mm,mottled,oblique,obtuse,often,ovoid-rhomboid,pedicel,peduncle,petiole,pointed,proximal,pubescent,rarely,revolute,scattered,side,slender,smooth,stellate,stem,stigma,style,surface,tip,trichome,truncate,tube,undulate,vine,white,wide-diameter,widely,x,yellowish	0.5–3,0.5–5,0.8–4,1-5,1-6.5,1.2–3,1–1.2,1–3,1–5.5,1–6,2–,3,4–8,5-merous,6–7,abundant,accrescent,along,alyx,apar,apical,axe,berry,broadly,c.,capitat,ciliat,cylindrical,eaf,eed,elliptical,filament,fruiting,glabrou,lanceolate,lateral,leaflet,like,lon,lower,m.,nflorescence,nternode,orolla,perfec,petiolule,plurifoliat,pubescen,rachi,rhomboid,rounded,ruit,sand-punctate,slightly,spaced,sparsely,tamen,tem,terrestria,truncate-acuminat,unbranched,unit,vary,vein,wide,ympodial,–7	adhesion,arrangement,capitate,climate,colour,corolla,form,glandular,growth,hair,height,history,inflorescence,length,life,midpoint,na,number,ovary,plant,position,presence,pubescence,ray,reproduction,rugulose,seed,shape,size,staman,stipe,terrestrial,texture
608	wfo-0001030342	success	153	107	75	78	32	0.49	.2,.5,0.5-1,1-1.5,1-7,1.5-13,1.5-5,1.5-7.5,10-25,2-2.5,2-3,3-12,3-pinnate,4-5,abaxially,acuminate,acute,adaxially,anther,apex,apiculate,basally,base,blade,brown,calyx,chartaceous,cm,cordate,cuneate,deltoid,diameter,entire,equal,extra-axillary,fruit,glabrous,hair,herb,leaf,lenticular,light,lobe,margin,membraceous,minutely,mm,oblique,oblong,obtuse,pedicel,peduncle,petiole,pubescent,rarely,revolute,sagittate,scattered,simple,smooth,stellate,stigma,style,surface,terrestrial,trailing,truncate,tube,unbranched,undulate,uniseriate,white,widely,x,yellow	-7,0.5-3,0.5-5,0.8-4,1-1.2,1-3,1-5,1-5.5,1-6,1-6.5,1.2-3,1.5-2,2-,3,4-8,5-merou,6-7,absent,abundant,accrescent,ag,along,alyx,apart,apical,apparently,articulated,axe,ba,broadly,capitat,ciliat,connivent,cylindrical,directed,distally,eaf,eed,elliptical,filament,flower,fruiting,geminat,interjected,lanceolate,lateral,leaflet,long,longitudinal,lower,nflorescence,node,opening,orolla,perfect,petiolule,plurifoliate,pore,proximal,pubescen,rachi,rhomboid,rooting,rounded,side,slender,slightly,slit,spaced,tamen,tem,tip,truncate-acuminat,unit,vary,vein,wide,ympodial	adhesion,arrangement,capitate,climate,colour,corolla,form,glandular,growth,height,history,inflorescence,length,life,midpoint,na,number,ovary,plant,position,presence,pubescence,ray,reproduction,rugulose,seed,shape,size,staman,stem,stipe,texture
609	wfo-0001030353	success	227	125	96	131	29	0.423	-5,.7,0-6,0.1-0.2,0.15-0.3,0.5-0.9,1-3,1-6,1.8-2.2,1.8-3,1/3,1/5,11-16,2.5-4,3-4,3-5.5,3.5-4,4-4.5,5,6-8,7-10,abaxially,acute,almost,andromonoecious,anther,apex,apically,base,berry,blade,brown,calyx,chartaceous,cm,connivent,cuneate,deltate,densely,diameter,ellipsoid,elliptic,equal,evenly,flattened-reniform,fruit,glabrescent,green,lateral,leaf,length,lobe,lobed,long,lower,margin,maturity,mauve,midpoint,mm,moderately,narrow-deltate,orange-brown,pedicel,peduncle,petiole,plant,poricidal,ray,reflexed,shape,shrub,simple,small,smooth,sometimes,somewhat,spreading,stellate,stellate-pubescent,stem,stout,straight,style,subentire,tapering,terminal,tip,tree,tube,upper,warty,weakly,wide,yellow,young	-0.2,-1.5,-1/2,-2,-3,-6,-merous,.1,.2,.5,0,0-15,0-2,0.1-0.3,0.5,0.8,0.8-1.2,1,1-2,1-7,1.2-1.8,1/,1/2-2/3,1/6,1/6-1/4,10-15,2-10,2-7,2.8-3.7,20-200,4-,4-5,5-6,6,6-15,8-15,abaxial,adaxial,alyx,apar,apart,apiculat,apparently,articulated,bark,broad-deltate,c.,conical,curved,development,discolorous,distal,distance,drying,eaf,eed,elongating,erect,extending,filament,flattened,flower,free,fruiting,glabrous,half,hermaphrodite,heterostylous,infructescence,less,long-styled,longer,lowermost,mature,midvein,multangulate,nflorescence,older,one,open,orolla,oung,pair,patch,pendulous,per,pericarp,plurifoliat,pointed,porrect,portion,prickle,prickly,primary,red-brown,reddish-green,retaining,rounded,ruit,scar,sessile,short-styled,shorter,side,spaced,sparsely,stalk,stalked,staminat,strongly,surface,tamen,terete,tertiary,throughout,time,trichome,unarme,unarmed,unbranched,unit,vary,vein,venation,visible,way,whit,white-gray,wo,woody,ympodial	adhesion,apiculate,arrangement,climate,colour,corolla,form,glandular,growth,hair,height,history,inflorescence,life,na,number,ovary,perennial,position,presence,present,pubescence,reproduction,seed,size,staman,stigma,stipe,texture
610	wfo-0001030407	success	182	116	90	92	26	0.495	.2,.5,1-2,1-4,1.5-5,12-14,2-5,2-7,3-10.5,3-6.5,3-9,3.5-9.5,30-60,4-5,5,6.5-18.5,7-8,abaxially,absent,acuminate,adaxially,anther,apex,axillary,base,berry,brownish,bud,chartaceous,ciliate,cm,condition,conical,corolla,decreasing,densely,diameter,drying,elliptic-lanceolate,fresh,fruit,glabrous,gradually,green,greenish,hair,herb,interjected,lanceolate,larger,lateral,leaf,leaflet,light,like,lobe,long,margin,minute,mm,mottled,mucilaginous,obtuse,odd-pinnate,ovate,ovoid,pair,pedicel,peduncle,pentagonal,petiole,petiolule,plant,pubescent,purple,ripe,round,seed,size,stigma,style,subtending,terminal,toward,tube,wet,whitish,wide,x,yellow	0.7-3.2,1-10,1-3,12-15,2-2.5,2-6.7,3-4,5-merou,6-7,acumen,ag,alyx,apart,apparently,articulated,axe,blade,capitat,cell,connivent,covering,digestion,distal,dorsally,eaf,edge,eed,end,enzyme,especially,exceeding,filament,flat,flower,folded,forked,geminat,generally,glabrou,green-white,hair-like,half,homostylous,honeycomb-shaped,lengthening,living,lower,make,middle,nflorescence,one,orolla,perfect,placed,plurifoliate,pore,poricidal,proximal,pubescen,ray,removed,ruit,secondary,semierec,seudostipule,slit,spaced,specimen,stamen,ste,stolo,subequal,subsessile,symmetrical,tall,tamen,tem,testal,thick,thir,throughout,tip,tri-,tuber,typically,unit,unwinged,usually,vary,wall,white,ympodial	adhesion,arrangement,calyx,capitate,colour,form,growth,height,history,inflorescence,length,life,na,ovary,perennial,position,pseudostipule,pubescence,reproduction,rugulose,shape,staman,stem,surface,texture,ye
611	wfo-0001030417	success	242	109	89	153	20	0.368	-5,.5,0.05-0.1,0.2-0.7,0.25-0.5,0.5-0.7,0.5-0.8,0.5-1.2,0.5-2,0.7-1,1-1.3,1-2,1-2.3,1.2-3,1.5-3.5,1.5-8,1/3,2-3,4-12,4-25,8-11,abaxially,abundant,along,annual,anther,appearance,basal,biennial,bright,broadly,brown,calyx,capitate,cm,conical,corolla,densely,diameter,elliptic,fruit,glabrous,glandular,globose,green,hair-like,herb,imparipinnate,inflorescence,interjected,interrupted,leaf,leaflet,length,lobe,long,mm,obovate,outgrowth,ovary,ovate,pale,pedicel,peduncle,perennial,petiole,petiolule,pubescence,pubescent,rarely,red,ripe,silky,size,sparsely,stellate,stem,stigma,style,surface,thick,trichome,tube,uniseriate,vein,velvety,white,wide,yellow	0.1-0.25,0.2,0.2-0.4,0.25-0.4,0.3-0.4,0.5-1,0.8,1,1-1.2,1-1.5,1-2-celled,1-3.5,1-4,1.5-2,1.5-5,2-4,2-8,2-locular,2.5-5,2/3,3,3-foliate,3/4,7-30,absen,absent,acuminate,acute,also,anthesi,apex,apical,appendage,articulation,base,basiscopically,bent,branch,cell,cente,column,common,cordate,crenate,decreasing,decurrent,dentate,distal,eaf,ebracteate,edicel,eed,eglandular,elongate,entire,erect,exserted,extended,extending,extremely,filament,flower,free,fruiting,generally,giving,gree,hal,head,hybrid,included,initially,internode,lanceolate,larger,largest,later,lateral,like,lon,lower,margin,maturation,mature,minute,minutely,mixture,multicellular,narrowly,nflorescence,northern,oblique,occasionally,often,once-branched,pair,parallel,part,patent,pedice,peruvian,point,population,portion,primary,procumbent,proximal,pseudostipule,putatively,rachi,range,reflexed,rest,robust,round-crenate,rounded,ruit,scattered,secondary,sessile,several,shaggy,short,simple,slightly,sometimes,somewhat,species,staminal,sterile,straight,strongly,tem,terminal,tertiary,testa,theseadpressed,thin,third,tip,toward,truncate,type,ud,unicellular,unit,usually,variable,viny,wall,way,winged,ympodial	0.8-5,adhesion,arrangement,colour,form,growth,height,history,life,na,plant,position,present,reproduction,rugulose,seed,shape,staman,texture,ye
612	wfo-0001030420	success	170	108	80	90	28	0.471	-30,-pubescent,0.5-,0.5-1,0.5-4,0.5-8,1-1.5,1-2,1-3,1-4,1-7.5,1.5-3,1.5-5,10-,15-25,2-14.5,2-3,2-5,2-9,4-7,5-,6-7,abaxially,acute,adaxially,also,apex,calyx,chartaceous,cm,connivent,deltate,densely,diameter,eglandular,ellipsoidal,elliptic-ovate,elongated,forked,fruit,glabrate,glabrous,glandular-,glandular-puberulent,hair,lanceolate,leaf,lobe,long,mm,moderately,often,ovate,pedicel,peduncle,petiole,pilose,puberulent,puberulent-pubescent,pubescent,pubescent-pilose,purple,rarely,shrub,simple,small,sparsely,stellate,stigma,style,subcoriaceous,tip,tree,truncate,tube,unbranched,unknown,vein,x,yellow	-2,-20,-35,-4,-9,1,1-,1-6,1/2,10-25,2-,2-6,3-7,3-lobed,4-foliat,5-15,5-6,7-19,7-22,7/8,absent,acuminate,aggregate,apart,ape,articulated,axe,basal,base,beyond,blade,cell,color,connective,cordate,cylindrical,dark,directed,distally,divided,eaf,eed,eglandular-pilo,eglandular-puberulent,entire,equal,exserted,flower,leaving,lobed,lon,lower,margin,midrib,narrowly,nearly,nflorescence,nther,obtuse,orolla,pedicellar,perfect,pinnately,pore,presen,pubescent-pilo,rachi,radiu,remnant,ripe,ruit,shorter,sinus,spaced,stamen,stone,tal,tem,thecae,time,tomento,triangular,truncat,ud,unit,unlobed,vary,wide,yello,ympodial	adhesion,anther,arrangement,colour,corolla,eglandular-pilose,form,growth,height,history,inflorescence,length,life,na,ovary,plant,position,present,pubescence,reproduction,rugulose,seed,shape,size,staman,stem,surface,texture
613	wfo-0001030426	success	158	121	91	67	30	0.576	-30,0.3-8,0.4-0.7,1-4.2,1.5-3,15-25,2,2-3,2.5-4,2.5-6,3-12,3-6,4-10,4-6.5,6-11.5,6-8,9,acute,apex,apical,apically,base,branched,calyx,cell,cm,connate,corolla,covering,cyme,decurrent,dehiscent,diameter,dichasial,dichasially,distal,elliptic-lanceolate,flower,forked,glandular,globose,green,green-white,hair-like,half,heart-shaped,herbaceous,honeycomb,interjected,introrse,lanceolate,lateral,leaf,leaflet,linear,long,maturing,mm,monochasial,mucilaginous,oblique,odd-pinnate,often,ovoid,pattern,pedicel,peduncle,perennial,perfect,petiole,pilose,plant,poricidally,rachi,rounded,seed,sessile,short,size,slit,spot,stellate,stigma,style,testal,thick,throughout,wall,white,wide,yellow	0.3-7,1-4,1.5-6.5,1.7-3.2,10,3-4,3-6-foliat,abaxially,absen,acumen,adaxially,apiculate,articulate,caudate,digestion,diminishing,dorsally,eaf,ebracteate,edge,eed,emoval,enzyme,exceeding,filament,flat,folded,generally,globo,gradually,larger,linear-lanceolate,linear-oblong,living,lobe,lon,lower,make,nflorescence,nther,oblong,obtuse,orolla,pair,pinnatifi,plan,proximal,reveal,ruit,second,seudostipule,specimen,stamen,straight,stripe,tal,tem,terminal,toward,tuber-bearing,typically,unit,vary,whit,without,ympodial,¼	absent,anther,arrangement,branching,colour,dehiscence,form,fruit,growth,height,history,inflorescence,length,life,maturation,na,number,ovary,position,presence,pubescence,reproduction,rugulose,shape,stem,surface,texture,tube,type,wet
614	wfo-0001030430	success	171	114	72	99	42	0.421	.2,0.25,0.5,abaxially,acute,anther,anthesi,apex,axillary,base,blade,blue,brittle,brown,calyx,capitate,clavate,cm,decurrent,densely,diameter,elliptic,equal,erect,flattened,fleshy,fruit,glabrous,globose,green,hair,indumentum,leaf,lobe,lobed,long,margin,mm,moderately,multicellular,oblong,occasionally,ovate,pair,pale,pedicel,peduncle,pentagonal,perennial,petiole,pitted,pubescent,purple,regularly,rounded,shallowly,shoot,shrub,simple,stigma,style,subglabrous,surface,terminal,tube,unifoliate,uniseriate,violet,white,woody,x,yellow	.5,0.3,0.4,0.5–12,0.6,0.6–0.8,0.6–1.0,0.8–3.0,0.8–5.6,0.9–1.0,0–20,1.0–1.2,1.0–1.5,1.0–2.0,1.2–2.0,1.3–8.0,1.4–1.5,1.5–1.7,1.6–1.8,1.8–5.0,12–20,12–30,1–3,1–9,2.0–3.0,2.0–4.2,2–3,3.0–4.5,30–200,3–17,3–24,3–4,3–5,3–8,5,5.5–12,5–10,5–6,6–10,abundant,adaxiall,adaxially,ag,apart,apical,appressed,articulated,axe,ba,basal,borne,branched,bud,cell,chartaceous,connivent,convex,cylindrical,dentate,diamete,eaf,eed,especially,few-seeded,filament,flower,geminat,lon,longitudinal,lower,m.,nflorescence,opening,orolla,perfect,pore,poricidal,present,ruit,serrate,shaped,side,slit,spaced,stone,straight,tal,tamen,tear-drop,tem,time,tip,toward,unit,vary,wide,ympodial,–2.7,–40	0-20,0.5-12,0.6-1.0,0.8-3.0,0.8-5.6,1.0-1.5,1.3-8.0,1.4-1.5,1.6-1.8,12-20,2.0-4.2,3-17,3-4,3-5,3-8,3.0-4.5,30-200,5-10,5-6,adhesion,arrangement,colour,corolla,form,growth,height,history,inflorescence,length,life,na,ovary,plant,position,pubescence,rugulose,seed,shape,size,staman,stem,texture
615	wfo-0001030441	invalid_json_followup	178	129	93	85	36	0.522	.5,0.5,0.5-1,0.5-3,1,1-1.4,1-2-celled,1.2-1.4,2,2-10,2-5.5,2.5,3-4,4-5,5-14,5-7.5,6-11,acuminate,acute,anther,apart,apex,attenuate,base,bright,c.,calyx,capitate,cell,closely,cm,corolla,decurrent,deltate,diameter,ellipsoid,elliptic,entire,flattened,fruiting,glabrous,glandular,globose,green,growth,irregularly,juicy,lateral,lobe,lobed,long,margin,membranous,minutely,mm,narrowly,occasionally,onto,otherwise,pale,papillose,pedicel,peduncle,petiole,plant,pubescent,red,reniform,scar,shrub,simple,slightly,spaced,spot,stem,stigma,style,surface,terminal,tip,triangular,trichome,tube,undulate,uniseriate,vine,violet,wall,way,white,wide,woody,yellow	+,0.5-0.75,1-1.5,1.5-2,10-40,2-3,30,5-6,5-7,5-merou,<,>,ag,along,alyx,anthesi,ark,articulated,berry,branched,brow,distall,eaf,eed,exerted,eye,filament,flexuous,flower,free,glabrou,glandula,hair,ilament,impressed,leaving,lengthening,lon,lower,making,many,markedly,midvein,new,nflorescence,older,open,orolla,pair,papillat,peg,per,perfect,pericarp,plurifoliat,pore,poricidal,portion,primary,reflexed,ridged,ripe,ruit,scandent,shiny,short,shrubby,slit,small,somewhat,spreadin,spreading,stellate,strongly,tem,thin,time,trailing,ud,unit,upper,usually,vary,vein,ympodial	'','hair,[,],``,adhesion,arrangement,brown,characteristic,colour,distally,form,fruit,height,hermaphroditic,history,inflorescence,leaf,length,life,na,ovary,perennial,position,pubescence,reproduction,rugulose,seed,shape,size,spacing,staman,texture,value,{,}
616	wfo-0001030444	success	196	107	81	115	26	0.413	0.15-0.8,0.8-2,1-10,1-2,1-4,1-5,1.1-2.7,1.2-1.8,11-45,2-8,2.3-3.6,2.4-3.8,3-10,3.7-6.8,4-17,4-7,5.3-9,6.1-12.8,7.1-17.5,9.4-20.1,acuminate,acute,anther,apex,attenuate,base,blue,brownish,ciliate,clavate,cm,condition,coriaceous,corolla,deep,diameter,dot,drying,elliptic,fresh,fruit,glabrous,green,greenish,herb,lanceolate,leaf,leaflet,lilac,lobe,long,margin,medium,mm,moniliform,odd-pinnate,ovate,ovoid,pair,pedicel,peduncle,pentagonal,petiole,plant,purple,ripe,rotate,rounded,seed,size,sometimes,stigma,style,terminal,tube,tuber,white,whitish,wide,x,yellow	0-24,1,2-3,2-6,3-5,4-39,5-merou,abaxiall,abaxially,acumen,adaxially,ag,along,alyx,apart,apparently,arranged,articulated,asymmetric,axe,axillary,basiscopic,bead,berry,blade,bud,capitat,cell,connivent,covering,dark,decreasing,digestion,distal,dorsally,eaf,edge,eed,enzyme,erec,exceeding,filament,flat,flower,folded,forked,geminat,general,generally,glabrou,green-white,hair-like,hal,half,high,homostylous,honeycomb-shaped,interjected,larger,lateral,lengthening,light,like,linear,living,lower,make,mucilaginous,multiple,narrow,necklace,nflorescence,orbicular,orolla,perfect,petiolulate,plurifoliate,pore,poricidal,removed,rough,ruit,sessile,seudostipule,shortly,side,slit,spaced,specimen,stamen,stolon,straight,subequal,subtending,symmetric,tall,tamen,tem,testal,thick,throughout,tip,tissue,touch,toward,tri-,typically,unit,unwinged,usually,vary,wall,wet,wing,ympodial	adhesion,arrangement,calyx,capitate,colour,form,growth,height,history,inflorescence,length,life,na,number,ovary,perennial,position,pseudostipule,pubescence,reproduction,rugulose,shape,staman,stem,surface,texture
617	wfo-0001030445	success	226	138	107	119	31	0.473	0.2,0.2-0.4,0.2-0.5,0.4,0.6-2.2,0.7,1-1.3,1-7,1.1-4.3,1.3,1.3-1.8,1.5-2.1,1.6-2,1.7-2.4,14,15-35,2.2-2.9,2.2-3.5,2.4-4.7,3.5-4.2,4.1-8.7,4.2-10,5.9-15,6.1-9.1,7.5-16,8.2-18,abaxial,abaxially,acuminate,acute,adaxially,anther,apex,around,base,black,blade,blunt-tipped,brown,brownish-yellow,bulbous-based,calyx,capitate,cm,corolla,decurrent,deltoid-reniform,diameter,drying,elliptic,elliptical,elongated,entire,ferruginous-granular,ferruginous-tomentose,flower,fruit,glabrate,glabrous,globose,green,greyish-tan,hair,homostylous,inserted,leaf,lobe,long,margin,mm,mostly,oblong,oblong-lanceolate,orange,orangish-tan,pedicel,peduncle,petiole,porrect-stellate,pseudoterminal,pubescence,ray,relatively,reniform,reticulate-punctate,semi-spherical,sessile,shrub,simple,small,somewhat,sparse,stellate,stem,stigma,style,subcampanulate,surface,thin,tomentose,tree,tube,white,x,yellow,yellowish,yellowish-tan	.1,.5,/5-2/3,0.1-0.7,0.2-0.7,0.3,0.5,0.6-3.5,0.8,1,1.3-2,1.8-3.5,10-14,10-16,2.1-5.2,3-5.4,3.1-5,3.4-5.6,5-125,5-merou,5.2-7.1,5.9-8.3,8.1-10,accrescent,ag,along,alyx,apart,appressed,articulated,axillary,bark,berry,blunt-tippe,branch,branched,bud,concentrated,cylindrical,directed,distally,eaf,earl,edge,eed,erect,exserted,ferruginous,filament,free,fruiting,geminate,glabrescen,high,intermediate,lackin,lateral,lengthening,lobed,lon,longitudinal,lower,m.,main,many,midrib,midvein,multangulat,multangulate,nflorescence,obovate,obscured,obtuse,older,open,orbicular,orolla,ovate,ovate-lanceolate,plurifoliate,pore,poricidal,porrect-stellat,pubescent,rachi,resorption,rounded,ruit,runk,side,slightly,slit,soon,spaced,sparsely,splitting,stalk,stamen,stout,sulcate,suture,tamen,thick,thick-textured,thicknes,thin-,time,tip,tissue,tomentum,unarme,unit,vary,vein,vestigial-rayed,way,wide,ympodial,young	5-merous,adhesion,arrangement,climate,colour,form,glabrescent,glandular,growth,height,history,inflorescence,length,life,midpoint,na,number,ovary,perennial,plant,position,presence,present,reproduction,rugulose,seed,shape,size,staman,stipe,texture
618	wfo-0001030447	success	276	125	95	181	30	0.344	.3,.5,0.2,0.2-0.4,0.5-0.65,0.5-10,0.7-1,0.8-3.5,1-1.5,1-2,1.8-2.5,1/3-2/3,2-4,2.2-2.8,2.5-6.5,3-4.5,3-5,6-10,6-8,6.5-9,7-8,abaxially,acute,anther,apex,apically,base,blade,calyx,chartaceous,clavate,cm,corolla,cuneate,cupular,deltate,densely,diameter,drying,equal,filiform,flattened-reniform,free,fruit,glabrous,globose,lateral,leaf,length,lobe,lobed,lower,margin,maturity,midpoint,midvein,mm,moderately,obconical,oblong,orange,orange-brown,orange-red,ovate,pale,pedicel,peduncle,petiole,purple,ray,red-brown,rounded,shallowly,shiny,shrub,simple,slender,smooth,sometimes,sparsely,stellate,stellate-pubescent,stem,stigma,stout,straw-yellow,style,surface,tapering,thin,tube,white,x,yellow,×	.2,/5,0,0.1,0.1-0.3,0.15-0.3,0.4-0.7,0.4-0.9,0.5,0.5-3,0.8-1.7,1,1-10,1-2.5,1-3,1-5,1-6,1.5,1.5-2.5,1.5-7,1/3,1/3-1/2,1/4-1/3,2.5-10,3,30-45°,4-8,5,5-15,5-merou,6,6-16,6-7,6-9,8,accrescent,adaxially,age,always,alyx,apar,apart,apical,apparently,armed,articulated,axe,bark,berry,beyond,branche,broad-deltate,c.,cell,characteristically,covering,curved,dark,development,difoliate,discolorous,distance,divided,eaf,eed,elongating,erect,exserted,extending,filament,fine,finely,finger-hair,flat,flattened,flower,fruiting,geminat,gently,glabrescent,herbaceous,infructescence,irregula,irregular,lengthening,less,long,long-ovoi,long-styled,longer,longitudinal,mature,minute,mostly,narrow-deltate,nflorescence,oblique,obtuse,often,older,one,open,opening,orange-translucent,orolla,oung,outline,pair,papillo,pendulous,per,perfect,pericarp,persisting,pit,point,pore,poricidal,porrect,portion,prickle,primary,pronounced,prostrate,pubescent,rachi,raised,reduced,rest,ri,ridge,ridged,ruit,scar,sessile,shallow,short-styled,shorter,shortly,side,sinus,slit,small,somewhat,spaced,sparse,spherical,spreading,stalk,stalked,straight,stump,subsessile,tamen,terete,terminal,tertiary,thick,throughout,time,tip,toward,translucent,trichome,ud,unarmed,unbranched,unequal,unit,usually,variously,vary,vein,venation,visible,weakly,wide,widest,woody,yellow-orange,ympodial	adhesion,arrangement,climate,colour,form,glandular,growth,hair,height,history,inflorescence,life,na,number,ovary,papillose,perennial,plant,position,presence,present,pubescence,reproduction,rugulose,seed,shape,size,staman,stipe,texture
619	wfo-0001030452	success	199	110	67	132	43	0.337	4,5,80,abaxially,acuminate,acute,adaxially,anther,apex,attenuate,base,blade,broadly,calyx,cm,cordate,diameter,dull,flower,free,fruit,glabrous,glandular-puberulent,globose,hair,half,leaf,lobe,margin,mature,minutely,mm,narrowly,nearly,opposite,orbicular,ovate,pedicel,petiole,pilose,proximal,pubescence,ray,reddish,shape,shrub,simple,sinuate,size,slightly,smooth,somewhat,stellate,stem,stigma,style,subopposite,surface,thin-textured,tip,triangular,truncate,tube,white,x,yellow,yellowish	.5–4.5,.6,0.1–0.4,0.2–0.3,0.4,0.6,0.7,0.8,1.2,1.2–1.6,1.5–3,100,10–15,1–1.3,1–2,1–3-celled,1–4,2,2.5–3,2.5–4,2.5–6,20–30,2–2.5,2–4,2–5.5,2–foliate,3,3.7–5.2,4–5-rayed,5–6,5–7,6–12,8–11,911,absent,accrescent,also,apparently,appressed,axe,black,broad,canthophora,capitat,central,collected,contiguou,counted,curved,cylindrical,deflexed,dense,developing,directed,distall,drying,eaf,eed,eglandular,enlarged,enlarging,f,filament,flattened,fruiting,fully,geminat,glabrou,gland-tipped,gland–tipped,gradually,herter,hig,hyaline,immature,imple,initially,internode,larger,less,lon,long,longer,lower,major,matur,maturity,moderately,nflorescence,numerous,often,one,orolla,per,pore,prickle,probably,pubescent,rachi,reflexed,ruit,sec,sessile,short,similar,small,sof,sometimes,sparse,sprawling,spreading,ste,stellae,straight,strongly,sulcate,tamen,tem,terete,thin–textured,toward,ultimately,uniform,unit,usual,various,vary,vein,wide,wing,ympodial,–9	-9,0.1-0.4,0.2-0.3,1-4,1.5-3,10-15,2-2.5,2-4,2.5-3,2.5-4.5,20-30,3.7-5.2,5-6,adhesion,arrangement,capitate,climate,colour,corolla,form,glandular,growth,height,history,inflorescence,length,life,midpoint,na,number,ovary,peduncle,perennial,plant,position,presence,present,reproduction,rugulose,seed,staman,stipe,texture
620	wfo-0001030453	success	127	102	69	58	33	0.543	.5,/4,0.8-1.5,1-1.3,1-1.5,1.5-1.6,1.5-2.5,3-3.5,4-5,9-14,abaxially,acuminate,acute,adaxially,anther,anthesi,apex,arachnoid,arachnoid-pubescent,attenuate,base,broadly,calyx,clavate,closely,cm,corolla,cup-shaped,dark,deflexed,divided,ellipsoid,elliptic,exserted,flat,glabrous,later,leaf,less,long,margin,mm,narrowly,nearly,occasionally,opposite,ovary,pedicel,petiole,poricidal,pubescent,rounded,scar,shiny,shrub,spaced,sparsely,stem,stigma,strongly,style,surface,tip,trichome,tube,way,white,wide,young	.25,0.25-0.5,9-12,along,axi,bark,delicate,deltate,dendritic,densely,dia,eaf,edicel,eed,especially,filament,fine,floccose,free,glabrate,know,known,lateral,lobe,lon,lower,main,middle,midrib,minute,minutely,near,nflorescence,older,overlappin,pair,papillat,papillose,planar,pore,portion,reddish,reddish-brow,ruit,shaped,simple,slender,soon,straight,tall,tear-drop,tub,ud,unifoliat,unit,vein,widest,ympodial	arrangement,bud,colour,deflexion,diameter,exsertion,form,fruit,growth,height,history,inflorescence,length,life,na,number,peduncle,perennial,plant,position,presence,pubescence,ray,reddish-brown,reproduction,rugulose,seed,shape,size,spacing,stellate,texture,unifoliate
621	wfo-0001030486	success	141	101	66	75	35	0.468	1-1.5,1-5,1.1-1.4,1.5-2,1.7-2,10-14.5,2-3,3-3.5,4-4.5,4-6.5,4.5-5,6-7,acute,anther,apex,base,brown,calyx,clavate,cm,completely,conical,corolla,dark,deltate,dia,dry,drying,elliptic,erect,fleshy,fresh,glabrous,globose,green,internodal,leaf,lobe,lobed,margin,material,minutely,mm,opposite,ovary,ovoid-reniform,papillose,pedicel,petiole,pitted,poricidal,shrub,size,slightly,small,stem,stigma,style,surface,tan,tip,treelet,tube,white,x,yellow-green	.5,0.8-2.2,1/2,1/4,10-12,2-5.5,3-5,3/4,5-8-flowered,abaxially,adaxially,anthesi,ba,bark,basal,beneath,berry,closely,clustered,deflexed,differing,difoliate,distal,eaf,edicel,eed,ellipsoid,exserted,f,filament,free,fruiting,geminat,inflorescenc,later,lateral,lon,long,lower,m.,main,major,middle,minor,nflorescence,older,overlapping,pair,pale,papillo,planar,pore,portion,reddish,ruit,scar,shaped,shin,simple,spaced,stout,tall,tapering,tear-drop,thickened,tub,ud,unit,usually,vein,way,widest,woody,ympodial,young	adhesion,alternate,arrangement,blade,climate,colour,diameter,form,fruit,glandular,growth,hair,height,history,inflorescence,length,life,midpoint,na,number,peduncle,perennial,plant,position,presence,pubescence,ray,reproduction,rugulose,seed,shape,staman,stellate,stipe,texture
622	wfo-0001030489	success	196	146	112	84	34	0.571	-6.5,0.25-0.4,0.5-3,0.6-0.9,0.75-0.9,0.9-1.1,1-1.3,1-3,1.1-1.3,1.2-1.5,1.2-1.6,1.7-2,1.75-2,1.9-2.6,12-24,2.1-2.9,3-8,4-8,5,6-8,7-15,abaxially,abruptly,acute,adaxially,anther,apart,apex,appressed,appressed-pubescent,articulated,attenuate,base,becoming,berry,blade,blunt-tipped,broadly,brown,calyx,chartaceous,cinereous,closely,cm,conical,corolla,deltoid,densely,diameter,echinoid,elliptic,entire,fleshy,flower,fruit,glabrate,greenish,growth,hair,high,honeycombed,inserted,lateral,leaf,length,lobe,long-acuminate,margin,minute,minutely,mm,mostly,multangulate,narrowly,oblong,obtuse,ovate,ovate-lanceolate,pedicel,peduncle,petiole,porrect-stellate,probably,pseudo-terminal,pubescent,pulverulent,reniform,reticulate-punctate,ripe,short,shrub,simple,small,somewhat,spaced,sparse,stellate-pubescent,stellate-rotate,stem,stigma,style,subcampanulate,subglobose,suborbicular,tomentose,toward,tree,tube,white,x,yellow,yellowish	.5-2.8,.5-3,.75-5.25,1-3.75,1.6-2.1,1/3-1/2,1/5-1/2,100,3-6,4.5-9,5-6,absen,acuminate,adaxiall,ag,anthesi,apical-lateral,apparently,axe,axillary,ba,bark,branch,branched,bud,continued,cylindrical,dehiscing,dichotomously,due,eaf,echinoi,eed,elongate,filament,free,glabrous,globose,introrse,large,lobed,long,long-exserted,longitudinal,lower,main,midvein,nflorescence,older,orolla,pale,perfect,plurifoliate,pore,puberulent,pulverulen,rachi,ruit,runk,sessile,several,short-stalked,side,slender,slit,smooth,sparingly,subcapitat,tamen,terete,testa,thick,time,turn,unarme,unarmed,unit,usually,vary,vein,way,wide,ympodial,young	adhesion,arrangement,climate,colour,form,glandular,height,history,inflorescence,life,midpoint,na,number,ovary,perennial,plant,position,presence,present,pubescence,ray,reproduction,rugulose,seed,shape,size,sparingy,staman,stellate,stipe,subcapitate,surface,texture,unknown
623	wfo-0001030492	success	221	121	95	126	26	0.43	.1,.5,0.1-0.5,0.25-0.5,1-1.5,1.5-2,1.5-6,10-35+,15-20,2,2-3,2-4,2-5,3-10,3-8,4,4-6,4-8,5-30+,5-7,9-11,?,abaxially,acute,adaxially,anther,apart,apex,articulated,base,blade,brown,calyx,caudate-acuminate,chartaceous,cm,coarsely,connivent,densely,diameter,elliptic,entire,extra-axillary,ferruginous-pubescent,flattened,flower,fruit,fully,glabrous,glandular,glandular-puberulent,globose,green,leaf,light,lobe,margin,maturity,mm,moderately,near,ovate,pedicel,peduncle,perhaps,petiole,pinnatifid,plant,pubescent,ray,ripe,shape,shrub,simple,size,small,spaced,sparsely,stellate,stellate-pubescent,stem,stigma,style,subcordate,surface,tapered,tip,toothed,tree,truncate,tube,white,x,yellow,yellowish	-2,0.1-1,0.3-0.5,0.5-1,1,1-8,1.5,10,10-50+,12-25,2-2.5,25-50+,3-5,3-7,30-40+,4-7,5-6,7-18,accrescent,adaxiall,also,apparently,armed,axe,ba,branched,broad-based,capitat,coarse,covering,cylindrical,deeply,difoliate,directed,distall,divided,eaf,eed,eglandular,emerging,erect,female-sterile,ferruginous,filament,first,forked,frui,fruiting,geminat,gland,hair,halfway,held,interpetalar,juvenile,lanceolate,larger,later,lateral,less,like,lobed,lon,long,longer,lower,lowering,major,midpoint,midrib,midvein,minutely,mostly,much,narrow,nearly,nflorescence,oblique,occasionally,often,orolla,pair,part,perfect,pitted,pore,prickle,rachi,rectangular,recurved,ruit,rusty,scattered,sessile,short,short-stalked,shorter,similar,sinus,slightly,sometimes,somewhat,sparse,splitting,sprout,stalk,ste,stellae,straight,tal,tamen,time,tissue,unarmed,unbranched,uniform,unit,upper,uprigh,vary,vein,wide,woody,ympodial,younger,youngest	adhesion,arrangement,capitate,colour,corolla,form,growth,height,history,inflorescence,length,life,na,number,ovary,perennial,position,presence,present,pubescence,reproduction,rugulose,seed,staman,stipe,texture
624	wfo-0001030509	success	220	118	90	130	28	0.409	0-5,0.2,0.3-2.5,0.8-1.2,1-1.5,1-2,1-4,1.3-2,1/4,2-2.5,2-4.2,2-4.5,2-6,2.8-3,2/3-3/4,4.5-12,4.5-8,7-9,8-16,abaxially,andromonoecious,anther,apex,base,berry,blade,calyx,chartaceous,cm,connivent,cordate,cream,cuneate,dark,densely,diameter,entire,equal,flattened-reniform,fruit,green,herb,lateral,leaf,length,lobe,lobed,long,lower,margin,marking,maturity,mauve,mm,moderately,narrow-deltate,narrow-oblong,obtuse,orange,orange-brown,ovate,pale,pedicel,peduncle,petiole,plant,poricidal,purple,ray,rounded,shrub,simple,smooth,sometimes,sparsely,spherical,stellate,stellate-pubescent,stem,style,surface,tapering,terminal,tip,tube,way,weakly,wide,yellow,young	-10,-2,-6,/3,0,0-0.3,0-100,0-15,0-3,0.1,0.1-0.2,0.1-0.25,0.1-0.3,0.5-1.5,0.6-1,0.8-4,1,1-3,1-6,1.5-2,1.7-2,1/,1/3-2/3,2-3,3-10,3-4,4.5-10,5-10,5-merous,7-15,alyx,apar,apart,apical,apically,apparently,articulated,bark,becoming,broad-deltate,brow,curved,difoliate,discolorous,distal,distance,drying,eaf,eed,elongating,erect,extending,eye,filament,flower,free,fruiting,geminat,glabrescent,glabrous,gland,globular,gray,half,herbaceous,hermaphrodite,heterostylous,inflated,infructescence,long-acuminat,long-styled,longer,lowermost,mature,midpoint,midvein,naked,nflorescence,occasional,occasionally,often,older,one,open,orolla,oung,pair,pendulous,per,pericarp,perpendicular,porrect,portion,prickle,prickly,primary,reduced,ruit,scar,short-styled,shorte,shorter,side,slender,spaced,spreading,stalk,stalked,staminat,straight,subsessile,tamen,terete,tertiary,time,trichome,unarme,unarmed,unbranched,unit,upper,usually,variously,vary,vein,venation,visible,woody,yellow-green,ympodial	adhesion,arrangement,colour,corolla,form,glandular,growth,hair,height,history,inflorescence,life,na,number,ovary,perennial,position,presence,present,pubescence,reproduction,seed,shape,size,staman,stigma,stipe,texture
625	wfo-0001030511	success	166	111	81	85	30	0.488	-6,.5,0.1-0.15,0.4-0.5,0.5,0.5-0.6,0.5-1,0.8-1,1.5,1.5-4,4-7,5-9,anther,apex,attenuate,base,bright,calyx,cm,conical,corolla,deltate,densely,diameter,entire,flattened,glabrous,globose,growth,inflorescence,internodal,lanceolate,leaf,less,like,linear,lobe,lobed,long,margin,membranous,midpoint,minute,minutely,mm,nearly,ovary,pale,pedicel,peduncle,petiole,plant,poricidal,porrect,pubescent,ray,red,reniform,ripe,rounded,sessile,shiny,shrub,simple,sparsely,stellate,stem,stigma,style,surface,tan,tapering,thin,tip,triangular,trichome,tube,violet,white,x,yellowish	0.1,1,1-2,4-8,4-merous,5-7,6-8,?,abaxially,absent,acicular,adaxially,almost,along,also,anthesi,arising,articulated,barely,bark,berry,brow,cell,closely,curved,deeply,difoliate,eaf,eed,either,ellipsoid,erect,especially,exserted,filament,filiform,flower,free,fruiting,geminat,leave,lengthening,lower,midrib,midvein,new,nflorescence,noddin,nodding,older,overlappin,pair,papillo,per,perfect,pericarp,pitted,planar,pore,portion,prickle,prickly,primary,rarely,rest,ruit,scar,short-stalked,sinuate,sometimes,spaced,strongly,tall,testal,toward,ud,unit,upper,vein,visible,woody,yellow,ympodial,½,¾	adhesion,arrangement,blade,climate,colour,form,fruit,glandular,hair,height,hermaphroditic,history,length,life,na,number,papillose,perennial,position,presence,pubescence,reproduction,rugulose,seed,shape,size,staman,stipe,texture,ye
626	wfo-0001030516	invalid_json	172	99	68	104	31	0.395	0.4-1.5,1-7,1.1-3.5,1.1-4.1,1.5-2,1.8-2.4,3-8,3-9.8,4-22,4-6,4-7,4.2-10.7,6-15,8-9,9-22,abaxially,adaxially,calyx,cm,connate,corolla,covered,darker,densely,diameter,distal,elliptical,gland,globose,green,green-white,hair,half,herbaceous,interjected,lateral,leaf,leaflet,light,long,mm,odd-pinnate,ovate,ovoid,pedicel,peduncle,pentagonal,perennial,petiole,pilose,plant,puberulent,pubescent,rotate,seed,short-stalked,size,slightly,sometimes,spreading,stigma,stripe,style,terminal,throughout,triangular,wide,yellow	1-2.5,1-4,1.7,2-12,2-2.,2-3,2-4,3-6,3-6-foliat,4-4,9-32,acumen,acuminate,acute,apex,apical,apically,articulate,base,branched,cell,cordate,covering,cuneate,cyme,decurrent,dehiscent,dichasial,dichasially,digestion,diminished,dorsally,eaf,ebracteate,edge,eed,emoval,enzyme,exceeding,filament,first,flat,flower,folded,forked,generally,globo,gradually,hair-like,honeycomb,introrse,less,living,lobe,lon,long-attenuate,longer,lower,lunat,make,maturing,monochasial,mucilaginous,nflorescence,nther,oblique,often,orolla,outline,pair,pattern,perfect,plan,poricidally,proximal,rarely,reveal,ruit,second,sessile,seudostipule,short,short-petiolate,slit,specimen,stamen,straight,tal,tem,testal,thick,time,toward,triangulat,tuber-bearing,type,typically,unit,vary,wall,whit,ympodial,¼,’	'','type,2-21,[,],``,anther,arrangement,characteristic,colour,form,fruit,growth,height,history,inflorescence,length,life,na,number,ovary,position,pubescence,reproduction,shape,stem,texture,value,white,{,}
627	wfo-0001030522	success	192	118	89	103	29	0.464	-4,-8,0.3-0.7,0.5-0.6,0.7,1,1-1.4,1-1.5,1.7-3,2-lobed,2.5-6,3,3-4.5,3-5,4,4-9,7-10,abaxially,absent,acute,adaxially,almost,anther,apex,base,berry,brown,calyx,cm,completely,cordate,corolla,cup-shaped,dark,densely,diameter,dioecious,elliptic,entire,flattened,fleshy,fruit,glabrous,globose,green,growth,inflorescence,internodal,leaf,lobe,lobed,margin,membranous,midpoint,minutely,mm,obtuse,orange,orbicular,ovary,ovate,pedicel,petiole,pitted,plant,poricidal,porrect,pubescence,pubescent,ray,reddish,reniform,ripening,rounded,sessile,shrub,small,stellate,stem,stigma,style,surface,tip,treelet,trichome,tube,vestigial,white,x	.2,.5,.7,/4,0,0.05-0.15,0.3-0.4,0.5,0.5-1,0.9-1.3,1-5-2,1.5,2,2.5-2.8,20-30,3-4,4-10,5-10,6-7,also,anthesi,apart,armed,articulated,ba,bark,bearing,broad-based,brow,cell,conical,consisting,darker,dense,diamete,difoliate,directed,eaf,eed,ellipsoid,erect,female,filament,flower,free,fruiting,geminat,impressed,included,irregularly,juvenile,lamina,le,less,like,lon,long,lower,male,mature,minute,mixture,new,nflorescence,notably,oblique,obscured,occasionally,often,pair,per,pericarp,pistillate,planar,pollen-bearing,pore,portion,prickle,primary,ruit,scar,shallowly,short-stalked,single,somewhat,sparsely,sparser,staminate,straight,testal,thin,toward,ud,unarmed,unisexual,unit,upper,upwardly,usually,vein,way,woody,ynpodial	0.2,adhesion,alternate,arrangement,blade,climate,colour,form,glandular,hair,height,history,length,life,na,number,peduncle,perennial,position,presence,present,reproduction,rugulose,seed,shape,size,staman,stipe,texture
628	wfo-0001030551	success	167	121	83	84	38	0.497	-12,-30,0.5-1,0.6-1.5,1-,1-2,1-2.5,1-3.5,1-4,1-5,1.5-2.5,10-20,2,2-3,2-6,20-25,3-12,3-5,3-8,4-5,abaxially,acuminate,acute,adaxially,adpressed,also,apart,apex,articulated,base,blade,blue,calyx,campanulate,chartaceous,cm,concave,cordate,densely,diameter,entire,fading,fruit,glabrous,glandular-puberulent,globose,hair,lanceolate,leaving,lobe,long,margin,mm,moderately,oblong-fusiform,often,ovate,ovate-elliptic,papillose,pedicel,pedicellar,peduncle,perfect,petiole,puberulent,pubescent-pilose,remnant,shrub,simple,spaced,sparsely,stellate,stigma,style,subcoriaceous,triangular-elliptic,truncate,tube,unbranched,unknown,violet,x,yellowish	-5,0-2,1,1-10,1.5-,10-40,13.,2.5-4,2.5-5,3-,4-,4-7,4-foliat,5-17,5-6,9-20,abruptly,absent,aggregate,ape,axe,basal,beyond,bilobe,broad,cell,clavate,color,connective,dia,dilated,directed,distally,eaf,ed,ellipsoidal,equal,et,exceeding,exserted,fleshy,flower,laterally,lon,lower,martinelli,narrow,narrowed,narrowly,nflorescence,nther,obtuse,orolla,ovoid,pilose,pore,puberulen,puberulent-pubescent,pubescent-pilo,rachi,radiu,ripe,round,ruit,seen,shorter,slightly,small,stamen,stone,tal,tem,thecae,time,tip,tomento,triangular,ud,unit,unknow,vary,wide,widening,ympodial	1.5-2.5-5,4-6,adhesion,anther,arrangement,bilobed,climate,colour,corolla,form,glandular,growth,height,history,inflorescence,leaf,length,life,midpoint,na,number,ovary,perennial,plant,position,presence,pubescence,ray,reproduction,rugulose,seed,shape,size,staman,stem,stipe,surface,texture
629	wfo-0001030570	success	173	105	69	104	36	0.399	0.3-0.5,1-3,1-4,1-8,10-25,2-3,2-5,2-8,2.5-22,3-10,3-5,3-6,3.5-5,4-25,4-5,4-7,abaxially,acuminate,acute,adaxially,apex,base,blade,calyx,campanulate,cm,cordate,cylindrical,diameter,ellipsoidal,elliptic-oblong,entire,flattened,fruit,glabrous,glandular-puberulent,globose,green,hair,lanceolate,leaf,lobe,lobed,margin,mm,narrowly,ovate,pedicel,peduncle,petiole,pilose,pinnately,purplish,rounded,simple,sparsely,stellate,stigma,style,subcoriaceous,tree,triangular,truncate,tube,unknown,vein,white,x,yellow	-1,.3-0.5,0-,0.5-,0.5-1,1,1-,1-1.5,1-2,1-5,1.5,1.5-2.5,1/2,10-17,15-20,15-35,2-2.5,2-4,2-7,2-7-lobed,20-30,4-foliat,4/5,5-,8-,absent,aggregate,apart,ape,apiculate,articulated,axe,basal,beyond,cell,color,connective,connivent,dilated,directed,distally,divided,eaf,eed,eglandular,exceeding,exserted,fleshy,flower,forked,glabrat,leaving,lon,long,lower,midrib,near,nflorescence,nther,obtuse,occasionally,often,orolla,ovoid,pedicellar,perfect,pilo,pore,presen,pubescent,punctate,purpl,rachi,radiu,rarely,remnant,ripe,rugose,ruit,shorter,sinus,slightly,small,sometimes,somewhat,spaced,stamen,stone,submarginally,tal,tem,thecae,time,tip,tomento,truncat,ud,unbranched,unequal,unit,unlobed,vary,wide,ympodial	adhesion,anther,arrangement,climate,colour,corolla,form,glandular,growth,height,hermaphroditic,history,inflorescence,length,life,midpoint,na,number,ovary,perennial,plant,position,presence,present,pubescence,ray,reproduction,rugulose,seed,shape,size,staman,stem,stipe,surface,texture
630	wfo-0001030580	success	230	115	65	165	50	0.283	1/3,2,abaxially,acute,adaxially,adnate,anther,apex,appearing,attenuate,base,black,blade,brown,bud,calyx,chartaceous,cm,corolla,deltoid,densely,diameter,elliptic,entire,extra-axillary,ferruginous,flattened-orbicular,flattened-reniform,fruit,glabrous,globose,hair,lateral,leaf,lobe,lower,margin,midpoint,mm,moderately,nearly,ovate,pedicel,petiole,porrect,pubescent,ray,rounded,scattered,sessile,shrub,simple,sparsely,stellae,stellate,stem,stigma,straight,style,surface,truncate,tube,unarmed,white,yellow	.0,.0–6.2,.2,.3,.5,.7,/2,/3,0.2–0.3,0.3–0.4,0.3–0.7,0.4–0.5,0.4–0.7,0.6–1.1,0.6–2.1,0.7–0.8,0.9–1.2,1.2–1.5,1.3–1.5,1.3–3.0,1.5–,1.5–2.0,1.5–4.0,1.5–9.0,1.6–1.8,1.6–2.5,1.7–1.8,1–2,2.0–2.2,2.0–3.1,2.3–5.5,3,3.7–5.4,3–5,4–6,4–8,5-merou,5–5.4,6–8,8.3–10.0,ag,along,alyx,anthesi,apical,apparently,appresse,arching,area,around,articulate,attachment,ba,becoming,berry,broad,brochidodromous,capitat,caudate,central,channeled,connivent,curved,dentate,developed,difoliate,directed,distal,distally,distinct,dramatically,dry,eaf,edge,eed,either,emerging,endocarp,erect,exocarp,extending,fertile,filament,filiform,flat,flexed,flower,free,geminat,glabrescent,glossy,gradually,homostylous,increasing,indistinct,inter-sepalar,internode,interpetalar,intersepalar,juic,laying,lon,long,longer,mainly,many,mature,middle,midrib,midvein,minute,much,nflorescence,notched,oblong,orolla,per,perforate,persistent,pitted,point,pore,portion,potentially,probably,raised,ruit,sepal,side,sinus,slightly,smoot,smooth,sometimes,splitting,spread,stamen,stellate-pubescent,strongly,suture,tamen,tardily,tem,thin,though,time,tip,tissue,toward,translucent,typically,ud,unit,vary,vein,weakly,well,wide,ympodial,young,±90°,±aequilateral,×,–2.5,–8	0.2-0.3,0.3,0.3-0.4,0.3-0.7,0.4-0.7,1.0,1.3-3.0,1.5-2.0,1.5-4.0,1.5-9.0,1.6-1.8,2.0,2.0-2.2,3.7-5.4,4-6,4-8,7.0,8,adhesion,age,arrangement,capitate,climate,colour,form,glandular,growth,height,history,inflorescence,length,life,na,number,ovary,peduncle,perennial,plant,position,presence,pubescence,reproduction,rugulose,seed,shape,size,staman,stipe,texture,ye
631	wfo-0001030581	success	187	132	97	90	35	0.519	.3,.5,1-4-celled,abaxial,abaxially,acute,adaxially,aggregate,along,angle,angled,anther,apex,appressed,basal,base,berry,black,bright,calyx,capitate,cell,central,clustered,cm,conical,corolla,densely,diameter,ellipsoid,elliptic,entire,filament,flattened-reniform,fruit,glabrous,globose,green,growth,herb,inflorescence,intermodal,lacking,lateral,leaf,less,like,live,lobe,long,margin,markedly,maturity,minute,minutely,mm,near,new,occasionally,often,ovary,ovate,pedicel,peduncle,petiole,pitted,plant,portion,pubescent,purplish,ridge,ripe,rounded,shallow,shiny,simple,somewhat,sparsely,stellate,stem,stigma,stone,style,surface,tangled,terete,third,translucent,trichome,tube,turning,uniseriate,upper,white,wide,yellow,yellowish	0.2–0.8,0.4–0.6,0.4–1.6,0.5,0.5–0.7,0.5–2.5,0.6–0.7,0.7–0.8,0.9–1,1,1.2–1.5,1.8–8,1–2,1–2-celled,1–2.5,1–4-celled,2,20–50,2–3-celled,35–45,3–4,3–5,4.5–12,4–7,4–9,5-merous,5–6,5–8,9,adaxial,anthesi,apar,articulated,becoming,beyond,branched,cone,decurrent,denser,difoliate,drop,eaf,eed,exserted,florescence,flower,free,fruiting,geminat,halfway,individual,later,leave,lobed,lon,lower,narrowly,once-branched,outline,pair,papillate,pentagonal,per,perfect,primary,rachi,reflexe,reflexed,remaining,ruit,scar,shorter,slightly,spaced,sprawlin,spreading,straight,strongly,tall,tem,testal,ud,unit,usually,vein,winged,woody,ympodial,–15,–5	-15,-5,0.2-0.8,0.4-1.6,0.5-0.7,0.5-2.5,0.6-0.7,0.9-1,1-2-celled,1-2.5,1.2-1.5,1.8-8,2-3-celled,20-50,3-4,4-9,4.5-12,5-6,arrangement,colour,form,height,history,length,life,na,perennial,position,pubescence,reproduction,rugulose,seed,shape,size,texture
632	wfo-0001030582	success	190	105	57	133	48	0.3	.5,0.1,1.5,acute,anther,apex,attenuate,base,blade,blue,brown,cm,cordate,diameter,entire,evenly,flattened-reniform,fruit,glabrous,globose,hair,lateral,leaf,light,linear-attenuate,lobe,margin,midpoint,mm,moderately,narrowly,obscurely,orange,ovate-lanceolate,pedicel,peduncle,petiole,red,rounded,shrub,simple,sinuate,sparsely,stellate-pentagonal,stellate-tomentose,stem,stigma,stipe,style,surface,terminal,thick-chartaceous,tomentose,triangular,tube,yellow,×	.1,0,0.2,0.4,0.4–0.5,0.4–1,0.6,0.8–1,1.4–2,1.5–3,10,10–12,12,1–1.5,2.5–3,2–10-branched,2–2.5,2–4.5,3.5–9.5,3–3.2,3–3.5,3–5,4–4.5,4–9-rayed,5,5-merou,5–8,6–8-rayed,7–11,7–20,abaxially,adaxiall,adaxially,age,alyx,apart,apparently,articulated,axe,ba,becoming,branch,branched,broad,c.,capitat,caudate,closely,dark,densely,dichotomously,directed,distall,eaf,eed,ellipsoid,except,extra-axillary,filament,filiform,finely,flower,free,geminat,glabrescent,gland-tipped,homostylous,initially,internode,interpetalar,larger,later,lea,less,lighter-colored,like,lon,long,lower,maturit,midzone,minute,minutely,nearly,nflorescence,numerous,often,orolla,overtopped,ovoid,part,per,perfect,pitted,plurifoliate,pore,principal,probably,ripe,ruit,sessile,shiny,short,short-stipitate,side,sinus,slender,somewhat,soon,spaced,splitting,stellae,stellate-tomento,tall,taller,tamen,tardily,tem,tip,tissue,truncate,ud,ultimate,unarme,unarmed,underside,vary,vein,visible,well-developed,wide,ympodia,young	0.4-0.5,0.4-1,0.8-1,1-1.5,1.4-2,10-12,2-2.5,2-4.5,3-3.2,3.5-9.5,4-4.5,4-9,6-8,7-11,7-20,adhesion,arrangement,calyx,capitate,climate,colour,corolla,form,glandular,growth,height,history,inflorescence,length,life,na,number,ovary,perennial,plant,position,presence,pubescence,ray,reproduction,rugulose,seed,shape,size,staman,stellate,texture,ye
633	wfo-0001030583	success	166	121	89	77	32	0.536	.5,0.1-0.5,0.2-1,0.3-1,0.7-4.5,1,1-1.5,1-2,1.5-4,1/2,2.5,2.5-3,2.5-9,3-4,3/4,5-6,abaxial,abaxially,acute,adaxially,anther,apex,base,calyx,cm,conical,corolla,crisped,cultivar,cultivated,dark,deep,dendritic,densely,elliptic,especially,flattened-reniform,form,fruit,glabrous,globose,golden,green,immature,incrassate,irregular,leaf,live,lobe,lobed,long,long-triangular,margin,minutely,mm,narrowly,occasionally,opposite,orange-red,ovary,pale,papery,papillose,pedicel,petiole,pitted,plant,pubescent,ripe,rounded,shaped,shrub,size,small-capitate,spathulate,stem,stigma,style,surface,tan,tear-drop,thin,tip,trichome,tube,way,white,x,yellow	.2,0.4-2.7,0.5-1,0.8-1,0.9-3.5,1-8,4-6,5-7,6-7,along,anthesi,ba,bark,berry,brow,cell,closely,corky,deflexed,dia,differing,difoliate,dry,eaf,edicel,eed,ellipsoid,enlarged,erect,filament,flower,free,frui,fruiting,geminat,included,lateral,leave,like,lon,long-rectangular,lower,main,major,midvein,minor,nflorescence,often,older,outline,overlapping,pair,papillo,pericarp,planar,pore,poricidal,portion,prostrate,rest,ruit,scar,simple,small,soon,spaced,specimen,stout,tall,testal,ud,uniseriate,unit,vein,woody,ympodial,young	adhesion,arrangement,blade,brown,climate,colour,diameter,glandular,growth,hair,height,history,inflorescence,length,life,midpoint,na,number,peduncle,perennial,position,presence,pubescence,ray,reproduction,rugulose,seed,shape,staman,stellate,stipe,texture
634	wfo-0001030605	success	144	121	86	58	35	0.597	.4,.5,0.3-0.5,1,1-4,1.5-2,1.5-5.5,1.7,2,2-3,2.5,5-12.5,7,acute,adaxially,almost,along,anther,apex,area,attenuate,base,brown,calyx,cm,commonly,conical,coriaceous,corolla,cylindrical,dark,dendritic-echinoid,dia,difoliate,dry,glabrate,glabrous,globose,green,growth,inflorescence,internodal,leaf,less,lobe,lobed,margin,material,minutely,mm,nearly,obovate,obtuse,occasionally,opposite,ovary,ovate,ovoid-reniform,pedicel,peduncle,petiole,pore,poricidal,pubescent,revolute,rounded,scattered,shaped,shiny,shrub,slightly,smooth,sparsely,stigma,style,surface,tear-drop,thickened,tip,trichome,tube,unifoliate,vein,way,white,x	0.1,1/3-1/2,12-19-flowered,abaxially,anthesi,apart,ape,apical,beginning,beneath,berry,branch,branched,cinereous,covered,deflexed,densely,drying,eaf,edicel,eed,ellipsoid,entire,exerted,filament,free,fruiting,geminat,gold,inflorescenc,light,long,lower,midrib,new,nflorescence,olive,otherwise,overlapping,papillate,papillosefruit,pitted,portion,rarely,reflexed,scar,simple,slender,somewhat,soon,sparesly,tinged,tub,ud,unit,woody,yellow,ympodial	adhesion,arrangement,blade,climate,colour,diameter,form,fruit,geminate,glandular,hair,height,history,length,life,midpoint,na,number,papillose,perennial,plant,position,presence,pubescence,ray,reproduction,rugulose,seed,shape,size,staman,stellate,stem,stipe,texture
635	wfo-0001030611	success	217	123	92	125	31	0.424	-35,0,0-0.5,0.1-0.3,0.5,0.5-1.5,1.5-10,1.5-2,1.5-3,2,2-3.5,2-4,2-6,2-7,2.2-2.5,3.5-5.5,4-5,4-8,5-8,7-25,9-30,abaxially,acute,adaxially,anther,apex,articulated,base,blade,blunt-tipped,broadly,calyx,campanulate,cm,coarsely,connate,deltoid,dentate,development,diameter,elliptic,elongated,erect,felty-pubescent,finally,flower,fruit,glabrous,globose,hair,inflorescence,leaf-opposed,length,lenticular,lobe,margin,midpoint,minutely,mm,oblong-tapering,obtuse,orange,outline,ovate,pedicel,peduncle,perennial,petiole,pitted,present,pubescent,ray,resembling,ripe,simple,slightly,spreading,spreading-hirsute,stellate,stellate-pubescent,stigma,style,surface,tan,thin-textured,truncate,tube,white,whitish,x,yellow,yellow-orange	-1.3,0.5-2.5,0.7-1.5,1,1-2,1-3,1/4-1/3,12-10,12-15,15,1mm,2-foliate,3,3-4,3-5,4-6,5-10,5-15,6-9,abaxiall,acicular,adaxiall,along,apart,appearing,attenuate,axe,ba,basally,branched,capitat,cauline,commonly,composed,connivent,crowded,cylindrical,densely,depressed-deltoid,directed,distal,distally,divergently,eaf,eed,elongate,entire,equaling,exceeding,female-sterile,filament,flesh,free,geminat,glabrou,glandula,hermaphroditic,inserted,interlaced,interlobal,intermixed,lacking,larger,lateral,less,light,lon,long,long-stalked,longer,longest,lower,main,midrib,midvein,much,nflorescence,numerous,often,one,orolla,ovate-lanceolate,part,per,pore,predominantly,prickle,principal,prominent,rachi,radiu,reduced,round-tipped,ruit,section,sessile,short,short-stalked,short-styled,side,sinus,small,sometimes,somewhat,spaced,stalk,ste,stellae,stellate-woolly,stipitate,suffrutescent,tal,tamen,tem,termination,time,unarmed,unbranched,unit,usually,vary,vein,wide,widely,ympodial	adhesion,arrangement,capitate,climate,colour,corolla,dense,dioecious,form,glandular,growth,height,history,leaf,life,na,number,ovary,plant,position,presence,pubescence,reproduction,rugulose,seed,shape,size,staman,stem,stipe,texture
636	wfo-0001030624	success	170	140	100	70	40	0.588	.5,0.5,0.5-1.5,0.9-1,1-3,1.2-1.8,1.2-2,1.5-2,2,2-10,2.5-5.5,3,3-3.5,3.5-4,6-13,acute,anther,anthesi,apart,apex,apiculate,appearing,attenuate,axil,bark,base,beginning,calyx,cell,clavate,cm,corolla,dia,dry,ellipsoid,elliptic,exserted,falcate,filament,flattened-reniform,fruiting,glabrate,glabrous,glandular,globose,green,greyish,hyaline,large,later,lateral,leaf,like,lobe,lobed,long,longitudinally,main,margin,material,minutely,mm,narrowly,near,nearly,opposite,ovary,pedicel,petiole,pitted,planar,pore,puberulent,remaining,round,scar,shining,short,shrub,size,small,soon,square,stem,stigma,style,surface,tapering,thickened,tip,tree,tube,two,vein,wall,white,x,yellowish,yellowish-green,young	.25,0.5-1,2-3,25-40-flowered,4.5-8,7-9,ba,berry,branch,caly,decurrent,deflexed,differing,difoliate,dimorphic,distal,eaf,edicel,eed,end,erect,except,expanded,extreme,free,furcate,geminat,incrassate,inflorescenc,lon,lower,major,middle,midrib,minor,nflorescence,occasionally,older,one,outer,pair,pale,papillose,poricidal,portion,prominent,raised,rugo,ruit,simple,slender,slightly,somewhat,spaced,straight,tall,three,ti,trichome,trunk,tuft,ud,unevenly,uniseriate,unit,widest,woody,yellow,yellowish-grey,ympodial	1,1.5,7,adhesion,arrangement,blade,bud,climate,colour,diameter,exsertion,form,fruit,growth,hair,height,history,inflorescence,length,life,midpoint,na,number,peduncle,perennial,plant,position,presence,pubescence,ray,reproduction,rugose,rugulose,seed,shape,spacing,staman,stellate,stipe,texture
637	wfo-0001030628	success	229	126	84	145	42	0.367	.1,.5,1,4,adaxially,age,andromonoecious,anther,apart,articulated,base,becoming,brown,calyx,capitate,chartaceous,cm,congested,connivent,densely,diameter,ellipsoidal,elliptical,extra-axillary,flattened,flower,fruit,glabrous,glandular,green,hair,hermaphroditic,inflorescence,interpetalar,juicy,lanceolate,leaf,length,light,like,lobe,maturity,mm,moderate,moderately,multangulate,multangulate-stellate,nearly,ovary,ovate,pedicel,peduncle,petiole,plant,porrect-stellate,pubescent,purple,reddish,reddish-tan,reniform,rotate-stellate,sessile,similar,simple,slightly,spaced,sparsely,stalked,stellate,stem,stigma,strongly,style,surface,tapered,tissue,tree,tube,turbinate,unequal,violet,yellow,young,×	.2,.5–1.7,0.1–0.3,0.5–3,0.7–0.9,10+,10–20,10–40,10–55,11–16,12–20,16–18,1–1.5,1–10,1–2,2.5–8,20–35,2–10,2–3,3.5–4,3.5–5,4–4.4,4–6,4–6.5,4–8,5-merous,5–,5–6,5–8.5,6–10,6–8,7–25,7–40,8–1,8–25,abaxial,abaxially,acuminate,acute,adaxial,along,alyx,andromoneciou,anthesi,apex,axe,ba,bark,berry,bilobe,blade,branched,broad-based,broadly,central,cordate,curved,cylindrical,dark,db,difoliate,directed,discolorous,distally,dried,eaf,eed,eglandular,either,entire,filament,fissure,flowering,free,fresh,frui,fruiting,functionally,geminat,half,heterstylous,inclusion,inflated,knobby,lobed,long,longitudinal,lower,major,margin,maturit,membranaceous,midpoint,midvein,multiseriate,near,nflorescence,oblique,often,one,opening,orolla,part,pericarp,point,pore,portion,prickle,rachi,ratio,ray,remaining,rounded,rugose,ruit,runk,sclerified,shallow,shallowly,sharp,side,slit,stalk,staminate,stellate-pubescent,stout,straight,subtending,tamen,thick,thin,unarmed,unit,vary,vein,whitish-,whitish-golden,width,woody,yellowish-green,ympodial,–30,–5,–50,–9	1-2,10-20,10-40,10-55,11-16,16-18,2-10,2-3,3.5-4,30,4-6.5,5,5-6,5-8.5,50,6-10,7-25,7-40,8-25,9,adhesion,arrangement,bilobed,colour,corolla,form,growth,height,history,life,na,perennial,position,pubescence,reproduction,rugulose,seed,shape,size,staman,texture,true
638	wfo-0001030638	success	177	93	65	112	28	0.367	0.5-1.5,0.5-2,0.7-1.5,1-1.2,1-2,1.4-1.7,1.5-2,1.6-2.2,2-5,3-10,3-13,4-6,8,8-9,acute,anther,apex,base,blade,broadly,calyx,cm,corolla,cup-shaped,deltoid,densely,dia,elliptic,fruit,glabrous,glandular,globose,green,inflorescence,leaf,lobe,lobed,margin,mm,nearly,obovate,opposite,ovary,pale,papillose,pedicel,petiole,poricidal,red,red-glandular,seed,shape,shrub,size,stem,stigma,style,surface,terminal,thickening,tip,tree,tube,white,x	0.1,0.5,0.5-0.7,0.5-1,1-1.5,2-3,2-7-flowered,2.5-4,8-11,along,anthesi,apically,appear,appearing,axi,axil,ba,bark,beginning,beneath,berry,branched,bud,closely,conspicuously,corky,cucullate,deflexed,differing,difoliate,dry,eaf,eed,entire,erect,exfoliating,extending,filament,flattened,fleshy,free,fruiting,geminat,geminate,glabrate,gre,impressed,irregular,known,lamina,large,later,lateral,less,like,lon,long,lower,main,major,material,middle,minor,minutely,near,nflorescence,occasionally,often,older,one,open,overlapping,ovoi,pair,paler,papillae,papillo,persistent,planar,pore,portion,present,prominent,rather,reddish,rest,roundish,rugose,ruit,scar,shaped,simple,soon,spaced,speciman,straight,tall,tapering,tear-drop,thick,thickened,transversely,trichome,uniseriate,unit,usually,vein,wall,widest,woody,ympodial,young	adhesion,arrangement,climate,colour,diameter,form,grey,growth,hair,height,history,length,life,midpoint,na,number,peduncle,plant,position,presence,pubescence,ray,reproduction,rugulose,staman,stellate,stipe,texture
639	wfo-0001030661	success	183	119	87	96	32	0.475	.5,0.5-0.6,0.5-0.75,0.5-2,0.7-0.8,1-,1-1.3,1-1.4,1.2-7,1.5-2,1.5-7,2-,2-2.5,3-20,3-3.5,4-15,5-5.5,acute,anther,apex,attenuate,base,brown,calyx,capitate,cm,conical,connivent,corolla,deltate,densely,diameter,ellipsoid,elliptic,entire,flattened,glabrous,globose,growth,inflorescence,lateral,leaf,lobe,lobed,loosely,margin,mature,membranous,minutely,mm,narrowly,occasionally,pale,pedicel,peduncle,perfect,petiole,pitted,pubescent,red,reddish,reniform,shiny,shrub,simple,small,sparsely,stellate,stem,stigma,style,surface,terminal,thin,tinged,tip,tree,trichome,tube,uniseriate,violet,way,white,x,yellowish,½,¾	-24,.2,0,1-.,1-1.2,1-1.5,12-16,3-4,4-6,5-10,5-merou,50-100+,ag,along,alyx,anthesi,ark,articulated,berry,branch,branched,brow,cell,clustered,dar,denser,drying,eaf,eed,em,erec,erect,exserted,extending,filament,flower,free,fruiting,glabrescent,glabrou,group,ilament,insertion,lamina,lengthening,lon,long,lower,many,midrib,minute,near,never,new,nflorescence,nodding,older,onto,orolla,otherwise,pair,papillo,per,pericarp,planar,platform,plurifoliat,point,pore,poricidal,portion,primary,rectangular,ruit,scar,scattered,sleeve,slender,slightly,slit,spreading,strongly,tangled,testal,time,twinin,ud,unit,upper,usually,vary,vein,winged,woody,yellow,ympodial	1-5,adhesion,arrangement,blade,climate,colour,form,fruit,glandular,hair,height,history,length,life,midpoint,na,number,ovary,perennial,plant,position,presence,pubescence,ray,reproduction,rugulose,seed,shape,size,staman,stipe,texture
640	wfo-0001030665	success	191	119	86	105	33	0.45	-5,-7,0.2-0.4,0.2-0.6,0.4-0.6,0.5-1,0.5-2,0.7-1,0.8-1.1,1-2,1.1-2.8,1.5-2.5,1.6-4.5,2.5-3.5,3-3.8,3-5,5-8,absent,acute,adaxially,anther,apex,base,blade,brown,calyx,campanulate,chartaceous,cm,cordate,deeply,deflexed,deltate,depressed-globose,depression,diameter,ellipoidal,elliptical,extra-axillary,finally,flower,flushed,fruit,glabrous,gland-tipped,globose,greenish,grey,hair,herbaceous,inflorescence,leaf-opposed,length,light,lilac,lobe,lobed,long,margin,minutely,mm,obtuse,ovate,pale,papery,pedicel,peduncle,petiole,present,puberulent,purple,resprouter,reticulate,rotate,short,simple,sparsely,stigma,style,surface,thick,throughout,tube,vein,x,yellow	%,0.5-11,1-17,1-4,1.4-1.7,1.5-2,1.5-3,10-200,2-16,2-3,2-5,2-6,2-8,2.3-10,2.5-9,20-30,3-10,4-5,5-merou,6-8,abaxially,absen,abundant,accrescent,acicular,adaxiall,adult,alyx,appearance,appessed,armed,articulated,axe,ba,branche,broad,broad-based,capitat,cut,cylindrical,decimetre,directed,distall,dr.,eaf,eed,filament,finger,folded,fruiting,geminat,give,green,grey-green,half,homostylous,index,interpetalar,inward,lamina,lateral,less,lobing,lon,longer,lower,mature,mesocarp,midvein,minute,nflorescence,oblique,orolla,part,per,perfect,pore,prickle,prostrate,rachi,rather,reflexed,rounded,ruit,scarcely,side,sinus,sprawling,stage,stellate-campanulate,straight,tal,tamen,tem,thin,time,tissue,unbranched,unifoliate,unit,uvenile,vary,wide,ympodial,¾	adhesion,arrangement,capitate,climate,colour,corolla,form,glandular,growth,height,history,leaf,life,midpoint,na,number,ovary,perennial,plant,position,presence,pubescence,ray,reproduction,rugulose,seed,shape,size,staman,stellate,stem,stipe,texture
641	wfo-0001030676	success	220	157	127	93	30	0.577	-1.6,-3.9,0.4,0.6-1.2,1,1-3,1.1-1.4,1.1-1.9,1.2-1.3,1.3-1.5,1.7-2,14-17,16,19-35,2.1-2.3,2.1-2.6,2.2-5.7,2.4-3.1,2.75-3.25,3-5,3-6,4-6,7-8,8-10,8-12,abaxially,abruptly,acute,adaxially,along,anther,anthesi,apart,apex,appressed-tomentose,articulated,base,becoming,blade,blunt-tipped,brown,calyx,chartaceous,closely,cm,conical,continued,corolla,deltoid,densely,diameter,due,echinoid,entire,exserted,finely,flower,fruit,glabrescent,glabrous,granular-tomentose,green,greenish,growth,hair,honeycombed,initially,inserted,lateral,leaf,length,lined,lobe,longitudinally,margin,midvein,minutely,mm,moderately,mostly,multangulate,oblique,oblong,oblong-elliptic,occasional,often,opening,ovate,pedicel,peduncle,petiole,probably,pseudo-terminal,pubescent,ray,reniform,reticulate-punctate,ridged,ripe,scabrous,scattered,sessile,short-attenuate,shrub,simple,small,spaced,sparsely,stellate,stellate-pubescent,stem,stigma,strongly,style,subcampanulate,subglobose,suborbicular,testa,tomentose,tree,tube,velutinous,white,whitish,x,yellow,yellowish	-2.5,-8.5,/10-1/5,0-100,1-1.2,1/4,11-14,2.5-5.5,3-3.5,4-6.5,7-10,7-9,angled,apical-lateral,apparently,appearing,axillary,ba,bark,berry,branch,branched,bud,crown,cylindrical,dehiscing,dichotomously,eaf,echinoi,eed,elongate,except,filament,flat-topped,fleshy,forming,free,glabrescen,globose,grooved,high,horizontal,introrse,lackin,lamina,large,lengthen,lobed,long,longitudinal,lower,main,midvei,minute,nearly,nflorescence,obtuse,older,openly,orolla,ovate-lanceolate,parallel,perfect,plurifoliate,pore,pulverulent,rachi,rather,ruit,runk,short-stalked,side,slit,somewhat,spreading,subcapitat,tamen,tending,terete,thick,thin,time,tip,tuft,unarme,unit,usually,vary,vein,way,wide,ympodial,young	adhesion,arrangement,climate,colour,form,glandular,height,history,inflorescence,life,midpoint,na,number,ovary,perennial,plant,position,presence,present,pubescence,reproduction,rugulose,seed,shape,size,staman,stipe,subcapitate,surface,texture
642	wfo-0001030686	success	182	120	93	89	27	0.511	.2,.5,1-1.1,1-1.2,1-1.5,1.2-1.5,1.5-4.5,1.6-3,15,2-2.5,2-3,2-6.5,2.5-4,2.5-8,3-3.5,5-12,5-25,5-6,abaxially,abruptly,acuminate,acute,anther,apex,basal,base,berry,bifid,black,brittle,brown,c.,calyx,cm,conical,corolla,cup-shaped,dark,deeply,densely,diameter,dry,elliptic,entire,flattened,form,fruit,globose,half,height,internodal,leaf,leaf-opposed,lepidote,lilac,lobe,lobed,long,margin,maturity,mm,orange,ovary,pale,pedicel,peduncle,petiole,pitted,plant,poricidal,pubescent,purple,scarious,seed,shallowly,shiny,short,simple,sparsely,spreading,stellate,stem,stigma,style,surface,thin,tip,tree,tube,uniformly,way,x,yellow	.5-1,0.5-1,1-2,1.5-2,1972,5-30,8-9,?,aborted,adam,adaxially,age,anthesi,apart,bark,beneath,branched,breast,bu,centre,closely,darker,denser,different,difoliate,discolorous,drying,eaf,edicel,eed,empty,erect,exerted,fide,filament,flower,fragrant,free,fruiting,geminat,glabrescen,glabrous,golden,heteromorphic,lamina,lengthening,less,lower,many,midrib,midvein,minutely,nflorescence,noddin,oblique,older,overlapping,pair,paler,papillae,papillose,pericarp,planar,pore,portion,primary,pubescen,rachi,ruit,scar,shallow,slightly,slit,somewhat,space,spaced,strongly,styl,time,tissue,trichome,ud,unit,usually,vein,visible,woody,ympodial,–	adhesion,arrangement,blade,climate,colour,glandular,growth,hair,history,inflorescence,length,life,midpoint,na,number,perennial,position,presence,pubescence,ray,reproduction,rugulose,shape,size,staman,stipe,texture
643	wfo-0001030696	success	202	102	72	130	30	0.356	0-0.1,0.1-0.3,0.3-1.1,0.4-0.6,0.8-1.2,0.8-1.3,0.8-1.8,1-2.5,1-4,1.5-2,1.5-3,2-5.5,3-4,3-6,3.8-4,4-4.5,4-7,acute,andromonoecious,anther,apex,base,blade,brown,calyx,chartaceous,cm,cuneate,cylindrical,deeply,deltate,densely,diameter,elliptical,extra-axillary,fruit,glabrous,gland-tipped,globose,green,hair,herbaceous,inflorescence,lanceolate,length,lobe,lobed,margin,midpoint,mm,obtuse,ovate,pale,pedicel,peduncle,petiole,plant,present,prostrate,ray,resprouter,short,simple,sparsely,sprawling,stellate,stellate-pubescent,style,tube,white,x,yellow	%,.5,0-3,0.05-0.2,0.1-0.4,0.2-1,0.5-3,0.7-1,0.7-1.1,0.8-1.5,0.8-1.7,0.9-1.5,1,1-1.5,1-3,1-9,1.6-2.2,10-16,10-50,12-18,2-3-foliate,2-4,2-8,2-locular,2.3-4,2.5-6,20-35,4-17,4-8,5-merou,7-10,8-18,abaxially,absen,absent,accrescent,acicular,across,adaxiall,adaxially,adult,alyx,apart,armed,articulated,ascending,axe,ba,branche,contiguous,cross-section,decimetre,directed,distall,distally,distributed,eaf,eed,eglandular,exocarp,filament,finger,flower,frui,fruiting,functional,geminate,half,heterostylous,index,juicy,lamina,lateral,less,lobing,long,longer,lower,markedly,mature,mesocarp,mid-point,midvein,minute,moderately,moist,nearly,nflorescence,oblique,onl,orolla,part,per,placenta,pore,porrect,prickle,probably,pseudo-umbellate,rachi,ruit,semi-circula,sessile,side,solitary,spaced,sparse,stage,stalk,stellae,straight,strongly,tal,tamen,tem,thick,thicker,thicknes,throughout,time,unbranched,unit,usuallu,uvenile,vary,vein,wide,winged,yellowish,ympodial	1.5,adhesion,arrangement,climate,colour,corolla,form,glandular,growth,height,history,leaf,life,na,number,ovary,position,presence,pubescence,reproduction,rugulose,seed,shape,size,staman,stem,stigma,stipe,surface,texture
644	wfo-0001030699	success	195	136	109	86	27	0.559	-13,-8.5,0.5-0.7,1-1.5,1-2,12-15,2-3,2.5-3,3-10,3-5,4-5,4-6,4-7,5-6,6-,8-10,9-11,abaxially,acute,anther,antrorse,apex,apical,apically,basal,base,berry,blue,brown,calyx,clavate,cm,cordate,corolla,corymbose,cyme,densely,diameter,discolorous,elongate,entire,flower,foliaceous,glabrous,glandular,glandular-lanate,globose,green,greenish,grey,growth,half,heterostylous,hirsute,inflorescence,juvenile,lanate,length,like,linear-lanceolate,lobe,lobed,lobed-angulate,long,long-styled,margin,middle,midpoint,mixed,mm,multicellular,nearly,ovary,ovate,ovate-elliptic,ovate-lanceolate,pedicel,peduncle,petiole,plant,porrect,prickle,pubescence,purple,ray,rusty,sessile,short-styled,shrub,simple,stalked,stellate,stellate-puberulent,stem,stigma,style,subcoriaceous,subrounded,surface,tapering,tomentose-lanate,trichome,tube,velutinous,villous,winged,x,yellow,¼	0,0.2-0.3,1.4-1,1.5-2,1/10,1/6,11-12,2-2.5,2-4,2-5,3-6,4-6-celled,5,adaxially,anthesi,apart,armed,articulated,bark,branched,brow,cell,compressed,curved,decurrent,distal,eaf,eed,erect,exserted,filament,free,fruiting,golden,immersed,induman,known,lengthening,lower,many,minute,multangulate,new,nflorescence,older,onto,ovoid,papillat,partially,perfect,pericarp,plurifoliat,pore,poricidal,portion,prickly,pubescent,rarely,red,reduced,reflexed,rotate,ruit,scar,single,slightly,slit,spaced,sparsely,staminate,straight,subscabrous,subscandent,subsessile,tall,time,tip,ud,unevenly,unit,upper,vein,without,wood,yellowish,ympodial	adhesion,arrangement,blade,climate,colour,form,fruit,hair,height,history,leaf,life,na,number,papillate,perennial,position,presence,present,reproduction,rugulose,seed,shape,size,staman,stipe,texture
645	wfo-0001030709	success	217	115	87	130	28	0.401	-9,0.1-0.2,0.15-0.5,0.7-1,1-1.2,1-1.6,1-4.5,1.3-1.4,1.6-2.1,1.9-2.8,1/3-1/2,1/4,1/4-1/3,2-6,2.3-3,5-20,5-6,6-21,6-7,6-8,7-8,8-11,abaxially,acuminate,acute,anther,apex,apically,base,berry,blade,bright,calyx,chartaceous,cm,connivent,cordate,diameter,dull,elliptic,erect,flattened-reniform,fruit,inflorescence,lateral,leaf,length,lobe,lobed,long,margin,maturity,mauve,midpoint,mm,moderately,narrow-deltate,orange-brown,pedicel,peduncle,petiole,poricidal,purple,ray,red-orange,seed,shorter,shrub,simple,size,smooth,sparsely,spherical,stellate,stellate-pubescent,stem,style,surface,tapering,terminal,tip,truncate,tube,upper,way,wide,yellow	-2,-5,0,0-,0-20,0-30,0.2-0.5,0.3-1.5,0.4,0.8-4,0.9-1.5,1-6,1.4-2,1/2-2/3,10-14,10-50,2-4,2-5,2-8,2/3-3/4,3-,4-5-merous,5-10,5-7,5-9,6-10,7-9,8-15,adaxially,almost,alyx,ame,apar,apart,ape,apparently,articulated,bark,branched,broad-deltate,brow,c.,conical,cuspidate,deltate,discolorous,distance,drying,eaf,edge,eed,elongating,equal,extending,filament,finely,flower,free,fruiting,glabrescent,glabrous,increasing,infructescence,lanceolate,lengt,lobing,lon,long-acuminat,longer,lower,mature,middle,midvein,nflorescence,occasionally,often,older,one,open,orolla,oung,pair,pendulous,per,perfect,pericarp,perpendicular,pit,pitted,plurifoliat,porrect,portion,prickl,prickle,prickly,primary,red-green,reflexed,retrorse,rounded,ruit,scar,secondary,short-styled,side,slender,sometimes,spaced,spreading,stalk,stalked,straight,tamen,terete,tertiary,time,toward,trichome,unarmed,unit,usually,variously,vary,vein,venation,visible,weakly,woody,yellow-green,ympodial	adhesion,arrangement,climate,colour,corolla,dioecious,form,growth,height,history,life,long-acuminate,na,number,ovary,perennial,plant,position,presence,pubescence,reproduction,rugulose,shape,staman,stigma,stipe,texture,ye
646	wfo-0001030714	success	178	127	102	76	25	0.573	-3,/3,0.1-0.3,0.5,0.5-0.8,0.5-1.9,0.7-0.8,1-1.2,1-1.5,1-2.5,1.2-1.5,1.4-3.5,1.5-2,1/3,2-2.5,2-2.6,3-3.5,3-7,7-17,abaxial,age,along,anther,apex,articulating,basal,base,beneath,berry,blue,blue-black,calyx,clavate,cm,conical,corolla,cup,dark,densely,diameter,elliptic,except,flattened,fruit,glabrous,globose,grading,greyish,growth,herbaceous,leaf-opposed,leaving,lengthening,liana,lobe,lobed,long,margin,membranous,midrib,minute,minutely,mm,narrow,narrowly,ob-elliptic,occasionally,ovary,pale,papillate,pedicel,peduncle,peg,pitted,pore,poricidal,pubescent,quadrate,reniform,ripe,shape,simple,slit,sparsely,stellate,stem,stigma,style,surface,terminal,thickened,tip,trichome,tube,uniseriate,vein,vine,violet,way,woody,x,yellow	.2,.5,0.3-0.4,0.8-1,1-1.3,1.2-4,20,5-100,5-6,>,abaxially,acuminate,acute,adaxially,aid,anthesi,apar,bark,becoming,branching,campanulate,climbin,cordate,denser,eaf,eed,ellipsoid,entire,especially,exserted,fide,filament,flower,free,gradually,gree,howard,joined,like,lower,many,new,nflorescence,nodding,node,ob-ellipsoid,oblique,older,overall,pair,paler,papillat,pedice,per,perfect,petiole,planar,plurifoliat,portion,primary,prominent,ruit,scar,slightly,spaced,strongly,submarginal,tapering,time,truncate,tub,twining,ud,unit,widely,ympodial	60-100,adhesion,arrangement,colour,dioecious,form,green,height,history,inflorescence,leaf,length,life,na,perennial,plant,position,presence,pubescence,reproduction,rugulose,seed,size,staman,texture
647	wfo-0001030730	success	205	123	95	110	28	0.463	0-1,0.1-0.3,0.5-1,0.6-1.2,0.8-4.4,1-1.2,1-1.7,1.1-1.9,1.5-4.5,11-17,2-2.5,2-2.9,2-4,2.3-6,2.5-7,3-15,4-11,5.5-14.5,5.5-6.5,7-8,9-10.5,acute,adaxially,anther,apex,articulated,attenuate,base,blade,bony,calyx,chartaceous,cm,connivent,cuneate,deltate,densely,depressed,diameter,drooping,entire,extra-axillary,finally,flower,fruit,glabrous,globose,green,grey,hard,herbaceous,inflorescence,lanceolate,later,length,light,lobe,lobed,long,loosely,marbled,margin,mid-point,mm,obtuse,ovate,pale,pedicel,peduncle,perennial,petiole,pink,present,purple,ray,resprouter,rhizomatous,rusty,shallowly,shrub,simple,spreading,stellate,stellate-pubescent,stigma,style,subcordate,surface,thick,toward,tube,x,yellow,yellow-brown,yellowish-green	%,0-0.8,0-1.2,0-1.6,0-6,0.05-0.1,0.05-0.2,0.5-0.9,0.7-1.2,0.8-1.2,1-10,1-3,1-8,1.7-2.3,10,11-20,15-60,2-5,2-8,2-foliate,240-700,3-20,4-7,4-locular,5-40,5-merou,9-15,abaxially,absent,accrescent,acicular,across,adaxiall,alyx,apart,armed,ascending,axe,ba,curved,cylindrical,d.,directed,distall,distributed,eaf,eed,eglandular,filament,finger,first,fruiting,geminate,glabrou,gland-tipped,hair,half,lamina,lateral,less,lon,longer,lower,mature,midpoint,midvein,minute,minutely,nflorescence,oblique,orolla,part,per,perfect,pore,porrect,presen,prickle,probably,pseudo-racemose,rachi,ridged,rugose,ruit,short,slightly,smooth,spaced,sprawling,stage,stalk,stellae,straight,tal,tamen,tem,throughout,time,truncat,unarmed,unbranched,unit,unknow,uvenile,vary,vein,white,wide,yellowish,ympodial	adhesion,arrangement,colour,corolla,form,growth,height,history,leaf,life,na,number,ovary,plant,position,presence,pubescence,reproduction,rugulose,seed,shape,size,staman,stem,stipe,texture,truncate,unknown
648	wfo-0001030733	invalid_json_followup	130	115	64	66	51	0.492	0.5-1,1-1.2,1-1.5,1-2,1.5-5,1.7-2.7,2-2.5,3-4,3-5,4-15,4.5-5,6-7,acuminate,acute,anther,anthesi,apex,base,bi-lobed,broadly,brown,calyx,capitate,cm,conical,coriaceous,corolla,dark,decurrent,deltate,elliptic,glabrous,globose,green,leaf,lobe,lobed,margin,minutely,mm,narrowly,onto,opposite,ovary,ovoid-reniform,pedicel,petiole,poricidal,shrub,simple,somewhat,stem,stigma,style,surface,thick,tip,treelet,trichome,tube,uniseriate,white,woody,x	.5,/4,5-8-flowered,6-9,?,abaxially,adaxially,along,ape,bark,berry,clearly,closely,densely,denser,dia,eaf,eed,ellipsoid,elongate,embryo,erect,exserted,filament,free,fruiting,grayish-brow,lamina,later,lateral,like,lon,long,lower,main,middle,moderately,nflorescence,older,overlappin,pair,papillo,planar,pore,portion,pubescent,rounded,ruit,scar,shaped,smooth,spaced,sparsely,strongly,tall,tear-drop,testa,ud,unifoliat,unit,vein,visible,way,widest,ympodial,young	'',1.5,2,[,``,adhesion,arrangement,blade,bud,characteristic,climate,colour,decurrence,dense,diameter,form,fruit,glandular,grayish-brown,growth,hair,height,history,inflorescence,length,life,midpoint,moderate,na,number,peduncle,perennial,plant,position,presence,pubescence,ray,reproduction,rugulose,seed,shape,size,staman,stellate,stipe,texture,unifoliate,value,width,{,}
649	wfo-0001030751	success	226	113	85	141	28	0.376	-7,0,0-0.5,0.1-0.4,0.5-1mm,0.6-1.5,1,1-2,1-3,11-40,13-50,2-3.5,2.5-4,3-5,3-6.5,5-15,5-8,6-9,7-13,7-15,abaxially,acute,adaxially,anther,apex,attenuate,base,blade,branched,broadly,calyx,campanulate,cm,coarsely,cordate,densely,dentate,diameter,divergently,elliptic,erect,felty-pubescent,form,fruit,glabrous,globose,hair,inflorescence,lanceolate,leaf-opposed,length,lenticular,light,lobe,margin,midpoint,mm,orange,ovate,pedicel,peduncle,perennial,petiole,pubescence,pubescent,ray,ripe,shallowly,simple,spreading-hirsute,stellate,stellate-pubescent,stellate-woolly,stem,stigma,style,surface,tan,thin-textured,truncate,tube,white,x,yellow,young	-5,.2,.5,0-1,0.1-0.3,0.5-1.5,1-24,1-4,1/4-1/2,10-15,14-20,2,2-3,2-foliate,20-25,3.5-4.5,4-6,5-6,5-7,8-13,accrescent,acute-,adaxiall,along,also,among,apart,articulated,axe,ba,basally,broad,capitat,cast,cauline,clas,closely,commonly,completely,connivent,covering,cylindrical,deciduou,deltoid,depressed-deltoid,directed,distal,distall,distinct,divergent,dominant,eaf,eed,elongate,entire,equaling,especially,essentially,female-sterile,filament,finally,flesh,flower,foliar,frui,fruiting,geminat,green,inserted,interlobal,interwoven,larger,lateral,less,lignescent,like,long,longest,lower,major,minutely,mixture,mostly,multiseriate,nflorescence,numerous,obtuse-tipped,occasionally,often,one,orolla,ovate-lanceolate,per,petaloid,pitted,pore,present,prickl,prickle,prickly,principal,prolonged,purplish,rachi,recurve,ruit,scattered,sessile,short,shorter,side,sinus,small,smaller,somewhat,spaced,sparsely,spreading,stalk,stalked,stellae,stipitate,straight,tal,tamen,tem,termination,tip,tooth-like,trichome,typically,unarmed,unbranched,unit,usually,variable,vary,vein,vivo,wide,ympodial	adhesion,arrangement,capitate,climate,colour,corolla,dense,glandular,growth,height,history,leaf,life,na,number,ovary,plant,position,presence,reproduction,rugulose,seed,shape,size,staman,stipe,texture,ye
650	wfo-0001030772	success	155	93	60	95	33	0.387	-2,.5,0.2-0.8,0.5-1,0.75-1,0.9-1,1-2,1-2.5,1.4-1.6,1.5-2,3-3.5,3-5,4.2-6.5,5-6,9-15,acuminate,anther,apex,attenuate,base,calyx,capitate,cm,corolla,dia,elliptic,fruit,glabrous,globose,green,grey,leaf,lobe,lobed,long-acuminate,long-triangular,margin,minutely,mm,nearly,opposite,ovary,ovoid-reniform,pale,pedicel,petiole,pitted,poricidal,shape,shrub,size,stem,stigma,style,surface,tan,tip,tube,white,x	.05,.2,.25,0.25-0.5,0.9-3.1,1.2-5,2-7,5-10-flowered,8-10,acute,anthesi,archin,ba,bark,becoming,beginning,beneath,berry,branch,bud,closely,dark,deflexed,differing,difoliate,eaf,edicel,eed,ellipsoid,erect,extreme,filament,free,fruiting,geminat,gently,impressed,inflorescenc,large,later,lateral,lenticellate,lon,long,lower,main,major,methyl,middle,minor,nflorescence,node,occasionally,older,one,overlapping,pair,paler,papillo,papillose,per,pore,portion,prominent,reflexed,ripe,rounded,ruit,salicylate,scar,shaped,shining,simple,slender,slightly,smelling,soon,spaced,straight,strongly,swollen,tall,tapering,tear-drop,trichome,ud,uniseriate,unit,usually,vein,widest,wintergreen,woody,ympodial,young	adhesion,alternate,arrangement,blade,climate,colour,diameter,form,glandular,growth,hair,height,history,inflorescence,length,life,midpoint,na,number,peduncle,perennial,plant,position,presence,pubescence,ray,reproduction,rugulose,seed,staman,stellate,stipe,texture
651	wfo-0001030781	success	213	143	119	94	24	0.559	0-5,0.2-4,0.5-6,0.5-8,1-10,1-2,1-4,1.5-2,1.5-9,1.6-2.2,10-40,15-35,2-20,2.5-14,2.5-3.5,3-4,4-15,5-6,5-7,5-8,7.5-9,abaxially,adaxially,along,anther,apart,apex,apiculate,articulated,axillary,base,brown,brownish,bud,chartaceous,ciliate,cm,condition,corolla,decurrent,deep,densely,diameter,distal,dot,drying,especially,finely,fresh,fruit,glabrous,glandular,globose,green,greenish,hair,half,herb,high,interjected,lanceolate,leaf,leaflet,light,like,lobe,long,margin,membranous,midrib,minutely,mm,obovate,odd-pinnate,orbicular,ovate,ovate-lanceolate,ovoid,pair,papillose,pedicel,peduncle,pentagonal,petiole,pilose,plant,pointed,puberulent,pubescent,purple,rachi,rarely,rotate-pentagonal,rounded,scattered,seed,simple,size,slightly,small,sometimes,somewhat,spaced,sparsely,stem,stigma,style,subovoid,subtending,terminal,tip,tube,typically,violet,white,whitish,wide,x,yellow	1-1.5,1-12,1-8,1.5-12,2-3,3-6,5-merou,6-7,abruptly,acumen,ag,alyx,apparently,axe,berry,blade,borne,broadly,caly,capitat,cell,connivent,covering,cuneate,dark,decreasing,digestion,dorsally,eaf,edge,eed,elliptic,end,enzyme,erect,exceeding,filament,flat,flower,folded,forked,geminat,generally,glabrou,gradually,gray-green,green-white,hair-like,homostylous,honeycomb-shaped,larger,lateral,lengthening,living,low-growin,lower,make,mucilaginous,narrowed,nflorescence,orolla,perfect,petiolulate,plurifoliate,pore,poricidal,removed,ruit,sessile,seudostipule,short,singly,slit,specimen,stamen,ste,stolo,straight,tall,tamen,tem,testal,thick,throughout,toward,tri-,tuber,unit,unwinged,usually,vary,wall,wet,ympodial	adhesion,arrangement,calyx,capitate,colour,form,growth,height,history,inflorescence,length,life,na,ovary,perennial,position,pseudostipule,pubescence,reproduction,rugulose,shape,staman,surface,texture
652	wfo-0001030782	success	198	127	100	98	27	0.505	0-7,0.4-1.5,1-3,1-6,1.2-3.9,1.3-1.6,1.5-2,1.5-7.5,11-47,13-22,15,2,2.2-4,2.4-11.5,3-10,4.6-26,5-20,6-8,7-15.6,abaxially,acuminate,acute,adaxially,along,anther,apex,asymmetric,attenuate,axillary,base,basiscopic,bead,brownish,bud,clavate,cm,condition,coriaceous,corolla,deep,diameter,drying,elliptic,fresh,fruit,glabrescent,glabrous,globose,green,greenish,hair,herb,interjected,lanceolate,leaf,leaflet,like,lilac,lobe,long,medium,mm,moniliform,mottled,necklace,odd-pinnate,orbicular,ovate,ovoid,pair,pedicel,peduncle,pentagonal,petiole,petiolulate,plant,purple,ripe,rotate,rounded,scarce,seed,sessile,short,side,size,stigma,stolon,style,subtending,terminal,tissue,tube,tuber,usually,white,whitish,wide,x,yellow	0-1,1-2,1-5,1.6-4.6,12-30,2-3,3-5,4-11.6,4-6,5-merou,abaxiall,acumen,ag,alyx,apart,apparently,arranged,articulated,axe,berry,blade,broadly,capitat,cell,connivent,covering,cuneate,dark,decreasing,digestion,distal,dorsally,eaf,edge,eed,enzyme,exceeding,filament,flat,flower,folded,forked,geminat,generally,glabrou,green-white,hair-like,hal,half,high,homostylous,honeycomb-shaped,inconspicuous,lateral,lengthening,light,living,lower,make,mucilaginous,multiple,nflorescence,orolla,perfect,plurifoliate,pore,poricidal,prominently,rachi,removed,ruit,second,seudostipule,slit,smaller,sometimes,spaced,specimen,stamen,straight,subequal,tal,tamen,tem,testal,thick,throughout,tip,totally,toward,tri-,typically,unit,vary,wall,wet,winged,ympodial	adhesion,arrangement,asymmetry,calyx,capitate,colour,form,growth,height,history,inflorescence,length,life,na,number,ovary,perennial,position,pseudostipule,pubescence,reproduction,rugulose,shape,staman,stem,surface,texture
653	wfo-0001030802	success	171	116	78	93	38	0.456	0.5-0.75,0.5-1,0.75-1,1,1-1.1,1-1.2,1-1.5,2-2.5,2-3,2-5,2.5-3,3-4,3-6,acuminate,acute,anther,apex,base,beginning,brown,bud,calyx,cm,cordate,corolla,deeply,deflexed,dia,difoliate,flattened-reniform,fruit,fruiting,glabrous,glandular,globose,heart-shaped,internodal,irregularly,leaf,length,lobe,lobed,long-triangular,margin,minutely,mm,near,obconic,ovary,ovoid,pale,papillate,pedicel,persistently,petiole,pitted,plant,poricidal,pubescent,red,scar,shrub,somewhat,spaced,stem,stigma,strongly,style,subshrub,surface,tip,tube,unifoliate,white,widely,x,yellow,yellowish	.3,.5,.5mm,0,0.25-0.4,0.5-1.5,0.7-1cm,0.9-1,3-3.5x,4-5mm,4-6,5-10-flowered,abaxially,abrupt,adaxially,along,anthesi,appearing,bark,basal,becoming,beneath,berry,campanulate,cucullate,densely,denser,dry,eaf,edicel,eed,ellipsoid,evenly,except,exerted,exudate,filament,filiform,free,geminat,gland,glandurla,halfway,hanging,incrassate,inflorescenc,invest,lamina,later,lateral,line,live,long,lower,m.,main,markedly,material,midvein,nflorescence,older,pair,palmate,papillose,per,pore,portion,prominent,pubescen,raised,reddish,ruit,shaped,simple,single-celled,slender,soon,specimen,stigm,straight,tapering,tear-drop,tipped,trichoem,trichome,ud,uniseriate,unit,variable,vein,woody,ympodial,young	0.7-1,3-3.5,4-5,adhesion,arrangement,blade,climate,colour,deflexion,diameter,form,growth,hair,height,history,inflorescence,life,midpoint,na,number,peduncle,perennial,persistence,position,presence,present,pubescence,ray,reproduction,rugulose,seed,shape,size,spacing,staman,stellate,stipe,texture
654	wfo-0001030803	success	185	107	69	116	38	0.373	0.2,0.5,1.5,2.5,5,abaxially,adaxially,almost,anther,anthesi,base,berry,broadly,brown,calyx,campanulate,chartaceous,cm,connivent,corolla,diameter,equal,flattened-reniform,glabrous,globose,green,hair,imparipinnately,leaf,light,lobe,lobed,long,minute,minutely,mm,papillae,pedicel,peduncle,petiole,pinnatifid,pitted,poricidal,puberulent,ranging,rarely,rounded,rugose,shape,simple,size,slender,spreading,stellate,stem,stigma,strongly,style,surface,tapering,terminal,tip,truncate,tube,variable,vine,yellow,yellowish,×	.5,0.2–0.3,0.3,0.4,0.5–1.5,0.75–1,0.9–1.5,1,1-,1.5-,1.5-3,1/3,10967,10–15,1–2.5,1–3,20–40,2–,3-6,3–10,3–4,3–5,4–10,6–12,6–8,7–9,?,absent,acuminate,acute,adaxiall,adjacent,ag,alyx,apex,armed,articulated,axe,basal,becoming,blade,branched,bud,confluent,connecting,corresponding,dr.,eaf,eed,elliptic,elongating,entire,exserted,filament,flower,fruiting,hinton,internode,lanceolate,lateral,leaflet,lengthening,long-styled,lower,major,margin,middle,midri,midrib,narrowly,nflorescence,often,orolla,outline,ovate,pericarp,petiolule,pinnate,plurifoliat,pointed,pore,present,prickle,purple,rachi,recurve,recurved,ruit,sharply,side,slit,somewhat,stout,straight,subwoody,swolle,tamen,time,tissue,triangular,truncat,turbinate,unit,usually,variously,vary,vein,wide,widest,wing,wood,woody,ympodial,–10,–16,–5	-5,0.2-0.3,0.75-1,1-2.5,1-3,10,10-15,16,3-10,3-5,6-12,6-8,adhesion,arrangement,colour,dry,form,fruit,growth,height,history,inflorescence,length,life,na,number,ovary,perennial,plant,position,presence,pubescence,ray,reproduction,rugulose,seed,staman,texture
655	wfo-0001030809	success	154	106	68	86	38	0.442	0.2,0.5-1,1-1.5,1.2-1.4,1.4-1.5,1.5-3.5,4.5-5,6-8,8,9.9-12,acute,anther,apex,appearing,base,beneath,broadly,calyx,clavate,cm,corolla,deltoid,dia,elliptic,falcate,fruit,glabrous,globose,golden,green,hair,lateral,leaf,lobe,lobed,long,long-papillose,main,midrib,mm,nearly,opposite,ovary,ovate,overtopping,pedicel,petiole,pubescent,scattered,shining,shoot,size,stem,stigma,style,terminal,tip,tomentose,tree,triangular,trichome,tube,unequal,uniseriate,vein,white,x,yellow-brown	.5,1-1.25,1.5-2.4,2-2.5,2.3-5.5,20-60-flowered,5-8,across,along,also,anthesi,apar,bark,berry,branched,caly,campanulate,curl-tipped,curved,dark-papillo,deciduous,deflexed,dense,densely,difoliate,distally,eaf,edicel,eed,ellipsoid,erect,especially,evenly,exserted,filament,free,fruiting,geminat,hidden,interpetalar,known,large,leave,like,lon,lower,major,markedly,mature,membranous,middle,minor,minutely,nflorescence,older,one,planar,pore,poricidal,portion,present,round,ruit,scar,several,shinin,simple,sinus,slender,slightly,small,soon,spaced,straight,tall,tapering,three,time,two,ud,underside,unit,wide,widest,ympodial,young	0.5,2,adhesion,alternate,arrangement,blade,climate,colour,dark-papillose,diameter,form,glandular,growth,height,history,inflorescence,length,life,margin,midpoint,na,number,peduncle,perennial,plant,position,presence,pubescence,ray,reproduction,rugulose,seed,shape,staman,stellate,stipe,surface,texture
656	wfo-0001030810	success	191	110	59	132	51	0.309	abaxially,acute,adaxially,anther,apex,axillary,base,bipinnate,blade,blue,brown,calyx,clavate,cm,colour,dark,densely,diameter,elliptic,elliptical,equal,flattened,fleshy,fruit,glabrous,globose,green,hair,leaf,lobe,margin,mm,moderately,oblong,older,pale,pedicel,peduncle,pentagonal,petiole,pinnate,pitted,pubescent,rounded,shallowly,shrub,size,stem,stigma,style,subglabrous,surface,tomentose,tube,unknown,violet,woody,x,yellow	0.2,0.2–0.3,0.3,0.4,0.5–,0.5–0.8,0.6–1.0,0.7–1.4,0.8–5.5,0.95–2.0,0–,1,1.0–1.5,1.0–2.0,1.0–3.0,1.1–2.0,1.1–2.2,1.2–1.5,1.5–1.9,1–2,1–3,1–5,2.9–4.5,20–100,2–3,2–4,3.0–5.0,3.3–5.5,3.3–8.5,3.5–4.6,3–19,4–14,4–5,4–7,5,5–15,5–30,5–32,6–10,6–22,7–10,7–11,8–10,absen,accrescent,adaxiall,ag,along,anthesi,apart,articulated,axe,ba,borne,branched,cell,chartaceous,connivent,cylindrical,decreasing,denser,divided,eaf,eed,erect,especially,filament,flower,geminat,greyish,half,hig,indumentum,irregular,leafy,lon,long,longitudinal,lower,m.,midrib,midvein,multicellular,narrow,nflorescence,obtu,occasionally,opening,opposed,orolla,oung,pair,perfect,pinnae,plurifoliate,pore,poricidal,primary,rarely,reflexed,ruit,secondary,shaped,shiny,shoot,side,simple,slit,sometimes,spaced,sparsely,stone,straight,tamen,tardily,tear-drop,time,tip,unicellular,uniseriate,unit,vary,white,wide,wing,ympodial,–2.5,–3,–3.4,–4.5,–5.0,–8	0.2-0.3,0.7-1.4,0.8-5.5,1.0-1.5,1.0-2.0,1.0-3.0,1.1-2.2,1.2-1.5,1.5-1.9,2.5,20-100,3.3-5.5,3.3-8.5,3.4,3.5-4.6,4-14,4-7,5-32,7-10,8-10,adhesion,arrangement,climate,corolla,form,glandular,growth,height,history,inflorescence,length,life,midpoint,na,number,ovary,perennial,plant,position,presence,pubescence,ray,reproduction,rugulose,seed,shape,staman,stellate,stipe,texture,young
657	wfo-0001030814	success	223	127	99	124	28	0.444	.5,0-0.3,0.4,0.5-1.5,1-4,1.5,1.8-3.5,10-12,15-20,16-30,2-3,23-31,3-5,4-5,5-15,5-9,5.5,6-15,6-9,7-11,abaxially,acute,acute-tipped,adaxially,almost,anther,apex,asymmetric,attenuate,base,blade,broadly,calyx,campanulate,cm,coarsely,connivent,cultivated,densely,dentate,diameter,divided,elongating,extra-axillary,flower,form,fruit,glabrous,globose,hair,immature,inflorescence,lanceolate,length,lenticular,lignescent,lobe,long,margin,mature,minutely,mm,narrower,obtuse,often,oval,ovate,ovoid,pedicel,peduncle,perennial,petiole,pitted,pubescence,pubescent,ray,ripe,sericeous,sessile,simple,simple-,somewhat,specimen,stellae,stellate,stellate-,stellate-pubescent,stem,stigma,style,tan,thin-textured,truncate,tube,unknown,weakly,white,x,yellow	-0.5,-1.5,-3.5,-4,.5-3,0-0.2,0.1-0.2,0.1-0.3,0.3-0.6,1-2,1.5-2,1/8-1/3,10-25,14-15,15-16,2-foliate,3-7,4-,4-6,5,5-12,5-8,6-locular,7.5-11,absent,adaxiall,along,apart,apiculate,appressed,articulated,ascending,axe,ba,basal,become,becoming,branched,bulge,capitat,capitate-glandular,cylindrical,depressed-deltoid,developed,diffusely,directly,distal,distall,divergently,eaf,eed,elongate,entire,essentially,felty,female-sterile,filament,geminat,glabrescent,hirsute,inserted,interlobal,intermixed,interwoven,invested,lateral,less,lon,lower,major,midpoint,midvein,minute,much,nflorescence,obsolete,obtuse-tipped,orolla,oung,ovate-lanceolate,per,pericarp,pore,prominent,rachi,replaced,rip,rounded,ruit,scattered,short,short-stalked,shorter,side,similar,simple-haired,sinus,slightly,small,sometimes,soon,spaced,spreading,stalk,stellate-pubescen,strongly,swollen,tal,tamen,termination,time,trichome,unarme,unarmed,unbranched,uniseriate,unit,usually,vary,vein,weak,wide,ympodial,young	2.5-3,adhesion,arrangement,capitate,colour,corolla,glandular,growth,height,history,leaf,life,na,number,ovary,plant,position,presence,present,reproduction,rugulose,seed,shape,size,staman,stipe,surface,texture
658	wfo-0001030822	success	146	107	74	72	33	0.507	0-0.5,0.5-1.5,0.8-1,0.9-1,1-1.5,1.5-2,11-15.5,2-2.5,2-5,3-3.5,3.5-7,5-6,acute,anther,anthesi,apex,attenuate,base,broadly,calyx,clavate,closely,clustered,cm,corolla,cup,deflexed,deltate,dia,elliptic-obovate,erect,flattened-reniform,glabrous,globose,green,inflorescence,internodal,later,leaf,lobe,lobed,long-ellipsoid,margin,minutely,mm,near,nearly,occasionally,open,opposite,ovary,pale,pedicel,petiole,pitted,poricidal,revolute,scar,shiny,shrub,size,slightly,spaced,stem,stigma,style,surface,tan,tip,tube,usually,white,x,yellowish-brown	.2,0.1-0.2,0.4,0.4-1,1-1.2,2-3.8,3-5,5-7,8-9,abaxially,adaxially,ba,beneath,berry,completely,cucullat,cucullate,decurrent,differing,difoliate,eaf,edicel,eed,exserted,filament,filiform,fleshy,flower,free,fruiting,geminat,incrassate,inflorescenc,lateral,lon,long,lower,main,major,middle,minor,minute,nflorescence,older,onto,pair,papillo,papillose,perhaps,planar,pore,portion,present,red-papillose,ruit,shaped,simple,somewhat,sparsely,strongly,tall,tapering,tear-drop,ud,unit,vein,widest,winged,woody,yellowish,ympodial,young	adhesion,alternate,arrangement,bud,clustering,colour,diameter,form,fruit,glandular,growth,hair,height,history,length,life,na,number,peduncle,perennial,plant,position,presence,pubescence,ray,reproduction,rugulose,seed,shape,spacing,staman,stellate,texture
659	wfo-0001030846	success	214	128	102	112	26	0.477	-0.8,-11,-4,0.1,0.2-0.4,0.2-0.5,0.5-0.7,1-2,1-2.5,1-3,1-4,1.5-2,10-15,2.5-3,3-,3-3.5,3/4,4-4.5,4-6,5-15,5-8,6-18,8-10,abaxially,acute,adult,angulate,anther,apex,assymetric,basal,base,beige,berry,brown,calyx,chartaceous,clavate,cm,corolla,cuneate,dark-green,decurrent,diameter,elliptic,entire,flattened,flower,fruit,glandular,glandular-viscous,growth,heterostylous,hirsute,inflorescence,juvenile,leaf,like,linear-lanceolate,lobe,lobed,margin,midpoint,mm,nearly,oblanceolate,oblong,obovate,opposite,ovary,ovate-elliptic,pedicel,peduncle,perfect,petiole,plant,poridical,puberulent,pubescence,pubescent,ray,reddish,reniform,rhombic,rugose,rusty,scabrous,shrub,simple,slightly,stellate,stem,stigma,style,subglobose,surface,tip,tomentose,tube,white,x,¼	.3,0.1-0.3,0.8-1,1-1.2,1-1.5,1-2-celled,1-multicellular,2-10,2-3,4-5,6-8,abaxial,acuminate,adaxially,anthesi,anthesisflower,antrorse,apart,apical,armed,articulating,bark,branching,brownish,cream,curved,deciduous,densely,discolorous,distal,eaf,eed,erect,exserted,ferruginous,filament,free,fruiting,glabrescent,gland,golden,grey,lanceolate,larger,lateral,lengthening,linear,long,long-styled,longer,lower,many,midrib,mixture,much-branched,multiangulate,multicellular,near,new,nflorescence,obliqu,obverse,ochraceous,older,oval,papillat,pendant,pericarp,persistent,plurifoliat,pore,porrect,portion,prickle,prickly,prominent,rachi,raised,red,reflexed,relatively,rest,rotate,ruit,scar,sessile,short,short-styled,similar,slit,sometimes,sparsely,stalked,staminate,stipitate,straight,terete,testa,thick,time,tomentose-velutinous,trichome,ud,unarmed,undulate-reticulate,unit,upper,wide,without,yellowish,ympodial,young	adhesion,arrangement,blade,climate,colour,form,hair,height,history,length,life,na,number,papillate,perennial,position,presence,present,reproduction,rugulose,seed,shape,size,staman,stipe,texture
660	wfo-0001030850	success	240	120	90	150	30	0.375	0.1-0.4,0.1-0.5,1-2,1-2.5,1-8,1.5,1/3,1/3-3/4,2-25,3-3.7,3-5,3.5-6,4,4-8,5-12,5-13,6-11,7-15,7-22,8.5-11.5,abaxially,acuminate,andromonoecious,anther,apex,base,berry,blade,bright,calyx,chartaceous,climber,cm,connivent,cordate,cuneate,deltate,densely,diameter,elliptic,equal,flattened-reniform,fruit,glabrescent,lateral,leaf,length,lobe,lobed,long,lower,margin,mauve,midpoint,mm,moderately,obtuse,orange,orange-brown,ovate,pale,pedicel,peduncle,petiole,plant,poricidal,purple,ray,red-brown,red-orange,scandent,shrub,simple,smooth,sometimes,sparsely,spherical,stellate,stellate-pubescent,stem,style,surface,tapering,terminal,tip,truncate,tube,upper,wide,yellow	-6,.5,/4,0-,0-0.5,0-30,0-40,0.1-0.2,0.1-0.3,0.2,0.5-2,00,1-,1-10,1-20,1-3,1-4,1-5,1.2,1.5-2.5,1/2,1/2-1/5,1/2-3/4,1/3-3/,10-100,10-20,15-20,2-15,2-3,2-4,2-6,3-10,3-15,3-4,3-6,5-10,5-merous,6-8,8-20,abaxial,acuminat,acute,adaxial,alyx,apar,apart,apically,apparently,articulated,bark,branched,broad-deltate,broadly,brow,cell,cream,curved,dark,difoliate,discolorous,distal,distance,drying,eaf,eed,elongate,elongated,elongating,entire,erect,extending,filament,flattened,flower,free,fruiting,geminat,gently,glabrous,gray,green,green-brown,hermaphrodite,heterostylous,infructescence,lobing,long-styled,longer,lowermost,marking,mature,maturity,midvein,nflorescence,oblong,obovate,often,older,one,open,orolla,oung,outline,pair,pendulous,per,pericarp,pit,porrect,portion,prickl,prickle,prickly,primary,pubescent,raised,red-green,reduced,rounded,ruit,scar,secondary,sessile,short-styled,shorter,side,small,somewhat,spaced,spreading,stalk,stalked,staminat,stout,straight,tamen,terete,tertiary,time,trichome,unit,variously,vary,vein,venation,visible,way,woody,ympodial,young	adhesion,arrangement,climate,colour,corolla,form,glandular,growth,hair,height,history,inflorescence,life,na,number,ovary,perennial,position,presence,present,pubescence,reproduction,rugulose,seed,shape,size,staman,stigma,stipe,texture
661	wfo-0001030867	success	259	144	119	140	25	0.459	.25,.3,.5,0-,0.3,0.5,0.6-1.5,1-1.5,1-2,1-2.5,1.5-4.5,12-15,14,18,2.5-3,2.5-3.5,3-4,3-5,3.5-8.5,4-4.5,4-6,4.5-14,6-7,<,abaxially,abundant,acute,adaxially,andromonoecious,anther,apex,attenuate,base,brown,calyx,chartaceous,cm,corolla,cup-shaped,dark,densely,diameter,elliptic,equal,expanded,flower,fruit,glabrous,globose,green,greyish,growth,herbaceous,immature,inflorescence,interpetalar,lateral,leaf,leathery,length,like,lobe,lobed,long,long-styled,margin,mature,membranous,midpoint,mm,mottled,narrowly,occasionally,opposite,outline,ovary,ovoid,pale,pedicel,peduncle,pentagonal,petiole,plant,pubescent,ray,reniform,sessile,shallowly,short-stalked,short-styled,shrub,simple,sinuate,size,slightly,somewhat,sparsely,stellate,stellate-pubescent,stem,stigma,style,subshrub,surface,tan,tapering,thick,tip,tissue,translucent,triangular,trichome,tube,violet,white,whitish,x,yellow,yellowish	-1/3,-6,0.6,1,1-5,1.5,1/4,10,100,2-2.5,2-3,2-5,2-6,4,4-5,5-25,5-6,5-merous,6,>,acumen,alyx,anthesi,apart,approximately,area,armed,articulated,band,bark,berry,bi-lobe,borne,branched,broad-based,bud,cast,cell,concolorous,curve,curved,decurrent,denser,difoliate,directed,distal,distall,distance,dry,drying,eaf,easily,eed,either,ellipsoid,elongate,erect,exposed,exserted,filament,flowering,free,fruiting,functionally,geminate,glabrescen,greatest,halfway,hermaphroditic,heterostylous,infructescence,internodal,lamina,larger,less,lon,longer,lower,lowermost,mal,markedly,maturing,maturit,midrib,midvein,near,new,nflorescence,nodding,often,older,onto,orolla,pair,pendent,per,pericarp,petal,planar,pore,poricidal,portion,prickle,prickly,primary,re,reflexed,rest,ruit,scar,shap,side,small,spaced,splitting,still,stouter,straight,strongly,tall,tamen,testal,thickened,thinne,type,ud,unevenly,unit,upper,usually,vary,varying,vein,visible,way,wide,winged,woody,ympodial,¼	adhesion,arrangement,bi-lobed,blade,climate,colour,form,glandular,hair,height,history,life,na,number,perennial,position,presence,pubescence,reproduction,rugulose,seed,shape,staman,texture,ye
662	wfo-0001030871	success	248	139	108	140	31	0.435	0.2-0.4,0.3-4,0.7-1.3,0.7-2.5,1-1.3,1-18,1.3-2,1.3-3,1.5-6,1.8-2.6,1/2-3/4,2-3,2-8,3-32,3-4.4,3.5-14,30,4.5-6.5,5-33,6-40,abaxially,abruptly,acuminate,acute,adaxially,anther,apex,attenuate,base,becoming,berry,blade,blunt-tipped,brown,calyx,campanulate,chartaceous,cm,conical,continued,corolla,dark,deltoid,densely,diameter,due,echinoid,entire,fleshy,fruit,glabrescent,granular-tomentose,greenish,growth,hair,honeycombed,inserted,lateral,leaf,length,lobe,long,margin,mixed,mm,mostly,multangulate,narrowly,oblong,obtuse,orbicular,ovate,pale,pedicel,peduncle,petiole,present,probably,pubescent,purple,ray,reniform,reticulate-punctate,ripe,rotate-stellate,scabridulous,sessile,short,short-stalked,shrub,simple,stellate-tomentose,stem,stigma,style,suborbicular,terminal,tomentose,tree,tube,velutinous,violet,way,white,x,yellow,yellowish,young	.2-3,.8-3.5,.9-1.2,/30-1/5,0-120,0.4-1.8,0.6-1.5,1.4-2.7,1.5-3,1.8-3.5,1/2,1/4,1/4-1/3,11,2.8-4.5,3-5,3-6,4.8-9.5,5-7,7-12,9-13,accrescent,adaxial,ag,along,anthesi,apart,apical-lateral,apparently,appressed,appressed-tomentose,articulated,axe,axillary,ba,bark,branch,branched,bud,capitat,closely,decurrent,dehiscing,dendritic-echinoi,dendritic-echinoid,dendritic-multangulate,directed,distal,eaf,earl,early,echinoi,eed,elliptic,elongate,equal,erect,evident,exserted,extend,filament,flower,free,fruiting,glabrescen,glabrous,grayish,green,held,high,introrse,large,lobed,long-,long-stalked,longer,longitudinal,lower,m.,main,midvein,minute,multangulat,nearly,nflorescence,nodding,occasionally,often,older,open,orbicula,orolla,ovate-lanceolate,overlapping,partly,perfect,plait,plurifoliate,pore,porrect-stellate,prominent,rachi,rather,reflexed,relatively,ruit,runk,short-,side,slit,small,sometimes,somewhat,soon,spaced,sparingly,sparsely,splitting,stamen,striate,strongly,subglobose,sulcate,suture,tamen,terete,testa,thick,thick-stalked,thin-stalked,time,toward,unarme,unarmed,unit,usually,vary,vein,wide,ympodial	adhesion,arrangement,capitate,climate,colour,form,glandular,height,history,inflorescence,life,midpoint,na,number,ovary,perennial,plant,position,presence,pubescence,reproduction,rugulose,seed,shape,size,sparing,staman,stellate,stipe,surface,texture
663	wfo-0001030872	success	166	100	65	101	35	0.392	.5,0.8-1,1-1.2,1-1.5,1-2,1.2-1.5,1.5-2,1.5-5,12-18,2-5,4-6,5.5-7,6-12.5,acuminate,acute,anther,apex,area,base,black,broadly,brown,calyx,cm,corolla,crateriform,dark,deltoid,dia,elliptic,glabrate,glabrous,globose,green,leaf,lobe,lobed,margin,minutely,mm,nearly,oblique,opposite,ovary,ovate,papillose,pedicel,petiole,poricidal,red-glandular-puberulent,reddish-glandular-puberulent,shining,size,small,soon,stem,stigma,strongly,style,tip,tree,treelet,tube,white,x	0.5,0.5-1,0.8-2,1.2-3,3-7,4-6-flowered,5-6,adaxial,age,along,anthesi,appearing,bark,beginning,berry,caly,center,closed,closely,completely,consisting,corky,cucullate,darker,deflexed,densely,difoliate,dry,eaf,edicel,eed,ellipsoid-ovoid,erect,exserted,filament,fleshy,free,fruiting,full,geminat,hooded,incurved,inflorescenc,known,large,lenticel,lenticellate,less,like,live,lon,long,lower,major,material,middle,minor,nerve,nflorescence,older,one,overlapping,pair,pale,paler,petal,planar,pore,portion,primary,prominent,proximal,puberulent,raised,rather,reddish-glandular,relative,rest,ridge,rounded,ruit,scar,shaped,shorter,side,simple,slightly,spaced,specimen,straight,styl,tall,tapering,tear-drop,thickened,ud,unit,widest,woody,ympodial,young	adhesion,arrangement,blade,climate,colour,diameter,form,fruit,glandular,growth,hair,height,history,inflorescence,length,life,midpoint,na,number,peduncle,perennial,plant,position,presence,pubescence,ray,reproduction,rugulose,seed,shape,staman,stellate,stipe,surface,texture
664	wfo-0001030877	success	223	122	96	127	26	0.43	0-0.2,0.1-0.6,0.1-1,0.3-0.4,0.4-0.8,0.5-0.8,0.5-1,0.7-1.4,1-1.5,1-2,1.5-2.4,1.5-3,2,2-3,2.2-2.7,2.9-8,5-6,6-11,6-15,6-9,7-9,7.5-10,abaxially,absent,acute,adaxially,andromonoecious,anther,apex,attenuate,base,blade,broadly,calyx,chartaceous,cm,connivent,cuneate,cylindrical,densely,diameter,entire,erect,extra-axillary,flattened,fruit,glabrous,gland-tipped,globose,green,hair,inflorescence,lanceolate,leaf,length,lobe,lobed,loosely,margin,midpoint,midrib,minutely,mm,moderately,obtuse,ovate,pale,pedicel,peduncle,perennial,petiole,plant,present,purple,ray,reticulate,rhizomatous,rotate-stellate,rusty,shallowly,short,shrub,simple,sparsely,stellate,stellate-pubescent,stem,stigma,style,surface,triangular,tube,weakly,x,yellow,yellowish-green	%,0-0.5,0-10,0-15,0-4,0-5,0.1-0.4,0.2-0.6,0.4-0.5,0.5-0.6,0.7-1.6,0.9-1.2,1-1.3,1-1.4,1-3,1.5-2,1.8-2.6,10-14,10-30,10-40,17-26,2-15,2-3-locular,2-foliate,2.9-4.8,3-10,4-10,4-6,4-8,5,5-11,5-merou,6-12,8-14,8-15,8-9,9-14,9-15,absen,abundant,accrescent,acicular,across,adult,alyx,anvil-shape,apart,articulated,ascending,axe,ba,branch,branche,brown,capitat,cross-section,directed,distall,distributed,dm,dult,eaf,eed,eglandular,exocarp,filament,finger,flower,fruiting,functional,geminat,half,heterostylous,index,interpetalar,juicy,juvenile,lamina,lateral,less,lobing,long,longer,lower,mature,mesocarp,mid-point,midvein,minute,moist,nflorescence,oblique,orolla,pair,part,per,placenta,pore,porrect,prickle,pseudo-racemose,pubescent,rachi,ruit,side,spaced,stalk,stalked,stellae,straight,tal,tamen,thick,throughout,time,tissu,tissue,unarme,unarmed,unbranched,unit,upper,vary,vein,wide,yellowish,ympodial	adhesion,arrangement,capitate,climate,colour,corolla,form,glandular,growth,height,history,life,na,number,ovary,position,presence,pubescence,reproduction,rugulose,seed,shape,size,staman,stipe,texture
665	wfo-0001030882	success	144	96	66	78	30	0.458	0.5-1,0.5-1.1,0.8-1.1,0.9-1.1,1-1.3,1-1.5,1-4,2,2.2-4.6,3-3.5,3/4,6.5-15.6,accrescent,anther,bark,base,calyx,capitate,cm,conical,corolla,deflexed,deltoid,elliptic,fruit,glabrous,globose,green,leaf,lobe,lobed,minutely,mm,narrowly,nearly,occasionally,opposite,ovary,ovoid,ovoid-reniform,pale,papillose,pedicel,petiole,pitted,shaped,short,shrub,size,slightly,small,soon,stem,stigma,style,surface,tan,tapering,tear-drop,tree,truncate,tube,way,white,woody,x	.1,.5,0.5-0.75,0.75-1,0.8-2.4,1.6-2,2-5.4,2-6,8-12,?,acuminate,anthesi,apex,attenuate,beginning,beneath,berry,closely,crenulate,dia,differing,difoliate,eaf,edicel,eed,erect,exserted,extreme,filament,free,fruiting,geminat,inflorescenc,lateral,lightly,lon,long,lower,main,major,margin,middle,minor,nflorescence,older,one,overlapping,pair,paler,papillo,peelin,planar,pore,poricidal,portion,prominent,raised,ruguse,ruit,scar,simple,slender,spaced,straight,tall,terminal,thick,thickened,tip,transversely,tub,ud,unit,vein,widest,yellowish,ympodial,young	0.5,3,5.5,accrescence,arrangement,bud,colour,deflexion,diameter,exsertion,form,growth,height,history,inflorescence,length,life,na,peduncle,peeling,perennial,plant,position,pubescence,reproduction,rugose,rugulose,seed,shape,texture
666	wfo-0001030883	success	179	125	95	84	30	0.531	-3,.05,.5,0.5-3,0.5-5,1-1.1,1-1.2,1-1.3,1-1.5,1.5-2,1.5-3.5,18-44.5,2-5,3-3.5,3/4,5-6,9.5-27.5,acuminate,acute,anther,apex,base,brown,calyx,cell,clavate,cm,collapsed,corolla,dark,dia,dry,elliptic,epidermal,finely,fruit,glabrous,glandular,globose,green,hard,inflorescence,large,leaf,less,like,little,live,lobe,lobed,long,long-acuminate,material,minute,minutely,mm,narrowly,oblique,occasionally,opposite,ovary,ovate,ovoid-reniform,pale,papillate,papillose,pedicel,petiole,pitted,plant,puberulent,pulp,reticulate,russet,seed,shaped,shrub,size,stem,stigma,style,surface,tan,tear-drop,triangular,trichome,tube,uniseriate,upper,wall,way,white,woody,x,young	.1,1-4,10-18,20-50-flowered,3-4,accrescent,across,anthesi,apart,appearing,approximatately,arching,bark,becoming,berry,branched,bu,collection,deflexed,differing,difoliate,eaf,edicel,eed,erect,evenly,filament,fleshy,free,fruiting,furcate,geminat,geminate,hollow,imbedded,laminar,later,lateral,lenticellat,living,lon,lower,main,malodorous,markedly,massive,middle,midrib,nflorescence,older,pair,papillo,perpendicular,petaloid,placenta,pore,poricidal,portion,present,proximal,quite,rather,reflexed,ruit,scar,slender,slightly,sometimes,soon,spaced,stout,straight,strongly,tall,tapering,thick,time,tip,two,ud,unit,vein,widest,ympodial	adhesion,arrangement,blade,climate,colour,diameter,form,growth,hair,height,history,length,life,margin,midpoint,na,number,peduncle,perennial,position,presence,pubescence,ray,reproduction,rugulose,shape,staman,stellate,stipe,texture
667	wfo-0001030884	success	218	108	82	136	26	0.376	0.4-3,0.5,0.5-1.2,0.8-1,0.9-5,1-1.5,1.5,1.5-2,1.5-2.5,2,2-5,4-13,4-5,4.5-5,5.5-7,6-25,6-8,9-11,abruptly,acute,anther,apex,base,berry,blade,brown,calyx,capitate,cm,conical,connivent,dark,densely,diameter,elliptic,glabrous,glandular,green,greenish,growth,inflorescence,lateral,leaf,length,lobe,lobed,long,long-triangular,margin,mature,minutely,mm,moderately,ovary,ovoid-reniform,pedicel,peduncle,petiole,plant,present,prickly,pubescent,ray,reddish,sagittate,shallowly,shrub,simple,size,sparsely,spherical,stellate,stellate-pubescent,stem,stigma,style,tapering,treelet,tube,white,wide,yellow	.2,.5,.7,0.3,0.3-0.5,1,1-1.2,1-3,10,100,5,5-30,5-6,5-merous,6-10,7-8,>,abaxial,abaxially,adaxial,adaxiall,along,also,alyx,andromonoeciou,anthesi,apar,arme,articulated,bark,basal,broad-based,c.,curved,decurrent,di-,differing,directed,discolorous,distal,eaf,eed,equal,extend,extending,filament,flower,flowering,free,fruiting,geminate,gray-tinged,gree,half,herbaceous,heterostylous,infructescence,leafy,like,long-stalked,long-styled,lower,magnification,midpoint,midrib,minute,mixture,new,nflorescence,node,occasionally,older,one,onto,open,orolla,oung,outlin,pair,pale,papillat,per,pore,poricidal,porrect,portion,prickle,primary,principal,red,reflexe,reflexed,regularly,rest,ruit,scar,scattered,sessile,shap,short,short-stalked,short-styled,similar,slender,spaced,spreading,stiff,still,strongly,surface,tall,tamen,tannish,time,tip,trichome,trifoliate,unarmed,unicellular,uniformly,uniseriate,unit,upward,usually,vary,varying,vein,visible,way,weakly,wing,winged,without,woody,ympodial,young	0.2,0.5-0.7,adhesion,arrangement,colour,corolla,dioecious,form,fruit,hair,height,history,life,na,number,papillate,perennial,position,presence,pubescence,reproduction,seed,shape,staman,stipe,texture
668	wfo-0001030899	success	146	105	67	79	38	0.459	-45,.5-2,0.3-0.5,1-2,10-20,2,2-3,2-3.5,2.5-3.5,3-12,3-4,3-5,3.5-4,4-5,5-6.5,6.5-31,7-27,?,acuminate,apex,base,blade,bronze,calyx,chartaceous,cm,cordate,deeply,densely,desc,diameter,ellipsoidal,end,entire,ex,flattened,fruit,glabrous,glandular-puberulent,green,inside,lobe,margin,mm,mucronate,obconical,oblong,outside,ovate,pedicel,peduncle,petiole,puberulent,purple,shrub,simple,splotch,stellate,stigma,stripe,style,triangular,tube,unbranched,white,x,yellow	0.5,0.5-1,1,1-1.5,1-3,1-6,1.5-2,10-13,20-25,3-foliate,5-10,8-11,abaxially,absent,acute,adaxially,aggregate,apart,ape,articulated,axe,basal,beyond,cell,connective,connivent,coriaceous,dilated,directed,distally,eaf,eed,exceeding,exserted,extrorse,flower,globose,leaving,less,light,lon,long,lower,narrowly,nflorescence,nther,obtuse,orang,orolla,ovoid,pedicellar,peltifor,perfect,pore,presen,puberulen,pubescent,rachi,radiu,remnant,ruit,shorter,slightly,spaced,stamen,stone,strongly,tal,tem,thecae,time,tomento,ud,unit,upward,vary,vein,wide,ympodial	adhesion,anther,arrangement,climate,colour,corolla,form,glandular,growth,hair,height,history,inflorescence,leaf,length,life,midpoint,na,number,ovary,peltiform,perennial,plant,position,presence,present,pubescence,ray,reproduction,rugulose,seed,shape,size,staman,stem,stipe,surface,texture
669	wfo-0001030902	success	159	117	80	79	37	0.503	-2,0.6-1.5,1-2,1-6,1.5-13,1.5-2.5,10-15,2,2-3,2-5,2.5,2.5-4,3-13,3-4,3.5-4,4-22,4-7,5-7,5-9,6-24,abaxially,acuminate,adaxially,along,angled,apex,apiculate,basal,base,blade,brown-pilose,calyx,cm,cordate,dark,deltate,densely,diameter,eglandular,ellipsoidal,entire,except,flattened,fruit,glabrescent,glabrous,glandular,globose,hair,lobe,long,margin,mature,mm,oblong,occasionally,orange,ovate,pedicel,peduncle,petiole,pinkish,present,puberulence,purple,purplish,reddish,simple,sparse,stellate,stigma,style,subcoriaceous,tip,tree,truncate,tube,vein,x,yellow	-20,-5,0-15,1.5-,1.5-2,15-50,3-20,30-50,4,4-6,4-foliat,8-14,absent,acute,aggregate,apart,ape,apically,articulated,axe,beyond,branched,brow,cell,connective,connivent,cylindrical,dilated,directed,distally,eaf,eed,equalling,exceeding,exserted,fleshy,flower,forked,glabrat,glandular-puberulen,laterally,leaving,lon,lower,narrowly,nflorescence,nther,obtuse,orolla,pedicellar,perfect,pore,presen,rachi,radiu,rarely,remnant,ruit,shorter,slightly,small,somewhat,spaced,sparsely,stamen,stone,subcapitat,tal,tem,thecae,time,tomento,triangular,ud,unbranched,unit,vary,wide,ympodial	adhesion,anther,arrangement,climate,colour,corolla,form,glabrate,growth,height,hermaphroditic,history,inflorescence,leaf,length,life,midpoint,na,number,ovary,perennial,plant,position,presence,pubescence,ray,reproduction,rugulose,seed,shape,size,staman,stem,stipe,subcapitate,surface,texture
670	wfo-0001030906	success	134	102	60	74	42	0.448	1,1-1.4,1.0-1.4,1.5-2.5,1/3-2/3,2.0-2.6,2.3-3.5,4-11,40-80,6-10,7-16,8-13,9-12,along,annual,anther,arcuate,armed,base,berry,blade,broadly,calyx,campanulate,cm,dry,flattened-ovoid,foveolate,glabrous,herb,internodal,length,linear,lobe,long,main,maturity,minutely,mm,obtuse,ovate,pedicel,pentagonal,per,petiole,prickly,purple,red,rounded,seed,slender,spherical,splitting,stellate-pubescent,stellate-tomentose,stem,surface,tube,vein,yellow	38,6-8,7-12-flowere,accrescent,across,almost,alyx,ample,anthesi,ascending,bearing,branched,bristly,broad-based,cauline,da,densely,developing,dia,difoliate,divided,eaf,essentially,exceeding,externall,faces,flat,geminat,interpetalar,invested,lateral,long-stalked,n,near,nearly,nflorescence,numerous,often,orolla,partly,pinnatifid,pinnatisect,plicate,prickl,prickle,purpli,ruit,sessil,short,slightly,sometimes,somewhat,spreadingly,stellae,strait,subulate,suffused,tamen,taprooted,throughout,tightly,tigma,tissue,tub,twice,tyle,ultimate,undulate,unexpande,unit,usually,vary,yello,ympodial	adhesion,apex,arrangement,climate,colour,corolla,diameter,externally,form,fruit,glandular,growth,hair,height,history,inflorescence,leaf,life,margin,midpoint,na,number,ovary,peduncle,plant,position,presence,present,pubescence,purplish,ray,reproduction,rugulose,shape,size,staman,stellate,stigma,stipe,style,texture,unexpanded
671	wfo-0001030914	success	186	127	97	89	30	0.522	/4,0.5-1,0.7-1,0.8-1.3,1-1.5,1-2,1.2-1.5,1.5-2,1.5-3,1.5-8,2-10,2-2.5,2.5-3,3-4,3.5-17,7-8,9-35,along,anther,bark,base,beneath,berry,bud,calyx,campanulate,capitate,cm,constriction,corolla,dark,decurrent,deltoid,densely,dia,ellipsoid,elliptic,erect,exserted,fruiting,glabrate,glabrous,globose,golden,green,inflorescence,later,leaf,lemon-yellow,length,lobe,lobed,long-styled,minutely,mm,obovate,opposite,ovary,ovoid-reniform,pale,papillose,pedicel,petiole,pitted,plant,poricidal,puberulent,pubescent,reddish-brown,ripe,shape,short-styled,shrub,size,slender,small,soon,sparsely,stem,stigma,style,surface,tan,tapering,tip,tree,trichome,trunk,tube,uniseriate,usually,vein,way,white,winged,x,young	.1,.5,0-0.25,0.1-0.5,0.8-1,2.5-11,5-17,5-25-flowered,7-10,acute,anthesi,apex,attenuate,blade,closely,deflexed,differing,difoliate,distal,dry,eaf,edicel,eed,equal,even,evenly,filament,flower,free,furcate,geminat,greyish-brow,individual,lateral,like,live,lon,long,lower,main,major,many,margin,middle,minor,narowly,nflorescence,occasionally,often,older,one,onto,otherwise,overlappin,pair,papillo,planar,pore,portion,prominent,quite,raised,rest,rounded,ruit,scar,shaped,simple,slightly,sometimes,spaced,specimen,straight,tall,tear-drop,thick,third,ti,time,tub,ud,unit,variable,weight,widest,within,woody,yellow,ympodial	0.5,5,adhesion,arrangement,colour,diameter,exsertion,form,fruit,greyish-brown,growth,height,history,life,na,narrowly,number,peduncle,perennial,position,presence,pubescence,ray,reproduction,rugulose,seed,staman,stellate,texture,unripe
672	wfo-0001030918	success	230	131	98	132	33	0.426	-3.2,-40,-6,-9,0.1,0.25-0.45,0.6-2.5,0.7-1.2,0.7-1.7,1,1-1.5,1.5-2.5,1.5-5.5,1/2-2/3,1/3,2-2.5,2-25,2-8,2.8-3,3-6.5,3.5-6,5-8,5.5-7,6-8,acute,anther,apex,apically,base,berry,blade,calyx,chartaceous,cm,connivent,cuneate,densely,diameter,dull,elliptic,equal,erect,evenly,flattened-reniform,fruit,glabrescent,glabrous,green,lateral,leaf,length,lobe,lobed,long,lower,margin,maturity,mauve,midpoint,mm,moderately,narrow-deltate,obtuse,orange,orange-brown,pale,pedicel,peduncle,petiole,poricidal,pubescent,purple,ray,red,scandent,seed,shrub,simple,smooth,sometimes,sparsely,spherical,spreading,stellate,stellate-pubescent,stem,style,surface,tapering,terminal,tip,tube,upper,way,weakly,wide,yellow,young	-12,-2.3,-4,-4.5,-5,.5,.7,0-10,0-20,0-25,0-4,0-6,0.1-0.25,0.2-0.4,0.3-1.5,0.5-0.7,0.5-2,0.5-2.5,0.6,1-1.8,1-2,1-4,1.5-2,1/2-3/4,1/3-,1/3-1/2,1/4-1/3,2-10,2-3,2-4,2-7,2/,3-15,3-4,3-7,4-7,5-7,5-merous,7-10,abaxial,abaxially,acicular,adaxial,alyx,ame,apar,apart,apparently,articulated,bark,branched,brow,c.,caudat,cell,curved,dark,deltate,difoliate,discolorous,distance,drying,eaf,elongated,elongating,extending,faint,filament,flattened,flower,free,fruiting,geminat,green-brown,infructescence,lobing,longer,mature,midvein,mixture,nflorescence,oblong,occasionally,older,one,open,orolla,oung,outline,pair,pendulous,per,perfec,pericarp,perpendicular,pit,porrect,portion,prickl,prickle,prickly,primary,raised,red-brown,reduced,reflexed,ruit,scar,secondary,sessile,side,slender,small,somewhat,spaced,stalk,stalked,straight,strongly,tamen,terete,tertiary,time,trichome,unit,usually,vary,vein,venation,visible,woody,ympodial	2/3,adhesion,arrangement,caudate,climate,colour,corolla,dioecious,form,glandular,growth,hair,height,history,inflorescence,life,na,number,ovary,perennial,plant,position,presence,pubescence,reproduction,rugulose,shape,size,staman,stigma,stipe,texture,ye
673	wfo-0001030919	success	219	111	64	155	47	0.292	12,2,2.5,3,absent,acute,andromonoecious,anther,apex,base,blade,brown,calyx,chartaceous,cm,connivent,coriaceous,densely,diameter,elliptic,entire,extra-axillary,flower,fruit,glabrous,glandular,globose,green,hair,leaf,length,linear-lanceolate,lobe,margin,midpoint,mm,moderately,nearly,obtuse,orange,ovate,pedicel,peduncle,petiole,plant,pubescent,ray,reniform,scandent,shrub,simple,stellate,stellate-pubescent,stem,stigma,style,subopposite,surface,tan,triangular,tube,white,yellow,×	.2–0.4,.2–0.6,0.1–0.2,0.1–0.3,0.3–0.6,0.5–1,0.5–1.5,0.5–3,1.2–2,1.5,10–13,10–14,10–20,12–16,12–18,1971,1–2,1–3,25–50,2–3,2–4,2–8,3–4,3–6,3–8,4–7,4–8,5-merous,5–10,5–7,5–8,7–10,7–11,8–12,abaxial,abaxially,accrescent,adaxial,adaxially,alyx,anthesi,apart,apparently,armed,articulated,asymmetrical,attenuate,axe,ba,berry,beyond,branched,capitat,connected,cordate,covering,cylindrical,directed,discolorous,distally,eaf,eed,exserted,festooning,filament,flattened,frui,fruiting,functionally,fused,glabrou,hard,hermaphroditic,horizontal,incompletely,interpetalar,introrsely,lateral,like,lobed,long,longitudinal,lower,male,maturity,midrib,midvein,moderate,multicellular,multiseriate,narrowly,nflorescence,notch,occasionally,often,older,opening,orolla,partially,per,perfec,petiolate,pinnate,placenta,plurifoliat,pore,porrect-stellate,positioning,prickle,protrusion,proximally,rachi,recurved,reddish,reflexed,roe,roselike,rugose,ruit,rusty,secondary,see,shortly,side,slightly,slit,small,spaced,sparsely,spine,stalk,stamen,ste,subsessile,swollen,tal,tamen,tapering,tem,terminology,tissue,triangular-ovate,twice,unarmed,unbranched,unicellular,uniseriate,unit,vary,vein,venation,whitish,wide,ympodial,young	0.2-0.4,0.2-0.6,0.3-0.6,0.5-1,0.5-1.5,0.5-3,1-2,1-3,10-13,10-20,12-18,2-3,3-4,3-6,3-8,4-7,5-10,5-8,7-10,7-11,adhesion,arrangement,capitate,climate,colour,corolla,form,growth,height,history,inflorescence,life,na,number,ovary,position,presence,present,pubescence,reproduction,rugulose,seed,shape,size,staman,stipe,texture
674	wfo-0001030921	success	185	114	86	99	28	0.465	0,0.4-0.5,1-1.5,1-3,2-2.5,2-3,3-3.5,3-4,3-5,3.5-5,4-10,6-7,7-8,9-15,acuminate,acute,anther,antrorse,apex,armed,asymmetric,basal,base,brown,calyx,campanulate,cm,coriaceous,corolla,deep,diameter,elliptic,entire,flattened,fruit,globose,green,growth,half,inflorescence,internodal,lanceolate-elliptic,liana,like,linear-lanceolate,lobe,lobed,margin,midpoint,mm,multicellular,nearly,ovary,pedicel,peduncle,petiole,porrect,puberulent,pubescence,pubescent,purple,ray,reniform,reticulate-undulate,rusty,scabrous,sessile,stellate,stellate-pubescent,stem,stigma,style,subequal,subspherical,subtruncate,surface,tapering,tomentose,trichome,tube,unicellular,violet,white,woody,x,yellowish	.5,1-1.2,1-2,1/3,10,2-6,4-6,abaxially,adaxially,anthesi,apart,appressed,articulated,bark,berry,branched,caly,channelled,compressed,congested,corymbose,curved,cyme,deeply,densely,diamete,discolorous,distal,eed,elongating,erec,erect,exceeding,exserted,filament,flower,free,fruiting,glabrescent,glabrous,grey,hermaphroditic,heterostylous,included,long,long-styled,longer,lower,many,minute,near,new,nflorescence,oblong,obverse,older,one,ovoid-conical,partially,perfect,pericarp,plurifoliateleaf,pore,poricidal,porrect-stellate,portion,prickle,prickly,raise,recurved,reddish,reduced,reflexed,rugose,ruit,scar,short-styled,shorter,shrub,slightly,slit,spaced,sparse,sparsely,staminate,straight,strongly,terete,testa,time,tip,triangular,ud,unevenly,unit,upper,velutinous,ympodial,young	adhesion,arrangement,blade,climate,colour,form,glandular,hair,height,history,leaf,length,life,na,number,plant,plurifoliate,position,presence,present,reproduction,rugulose,seed,shape,size,staman,stipe,texture
675	wfo-0001030941	success	259	129	99	160	30	0.382	-1.5,0.02-0.3,0.02-0.4,0.04-0.08,0.07-0.4,0.1-0.3,0.8-1.1,0.8-1.3,1-9,1.1-1.7,1.1-2.8,1.2-2.1,1.2-2.2,1.3-2.5,1.4-1.6,1.5-4.5,10,10-25,2-3.2,2-5,3.5-10,4-6,4-9,6-22,7-23,9,abaxially,acute,adaxially,anther,apex,becoming,blunt-tipped,brown,calyx,campanulate,chartaceous,cm,conical,corolla,deltoid,diameter,elliptic,fleshy,flower,fruit,glabrescent,glabrous,glandular,globose,gray,growth,hair,inserted,lateral,leaf,length,lobe,midpoint,mm,moderately,mostly,narrowly,oblong,obovate,obtuse,occasionally,ovoidal,pale,pedicel,peduncle,perfect,petiole,pubescent,ray,ripe,scabridulous,scabrous,shrub,simple,small,sometimes,sparsely,stelliform,stem,stigma,stipitate-glandular,style,suborbicular,subreniform,terminal,tomentose,tree,triangular,tube,white,x,yellow,yellowish	-16,-4,-6,.01-0.3,.03-0.25,.04-0.1,.04-0.12,.04-0.22,.04-0.4,.2-0.8,.5-5,/50-1/15,0-100,0.01-0.22,0.02-0.04,0.02-0.06,0.02-0.25,0.03-0.05,0.03-0.06,0.03-0.6,0.04-0.1,0.04-0.35,0.04-0.5,0.04-0.6,0.06-0.35,0.06-0.42,0.08-0.35,0.08-0.5,0.5-1.5,1-1.4,1.1-1.3,1.3-4.5,1.4-3.5,1.5-3.5,1/3-1/2,2-3.3,3-4.5,3-5,3/4,4-12,4-8,5-9,5-merou,6-10,6-9,7-10,absen,accrescent,acuminate,ag,along,alyx,anthesi,apart,apical-lateral,apparently,appressed-tomentose,articulated,axe,axillary,bark,base,berry,blade,branch,branched,bud,color,continued,darker,decurrent,dehiscing,dense,densely,directed,due,eaf,eed,ellipsoid,entire,exserted,extend,few-rayed,filament,free,fruiting,high,honeycombed,introrse,lanceolate,large,less,lobed,lon,long,long-attenuate,longer,longitudinal,lower,m.,main,margin,midvein,minutely,mixed,multangulat,multangulate,multiseriate,nearly,nflorescence,obscured,often,older,orolla,ovate,plurifoliate,pore,porrect-stellat,porrect-stellate,rachi,rarely,rather,reticulate-punctate,ruit,runk,sessile,short,short-stalked,side,slit,somewhat,spaced,sparingly,sparse,stalk,stamen,strongly,subcapitat,subcoriaceous,suture,tamen,terete,testa,thick,thick-stalked,time,tomentu,touching,toward,unarme,unarmed,unit,usually,vary,vein,way,weakly,wide,ympodial,young	0.2-0.8,adhesion,arrangement,climate,colour,form,height,history,inflorescence,life,na,number,ovary,perennial,plant,position,presence,present,pubescence,reproduction,rugulose,seed,shape,size,staman,stellate,stipe,subcapitate,surface,texture
676	wfo-0001030943	success	167	128	93	74	35	0.557	.5,0.5-1,1-1.2,1-1.5,1.1,1.8-2.2,1/2,12-15,2-6,3,3-4,3/4,4-4.5,4-5,4-6,7-13.5,abaxial,abaxially,acuminate,acute,adaxial,adaxially,age,along,anther,apex,base,becoming,bi-lobed,black,branching,calyx,cm,conical,corolla,dendritic,densely,diameter,drying,echinoid,elliptic,flattened,glabrous,globose,golden,golden-yellow,growth,im,lateral,leaf,lenticular,lobe,lobed,main,minutely,mm,narrowly,ovary,overtopping,pale,pedicel,pericarp,petiole,pitted,plurifoliate,pore,poricidal,pubescent,purplish-black,reddish-brown,scattered,shoot,shrub,slit-like,small,sparsely,stem,stigma,style,surface,terminal,thin,tip,tree,tree-like,triangular,trichome,tube,vein,violet,way,x,yellowish-white	0,0.5-3,1.5-2,10-25,7-8,8-10,absent,anthesi,apical,bark,basal,belo,berry,branch,cupulate,dark,decurrent,deflexed,denser,eaf,edicel,eed,elongate,erect,ew,exserted,fide,filament,flower,free,fruiting,glabrat,horizontal,inserted,large,lon,long,lower,m.,minute,monochasia,nflorescence,nodding,often,older,outline,pair,papillo,pearce,per,planar,portion,raised,ruit,scar,secondary,showy,sleeve,slightly,somewhat,stamen,strongly,tall,tapering,time,tub,ud,unit,upper,wide,woody,yellow,ympodial,young	adhesion,arrangement,blade,climate,colour,form,fruit,glandular,hair,height,history,inflorescence,length,life,margin,midpoint,monochasial,na,number,peduncle,perennial,plant,position,presence,pubescence,ray,reproduction,rugulose,seed,shape,size,staman,stellate,stipe,texture
677	wfo-0001030959	success	164	102	72	92	30	0.439	.05,.8,/5,0.5-1.5,0.7-1.2,1.2-1.8,1.5-3.5,10-15,2-4,2.5-4.5,2.5-5,5-6,5-9,9-12,abaxially,almost,anther,apex,apically,base,blade,brown,cm,color,connivent,cuneate,deltate,diameter,elliptic,equal,fresh,glabrous,glandular,hair,inflorescence,known,lateral,leaf,length,lobe,lobed,long,long-acuminate,margin,membranous,midpoint,minute,mm,pedicel,peduncle,petiole,poricidal,present,ray,shrub,simple,sparsely,stellate,stellate-pubescent,stem,straw,style,subentire,surface,tapering,terete,tip,toward,tube,way,wide,yellow	.2,0.5,1-10,1-2,1-7,1.5-2,1/5-1/10,2.5-4,4-6,4-8,5-merous,6-8,alyx,ame,apar,apart,apparently,armed,articulated,bark,branched,brown-green,c.,concolorous,curved,densely,difoliate,distributed,drying,eaf,eed,erect,evenly,filament,flower,free,geminat,gently,glabrescent,glabrou,green-brow,know,less,like,long-acuminat,longer,lower,narrow-deltate,nflorescence,numerous,older,one,open,orolla,oung,pair,part,perfec,perpendicular,porrect,portion,prickl,prickle,prickly,primary,prominent,ruit,scar,scrambling,secondary,sessile,several,short,side,slender,spaced,spreading,straight,tamen,tertiary,time,trichome,unarmed,unit,usually,vary,vein,venation,visible,whole,ympodial,youngest	adhesion,arrangement,calyx,climate,colour,corolla,form,fruit,growth,height,history,life,na,number,ovary,perennial,plant,position,presence,pubescence,reproduction,rugulose,seed,shape,size,staman,stigma,stipe,texture,unknown
678	wfo-0001030982	success	215	118	92	123	26	0.428	-2-2.5,0.05,0.05-0.5,0.2-3,0.5,0.5-0.9,0.5-1,1,1-1.5,1-8,1.5,1.5-2,1.5-3,2/3,3-21,4-5,6-8,acuminate,acute,anther,apex,base,berry,broadly,brown,brownish,calyx,capitate,chartaceous,cm,conic,conical,corolla,cuneate,deltate,diameter,dry,drying,elliptic,entire,flattened-reniform,fleshy,form,fresh,fruit,glabrous,glandular,globose,green,growth,leaf,less,live,lobe,lobed,long,margin,material,maturity,minutely,mm,opposite,ovary,ovate,pale,papillose,pedicel,peduncle,petiole,plant,poricidal,puberulent,pubescent,reddish,rhizomatous,sagittate,seed,sinuate,size,slightly,sparsely,stem,stigma,style,subshrub,surface,tip,tube,vein,way,white,x	.1,.2,.5,0.1,0.1-0.15,0.3-2,0.5-3,3-8,4-12,abaxially,adaxially,age,angular,anisophyllous,anthesi,ape,appressed,ba,beneath,bud,caducous,central,channelled,ciliate,closely,cream,cucullate,curved,dark,deflexed,differing,difoliate,distall,distally,distichou,eaf,edicel,eed,ellipsoid,enlarged,exerted,extension,external,filament,flower,foliage,free,fruiting,geminate,glabrescent,glandular-papillose,golden-green,greenish,hilum,impressed,inconspicuously,internal,isostylous,larger,later,lengthening,like,lower,major,materia,midvein,minor,mostly,near,new,nflorescence,oblique,obovate,occasionally,often,olive,one,overlappin,packed,pair,papillae,papillat,papillate,pitted,planar,pore,portion,primary,projection,prominent,prominently,reflexed,rest,revolute,ruit,scar,separated,shoot,sigmoidally,simple,situated,slit,somewhat,stamen,straight,stripe,strongly,testa,tetramerous,tightly,time,transverse,trichome,tub,ud,uniseriate,unit,vegetative,veined,weakly,yellowish,ympodial,young	adhesion,arrangement,blade,climate,colour,distichous,hair,height,history,inflorescence,length,life,midpoint,na,number,position,presence,pubescence,ray,reproduction,rugulose,shape,staman,stellate,stipe,texture
679	wfo-0001030989	success	177	120	95	82	25	0.537	.5,0.5-1,1-2,12-15,15-27.5,2-3.5,3-4,3-5.5,3-7.5,4-5,4-8,5,5.5-7.9,6-13,6-6.5,9-10,abaxially,acuminate,adaxially,anther,apex,articulated,axillary,base,berry,brownish,bud,cell,chartaceous,ciliate,cm,condition,conical,corolla,covering,densely,diameter,drying,fresh,fruit,glabrous,green,green-white,greenish,hair,hair-like,herb,interjected,lanceolate,lateral,leaf,leaflet,light,like,lobe,long,make,margin,minute,mm,mucilaginous,obtuse,odd-pinnate,orbicular,ovate,ovate-lanceolate,ovoid,pedicel,peduncle,petiole,plant,proximal,pubescent,ripe,rotate,seed,size,sparsely,stem,stigma,style,subtending,terminal,testal,thick,throughout,triangular,tube,violet,wall,wet,whitish,wide,x,yellow	1-1.5,1-10,3-20,4-7,5-merou,ag,alyx,apart,apparently,axe,blade,capitat,connivent,decreasing,digestion,distal,dorsally,eaf,edge,eed,end,enzyme,erec,especially,filament,flat,flower,folded,forked,geminat,generally,glabrou,gradually,half,homostylous,honeycomb-shaped,larger,lengthening,living,lower,nflorescence,occurring,orolla,pair,pale,perfect,petiolule,plurifoliate,pore,poricidal,present,pubescen,ray,removed,ruit,secondary,semierect,seudostipule,singly,slit,spaced,specimen,ste,stolo,subequal,subsessile,symmetrical,tall,tamen,tem,thir,tip,toward,tri-,tuber,typically,unit,unwinged,usually,vary,wider,ympodial	adhesion,arrangement,calyx,capitate,colour,form,growth,height,history,inflorescence,length,life,na,ovary,perennial,position,pseudostipule,pubescence,reproduction,rugulose,shape,staman,surface,texture,third
680	wfo-0001030991	success	204	123	93	111	30	0.456	.5,0.5-0.7,0.5-1.5,0.7-1.2,1-1.5,1-1.6,1-2.2,1-2.5,1-7,1.5,2.5-10,2.5-3,3-,3-5-lobed,5-5.5,9-11,abaxially,absent,acuminate,acute,along,anther,apex,apparently,attenuate,base,brown,calyx,capitate,cm,conical,corolla,densely,diameter,ellipsoidal,elliptic,entire,flattened,glabrous,globose,grey,growth,herb,inflorescence,lanceolate,lateral,leaf,leaf-opposed,lobe,lobed,long-triangular,margin,minutely,mm,narrowly,nearly,occasionally,pedicel,peduncle,perfect,petiole,pinnatifid,pitted,pubescent,red,reniform,ripe,scattered,shiny,short,shrub,simple,small,sparsely,stellate,stem,stigma,style,suffrutescent,surface,terminal,thin,trichome,tube,uniformly,uniseriate,variably,violet,weak,white,winged,x,yellowish	0,0.1,0.2,0.2-0.7,0.3-0.4,0.5,0.5-1,0.5-3.5,0.6-0.8,10-20,2-plurifoliat,2/3,4-10,5-merou,<,adaxiall,adaxially,ag,alyx,angled,anthesi,appressed,arising,ark,articulated,ascending,basal,berry,bulbous,cell,color,connivent,different,distally,drying,eaf,eed,ellipsoid,elongate,enlarged,exerted,eye,filament,filiform,flower,free,frui,fruiting,furcate,fusiform,glabrescen,ilament,incised,leave,lengthening,less,like,loosely,lower,midrib,minute,new,nflorescence,nodding,often,older,orolla,outline,packed,pair,papillo,part,particularly,pendant,per,pericarp,platfor,pointing,pore,poricidal,portion,primary,pseudoumbel,rectangular,reflexed,rest,rootstoc,ruit,scar,shallowly,sleeve,slightly,slit,somewhat,spreading,strongly,tangled,tem,testal,tightly,tip,twinin,ud,unit,upper,vary,vein,weight,woody,ympodial,young	adhesion,arrangement,blade,climate,colour,form,fruit,glandular,hair,height,history,length,life,midpoint,na,number,ovary,plant,position,presence,pubescence,ray,reproduction,rugulose,seed,shape,size,staman,stipe,texture
681	wfo-0001031005	success	231	105	86	145	19	0.372	.5,0.8,0.9,1-1.5,1-2.5,1-3,10,2-3.2,2.5-4,3-4,3-6.5,5,5-8,almost,along,anther,apex,base,berry,black,blue,brachyblast,branch,brown,calyx,capitate,chartaceous,clustered,cm,conical,corolla,cupular,dark,dendritic,dendritic-pubescent,diameter,drying,elliptic,elongated,evenly,form,fruit,glabrous,inside,lateral,leaf,length,liana,like,lobed,membranous,midvein,mm,oblong,obovate,occasional,occasionally,older,orange-brown,outside,ovoid,pedicel,peduncle,pubescent,purple,rachi,seed,short,side,slender,sometimes,somewhat,stem,stigma,style,surface,terminal,thick-chartaceous,thin,tip,toward,trichome,tube,usually,white,x	.4,/3-1/2,0-0.5,0.1,0.3-0.5,0.5-1.5,1,1-2,1.5-2.5,1.5-4,2.3-3,2.5,3-10,4-6,5-7,5°,6-12,abaxial,abaxially,accrescent,acuminate,acute,adaxially,age,alyx,anthesi,apar,apically,apparently,articulated,attenuate,bark,branched,branching,clearly,clum,common,concolorous,curved,datum,deeply,delineated,deltoid,denser,density,detaching,developing,dilated,discolorous,divided,domatia,eaf,ellipsoi,entire,equal,extending,eye,fertilisation,filament,fine,flat,flattened,flexuous,flower,forming,free,fruiting,greenish,immature,increasing,junction,known,leave,lengthening,linear,lobe,long,longitudinally,loop,lower,m.,main,margin,minute,much,naked,network,nflorescence,nther,obscure,often,onl,orolla,ou,ovate,pair,pendulous,perfec,pericarp,petiole,plurifoliat,pointed,pore,poricidal,portion,primary,prominent,protruding,raised,ray,region,rest,ridged,ruit,scar,secondary,simple,smaller,smoot,smooth,soon,sparsely,spread,spreading,standing,strongly,stump,surrounding,tangling,tearing,terete,tertiary,ud,unarmed,uneven,unit,vary,vein,venation,visible,weakly,well-developed,wide,ympodial,young	arrangement,colour,dioecious,growth,height,history,inflorescence,life,na,ovary,perennial,plant,position,pubescence,reproduction,rugulose,shape,size,texture
682	wfo-0001031007	success	207	137	106	101	31	0.512	0.5-1,1,1-1.2,1-1.5,1-3.5,1.2-1.5,1.3-,1.5-2,1.9-3,15,2.5-,2.5-5,3-4,4.5-5,5-12,5.5-6,6,7-10,abruptly,acute,alfway,along,anther,apex,base,berry,bifid,black,broad,broadly,brown,c.,calyx,capitate,chartaceous,cm,connivent,corolla,cuneate,cup-shaped,deltate,dendritic,densely,diameter,dull,elliptic,entire,extending,flattened-reniform,fleshy,fruit,glabrous,globose,growth,inflorescence,irregularly,lamina,lax,lilac,lobe,lobed,long,loose,loosely,lower,margin,matte,minutely,mm,narrowing,narrowly,occasionally,papillate,pedicel,peduncle,perfect,petiole,pitted,pubescent,reddish,revolute,sagittate,shiny,shrub,simple,sparsely,splitting,stellate,stellate-pentagonal,stem,stigma,stout,style,surface,tangled,terminal,thin,tip,trichome,tube,usually,vein,vine,woody,x,yellow	.5,0.2,0.5,0.5-10,0.75-1.5,1.6-2,1/3,11-14,4-6,4-7,5,5-merou,50-100,8-10,<,abaxiall,ag,almost,alyx,anthesi,apar,apparently,ark,articulated,becoming,beginning,branched,branching,campanulate,cell,clustered,completely,dark,dilated,drying,eaf,eed,ellipsoid,exserted,filament,flower,free,fruiting,geminat,glabrescen,glabrou,herbarium,ilament,impressed,intramarginal,junction,leaving,lengthening,looping,m.,many,markedly,midvein,multi-celled,near,new,nflorescence,nodding,often,older,orolla,outline,pale,papillat,peg,per,pericarp,planar,plurifoliate,pore,poricidal,portion,primary,prominent,rat,round-rectangular,ruit,scar,sleeve,slender,slightly,slit,spaced,specimen,spreading,strongly,testal,time,tiny,twining,ud,unit,upper,vary,way,ympodial	adhesion,arrangement,blade,climate,colour,form,glandular,hair,height,history,leaf,length,life,midpoint,na,number,ovary,perennial,plant,position,presence,pubescence,ray,reproduction,rugulose,seed,shape,size,staman,stipe,texture
683	wfo-0001031007	success	206	152	112	94	40	0.544	0.2,0.5-1,0.5-10,1,1-1.2,1-1.5,1-3.5,1.2-1.5,1.3-,1.5-2,1.6-2,1.9-3,15,2.5-,2.5-5,3-4,4.5-5,5-12,5.5-6,6,7-10,<,abaxially,abruptly,acute,alfway,along,anther,apex,bark,base,berry,bifid,black,broadly,brown,c.,calyx,capitate,chartaceous,clustered,cm,corolla,cuneate,cup-shaped,deltate,densely,diameter,dull,elliptic,entire,exserted,filament,flattened,fleshy,fruit,fruiting,glabrous,globose,growth,inflorescence,irregularly,lax,lengthening,lilac,lobe,lobed,long,margin,matte,midvein,mm,narrowing,narrowly,often,papillate,pedicel,peduncle,perfect,petiole,pore,poricidal,pubescent,reddish,reniform,revolute,sagittate,scar,shiny,shrub,simple,slightly,slit,sparsely,splitting,stellate,stellate-rotate,stem,stigma,stout,strongly,style,surface,tall,terminal,thin,tip,tube,usually,vine,wide,woody	.5,0.5,0.75-1.5,1/3,11-14,4-6,4-7,5,5-merou,50-100,8-10,adaxial,ag,almost,alyx,anthesi,apar,apparently,articulated,becoming,beginning,branched,branching,broad,campanulate,cell,completely,dark,dendritic,dilated,drying,eaf,eed,ellipsoid,extending,flower,free,glabrescen,glabrou,herbarium,ilament,impressed,intramarginal,junction,lamina,leaving,looping,loose,lower,m.,many,markedly,minutely,multi-celled,near,new,nflorescence,nodding,occasionally,older,orolla,outline,pale,papillat,peg,per,pericarp,pitted,planar,plurifoliat,portion,primary,prominent,rat,round-rectangular,ruit,sleeve,slender,spaced,specimen,spreading,tangled,testal,time,tiny,trichome,twinin,ud,unit,upper,vary,vein,way,ympodial	adhesion,age,apart,arrangement,blade,climate,clustering,colour,exsertion,extension,form,glabrescent,glandular,hair,height,history,leaf,length,life,midpoint,na,number,ovary,paler,perennial,plant,position,presence,present,pubescence,ray,reproduction,rugulose,seed,shape,size,spacing,staman,stipe,texture
684	wfo-0001031022	success	287	141	114	173	27	0.397	.04,0.2–0.3,0.2–0.9,0.3–0.6,0.3–0.8,0.5–1.4,0.5–5.8,0.6–1.0,0.6–1.2,0.6–1.6,0.6–2.4,0.7,0.7–1.7,0.8–1.2,0.8–2.9,0.8–3.4,0.9–1.9,1.0–4.5,1.1–8.3,1.2–2.3,1.8–12.1,1.9–2.8,12.9,14.9,2.3–3.1,3.2–4.9,3.9–6.5,4.5–21.9,4–9,6–10,90°,acuminate,acute,adnate,anther,apex,apiculate,arcuate,attenuate,base,black,blade,brown,calyx,capitate,caudate,chartaceous,clinate,cm,corolla,cream,cuneate,densely,diameter,dry,entire,erect,evenly,extra-axillary,flattened-reniform,flower,fruit,glabrous,glandular,globose,green,hair,heterostylous,lanceolate,lateral,leaf,length,less,lobe,lobed,long,longer,margin,markedly,mature,midpoint,mm,moderately,nearly,oval,ovate,pedicel,peduncle,petiole,pubescent,purple,ray,reddish,rounded,short,shorter,shrub,simple,small,stellate,stem,stigma,stipe,style,tip,tree,truncate,tube,unarmed,vein,white,yellow,yellow-tan,×	0.1,0.4–0.5,0.4–1.2,0.4–1.3,0.5–1.5,0.5–2.2,0.6–2.6,0.8–1.3,1.0–2.6,1.1–3.4,1.2–2.6,1.4–4.0,1.5–2.5,1.6–4.8,1/3,1/4,1/4–1/3,10,10.5,17–145,2.8–6.3,2/3,3.2–7.0,3.8,4–6-merou,5.1–8.7,5.8–11.4,5–7,5–8,6.9,8.2,8.8,8.9,abaxially,absent,adaxially,aequilateral,along,alyx,anthesi,apart,apical,apparently,appearing,appressed,arching,area,around,articulate,axe,ba,bark,basal,becoming,bent,berry,branch,broad,brochidodromous,bud,bulge,central,channeled,crea,deciduous,dentate,development,difoliate,directed,directly,distal,distally,distinct,eaf,edge,eed,either,emerging,endocarp,exocarp,extending,ferruginous,fertile,filament,filiform,forking,free,geminat,glossy,gradually,immature,increasing,intac,internode,interpetalar,intersepalar,juic,large,layer,lon,lower,major,many,midrib,midvein,minor,minute,nflorescence,oblique,opaque,opposed,orolla,ove,per,perforated,poorly,pore,porrect,portion,potentially,raised,reflexe,remaining,reticulate,ridge,rigid,row,ruit,semicraspedodromous,sessile,several,side,sinus,sloughing,smooth,sometimes,spaced,sparsely,splitting,spread,spreading,stellae,stellate-pubescent,stipitate,straight,surface,suture,tamen,tardily,tem,terete,thin,time,tissue,toward,transparent,two,ud,unbranched,unit,upper,various,vary,weakly,well,well-developed,wide,yellow-ferruginous,ympodial,young,±90°,±equal,±glabrous	4–6-merous,adhesion,arrangement,climate,colour,dense,form,growth,height,history,inflorescence,life,na,number,ovary,perennial,plant,position,presence,present,pubescence,reproduction,seed,shape,size,staman,texture
685	wfo-0001031036	success	150	111	74	76	37	0.493	.25,.5,0.5-1,0.8-1,0.8-1.2,1-1.3,1-2.5,1.2-1.5,1.5-3,12-15,2-2.5,3-4,4.5-6.5,5-6,acuminate,acute,anther,anthesi,apex,base,bi-lobed,broadly,brown,calyx,cm,conical,corolla,crisped,dark,deflexed,dia,dry,ellipsoid,elliptic,erect,exserted,filiform,flattened-reniform,fruiting,glabrous,globose,green,greenish-white,leaf,lobe,lobed,margin,material,minutely,mm,nearly,opposite,ovary,pedicel,petiole,pitted,pointed,sagittate,shrub,size,slightly,spathulate,stem,stigma,strongly,style,surface,tapering,thickened,tip,tube,winged,woody,x	.2,10-20-flowered,2.2-3.7,3-5,3.5-5.5,7-8,abaxially,adaxially,along,angle,arising,axil,ba,becoming,berry,closely,decurrent,differing,difoliate,drying,eaf,edicel,eed,enlarged,filament,fleshy,free,fresh,geminat,knob-like,lamina,lateral,lon,long,lower,main,major,middle,minor,nflorescence,oblique,older,onto,overlappin,pair,papillo,papillose,perhaps,planar,pore,poricidal,portion,rounded,ruit,scar,shaped,shiny,short,simple,sinus,soon,spaced,tall,tear-drop,trichome,tub,ud,uniseriate,unit,usually,vein,white,widest,yellowish,ympodial,young	adhesion,arrangement,blade,bud,climate,colour,diameter,exsertion,form,fruit,glandular,growth,hair,height,history,inflorescence,length,life,midpoint,na,number,orientation,peduncle,perennial,plant,position,presence,pubescence,ray,reproduction,rugulose,seed,shape,staman,stellate,stipe,texture
686	wfo-0001031040	success	217	140	97	120	43	0.447	10,6,abaxially,acuminate,acute,adaxially,age,anther,apex,attenuate,base,blade,branch,broad-based,broadly,calyx,cm,deeply,diameter,dull,entire,flattened-reniform,flower,flowering,free,fruit,glabrescent,glabrous,gland-tipped,glandular,globose,green,hair,inflorescence,interpetalar,lanceolate,lateral,lavender,leaf,lighter,lobe,long,longer,margin,midpoint,minute,mm,narrowly,older,ovate,pedicel,peduncle,petiole,pinnatifid,plant,porrect,prickle,purple,rarely,ray,rounded,scabrous,sessile,sessile-stellate,shape,shrub,simple,size,slightly,small,sometimes,somewhat,soon,sparse,sparsely,sprout,stellae,stellate,stem,stigma,straight,style,subcordate,subcoriaceous,surface,tissue,tree,triangular,triangular-attenuate,tube,turning,unarmed,vigorous,violet,white,yellow,yellow-brown	.5,0.1–0.3,0.2–0.6,0.3–3,0.8–7.5,1.2–1.3,1.2–2.1,1.4–2.7,1.5–4,1.5–5,1.7,1.7–3.1,10–10.5,10–13,12–14,15–23,1–1.4,2,2.2–2.5,2.4–3,2.5–4,2.5–9,2–10,2–5-branched,3,3.5–5,3–26,3–4.5,3–5,4–6,5,5-merou,6.5–25,6–6.5,6–8,7–9,8–30,accrescent,adaxiall,also,alyx,anthesi,apart,apical,apparently,articulated,axe,ba,becoming,berry,capitat,contrasting,dark,densely,depending,difoliate,directed,distall,eaf,eed,either,especially,filament,filiform,finely,geminat,glabrou,highly,homostylous,immature,internode,larger,like,lobed,lon,lower,major,midvein,midzone,minutely,much,nflorescence,numerous,orolla,outside,ovoid,pale,perfect,persistent,pitted,pore,principal,probably,recurved,ruit,scarcely,several-celled,short,side,similar,spaced,splitting,stellate-pubescent,tamen,tem,thickened,time,ud,unit,upward,usually,variable,vary,vein,vigor,wide,yellowish-tawny,ympodial,×,–6	0.1-0.3,0.2-0.6,0.3-3,0.8-7.5,1-1.4,1.2-2.1,1.5-4,1.7-3.1,10-10.5,12-14,15-23,2-10,2.2-2.5,2.4-3,6-8,6.5-25,7-9,adhesion,arrangement,capitate,climate,colour,corolla,form,growth,height,history,length,life,na,number,ovary,perennial,position,presence,pubescence,reproduction,rugulose,seed,staman,stipe,texture,ye
687	wfo-0001031062	success	216	121	79	137	42	0.366	-5.5,.5,0.3,0.5,1,2,2.5,20,4,?,abaxially,acute,adaxially,anther,apex,apiculate,appearing,base,blade,brownish,bud,calyx,campanulate,chartaceous,cm,connivent,cuneate,densely,diameter,entire,extra-axillary,ferruginous-tomentose,flattened-reniform,flower,fruit,fully,glabrous,globose,green,hair,leaf,lobe,margin,midrib,mm,ovate-lanceolate,pedicel,pentagonal,per,perhaps,petiole,plant,pubescent,ripe,rotate-stellate,shallow,shape,side,simple,size,sparsely,stellate,stellate-tomentose,stem,stigma,style,surface,tapered,terminal,tip,tomentose,treelet,triangular,truncate,tube,usually,white,x,yellow	0,0.5–0.6,0.7–0.8,1.2–1.4,1/3,13–15,15,16,17,1–2.5,1–4,2-3.5,22,2–3,2–5.5,3,3-8,3–10,4–10,4–4.5,5,5–7-rayed,7,7–15,7–8-rayed,9–11,absent,accrescent,adaxiall,ag,ample,apart,armed,articulated,axe,ba,bottom,branch,capitat,clustered,colored,count,curved,cylindrical,diamete,difoliate,directed,distally,eaf,eed,even,eventually,except,fertile,filament,forked,foveolate,fragrance,fruiting,geminat,glabrou,grading,heavily,ilament,interpetalar,juvenile,larger,lateral,least,less,lighter,lobed,long,longitudinal,loosely,lower,m.,main,midpoint,minutely,much,nearly,nflorescence,numerous,obscuring,obsolete,often,one,opening,orolla,overtopped,part,partially,perfect,pore,prickle,rachi,rarely,recurved,rest,ruit,scabrous,sessile,short,short-stalked,shub,slightly,slit,small,sometimes,spaced,sprout,stellae,stipitate,straight,sweet,tall,tem,thick,thick-based,tissue,toward,unarme,unarmed,unbranched,unifoliate,uniform,unit,uppermost,vary,vigorous,visible,wide,ympodial,young,younger,–3	0.5-0.6,0.7-0.8,1-2.5,1-4,1.2-1.4,13-15,2-5.5,4-10,4-4.5,5-7,7-15,7-8,9-11,adhesion,arrangement,capitate,colour,corolla,form,growth,height,history,inflorescence,length,life,na,number,ovary,peduncle,perennial,position,presence,present,pubescence,ray,reproduction,rugulose,seed,shrub,staman,stipe,texture
688	wfo-0001031064	success	179	113	91	88	22	0.508	.0-2.5,.5,.5-1,0.5,0.5-0.7,1-2,1-3,1.2,1.5-2,1.7-4.2,10-12,10-12.5,10-17,2.5-3,3,3-5.5,3-7,3.5-4,5-10.5,5-6,6-16,7-16,abaxially,anther,anticlinal,arising,axil,basal,base,bright,calyx,cm,completely,conical,corolla,deltate,densely,diameter,elongate,fruit,glabrous,green,half,highly,inflorescence,irregular,lateral,leaf,leaflet,lightly,lobe,lobed,lower,margin,minutely,mm,nearly,obovate,ovary,ovoid-reniform,papillate,pedicel,petiole,pinnate,poricidal,projection,pubescent,purple,rachi,rugose,scattered,short-pubescent,shrub,simple,single,sinuous,sparsely,stem,stigma,style,surface,terminal,thickening,tip,trichome,tube,uniseriate,white,winged,without,x	.05,0,0-15,0.5-0.8,1,1-1.2,2,4-5-celled,8-10-celled,acroscopic,acuminate,adaxially,along,anthesi,apex,attenuate,bearing,berry,blade,broader,cell,clavat,commentary,conspicuous,dark,denser,distal,dr.,eaf,edicel,eed,epidermal,erec,exserted,filament,fleshy,flower,free,fruiting,globose,irregularly,lamina,leave,lenticel,like,lon,long,lost,minute,narrower,near,nflorescence,nodding,node,occasionally,often,open,ovate,pair,per,petiolule,planar,portion,prominent,pubescen,ruit,scar,see,side,sinus,slender,smaller,somewhat,splitting,strongly,swollen,tal,tem,time,translucent,tub,ud,unifoliat,unit,usually,vein,wand-like,ympodial	adaxial,arrangement,clavate,colour,form,growth,height,history,length,life,na,peduncle,perennial,plant,position,pubescence,reproduction,seed,shape,size,texture,unifoliate
689	wfo-0001031065	success	140	109	70	70	39	0.5	.3,.4,.6,1-celled,accrescent,acuminate,acute,almost,anther,apex,asymmetrical,attenuate,base,beyond,calyx,chestnut,cm,corolla,deltate,dense,dia,eglandular,entire,externally,extra-axillary,ferruginous,flower,fruit,glabrous,glandular,green,green-striate,held,herb,light,lilac,lobe,lobed,many,margin,midpoint,mm,narrowly,non-glandular,ovary,ovate-lanceolate,ovoid,pale,pedicel,peduncle,persistent,petiole,puberulous,rarely,rough,rounded,simple,slightly,sometimes,sparse,spheroid,stellate,stem,stigma,style,subshrub,surface,trichome,white,x	.1–0.3,.2,.5–2,0.2–1.1,0.5–1.6,0.5–5,0–30,1,1-,1.8–7.8,2,4,4-merous,5-merous,acicular,aculeate,also,alyx,apical,apparently,armed,berry,cell,celled,central,color,composed,concolorous,difoliate,eaf,eed,either,erect,filament,frui,geminate,indumentum,lamina,lateral,lower,many-celled,midvein,multi-celled,nflorescence,nonglandular,occasionally,orolla,per,perfec,perhaps,porrect-stellate,portion,radial,rare,ruit,scabrid,sessile,shor,short,short-pedunculate,solitary,spine,tall,terete,umbelliform,unifoliat,unit,upper,usually,ympodial	.5-2,0-30,0.2-1.1,0.5-1.6,0.5-5,1.8-7.8,adhesion,arrangement,blade,climate,colour,diameter,form,growth,hair,height,history,inflorescence,leaf,length,life,na,number,perennial,plant,position,presence,present,pubescence,ray,reproduction,rugulose,seed,shape,size,staman,stipe,texture,tube
690	wfo-0001031071	success	186	107	80	106	27	0.43	0.2-0.8,1-1.5,1-2,1-3,1.5-2.2,2-8,2.1-3,2.4-3.4,3-10,3-6,3.8-5.4,4-6,5-9.4,5.7-8.8,7-16.5,8-28,abaxially,adaxially,anther,axillary,blue,brownish,bud,clavate,cm,condition,coriaceous,corolla,dark,deep,diameter,drying,elliptic,fresh,fruit,glabrous,globose,green,greenish,herb,interjected,lanceolate,leaf,leaflet,lilac,lobe,long,medium,mm,moniliform,mottled,odd-pinnate,orbicular,ovate,ovoid,pedicel,peduncle,pentagonal,petiole,plant,plurifoliate,purple,ripe,rotate,seed,size,spot,star,stigma,style,subtending,terminal,tri-,tube,tuber,unit,white,whitish,x,yellow	0-10,0.4-2,1-7,2-3,2-5,3-5,4-25,5-merou,6-8,7-8,abaxiall,acumen,acute,ag,along,alyx,apart,apex,apparently,arranged,articulated,asymmetric,attenuate,axe,base,basiscopic,bead,berry,blade,capitat,cell,color,connivent,covering,decreasing,digestion,distal,dorsally,eaf,edge,eed,enzyme,erec,exceeding,filament,flat,flower,folded,forked,geminat,generally,glabrou,green-white,hair-like,half,homostylous,honeycomb-shaped,lateral,lengthening,like,living,lower,make,middl,mucilaginous,multiple,narrowly,necklace,nflorescence,orolla,pair,perfect,petiolulate,pore,poricidal,removed,round,ruit,sessile,seudostipule,short,side,slightly,slit,spaced,specimen,stamen,stolon,straight,subequal,tall,tamen,tem,testal,thick,throughout,tip,tissue,toward,typically,usually,vary,wall,wet,winged,ympodial	adhesion,arrangement,calyx,capitate,colour,form,growth,height,history,inflorescence,length,life,na,ovary,perennial,position,presence,pubescence,reproduction,rugulose,shape,staman,stellate,stem,surface,sympodial,texture
691	wfo-0001031097	success	174	102	68	106	34	0.391	0.45,1-4,1-4.5,1.6-5.5,1.8-2.5,13-30,2-3.3,2-4,3-5,3.7-8.4,4-6,5-11,5-12,5-9,9-21,abaxially,acuminate,acute,adaxially,apex,base,calyx,cm,connate,corolla,cuneate,darker,deep,diameter,distal,elliptical,green,green-white,half,herbaceous,lateral,leaf,leaflet,light,long,margin,medium,mm,oblique,obovate,odd-pinnate,ovate,ovoid,pair,pedicel,peduncle,pentagonal,perennial,petiole,plant,puberulent,pubescent,purple,rotate,seed,size,strigose,terminal,throughout,violet,violet-blue,wide,yellow	0.5,1,1-3,1.5,1.8-2.6,2-3,3-6-foliat,3.5-6,4-7,8-11,abaxial,acumen,along,apical,apically,articulate,branched,cell,covering,cyme,decurrent,dehiscent,dichasial,dichasially,digestion,diminishing,dorsally,dotted,eaf,ebracteate,edge,eed,emoval,enzyme,exceeding,filament,flat,flower,folded,forked,frequently,generally,globo,gree,hair-like,highly,honeycomb,interjected,interpetalar,introrse,lighter,living,lobe,lon,lower,lunat,make,maturing,monochasial,mottled,mucilaginous,narrow,nflorescence,noticeably,nther,often,orolla,pattern,perfect,petal,petiolulate,petiolule,plan,poricidally,proximal,rachi,rapidly,rarely,reveal,ruit,sessile,seudostipule,short,side,slit,sometimes,specimen,stamen,stigma,straight,style,tal,tem,testal,thick,tissu,toward,tuber-bearing,typically,unit,vary,vbase,wall,without,ympodial,¼	anther,arrangement,climate,colour,form,fruit,glandular,globose,growth,hair,height,history,inflorescence,length,life,lunate,midpoint,na,number,ovary,position,presence,pseudostipule,pubescence,ray,reproduction,rugulose,shape,stellate,stem,stipe,surface,texture,tube
692	wfo-0001031101	success	197	132	100	97	32	0.508	-1,-16,-20,-30,-5,-8,/2,0.5-0.8,0.5-3,0.6-0.8,0.8-,1-,1-2,1-2.3,1.3-2,1/4-1/2,2-2.8,2-4,2-5,2-6,2.5-,2.5-3.8,3-15,3-8,3.5-4.5,4-10,6-10,8-15,abaxially,acuminate,almost,anther,apex,apical,apically,base,blade,bright,calyx,cm,connivent,diameter,dull,entire,equal,evenly,flattened-reniform,glabrescent,glabrous,glandular,green,hair,lateral,leaf,length,lobe,lobed,long,long-acute,margin,maturity,mauve,membranous,midpoint,minute,mm,moderately,narrow-deltate,near,obtuse,orange-brown,orange-red,ovate,pale,pedicel,peduncle,petiole,poricidal,ray,red,rounded,shrub,simple,smooth,sparsely,spherical,stellate,stellate-pubescent,stem,style,tapering,terminal,tip,trichome,tube,way,white,wide,yellow,young	/2-equal,0.05-0.2,0.1-0.2,0.1-0.3,0.3-0.5,0.7-0.8,1-3,1.3-2.5,1.4-1.7,1.5-3,1/3-1/2,10-30,2.5-3.5,3-10,4-5-merous,4-7,4.5-9,5-20,5-6,abaxial,adaxial,alyx,ame,apar,apparently,articulated,ba,bark,berry,branched,c.,concolorous,deltate,difoliate,drying,eaf,eed,elongating,erect,filament,filiform,flower,free,frui,fruiting,geminat,green-brown,herbaceous,infructescence,long-acuminat,longer,lower,mature,multangulate,nflorescence,often,older,one,open,orolla,oung,pair,pendulous,per,perfec,pericarp,porrect,portion,primary,red-brow,resembling,ruit,scandent,scar,sessile,spaced,spreading,stalk,stalked,stellate-pubescen,straight,surface,tamen,terete,tertiary,time,umbel,unarme,unarmed,unit,variously,vary,vein,venation,visible,yellow-green,ympodial	adhesion,arrangement,climate,colour,corolla,form,fruit,growth,height,hermaphroditic,history,inflorescence,life,long-acuminate,na,number,ovary,perennial,plant,position,presence,present,pubescence,red-brown,reproduction,seed,shape,size,staman,stigma,stipe,texture
693	wfo-0001031114	success	208	115	86	122	29	0.413	.2,0.3-0.5,0.5,0.7-1.5,0.8-1.2,1-10,1-2,1-7,2-17,2-3,2-7,2.5-3,3-10,3-4,4-10,4-8,4.5-6,5-10,abaxially,acuminate,acute,anther,apex,base,becoming,blade,brown,calyx,chartaceous,cm,connivent,deltate,densely,diameter,elliptic-ovate,entire,equal,first,flattened,fruit,globose,green,hair,leaf,leaf-opposed,light,lobe,margin,membanaceous,midpoint,mm,oblong,outline,ovate,pedicel,peduncle,petiole,pubescent,purple,ray,reniform,ripe,rounded,rugulose,shrub,simple,small,sparsely,stellate,stellate-pubescent,stem,stigma,strongly,style,subcoriaceous,subcuneate,surface,tip,tree,truncate,tube,white,white-pubescent,x,yellow,yellowish	.1,.5,0-0.3,0.5-1,1-1.5,1-4.5,1-8,1.5-2.5,1.5-4,10-15,2-4,2/3,25-50,3-5,3-7,4-5,5-8,5-merou,6-7,7-15,absen,accrescent,adaxiall,adaxially,ag,alyx,apart,apparently,articulated,axe,ba,berry,branched,capitat,covering,cylindrical,dark,differentiated,directed,discolorous,distal,distally,dried,eaf,echinoid,eed,erect,especially,filament,fleshy,flower,free,frui,fruiting,geminate,glabrous,highly,homostylous,impressed,interpetalar,introrsely,juic,lacking,large,like,long,long-stalked,longitudinal,lower,major,minor,multangulate,nearly,nflorescence,nodding,obtuse,often,one,opening,orolla,paired,part,perfect,pericarp,plurifoliate,pore,porrect,prominent,rachi,ruit,sessile,short,short-,short-stalked,side,slightly,slit,somewhat,spaced,stalk,ste,straight,subcucullate,subtending,tall,tamen,tem,thickened,thin,time,tissue,toward,triangular,unarme,unit,vary,vein,white-stellate,whitish,wide,without,ympodial	adhesion,arrangement,capitate,climate,colour,corolla,form,glandular,growth,height,history,inflorescence,length,life,na,number,ovary,plant,position,presence,present,pubescence,reproduction,seed,shape,size,staman,stipe,texture
694	wfo-0001031116	success	191	122	91	100	31	0.476	.5,.8,/4,0.05-0.15,0.1,0.3-0.5,0.7-1,1-5,1/2,10-14,15-25,2-5,2.7-3.2,3.5-4,4-10,4-7,5-15,8-11,abaxially,acuminate,anther,apex,apically,base,berry,blade,broad-deltate,calyx,caudate,cm,connivent,densely,diameter,dull,elliptic,equal,evenly,flattened-reniform,fruit,glabrescent,glabrous,green,hair,lateral,leaf,length,lobe,lobed,long,lower,margin,maturity,mauve,membranous,midpoint,minute,mm,moderately,obovate,obtuse,orange-brown,orange-red,pedicel,peduncle,petiole,poricidal,ray,rounded,sharply,shortly,shrub,simple,small,spherical,stellate,stellate-pubescent,stem,style,subentire,surface,tapering,tip,tree,tube,unarmed,upper,way,weakly,wide,yellow,young	-10,.2,0,0.4-0.7,0.7-0.9,1,1/3-2/,1/6-1/4,30-100,30-50,5,5-merous,9-13,abaxial,adaxial,almost,alyx,ame,apar,apart,apparently,arachnoid,articulated,attenuate,bark,branching,bristle,brow,c.,clearly,collapsed,dirty-white,discolorous,drying,eaf,eed,elongated,elongating,epidermi,erect,filament,flat,flexuous,flower,fragile,free,fruiting,glaucous-green,infructescence,less,longer,mature,multangulate,narrow-deltate,nflorescence,obtu,often,older,one,open,orolla,oung,pair,per,perfec,pericarp,perpendicular,plurifoliat,portion,primary,recurved,red-brown,reflexed,ruit,scar,secondary,sessile,single,slender,smooth,soft,sometimes,spaced,sparsely,stalk,stalked,straight,tamen,terete,tertiary,time,trichome,unarme,unit,vary,vein,venation,visible,woody,ympodial	1/3-2/3,adhesion,arrangement,brown,climate,colour,corolla,form,glandular,glaucous,growth,height,history,inflorescence,life,na,number,ovary,plant,position,presence,present,pubescence,reproduction,seed,shape,size,staman,stigma,stipe,texture
695	wfo-0001031127	success	196	122	95	101	27	0.485	+,0.5,0.5-1,0.5-1.3,0.8-2,1,1-1.5,1.5-2,1.5-2.5,1.5-3,2,2-3,2-lobed,3-4,3-5,3.5-4,3.5-7,4,6-6.5,7-30,8-16,abaxially,acute,adaxially,almost,anther,apex,attenuate,base,calyx,capitate,chartaceous,cm,conical,corolla,cupuliform,deep,densely,diameter,elliptic,elongate,flattened,flower,fruit,glabrous,globose,growth,inflorescence,internodal,lanceolate-elliptic,leaf,linear,lobe,lobed,long-styled,long-triangular,margin,membranous,midpoint,mm,number,opposite,ovary,pale,pedicel,peduncle,pentagonal,petiole,pinnatifid,poricidal,prickly,pubescent,purple,ray,red-violet,reniform,shallowly,shiny,short-styled,shrub,simple,somewhat,sparsely,stellate,stem,stigma,style,surface,tan,tapering,thin,tip,tube,x,yellowish	-2,.5,0.3-0.4,0.4-1.5,0.5-3,0.8-1,1-5-2,12268,3/4,30-100,5,5-8,8,?,acicular,anthesi,apar,apparently,armed,articulated,bark,berry,brown,cell,eaf,eed,ekman,ellipsoid,elongating,equal,even,extremely,fide,filament,free,fruiting,heterostylous,hyaline,included,individual,lamina,like,long,lower,m.,midrib,minute,minutely,near,new,nflorescence,nodding,older,open,outline,pair,papillat,per,pericarp,pitted,planar,plurifoliat,pore,porrect,portion,prickle,primary,prominent,rectangular,reddish,reduced,relatively,rest,ruit,scar,scattered,sessile,shin,short-stalked,sinuate,sinus,slightly,slit,sometimes,spaced,spreading,stout,testal,time,trichome,ud,unit,upper,variable,vein,way,widely,woody,yellow,ympodial,½	adhesion,arrangement,blade,climate,colour,form,glandular,hair,height,history,length,life,na,perennial,plant,position,presence,present,pubescence,reproduction,rugulose,seed,shape,size,staman,stipe,texture
696	wfo-0001031128	success	213	129	99	114	30	0.465	-100,-4.5,/4,0.05-0.2,0.05-0.25,0.2,0.3-0.8,0.5-0.7,0.5-1.5,0.6-1,0.8-1.7,1.5-3,1.5-3.5,1/6-1/3,10-20,2-9.5,2.3-,20-60,3-4,3.5-4.5,5-19,5-30,8-23,abaxially,acute,anther,apex,apically,base,berry,blade,brown,calyx,cm,connivent,cuneate,deltate,densely,diameter,dull,elliptic,entire,equal,erect,evenly,flattened-reniform,fruit,glabrescent,glabrous,glandular,green,hair,inflorescence,lateral,leaf,length,lobe,lobed,long,long-acuminate,lower,margin,maturity,mauve,membranous,minute,mm,moderately,near,orange-brown,pale,pedicel,peduncle,petiole,poricidal,purple-black,ray,red,shallowly,short-attenuate,shrub,simple,spherical,stellate,stellate-pubescent,stem,style,surface,tapering,terminal,tip,trichome,tube,undulate,way,white,wide,yellow,young	-10,-6.5,0,0-30,0.2-0.4,0.5-0.8,0.5-5,1,1-,1-1.6,1.2-2,1/,10-35,2-5,2.5-10,2.5-3.5,20-50,4-5-merous,4-7,5-,5-15,8-12,abaxial,almost,alyx,apar,apart,ape,apparently,articulated,bark,branched,branching,bristle,concolorous,drying,eaf,eed,elongated,elongating,eye,filament,filiform,flexuous,flower,free,fruiting,gland,gra,infructescence,less,lon,long-acuminat,longer,mature,midpoint,multangualte,multangulate,naked,narrow-deltate,nflorescence,occasionally,often,older,one,open,orolla,oung,pair,per,perfect,pericarp,perpendicular,plurifoliat,portion,primary,recurved,red-brown,reduced,reflexed,ruit,scar,secondary,sessile,short-styled,side,single,smooth,soft,spaced,spreading,stalk,stalked,staminate,straight,tamen,terete,tertiary,time,unarme,unarmed,unit,usually,variously,vary,vein,venation,visible,weakly,whitish,woody,yellow-brown,yellow-green,ympodial	1-6.5,1/3,adhesion,arrangement,colour,corolla,dioecious,form,gray,growth,height,history,life,na,number,ovary,perennial,plant,position,presence,present,pubescence,reproduction,seed,shape,size,staman,stigma,stipe,texture
697	wfo-0001031135	success	189	165	129	60	36	0.683	0-2,0.7-2,1-,1-1.5,1-10,1-3,1-4,1.5-2,1.5-3,10-20,2,2-,2-2.5,2-23,2-3,2-3.5,2-4,2.5-28,3-10,3-4,3.5-12,4-5,5-30,5-9-pinnate,abaxially,acuminate,acute,adaxially,adpressed,along,also,apart,apex,articulated,basal,base,basiscopically,blade,calyx,campanulate,chartaceous,cm,compound,cordate,cuneate,cylindrical,darker,decurrent,deflexed,deltate,densely,diameter,dilated,directed,distally,eglandular-pubescent,ellipsoidal,elliptic,entire,especially,fading,flattened,frequently,fruit,fusiform,glabrous,glandular-,green,hair,lateral,laterally,leaf,leaflet,leaving,light,lobe,lobed,long,longitudinal,margin,midrib,mm,moderately,obconical,oblique,oblong,often,ovate,ovoid,papillose,pedicel,pedicellar,peduncle,peltiform,petiole,pilose,pink,pinnately,pinnatifid,pore,puberulent,pubescent,purple,remnant,ripe,shrub,simple,spaced,sparsely,stigma,stripe,strongly,style,subcoriaceous,thecae,tip,toward,tree,truncate,tube,unbranched,unlobed,upper,violet,white,whitish,x,yellow-green,yellowish	-7,0.5-2,1-2.5,1.5-9,2-5,3-5,4-foliat,5-11,7-15,absent,aggregate,ape,axe,beyond,biglandula,broad,cell,color,connective,coriaceous,eaf,eed,ellipsoida,equal,exceeding,exserted,flower,interstitial,irregularly,lon,lower,narrowed,nflorescence,nther,obtuse,occasionally,orolla,perfect,pilo,present,rachi,radiu,ruit,shorter,slightly,small,smaller,stamen,stone,tal,tem,time,tomento,triangular,ud,unit,unknow,vary,wide,ympodial	adhesion,anther,arrangement,biglandular,climate,colour,corolla,form,glandular,growth,height,history,inflorescence,length,life,midpoint,na,number,ovary,plant,position,presence,pubescence,ray,reproduction,rugulose,seed,shape,size,staman,stellate,stem,stipe,surface,texture,tomentose
698	wfo-0001031143	success	217	139	84	133	55	0.387	2,3,4,acute,anther,apex,attenuate,base,blade,broad,broadly,cm,dark,densely,diameter,elliptic,entire,evenly,extra-axillary,flattened-reniform,flower,free,fruit,glabrescent,glabrous,globose,green,hair,interpetalar,irregularly,lateral,leaf,length,like,lobe,margin,maturing,midpoint,minute,minutely,mm,moderately,narrowly,near,nearly,oblong,often,ovate,pedicel,peduncle,per,petiole,pitted,ray,repand,sessile,shallow,short-caudate,shrub,side,simple,slender,smooth,soon,stellae,stellate,stellate-tomentose,stem,stigma,stipe,style,subcordate,surface,thick-chartaceous,tip,tissue,truncate,tube,usually,weak,well-developed,white,yellow,yellow-orange	0.3–0.5,0.3–0.8,0.4–0.8,0.4–1,0.7–0.9,0.9–1,0–50,1.1–2,1.4–1.7,1.5,1.5–1.9,1.5–2.5,1.5–3,1.5–5.5,10,10.5–11,15–23,1–1.2,1–1.5,1–4,2.3–2.5,2.5,2.5–4,2.5–4.5,2–2.5,2–3,2–3-branched,2–9,3–3.5,4–8-rayed,5,5-merou,5–7,6–8,7–12,8–10,9,abaxially,acicular,adaxially,alyx,apart,apical,apparently,appearing,armed,articulated,axe,ba,berry,bifoliate,blad,branch,broad-based,bud,capitat,contrast,directed,distall,dried,eaf,eed,except,fertile,filament,filiform,finely,forming,geminat,glabrou,half,high,homostylous,immature,internode,lanceolate,large,layer,leaving,lon,long,lower,major,material,midrib,midvei,midvein,minor,mixed,mostly,much,nflorescence,orolla,overlapping,ovoid,pale,pore,porrect,potentially,prickle,principal,rarely,remaining,ruit,set,several,shorter,sinus,spaced,splitting,stellate-tomento,stipitate,straight,tamen,tardily,tem,time,tomentum,ud,unarme,unarmed,various,vary,vein,wide,yellow-ferruginous,ympodia,×,–11,–2.5,–4,–4.5,–8	0.3-0.5,0.3-0.8,0.4-0.8,1-1.2,1-1.5,1-4,1.1-2,1.4-1.7,1.5-1.9,1.5-2.5,1.5-3,15-23,2-2.5,2-3,2.3-2.5,2.5-4,2.5-4.5,4-8,4-8-rayed,4.5,6-8,7-12,8,8-10,adhesion,arrangement,calyx,capitate,climate,colour,corolla,form,glandular,growth,height,history,inflorescence,life,na,number,ovary,perennial,plant,position,presence,present,pubescence,reproduction,rugulose,seed,shape,size,staman,texture,x
699	wfo-0001031144	success	231	117	92	139	25	0.398	-13,.2,.5,0.8-1.4,1-4,1.1-2.5,2-3,2.5-3,25,3-7,3.5-10,4-4.5,6,7-10,acuminate,acute,adaxially,anther,apex,asymmetric,base,berry,bright,broadly,brown,calyx,capitate,cm,connivent,cordate,corolla,densely,diameter,ellipsoid,elliptic,flattened,flattened-reniform,form,glabrous,globose,groove,growth,inflorescence,later,lateral,leaf,lobed,loosely,margin,membranous,minutely,mm,new,oblique,occasionally,open,pale,pedicel,peduncle,petiole,pinnately,pinnatifid,pitted,pubescent,red,reddish,seed,shiny,simple,slightly,sparsely,stellate-rotate,stem,stigma,style,surface,tan,terete,terminal,tiny,tip,triangular,trichome,truncate,tube,uniseriate,vine,violet,woody,x,yellow,yellowish	-11,0.2,0.5,1-,1-1.5,100,2,2-,2-6,2-9,2/3,3-4.5,4,4-20,4-6,5,5-9,5-merou,<,ag,alyx,anthesi,apart,apicula,apiculae,appearing,ark,around,articulated,away,axi,basal,basiscopically,blac,branch,branche,brow,cell,closer,commonly,corresponding,cupped,curved,divaricate,drying,eaf,eed,elongate,elongating,entire,exserted,extending,filament,flower,four,free,fruiting,geminat,ilament,inflated,irregularly,lamina,larger,leaflet,leaving,lengthening,less,like,lobe,long,longer,longest,lower,many,markedly,mere,minute,near,nflorescence,number,often,older,one,orolla,outline,pair,papillo,peg,pendant,pentagonal,per,perfect,pericarp,plurifoliate,pore,poricidal,portion,primary,progress,quite,rim,ripe,ruit,scar,sleeve,slit,small,smaller,sometimes,spaced,spreading,strongly,tangle,tem,testal,thin,third,together,tuft,twinin,twining,two,ud,unequal,unit,upper,usually,variable,vary,vein,wall,way,weight,white,widest,wing,wood,ympodial,½	60-100,abaxial,adaxial,adhesion,arrangement,bark,colour,dioecious,fruit,height,history,length,life,na,ovary,perennial,plant,position,pubescence,reproduction,rugulose,shape,size,staman,texture
700	wfo-0001031152	success	232	139	115	117	24	0.496	-1.5,-10,.4,/100-1/16,0.2-0.3,0.2-1.5,0.3-3,1-3,1-6,1.1-2.2,1.1-3,1.2-1.8,1.3-4,1.4-2.6,1.5-3,1/2-3/4,11,13-27,2-5,2.5-7.5,2.7-3.7,4-19,4-6,4-8,8-20,abaxially,acute,adaxially,anther,apart,apex,basal,base,becoming,blade,blunt-tipped,brown,bullate,calyx,closely,cm,conical,continued,corolla,deltoid,densely,diameter,due,flower,fruit,globose,granular-tomentose,greenish,growth,hair,honeycombed,inserted,lanceolate,lateral,lavender,leaf,length,lilac,lobe,long-,mixed,mm,mostly,multangulate,oblanceolate,oblong,obtuse,pale,pedicel,peduncle,persistently,petiole,pitted,porrect-stellate,probably,pubescent,rather,reddish,reniform,reticulate-punctate,ripe,rotate-stellate,scabrous,sessile,short-,shrub,simple,spaced,sparsely,stellate-pubescent,stelliform,stem,stigma,style,suborbicular,surface,terete,terminal,testa,thick-stalked,thin-,tomentose,tree,tube,variously,violet,x,yellow,yellowish,young	-5.5,0-100,0.3-1.3,1-1.5,1.5-3.5,1/2-2/3,2.7-4.5,2.7-6,2.8-4,3.7-7,4-7,5-6,6.5-10,9-13,accrescent,acuminate,ag,along,anthesi,apical-lateral,apparently,articulated,attenuate,axe,axillary,ba,berry,blister,branch,branched,bud,capitat,chartaceous,decurrent,dehiscing,directed,eaf,earl,eed,entire,evident,exserted,extend,few-rayed,filament,fleshy,free,fruiting,glabrescen,glabrous,green,high,introrse,lackin,large,less,lobed,long,longer,longitudinal,lower,m.,main,margin,midvein,moderately,multangulat,narrowly,nearly,nflorescence,occasionally,one,open,openly,orbicular,orolla,ovate,partly,perfect,plurifoliate,pore,rachi,ray,reddish-brown,relatively,ruit,runk,short-stalked,side,slightly,slit,somewhat,soon,sparingly,splitting,stamen,stipitate-glandular,stout-stalked,strongly,suture,swelling,tamen,thick,thin,thin-stalked,time,touching,toward,unarme,unarmed,unit,usually,vary,vein,way,wide,ympodial	adhesion,arrangement,capitate,colour,form,glabrescent,height,history,inflorescence,life,na,ovary,perennial,plant,position,pubescence,reproduction,rugulose,seed,shape,size,sparing,staman,texture
701	wfo-0001031155	success	193	115	87	106	28	0.451	0.2-1.2,1-1.2,1-1.5,1.5,1.5-2,1.5-5,2-5,2.5-3.2,4-,4-6,4.5-7,7-15,8.5-13,acuminate,acute,almost,anther,apex,base,beneath,bilobed,calyx,climbing,cm,corolla,cream,cup-shaped,dark,deeply,deltate,densely,diameter,elliptic,evenly,glabrous,glandular,growth,height,heterostylous,inflorescence,internodal,lanceolate,leaf-opposed,like,lobe,lobed,margin,midpoint,minutely,mm,multangulate,narrowly,oblique,obtuse,open,orange,pedicel,peduncle,petiole,poricidal,prickly,pubescent,ray,shallowly,shiny,short-stalked,shrub,simple,size,slightly,sparsely,stellate,stem,stigma,strongly,style,surface,tapering,terminal,tip,trichome,tube,unknown,white,whitish,x,yellowish	.5,0,0.1,0.2,0.3-0.4,0.5,0.7,0.7-1.5,1,1.5-1.6,3-4-foliate,5-20,5-7,abaxially,adaxially,age,along,anthesi,apart,apparently,appearing,armed,articulate,axi,bark,broader,bullate,cell,central,closely,common,discolorous,distall,distally,due,eaf,echinoid,eed,enlarged,equal,exserted,ferrugineous,filament,fine,flower,glabrescen,globose,halfway,heavily,hub-like,intertwined,know,known,larger,leaving,lengthening,long,longer,los,lower,midrib,mixed,mixture,multiseriate,new,nflorescence,occasionally,older,once-branched,outline,pair,pale,papillat,part,peg,plurifoliate,pore,porrect,prickle,primary,principal,purple,reddish,ruit,scar,seen,sessile,short-styled,small,somewhat,spaced,sparse,sparser,split,stalk,stout,straight,tan,ud,unevenly,unit,variable,vein,widely,within,ympodial	adhesion,arrangement,blade,climate,colour,form,fruit,hair,history,leaf,length,life,na,number,ovary,papillate,plant,position,presence,present,pubescence,reproduction,rugulose,seed,shape,staman,stipe,texture
702	wfo-0001031162	success	241	132	103	138	29	0.427	.5,0.1-0.15,0.15-0.4,0.25,0.5-0.7,0.5-0.8,0.7-5,0.8-1.2,1-1.5,1-2,1-5,1.5-2,1.5-2.5,1.5-3,1.7-4.5,2-2.8,3-10,3.5-10,3.5-5.5,4-6,4-8,5-10,7-17,7-9,8-14,abaxially,absent,acute,adaxially,angled,anther,apex,attenuate,base,black,blade,broadly,calyx,chartaceous,cm,cordate,cylindrical,deeply,deltate,densely,diameter,erect,extra-axillary,flower,fruit,glabrous,gland-tipped,globose,green,hair,inflorescence,interpetalar,irregularly,lanceolate,leaf,length,lobe,lobed,long,margin,midpoint,minutely,mm,moderately,obtuse,outline,ovate,pale,pedicel,peduncle,perennial,petiole,present,pseudohair,pubescent,purple,ray,reniform,reticulate,rhizomatous,short,shrub,simple,sparsely,stellate,stellate-pubescent,stigma,style,surface,tan,thick,throughout,tissue,triangular,tube,wing,x,yellow	%,-74,0,0-1.2,0-1.5,0-2.5,0-25,0.05-0.1,0.1-0.2,0.1-0.8,0.4-0.8,0.5-1.5,0.5-2,0.5-3,0.5-7,0.6-0.8,0.7-1.2,1-1.7,1-10,1-13,1-15,1-locular,1.2-1.4,1.5-1.9,1.5-8,10,10-12,10-30,15-20,2-,2-7,2-foliate,20-40,26-,3-4,3-branched,35-200,4-5,4-9,5-6,5-7,5-merou,6,6-7,6-8,60,600-1400,7-70,accrescent,acicular,across,adult,alyx,apart,apparen,armed,articulated,ascending,axe,ba,branch,branche,capitat,connivent,decimetre,directed,distall,distributed,dm,eaf,eed,eglandular,exocarp,filament,finger,fruiting,geminat,generally,half,homostylous,incomplete,index,juicy,juvenile,lamina,lateral,less,lobing,lon,longer,lower,mature,mesocarp,mid-point,midvein,minute,moderate,narrow,nflorescence,oblique,orolla,pair,part,pendant,per,perfect,placenta,pore,porrect,presen,prickle,rachi,ruit,septum,sessile,side,somewhat,spaced,sparse,stalk,stellae,straight,succulent,tal,tamen,tem,time,tissu,transparent,unbranched,unit,upper,vary,vein,white,wide,yellowish,ympodial	adhesion,arrangement,capitate,climate,colour,corolla,form,glandular,growth,height,history,life,na,number,ovary,plant,position,presence,pubescence,reproduction,rugulose,seed,shape,size,staman,stem,stipe,texture,width
703	wfo-0001031178	success	167	98	69	98	29	0.413	0-0.2,0-0.25,0-0.4,0-0.6,0.3-0.6,0.6-0.9,0.6-1,0.7-1.7,0.9-1.2,1.2-1.4,1.5-5.2,2-3.5,3.5-9,4-4.5,4-9,5-11,7-8,7.5-8.5,absent,acute,adaxially,anther,apex,attenuate,base,blade,brown,calyx,chartaceous,cm,cuneate,densely,diameter,entire,extra-axillary,fruit,glabrous,globose,green,grey,hair,inflorescence,lanceolate,length,lobe,lobed,margin,midpoint,mm,ovate,pedicel,peduncle,perennial,petiole,present,purple,ray,rusty,shallowly,shrub,simple,sparsely,stellate,stellate-pubescent,stem,style,tube,x,yellow	%,0-10,0-5,0-6,0.1-0.2,0.1-0.25,0.4-0.6,0.6-1.2,0.7-1,0.8-1.2,1-2,1-3,1-4,1.2-1.5,1.2-3.4,1.5-6,11-18,180-400,19-30,2-5,40-65,5-merou,6-14,6-8,7-11,abaxially,accrescent,acicular,across,adaxiall,alyx,apart,armed,articulated,ascending,axe,ba,cylindrical,d.,directed,distall,distributed,dult,eaf,eed,eglandular,erect,finger,flower,fruiting,glabrou,gland-tipped,half,hig,juic,lamina,lateral,lon,long,longer,lower,mature,mesocarp,midvein,minute,moist,nflorescence,oblique,orolla,part,per,pore,porrect,presen,prickle,pseudo-racemose,rhizomatous,ruit,short,solitary,spaced,stage,stalk,stellae,straight,tamen,thick,throughout,time,unbranched,unit,unknow,unknown,uvenile,vary,vein,wide,ympodial	adhesion,arrangement,climate,colour,corolla,form,glandular,growth,height,history,leaf,life,na,number,ovary,plant,position,presence,pubescence,reproduction,rugulose,seed,shape,size,staman,stigma,stipe,surface,texture
704	wfo-0001031185	success	213	152	123	90	29	0.577	-10,-8,.5,0.5,0.5-1.5,0.5-3,0.8-1,0.9-,1,1-,1-1.2,1-1.5,1-4,1-5,1.2-5,2-9,2.5-16,2/3,3-4,4.5-7.5,7-10,acuminate,acute,anther,apex,attenuate,basal,base,blade,bright,broadly,brown,calyx,capitate,cm,commonly,conical,connivent,corolla,curved,deeply,deltate,densely,diameter,dry,ellipsoid,entire,eye,flattened,glabrous,globose,green,growth,inflorescence,lateral,lax,leaf,like,living,lobe,lobed,long,loosely,margin,material,meter,midrib,minutely,mm,moderately,onto,outline,ovate,pair,pale,papillate,pedicel,peduncle,petiole,pinnatifid,poricidal,pubescent,red,reniform,ripe,rounded,seed,several,shape,shiny,shrub,simple,size,slightly,sparsely,stellate,stem,stigma,style,surface,tan,terminal,thin,third,tip,trichome,truncate,tube,ultimate,uniseriate,variously,vine,violet,way,white,whitish,wide,widest,within,woody,yellow,yellowish,½	.2,0.8-1.3,1-10,1.5-4,10-40,20,4-6,5-merou,>,ag,alyx,anthesi,apart,apically,appearing,appressed,ark,articulated,away,axi,berry,branched,cell,closer,distal,eaf,eed,elongate,exserted,extremely,filament,flower,free,fruiting,glabrescen,ilament,inflorescenc,irregular,irregularly,leaving,lengthening,lobbing,lon,lower,many,materia,mature,new,nflorescence,older,open,orolla,part,particularly,peg,per,perfect,pericarp,pitted,plurifoliat,pointing,pore,portion,reflexed,ruit,scar,sinus,slender,slit,small,spaced,spreadin,spreading,still,strongly,tem,thickened,time,toward,ud,unit,upper,usually,variable,vary,visible,wall,weak,winged,ympodial	adhesion,arrangement,climate,colour,dioecious,form,fruit,glandular,hair,height,history,length,life,midpoint,na,number,ovary,perennial,plant,position,presence,pubescence,ray,reproduction,rugulose,staman,stipe,texture,ye
705	wfo-0001031195	success	216	124	98	118	26	0.454	0-0.7,0.2-0.5,0.25-0.35,0.3,0.5-1,0.6-0.8,0.6-1.5,1,1-1.5,1.4-1.6,1.5-2.5,11-28,2-2.5,2.5-4,20-32,3-3.5,3.5-4,3.5-5.5,4-7,5.5-10,7-8,7.5-8,abaxially,absent,acute,adaxially,anther,apex,articulated,attenuate,base,blade,broadly,calyx,chartaceous,cm,cuneate,cylindrical,deeply,densely,diameter,distal,eglandular,ellipsoidal,entire,extra-axillary,finely,flattened,flower,fruit,glabrous,gland-tipped,globose,green,grey,hair,half,inflorescence,leaf,length,lobe,lobed,margin,midpoint,mm,moderately,narrowly,obtuse,ovate,pale,pedicel,peduncle,perennial,petiole,plant,present,prostrate,purple,ray,reticulate,rusty,shallowly,short,shrub,simple,sparsely,stellate,stellate-pubescent,stigma,stoloniferous,style,surface,triangular,tube,whitish,x,yellow,yellowish-green	%,0-3,0-8,0.05-0.3,0.2-0.4,0.3-0.4,0.5-0.7,0.6-3,1-2,1-4,1-locular,1.4-2.9,10-13,10-14,10-19,15-35,2,2-4,2-5,3-4,3-5,3-6,4-5,4-9,5-9,5-merou,6-10,8-9,9-15,absen,accrescent,acicular,across,alyx,andromonoecious,apart,axe,ba,capitat,center,confined,connivent,d.,difoliate,directed,distall,distributed,eaf,eed,exocarp,filament,filiform,finger,fruiting,functional,geminate,heterostylous,incomplete,interpetalar,irregularly,juic,lamina,lateral,less,long,longer,loosely,lower,mature,mesocarp,midrib,midvein,minute,moist,nflorescence,oblique,orolla,part,per,pore,porrect,presen,prickle,probably,pseudo-racemose,rachi,ruit,septum,sessile,solitary,spaced,sparse,splitting,stage,stellae,straight,tal,tamen,tem,thick,throughout,time,tip,tissu,tissue,transparent,unarme,unarmed,unbranched,unit,uvenile,vary,vein,weakly,white,wide,yellowish,ympodial	adhesion,arrangement,capitate,climate,colour,corolla,form,glandular,growth,height,history,life,na,number,ovary,position,presence,pubescence,reproduction,rugulose,seed,shape,size,staman,stem,texture
706	wfo-0001031202	success	198	120	90	108	30	0.455	0-1,0.5,0.6-1.1,0.8-1,1-1.5,1.5-2.5,15-40,2-3,2-8,2.5-3.5,2.5-4,2/3,3.5-4,6-25,9-20,acute,along,anther,apex,apiculate,base,beneath,broadly,calyx,capitate,cm,cordate,corolla,cup-shaped,deltoid,densely,dia,fleshy,fruit,glabrous,globose,green,hard,inflorescence,later,lateral,leaf,lobe,lobed,margin,minute,minutely,mm,obovate,occasionally,opposite,ovary,overtopping,ovoid-reniform,pale,papillose,pedicel,petiole,pitted,plant,puberulent,pubescent,reddish-brown,sessile,shape,shaped,shoot,shrub,size,slightly,small,sparsely,stem,stigma,style,surface,tan,tear-drop,terminal,tip,tree,trichome,tube,uniseriate,variable,vein,way,white,woody,x	.1,.5,0-0.5,0.1-0.3,0.5-1,1-1.7,1-5,1.5-2,1.5-9,2.5-13,20-100-flowered,9-11,abrupt,accrescent,anthesi,apart,axi,bark,berry,bud,completely,complex,condition,corky,decurrent,deflexed,differing,difoliate,distal,dry,due,eaf,edicel,eed,enclosed,erect,exserted,extremely,filament,flower,free,frui,fruiting,furcate,geminat,glabrate,golden,greenish-white,greyi,irregularly,large,like,live,lon,long,long-ellipsoid,long-styled,longer,lower,main,major,many,material,middle,minor,narrowing,nflorescence,occasional,often,older,one,orbicular,pair,paler,papillo,planar,pore,poricidal,portion,prominent,quite,raised,rounded,ruit,scar,scattered,short-styled,slender,spaced,specimen,straight,tall,tapering,thick,thickened,thicker,third,time,tub,ud,unit,usually,weight,whitish,widest,winged,ympodial,young	adhesion,arrangement,blade,climate,colour,diameter,form,glandular,greyish,growth,hair,height,history,length,life,midpoint,na,number,peduncle,position,presence,pubescence,ray,reproduction,rugulose,seed,staman,stellate,stipe,texture
707	wfo-0001031203	success	218	131	104	114	27	0.477	0-0.5,0.05-0.15,0.3-0.6,1-2,1.5-2.5,1.8-2.8,2-7,2.1-2.7,2.5-9.5,21-39,25-45,3-10,3.2-4,4-16,4-6.5,5-8.5,5-9,5.5-8,6.5-9.5,8-11,8-14,abaxially,acute,adaxially,almost,anther,apex,asymmetric,base,berry,blade,broadly,calyx,campanulate,cm,coarsely,deciduous,deep,densely,dentate,diameter,erect,essentially,extra-axillary,first,flower,foveolate,fruit,glabrous,globose,greenish-white,hair,inflorescence,lanceolate,length,lenticular,lignescent,linear-lanceolate,lobe,long,margin,maturity,midpoint,minutely,mm,obsolete,obtuse,often,orange-red,outline,ovate,ovoid,pedicel,peduncle,perennial,perfect,petiole,present,pubescence,rarely,ray,red,reniform-ovate,ripe,sericeous,simple,smooth,somewhat,sparsely,spreading,stellate,stellate-pubescent,stem,stigma,style,surface,terete,thin-textured,truncate,tube,usually,white,x,yellow	-1.5,-2,.2,.7-1,0-0.8,0-2.5,0.05-0.2,0.1,0.1-0.8,0.3,0.4-1,0.5-1.8,1-3,1-5,1/10-1/4,11-18,15-22,15-50,2-3.5,2-5,2-foliate,4-12,4-6-locular,5-7,5-8,6-16,abaxiall,acute-tipped,adaxiall,along,apart,apparently,articulated,attenuate,axe,ba,capitat,cinereous-tomentose,connivent,consisting,curved,cylindrical,deltoid,directed,distall,distributed,downcurved,eaf,eed,elongate,filament,flesh,geminat,interlobal,interwoven,invested,lateral,less,lon,longer,lower,lowermost,lying,major,midvein,much,nflorescence,numerous,orolla,ovate-lanceolate,pair,parallel,per,plane,pore,prickl,projecting,prominent,rachi,reduced,relatively,ruit,sessile,short,short-stalked,shorter,side,sinus,smaller,spaced,stalk,stellae,stellate-pubescen,surfac,tal,tamen,tem,termination,thickened,three,time,tip,tooth-like,unarmed,unbranched,unit,uppermost,upward,vary,vein,weakly,well-developed,wide,ympodial	adhesion,arrangement,capitate,climate,colour,corolla,form,glandular,growth,height,history,leaf,life,na,number,ovary,plant,position,presence,reproduction,rugulose,seed,shape,size,staman,stipe,texture
708	wfo-0001031207	success	219	124	94	125	30	0.429	-11,-4,-7,-8,0,0.1-0.2,0.5-1,0.6-0.9,0.6-1.2,0.7-2,0.85-1.4,1.4-2,1.5-5,1/4-1/3,2-3,2.1-2.3,2.8-3,3-5,3.5-7,5-8,6-8,abaxially,anther,apex,base,berry,blade,calyx,cell,chartaceous,cm,cordate,densely,diameter,dull,equal,evenly,flattened-reniform,fruit,glabrous,gray,green,herb,lateral,leaf,length,like,lobe,lobed,long,lower,margin,maturity,mauve,mm,moderately,narrow-deltate,oblong,obtuse,orange-brown,outline,ovate,pale,pedicel,peduncle,petiole,pit,poricidal,raised,ray,red,scandent,shrub,simple,small,smooth,sometimes,spherical,spreading,stellate,stellate-pubescent,stem,style,subentire,surface,tapering,terminal,tip,tube,upper,white,wide,yellow,young	-0.4,-1/2,-5,.1,/5,0-0.5,0-10,0-20,0.1-0.3,0.1-0.5,0.2,0.2-0.3,0.25-0.5,0.3-0.5,0.8,0.9-1.6,1,1-3,1-4,1-5,1/,1/3,1/3-equal,2-4,2.5-,5-merous,6.5-8,9,acuminat,acute,alyx,ame,apar,apart,apically,apparently,articulated,bark,branched,bristle,bristly,broad-deltate,brow,c.,concolorous,curved,dark,difoliate,discolorous,distance,drying,eaf,eed,elongated,elongating,erect,extending,eye,filament,filiform,flower,free,fruiting,geminat,gently,glabrescent,herbaceous,infructescence,lanceolate,less,longer,mature,midpoint,midvein,multangulate,naked,nflorescence,occasionally,older,one,open,orolla,oung,pair,pendulous,per,perfec,pericarp,perpendicular,persistent,porrect,portion,prickl,prickle,prickly,primary,reflexed,rounded,ruit,scar,sessile,shorter,side,spaced,stalk,stalked,straight,tamen,terete,tertiary,time,toward,trichome,unarmed,unit,usually,variously,vary,vein,venation,visible,way,weakly,yellow-green,ympodial	1/4,adhesion,arrangement,colour,corolla,form,glandular,growth,hair,height,history,inflorescence,life,na,number,ovary,plant,position,presence,present,pubescence,reproduction,rugulose,seed,shape,size,staman,stigma,stipe,texture
709	wfo-0001031217	success	222	121	94	128	27	0.423	.5,0.1-0.3,0.2-0.3,0.25-0.4,0.25-1.3,0.3-0.4,0.3-1,0.35-0.6,0.5-0.75,0.5-3,0.6-1.8,1-1.5,1.5-4.2,13-21,2-2.5,2-3,2.6-3,3.5-4.5,4-11,5.5-7,6-8,7-17,abaxially,absent,acuminate,acute,adaxially,anther,apex,base,blade,borwn,brown,calyx,chartaceous,cm,connivent,cuneate,cylindrical,densely,diameter,eglandular,elliptic,elliptical,entire,erect,extra-axillary,flower,fruit,glabrous,gland-tipped,globose,hair,inflorescence,lanceolate,lateral,leaf,length,light,lobe,long,loosely,margin,midpoint,mm,moderately,narrowly,ovate,pale,pedicel,peduncle,perennial,petiole,present,purple,ray,red,rhizomatous,scattered,shape,short,shrub,simple,sparsely,stellate,stellate-pubescent,stigma,style,surface,time,tube,violet,x,yellow	%,.5-2,0-0.1,0-3.5,0-5,0-6,0.1-0.2,0.15-0.25,0.3-0.5,0.4-0.7,0.8-4,1,1-2,1-20,1-4,1-locular,1.5-2,1.5-4,2-5,2-8,2-9,2.5-4,3-4,3-4.2,4-6,5-12,5-7,5-merou,6-12,7-8,7-9,9-10,absen,accrescent,acicular,across,adult,alyx,apart,apparen,articulated,axe,ba,branch,branche,broad-based,confined,contiguous,directed,distall,distributed,dm,eaf,eed,exocarp,filament,finger,fruiting,geminate,green,greenish-white,half,incomplete,interpetalar,juicy,juvenile,lamina,less,lobed,longer,lower,mature,mesocarp,mid-point,midrib,midvein,minute,much,nearly,nflorescence,oblique,orolla,overlapping,pair,paired,part,pendent,per,perfect,placenta,plurifoliate,pore,porrect,prickle,pseudo-umbellate,rachi,reticulate,ruit,scarcely,septum,sessile,shallowly,smaller,sometimes,spaced,sparse,stalk,stellae,straight,succulent,tal,tamen,tem,thick,throughout,tissu,tissue,transparent,triangular,truncat,unarme,unarmed,unbranched,unit,upper,vary,wide,ympodial	adhesion,arrangement,climate,colour,corolla,form,glandular,growth,height,history,life,na,number,ovary,plant,position,presence,pubescence,reproduction,rugulose,seed,size,staman,stem,stipe,texture,truncate
710	wfo-0001031218	success	154	121	84	70	37	0.545	0.5,0.5-1,1-2,1-3,15-25,2-2.5,2-22,2-3,3,3-5,4-28,4-7,4-8,5-37,5.5-7,6-10,6-7,6-9,8-20,abaxially,acuminate,adaxially,apex,apiculate,base,blade,branched,calyx,cm,connivent,cordate,coriaceous,dark,diameter,eglandular-pilose,ellipsoidal,entire,especially,flattened,fruit,glabrous,glandular,glandular-puberulent,globose,greenish-purple,hair,lanceolate,lavender,less,lobe,long,margin,minutely,mm,moderately,mottled,oblique,obtuse,orange,ovate,ovate-elliptic,ovoid,pedicel,peduncle,petiole,present,puberulent,purple,ripe,simple,sometimes,sparsely,stellate,stigma,style,subcoriaceous,succulent,tip,toward,tree,tube,violet,x,yellow	-5,1-4,10-19,2.5-3,3-14,4-5,4-foliat,40,40-100+,5-7,8-17,acute,aggregate,apart,ape,articulated,axe,basal,beyond,cell,connective,cylindrical,densely,directed,distally,eaf,eed,eglandular,equal,exceeding,exserted,flower,glabrou,introrse,leaving,lon,lower,narrowly,nflorescence,nther,orolla,papillo,pedicellar,perfect,pore,presen,pubescent,purpl,rachi,radiu,remnant,ruit,shorter,slightly,small,spaced,stamen,stone,tal,tem,thecae,time,tomento,triangular,truncat,ud,unit,vary,wide,ympodial	adhesion,anther,arrangement,climate,colour,corolla,form,growth,height,hermaphroditic,history,inflorescence,leaf,length,life,midpoint,na,number,ovary,papillose,perennial,plant,position,presence,pubescence,ray,reproduction,rugulose,seed,shape,size,staman,stem,stipe,surface,texture,truncate
711	wfo-0001031225	success	163	97	76	87	21	0.466	.25,.5,0.2-0.75,0.7-6,0.75-1,0.8-1,1-1.5,1-1.7,1-5,2,2.5-3,3-9,3/4,5-6,7-9,9-16,along,anther,anthesi,apex,bark,base,bud,calyx,cm,corolla,dia,ellipsoid,elliptic,erect,fruiting,glabrate,glabrous,globose,green,growth,inflorescence,leaf,lobed,long,minutely,mm,narrowly,opposite,ovary,ovate,ovoid-reniform,pale,papillose,pedicel,petiole,pitted,plant,poricidal,pubescent,shape,shrub,size,slender,small,stem,stigma,style,surface,tan,tapering,tip,tree,trichome,tube,uniseriate,vein,way,white,woody,x	/3,0.1-0.75,0.2,0.5,0.5-1,1-3,1.5-5,5-50-flowered,6-8,acute,apart,beginning,berry,broadly,characteristic,closely,conspicuous,cup-shaped,darker,decurrent,deltoid,differentiated,differing,difoliate,dry,eaf,edicel,eed,exserted,filament,flattene,fragrant,free,furcate,geminat,greyish-brow,inflorescenc,lateral,less,like,live,lobe,lon,lower,main,major,margin,middle,minor,minute,much,nflorescence,often,older,one,outline,pair,papillo,pore,portion,prominent,proximal,raised,red-papillose,reflexed,rest,rhomboidal,rounded,ruit,scar,shaped,slightly,soon,spaced,specimen,straight,strongly,sweetly,swelling,tall,tear-drop,ud,unevenly,unit,widest,ympodial,young	alternate,arrangement,colour,diameter,form,fruit,greyish-brown,height,history,length,life,na,perennial,position,presence,pubescence,reproduction,rugulose,seed,stellate,texture
712	wfo-0001031231	success	175	124	92	83	32	0.526	-2,.5,0.5-1.5,1-1.5,1-2,1-3,1.5-2,2-3,2.5-3,3-4,37/2,37/3,4-8,5-7,8-10,80-110,absent,acuminate,acute,almost,anther,apex,aromatic,axillary,base,blunt,branch,brown,calyx,campanula,campanulate,cell,cm,colour,corolla,dark,discoidal,elliptic,entire,equal,erect,except,facetted,fork,glabrous,glandular,globose,green,greyish,hair,juvenile,lanceolate,leaf,len,less,lobe,long,loosely,marbled,margin,minute,mm,oblong,often,ovary,pedicel,peduncle,pentagonal,petal,pinnatisect,plant,purple,rh,ripe,ripening,rotate,rounded,seed,short,shrub,simple,sometimes,stigma,stone,stout,style,succulent,surface,tinged,tip,violet,x	1-4,13,2-4,25-35,acumen,adherent,along,anthesi,aspect,axi,basal,becoming,berry,beyond,bluntly,branched,clonal,cluster,declinate,developed,dia,eaf,eed,ellipsoid,exceeding,exerted,expanded,filament,fleshy,flower,flowering,folded,general,gree,habit,herbarium,interacuminal,lasting,lengthening,lon,lower,mature,mauve,midrib,nflorescence,occasionally,pedice,pedicellate,plurifoliat,pore,poricidal,projecting,rarely,readily,recurve,rugose-ruminate,ruit,sessile,several,shallow,shed,sinus,slightly,slit,small,soft,specimen,stonrgly,tissue,toward,translucent,triangular,tub,ud,unit,usually,variable,vigorous,well,without,wooded,year,ympodial	adhesion,arrangement,blade,climate,diameter,form,fruit,growth,height,history,inflorescence,length,life,midpoint,na,number,perennial,petiole,position,presence,pubescence,ray,reproduction,rugulose,shape,size,staman,stellate,stem,stipe,texture,tube
713	wfo-0001031252	success	170	125	93	77	32	0.547	0.2-1.5,0.3-1.1,1-3,1.3-1.9,1.75-5.2,16-33,2-3,2.5-7,2.8-3.6,3-10,3-5,3-6,5-17,5-8,5-9,abaxially,absent,acute,adaxially,along,anther,apart,apex,attenuate,axillary,base,bead,brownish,bud,cell,clavate,cm,condition,coriaceous,corolla,cuneate,dark,deep,diameter,distal,drying,elliptic,entire,fresh,fruit,glabrous,globose,green,greenish,half,herb,high,honeycomb-shaped,lanceolate,leaflet,like,lobe,margin,medium,mm,moniliform,mottled,necklace,ovate,ovoid,pedicel,peduncle,petiole,plant,plurifoliate,purple,rotate,rounded,seed,simple,sometimes,stigma,stolon,stripe,style,subtending,terminal,testal,tri-,tube,tuber,unit,unwinged,wet,white,whitish,x,yellow	0.4-3,1-2,12-20,5-merou,5.5-6.5,7-18,acumen,adaxiall,ag,alyx,apparently,arranged,articulated,axe,berry,blade,capitat,ciliate,connivent,covering,digestion,dorsally,eaf,edge,eed,enzyme,erec,exceeding,filament,flat,flower,folded,forked,geminat,generally,glabrou,green-white,hair-like,hal,homostylous,interjected,lateral,lengthening,light,linear,living,long,lower,make,mucilaginous,multiple,nflorescence,orolla,perfect,pore,poricidal,removed,ripe,ruit,serrate,seudostipule,slit,spaced,specimen,stamen,straight,tall,tamen,tem,thick,throughout,tip,typically,usually,vary,wall,ympodial	adhesion,arrangement,articulation,calyx,capitate,colour,form,growth,height,history,inflorescence,leaf,length,life,mucilaginousnes,na,ovary,perennial,position,presence,pubescence,reproduction,rugulose,shape,size,spacing,staman,stellate,stem,surface,sympodial,texture
714	wfo-0001031257	success	206	113	75	131	38	0.364	-12,-22.5,-5,-6,0.7-1,0.75-2.5,1-1.3,1.1-1.2,1.5-1.7,10-16,2-4.5,3.5-5.7,5-8.5,7.5-9,abundant,acuminate,anther,anthesi,apex,attenuate,basal,base,berry,blue-violet,bud,calyx,campanulate,cm,coarsely,corolla,cuneate,dark,densely,dentate,diameter,ellipsoidal,flexuous,glabrous,glandular,globose,half,herb,leaf,length,light,lobe,long,margin,mm,narrowly,non-glandular,ovate,patent,petiole,pubescent,purple,ring,robust,seed,serrate,shrub,simple,stem,stigma,striate,style,subglobose,trans-ovoidal,triangular,trichome,tube,white,within,x,yellow	0,0.4,0.5,0.5-0.8,1-1.2,1.5,1.5-2,1/10,11.5-15,2-,3,3.5-,4-10,4-4.5,4.5-,5,5-,6-12,6-celled,7-,8,8-celled,abaxially,accrescen,adaxially,ag,aggregate,antrorse,ascending,bicellular,branch,broad,cell,coat,connectival,cotyledon,curved,cuticle,deep,diamete,difoliate,directed,dorsally,eaf,edentate,eed,elliptical,embryo,endosperm,epidermal,erect,filament,finely,foliage,free,fruiting,geminat,hair-like,head,herbaceous,high,hollow,honey-combed,inconspicuous,inserted,lamina,lateral,like,little,lon,long-stalked,longer,longitudinal,longitudinally,lower,many-seeded,midvein,odorles,opening,orolla,outward,pair,papillate,pericarp,pore,poricidal,portion,prolongation,rarely,reduced,ree,rest,ridged,ruit,saddle-shape,scarce,scarcely,secondary,separated,short-stalked,shorter,single-celled,sinus,slightly,slit,small,smooth,solitary,somewhat,spur-like,stalk,stone,strand,tem,thecae,thickened,thickening,time,tip,tooth,unequal,unit,upward,vary,vein,ventrifixed,verrucate,viscid,viscid-pubescen,wall,ympodial	3.5-4.5,4.5-12,adhesion,arrangement,blade,climate,colour,form,fruit,growth,hair,height,history,inflorescence,life,midpoint,na,number,ovary,pedicel,peduncle,perennial,plant,position,presence,pubescence,ray,reproduction,rugulose,saddle-shaped,shape,size,staman,stellate,stipe,surface,texture,viscid-pubescent
715	wfo-0001031270	success	234	153	125	109	28	0.534	+,.5,0.4-1.5,1,1-1.2,1-4,1.2-1.6,1.5,1/3,10,10-12,2-2.5,2-3,2-4,2-7,2.5-3,3-10,3-5,4-5,5,5-15,6-17,9-10,abaxially,acute,anther,anthesi,apex,base,beginning,bipinnatifid,blade,bright,brown,calyx,capitate,clavate,cm,conical,connivent,deeply,densely,depressed-spherical,diameter,elliptic,few-rayed,flower,glabrous,glandular,glandular-pubescent,green,growth,herb,inflorescence,later,lateral,leaf,leaf-opposed,length,like,live,lobe,lobed,long,long-styled,loosely,margin,membranous,midpoint,minutely,mixture,mm,narrowly,obovate,ovoid,pale,pedicel,peduncle,petiole,pinnatifid,plant,poricidal,prickle,prickly,pubescent,ray,red,reddish,reniform,rest,ripe,rounded,scattered,sessile,shallowly,shining,short-stalked,short-styled,simple,size,slightly,sparsely,spherical,spreading,stellate,stem,stigma,straight,straw-colored,style,surface,tan,tapering,thin,tip,trichome,truncate,tube,uniseriate,way,white,wide,yellow,yellowish,½	0.5-1,1-3,1.5-2,100,2-20,3-20,5-10,5-6,5-merous,6-50,7-12,8,>,abaxial,accrescent,adaxial,adaxiall,along,alyx,apart,arme,articulated,associated,bark,basal,berry,brow,c.,cell,celled,colored,consistently,curved,differentiated,difoliate,directed,distal,eed,ellipti,entire,equal,erect,filament,free,frui,fruiting,geminat,gland,heavily,heterostylous,infructescence,investing,leafy,lon,longer,lower,midvein,minute,multangulate,multiseriate,new,nflorescence,occasionally,often,older,orolla,oung,outline,pair,papillo,per,pericarp,pitted,pore,portion,primary,rachi,reflexed,ruit,scar,secondary,shallow,shrub,single,sinuate,slender,small,stalk,staminat,strongly,tall,tamen,terete,testal,thus,tightly,tissue,unit,upward,usually,vary,varying,vein,well,wice,wid,wing,woody,ympodial	adaxially,adhesion,arrangement,climate,colour,corolla,dioecious,form,fruit,hair,height,history,life,na,number,ovary,perennial,position,presence,present,pubescence,reproduction,rugulose,seed,shape,staman,stipe,texture
716	wfo-0001031283	success	52	68	24	28	44	0.462	0.4-0.5,0.7,2.2-2.8,30-40,acute,apex,appearance,base,brown,calyx,cm,diameter,fruit,lobe,mm,narrowly,obovate,pale,pubescent,shrub,silky,surface,winged,woody	-0.25,.7-2.3,0.1-0.15,0.5-0.7,cell,eed,elongating,erect,fide,give,hair-like,lateral,lo,long,markedly,moore,outgrowth,pleasant,small,smelling,somewhat,sprawling,spreadin,tall,testa,thick,wall,wide	adhesion,anther,arrangement,blade,climate,colour,corolla,form,glandular,growth,hair,height,history,inflorescence,leaf,length,life,margin,midpoint,na,number,ovary,pedicel,peduncle,perennial,petiole,plant,position,presence,pubescence,ray,reproduction,rugulose,seed,shape,size,staman,stellate,stem,stigma,stipe,style,texture,tube
717	wfo-0001031287	success	147	112	86	61	26	0.585	.5,0.5-1.5,0.9-1,1,1-1.2,1-1.3,1-1.5,1-5,1.5-2,1.5-5.5,2-2.5,3-4,4-5,4.5-5,5-14,6-7,abaxially,adaxially,anther,apex,bark,base,bi-lobed,branch,calyx,cm,conical,corolla,dark,deltate,dendritic,densely,dia,divergently,ellipsoid,elliptic,elongate,erect,exserted,fleshy,fruiting,glabrous,globose,green,greenish-white,internodal,knob,later,leaf,lobe,lobed,minutely,mm,nearly,ovary,ovoid-reniform,pale,papillose,pedicel,petiole,pitted,pointed,poricidal,pubescent,red-papillose,rounded,shoot,short,shrub,small,somewhat,stem,stigma,strongly,style,surface,tan,thick,tip,trichome,tube,tuft,white,woody,x,young	3-5,4-6,6-10-flowered,acute,anthesi,apar,ape,attenuate,axil,bearing,berry,connective,coriaceous,deflexed,difoliate,eaf,edicel,eed,enlarged,filament,free,frui,geminate,lamina,lateral,lon,long,lower,main,many,margin,membranous,middle,nflorescence,occasionally,older,onto,pair,papillo,planar,plurifoliate,pore,portion,reddish-brow,reflexed,ruit,scar,shaped,simple,sinus,spaced,tear-drop,thin,tub,ud,unevenly,unit,vein,widest,winged,ympodial	alternate,arrangement,bud,colour,diameter,form,fruit,growth,height,history,inflorescence,length,life,na,peduncle,perennial,plant,position,pubescence,reddish-brown,reproduction,rugulose,seed,shape,size,texture
718	wfo-0001031300	success	219	123	91	128	32	0.416	-2.2,/4,0.2-0.4,0.2-0.5,0.2-1,0.3,0.5-0.9,0.5-1.5,0.5-18,0.5-2,0.7-0.9,0.7-1.2,0.8-1.5,1-2,1.5-3.5,2-5.5,2.2-2.3,2.2-2.7,2.5-3.2,3-4,4,abaxially,acute,anther,apex,apically,apparently,attenuate,base,berry,blade,calyx,chartaceous,cm,connivent,creeping,deltate,densely,diameter,dull,equal,flattened-reniform,fruit,glabrescent,glabrous,hair,lateral,leaf,length,lobe,lobed,long,margin,maturity,membranous,midpoint,mm,moderately,near,oblanceolate,orange,orange-brown,pale,pedicel,peduncle,petiole,poricidal,pubescent,rarely,ray,red,rounded,shrub,simple,smooth,sparsely,spherical,stellate,stellate-pubescent,stem,style,surface,tapering,tip,trichome,tube,way,white,wide,yellow,yellow-orange	-4,-5,-6,.5,0-15,0-20,0-3,0-8,0.1,0.1-0.5,0.1-0.6,0.15-0.7,0.2-0.7,0.3-0.6,0.3-1.3,0.6-0.8,0.6-1,0.6-1.2,1-4,1-5,1.2-1.7,1.3-2,1/2-3/4,1/3-1/2,1/6-1/4,10-30,2-,2-3,2-4,2-6,3-,4.5-6,5-15,5-merous,6-8,absent,also,alyx,apar,apart,articulated,ba,bark,branched,brow,brown-green,bulbous,caudat,cell,concolorous,curved,difoliate,distance,drying,eaf,eed,elongating,erect,extending,eye,filament,filiform,flattened,flower,free,fruiting,geminat,geniculate,gray-green,herbaceous,highly,infructescence,lon,longer,lower,mature,midvein,minute,naked,nflorescence,oblong,obtuse,older,one,open,orange-green,orolla,oung,outline,pair,pendulous,per,perfec,pericarp,pit,porrect,portion,prickl,prickle,prickly,primary,raised,reduced,ruit,scar,sessile,side,small,spaced,spreading,stalk,stalked,tamen,terete,tertiary,thin,time,uniradiate,unit,vary,vein,venation,visible,weakly,wider,winged,yellow-green,ympodial	adhesion,arrangement,caudate,climate,colour,corolla,form,glandular,growth,height,history,inflorescence,life,na,number,ovary,perennial,perfect,plant,position,presence,present,pubescence,reproduction,rugulose,seed,shape,size,staman,stigma,stipe,texture
719	wfo-0001031310	success	203	121	96	107	25	0.473	.5,0-4,0.5-3,1-2,1-3,1-5.5,1-6,1.5-4,15-40,2-3,2.5-5.5,2.5-8.5,3-10,4-12,4.5-4.8,5-6,5.5-21,abaxially,adaxially,along,anther,axillary,blue,blue-purple,broadly,brown,brownish,bud,chartaceous,cm,condition,conspicuously,corolla,decurrent,diameter,drying,elliptic,especially,fresh,fruit,glabrous,globose,green,greenish,hair,herb,lanceolate,leaf,leaflet,less,light,like,lobe,long,membranous,midrib,minutely,mm,mottled,multicellular,odd-pinnate,ovate,ovate-elliptic,ovate-lanceolate,ovoid,pair,pale,pedicel,peduncle,petiole,petiolule,pilose,plant,puberulent,pubescent,purple,rotate,seed,simple,size,slightly,sometimes,somewhat,sparsely,stem,stigma,streak,style,subtending,terminal,tissue,tube,white,whitish,x,yellow	0-3,1-10,4-10,5-7,5-merou,6-7,absent,acumen,acuminate,ag,alyx,apart,apex,apparently,articulated,attenuate,axe,base,berry,blade,borne,caly,cell,ciliate,connivent,covering,cuneate,decreasing,digestion,distal,dorsally,eaf,edge,eed,end,enzyme,erect-decumben,exceeding,extremely,filament,flat,flower,folded,forked,geminat,generally,glabrou,gradually,green-white,hair-like,half,high,homostylous,honeycomb-shaped,interjected,larger,lateral,lengthening,living,lower,make,margin,mucilaginous,narrowly,nflorescence,obtuse,orolla,perfect,plurifoliate,pointed,pore,poricidal,rachi,removed,rosette-forming,ruit,seudostipule,shortly,singly,slit,small,spaced,specimen,stamen,ste,stolo,straight,subellipsoi,subrosette-forming,tall,tamen,tem,testal,thick,throughout,tip,toward,tri-,tuber,typically,unit,unwinged,usually,vary,wall,wet,ympodial	adhesion,arrangement,calyx,colour,decurent,decurrence,form,growth,height,history,inflorescence,length,life,na,ovary,perennial,position,pubescence,reproduction,rugulose,shape,staman,subellipsoid,surface,texture
720	wfo-0001031316	success	207	124	92	115	32	0.444	-2,/3,0.05-0.1,0.05-0.15,0.1-0.2,0.3-1,0.5-2,0.8-1.2,0.8-1.8,0.9-1.3,1.3-3.5,1.5-3.5,2-3,2.5-8,3-8,3.5-3.8,3.8-5,4-7,5-10,5-15,5-8,8-25,abaxially,acuminate,acute,almost,anther,apex,apically,base,blade,blue-mauve,bright,calyx,cm,connivent,cream,dark,densely,diameter,dull,entire,erect,flattened-reniform,fruit,glabrescent,glabrous,gray,green,hair,lateral,leaf,length,lobe,lobed,long,margin,marking,maturity,membranous,midpoint,mm,moderately,narrow-deltate,obtuse,orange,orange-brown,ovate,pale,pedicel,peduncle,petiole,purple,ray,red-brown,shrub,simple,sparsely,spherical,stellate,stellate-pubescent,stem,style,tapering,terminal,tube,unequal,way,white,wide,yellow,young	.1,0.4-0.6,0.4-0.8,0.6-1,1-5,1.2-2.1,1.5-,1.5-2,1.5-5,1/3-1/2,1/3-2/3,2-20,2-4,3-10,4,4-9,5-6,5-merous,6-20,8-11,8-12,abaxial,adaxial,alyx,ame,apar,apparently,articulated,bark,becoming,berry,branched,broad,c.,colored,concolorous,contrast,curved,difoliate,discolorous,drying,eaf,eed,elongating,eye,fifth,filament,flower,foliaceou,four,free,fruiting,geminat,glabrou,held,herbaceous,infructescence,inward,long-acuminat,longer,lower,lowermost,mature,minute,multangulate,naked,nflorescence,older,one,open,orolla,oung,pair,pendulous,per,perfec,pericarp,poricidal,porrect,portion,primary,red-brow,reflexed,ruit,scar,sessile,slender,smooth,sometimes,spaced,spreading,stalk,stalked,stellate-pubescen,strongly,surface,tamen,terete,tertiary,time,tip,trichome,unarme,unarmed,unit,usually,variously,vary,vein,venation,visible,white-green,whitish,yellow-green,ympodial	0.1,adhesion,arrangement,climate,colour,corolla,form,glandular,growth,height,history,inflorescence,life,long-acuminate,na,number,ovary,perennial,perfect,plant,position,presence,present,pubescence,reproduction,seed,shape,size,staman,stigma,stipe,texture
721	wfo-0001031333	success	194	109	85	109	24	0.438	+,.5,0.5,1-1.5,1-5,1.5,1.5-2,2,2.5-3,2.7-7,3-4,7-10,7-9,<,?,abaxially,adaxially,anther,apex,base,berry,bilobed,brown,calyx,capitate,cm,conical,densely,diameter,ellipsoidal,elliptic,flattened,glabrous,globose,golden,green,greenish,growth,half,immature,inflorescence,lamina,like,lobe,long,lower,margin,matte,membranous,mere,minute,minutely,mm,narrowly,ovate,pale,pedicel,peduncle,pentagonal,perfect,pitted,pubescent,pubescent-papillate,reniform,rest,simple,somewhat,sparsely,stellate,stem,stigma,style,surface,terminal,thin,trichome,tube,undulation,uniseriate,vein,vine,white,woody,x,yellow	0.1-0.5,1-4,1.2-2,1.5-1.7,1/2,2-3,3/4,30-40,5-7,5-8,5-merou,50,>,acuminate,acute,adaxiall,adjacent,ag,almost,alyx,anthesi,apart,appearing,ark,articulated,branche,branched,broadly,cell,clustered,collection,composed,crea,cupped,denser,eaf,eed,entire,exserted,filament,flower,free,fruting,glabrescen,glabrescent,high,ilament,leaving,lengthening,less,lobed,m.,many,near,new,nflorescence,nodding,occasionally,older,orolla,outline,pair,papillat,peg,penden,per,pericarp,petiole,planar,plurifoliat,pore,poricidal,portion,primary,quadrate,rhachi,ruit,scar,sinus,slightly,slit,small,soon,splitting,ste,striped,strongly,tangled,tem,testal,thickened,time,tip,trailing,triangular,truncate,twining,ud,undersurface,unequal,unevenly,unit,upper,vary,venation,way,whitish,yellowish,ympodial	adhesion,arrangement,colour,corolla,form,fruit,height,history,leaf,length,life,na,ovary,perennial,plant,position,pubescence,reproduction,rugulose,seed,shape,size,staman,texture
722	wfo-0001031333	success	194	111	78	116	33	0.402	+,.5,0.5,1-1.5,1-4,1-5,1.5,1.5-2,2.5-3,2.7-7,3-4,7-10,7-9,<,?,acuminate,acute,anther,apex,base,bilobed,broadly,brown,calyx,capitate,cm,conical,corolla,densely,diameter,ellipsoid,elliptic,entire,flattened,glabrous,globose,golden,green,greenish,growth,immature,inflorescence,lobe,long,margin,matte,membranous,mere,minutely,mm,narrowly,ovate,pale,pedicel,peduncle,petiole,pitted,pubescent,pubescent-papillate,reniform,rotate-stellate,simple,somewhat,sparsely,stellate,stem,stigma,style,surface,terminal,thin,truncate,tube,undulation,vine,white,wide,woody	0.1-0.5,1-5-2,1.5-1.7,1/2,2,2-3,3,3/4,30-40,5-7,5-8,5-merou,50,>,abaxially,adaxiall,adaxially,adjacent,ag,almost,alyx,anthesi,apart,appearing,articulated,bark,berry,branche,branched,cell,clustered,composed,cream,cupped,denser,eaf,eed,exserted,filament,flower,free,fruiting,glabrescen,glabrescent,half,high,ilament,lamina,leaving,lengthening,less,like,lobed,lower,m.,many,minute,near,new,nflorescence,nodding,occasionally,older,orolla,outline,pair,papillat,peg,penden,per,perfect,pericarp,planar,plurifoliat,pore,poricidal,portion,primary,quadrate,rest,rhachi,ruit,scar,sinus,slightly,slit,small,soon,spaced,splitting,striped,strongly,tangled,testal,thickened,time,tip,trailing,triangular,trichome,tub,twinin,ud,undersurface,unequal,unevenly,uniseriate,unit,upper,vary,vein,venation,way,whitish,yellowish,ympodial	0.5-1,adhesion,arrangement,blade,climate,colour,form,fruit,glandular,hair,height,history,leaf,length,life,midpoint,na,number,ovary,perennial,plant,position,presence,pubescence,ray,reproduction,rugulose,seed,shape,size,staman,stipe,texture
723	wfo-0001031359	success	166	118	88	78	30	0.53	.25,.5,/4,0.5-1,0.5-6,0.75-1,1-4,1.1-1.6,1.2-1.6,1.2-2.5,1.3-1.6,1.5-2,12-21,2.5-3,3-3.5,3.6-8.8,5-angled,6-7,anther,apart,axil,bark,base,beginning,beneath,berry,bi-lobed,brown,calyx,cm,corolla,dark,deflexed,dia,dull,elliptic,evenly,filament,flattened-reniform,free,glabrous,globose,green,lateral,leaf,lobed,long,main,mm,narrowly,near,nearly,obovoid,opposite,outline,ovary,pedicel,petiole,plant,poricidal,portion,ridged,ripe,round,scar,shrub,size,slender,spaced,stem,stigma,straight,strongly,style,surface,tan,tapering,tip,trichome,tube,tuft,uniseriate,vein,way,white,x,yellow,yellow-orange	.02,1.6-2.8,1.9-2.3,5-30-flowered,5-7,5.3-7.5,acuminate,angle,anthesi,apex,apiculate,appearing,attenuate,ba,broadly,curled,differing,difoliate,distal,dried,eaf,edicel,eed,extending,fruiting,geminat,incrassate,inflorescenc,internodal,interpetalar,lamina,live,lobe,lon,lower,major,margin,membraneous,middle,minor,minutely,nflorescence,occasionally,often,older,one,originating,pair,paler,papillae,papillo,papillose,pit,pitted,planar,pore,reflexed,ruit,rusty,shaped,shiny,simple,sinus,slightly,somewhat,specimen,tall,tear-drop,triangular,tub,ud,undulate,unit,white-lenticellat,widest,woody,ympodial,young	adhesion,arrangement,bud,colour,deflexion,diameter,form,fruit,growth,height,history,inflorescence,length,life,na,peduncle,perennial,position,presence,pubescence,reproduction,rugulose,seed,shape,spacing,staman,stellate,texture,white-lenticellate,ye
724	wfo-0001031362	success	138	125	96	42	29	0.696	.2,.3,.5,0.4-0.5,0.5-1,0.7-1,1-1.1,1-1.5,1-3,1-4,1.5-2,2-2.5,3-6,?,abaxially,adaxially,along,anther,apex,appearance,bark,base,branch,brown,bushy,calyx,cell,closely,cm,conical,corolla,dendritic,densely,denser,dia,ellipsoid,flattened,flattened-reniform,fruiting,glabrous,globose,golden,incrassate,internodal,lanceolate,leaf,like,lobe,lobed,long,long-triangular,margin,minutely,mm,nearly,opposite,orange-red,outline,ovary,packed,pale,papillose,pedicel,pericarp,petiole,pitted,pore,poricidal,pubescent,pubesent,rectangular,red,rest,rounded,scar,shaped,shiny,shrub,simple,small-capitate,spaced,sparsely,stem,stigma,style,subshrub,surface,tan,tear-drop,thin,tip,trichome,tube,vein,white,x	1-3-flowered,3-4,acute,anthesi,attenuate,berry,eaf,edicel,eed,erect,exceeding,exserted,filament,free,giving,golden-brow,inflorescenc,lamina,lateral,lon,lower,main,middle,nflorescence,nodding,older,overlappin,pair,papillo,planar,plurifoliat,portion,ruit,slender,somewhat,straight,ud,unit,widest,woody,ympodial,young	arrangement,bud,colour,diam,diameter,form,fruit,golden-brown,growth,height,history,inflorescence,length,life,na,overlapping,packing,peduncle,plant,plurifoliate,position,pubescence,reproduction,rugulose,seed,shape,size,spacing,texture
725	wfo-0001031363	success	198	102	76	122	26	0.384	0.3-0.6,0.4-0.5,0.5-0.8,1-2,1-2.2,1.1-1.6,1.5-4,10-11.5,2-3,2.5-7.5,3.5-6,4-8,4.5-7.5,5-10,5-8,6-13,6.5-11,abaxially,acute,adaxially,andromonoecious,anther,apex,attenuate,base,blade,broadly,brown,calyx,chartaceous,cm,deltate,densely,diameter,erect,extra-axillary,flower,fruit,glabrous,globose,green,inflorescence,leaf,length,lobe,lobed,long,margin,midpoint,mm,moderately,obtuse,ovate,pale,pedicel,peduncle,perennial,petiole,plant,present,purple,ray,rhizomatous,shallowly,shrub,simple,sparsely,stellate,stellate-pubescent,style,thick,throughout,tube,weakly,x,yellow	%,.3,.5,0-15,0-3,0-30,0-6,0.3-0.5,0.3-0.7,0.4-0.8,0.5-0.9,0.5-1,0.7-1.5,0.9-1.6,1-5,1-6,1-locular,1.1-1.4,1.6-2.1,10-12,13-25,2-foliate,2.3-2.5,3-4,3-5,3-7,3.5-5.5,30,4-7,5-6,5-7,5-merou,6-8,6.5-8.5,7-12,80-120,absen,absent,acicular,across,adaxiall,adult,alyx,apart,articulated,axe,ba,bark,branch,branche,corky,cross-section,cylindrica,decimetre,directed,distall,distributed,dm,eaf,eed,eglandular,exocarp,finger,fruiting,functional,furrowed,geminat,gland-tipped,hair,half,heterostylous,incomplete,index,juicy,juvenile,lamina,lateral,less,lobing,longer,lower,mature,mesocarp,midvein,minute,moist,nflorescence,oblique,orolla,pair,part,per,placenta,pore,porrect,prickle,pseudo-racemose,ruit,semi-circula,septum,sessile,short,side,spaced,stalks-0.1,stellae,straight,surface,tal,tamen,tem,time,transparent,unarme,unarmed,unbranched,unit,upper,vary,vein,wide,ympodial	0.1,2.5,adhesion,arrangement,colour,corolla,form,growth,height,history,life,na,number,ovary,position,presence,pubescence,reproduction,seed,shape,size,staman,stem,stigma,stipe,texture
726	wfo-0001031372	success	192	117	84	108	33	0.438	0-15,0.05-0.2,0.2-0.8,0.4-0.6,1,1-2,1.5,10-14,10-30,2-2.5,2-5,2-7,2.5,2.5-4.5,3,5-10,6-9,7,7-10,8-10,8-15,abaxially,acute,adaxially,anther,apex,base,blade,broadly,brown,calyx,cm,coarsely,connivent,dark,densely,diameter,elliptic,extra-axillary,flattened,flower,fruit,glabrous,globose,green,hair,lanceolate,leaf-opposed,length,light,lilac,lobe,margin,midpoint,minutely,mm,obtuse,ovate,ovate-lanceolate,pedicel,peduncle,perennial,petiole,pitted,pubescent,ray,reddish,repand,several,simple,sparsely,stellate,stellate-pubescent,stelliform,stem,stigma,style,thin-textured,tube,ultimately,white,whitish,x,yellow	-1.5,0,1/4-1/3,10,10-12,2-foliate,25-30,4-5,5-20,abaxiall,accrescent,acute-,adaxiall,along,apart,armed,articulated,axe,ba,blunt-tipped,broad-based,capitat,central,closely,completely,compressed,concealing,covering,cylindrical,decurrent,deltoid,directed,distal,distally,eaf,eed,entirely,enveloping,female-sterile,filament,foliaceous,fruiting,geminat,glabrou,interwoven,large,lateral,laterally,lighter,long,longer,lower,m.,main,midrib,minute,mostly,much,multiseriate,nflorescence,often,onto,orolla,perfect,pore,present,prickle,prickly,probably,rachi,reaching,recurved,round-tipped,ruit,scattered,short,short-styled,shorter,side,similar,soft-wooded,somewhat,spaced,spreading,stalk,star,ste,stellae,stellate-woolly,stipitate,tal,tamen,tem,termination,time,unarmed,unbranched,unit,vary,vein,weakly,well-developed,wide,widely,winged,woolly,ympodial,young	adhesion,arrangement,capitate,climate,colour,corolla,decurren,form,glandular,growth,height,history,inflorescence,leaf,life,na,number,ovary,plant,position,presence,pubescence,reproduction,rugulose,seed,shape,size,staman,stipe,surface,tall,texture,ye
727	wfo-0001031389	success	242	131	104	138	27	0.43	0-2,0.25-0.75mm,0.3-0.5,0.3-0.8,0.4-0.6,0.4-1.8,0.5-1.5,0.5-3,0.65-1,0.8-2.5,0.9-4.5,1-1.5,1.5-2.5,1.5-3,1.5-5,1.9-2.2,14-30,2.5-13,4-5.5,4-8,5.5-8,8-15,abaxially,absent,acute,adaxially,almost,andromonoecious,anther,apex,base,blade,brown,calyx,chartaceous,cm,connivent,cuneate,cylindrical,dark,deltate,densely,diameter,entire,extra-axillary,flower,fruit,glabrous,gland-tipped,globose,hair,inflorescence,lanceolate,lateral,leaf,length,lilac,lobe,long,lower,margin,midpoint,minutely,mm,obtuse,ovate,pale,part,pedicel,peduncle,perennial,perfect,petiole,pitted,plant,present,purple,ray,red,reniform,reticulate,reticulately,rhizomatous,rostrate,rotate-stellate,scattered,short,shrub,simple,sometimes,sparsely,stellate,stellate-pubescent,stigma,style,summit,surface,time,tip,tube,weakly,white,x,yellow	%,0-0.1,0-0.4,0-0.5,0-0.6,0-1,0-10,0-3,0.05-0.1,0.25-0.4,0.25-0.5,0.3-0.6,0.5-1,0.6-0.7,1-2,1-3,1-4,1-5,1-locular,1.3-2.4,1.5-4,1.8-3.5,11-16,14-18,2-6,2-foliate,20-60,4-5,4-7,5-8,5-merou,6-10,6-12,6-7,6-9,7-8,absen,accrescent,acicular,across,adult,alyx,apart,apparen,articulated,axe,ba,becoming,branch,branche,capitat,confined,decimetre,directed,distall,distally,distributed,dm,eaf,eed,eglandular,erect,exocarp,filament,finger,first,fruiting,functional,geminat,green,half,heterostylous,homo-,incomplete,interpetalar,juicy,juvenile,lamina,less,lobed,longer,loosely,markedly,mature,mesocarp,mid-point,midrib,midvein,minute,moderate,narrowly,nflorescence,oblique,often,orolla,pair,per,placenta,plump,pore,porrect,prickle,pseudo-racemose,pseudo-umbellate,rachi,reddish,ruit,septum,sessile,shallowly,solitary,somewhat,spaced,sparse,stalk,stellae,straight,succulent,tal,tamen,tem,thick,thicker,thicknes,throughout,tightly,tissu,tissue,triangular,unarme,unarmed,unbranched,unit,upper,vary,wide,yellowish,ympodial	adhesion,arrangement,capitate,climate,colour,corolla,form,glandular,growth,height,history,life,na,number,ovary,position,presence,pubescence,reproduction,rugulose,seed,shape,size,staman,stem,stipe,texture
728	wfo-0001031394	success	217	112	66	151	46	0.304	0.5,abaxially,acute,alternate,anther,apex,apparently,base,blade,broadly,calyx,cm,crenulate,diameter,extra-axillary,finely,flattened,flower,free,fruit,glabrous,glandular-pubescent,globose,hair,lanceolate,length,light,lobe,margin,midpoint,mm,narrowly,ovate,pedicel,peduncle,petiole,pilose,pitted,plant,pubescence,pubescent,purple,red,rounded,short,similar,sometimes,stellate,stem,stigma,stipitate-glandular,style,subcordate,subreniform,subshrub,tan,taprooted,thin-textured,tooth,triangular,tube,usually,white,x,yellow,yellow-orange	-celled,-rayed,0.2–0.4,0.3,0.3–1.5,0.5–1,0.6–1.6,0.8,1,1.1–1.6,1.2–3.2,1.4–2.1,1.7–4.5,1/2,1/3,1–,1–1.5,1–2,1–3,1–4,2,2-foliat,2.2–2.5,2.5–3,2–3,2–3-celled,2–3.2,2–4,3,3.7–7.6,33–80,3–4,3–5,3–6,4,4–8,5,5–8,64,6–11,6–8,9–13,=,?,accrescent,acicular,adaxially,additional,almost,apart,appearing,armed,articulated,axe,ba,basal,beginning,bottom,branch,branched,bulbous,caudate,curved,cylindrical,densely,directed,distal,distall,eaf,eed,enlarging,even,eventually,fertile,filament,fruiting,glabrou,gland-tippe,gland-tipped,glandular-pilosulose,halfway,hyaline,investing,leafy,least,less,lon,long,longest,lower,main,male,many,maturity,midrib,minute,n,nflorescence,numerous,one,orolla,overtopped,per,pore,prickle,quite,rachi,reaching,recurved,reflexed,ruit,scattered,sessile,shorter,side,simple,single-celled,slightly,small,smaller,somewhat,spaced,sparse,spreadin,staminate,stellae,sterile,stout,straight,tall,taman,tem,terminal,thick,thickened,time,tip,truncat,unbranched,unit,variable,vary,vein,wide,ympodial,±,–1.5,–2,–3,–5,–6	0.2-0.4,0.3-1.5,0.5-1,1-1.5,1-2,1-3,1-4,1.4-2.1,2.2-2.5,2.5-3,3-5,3-6,3.7-7.6,4-8,5-8,6-8,adhesion,arrangement,climate,colour,corolla,form,glandular,growth,height,history,inflorescence,leaf,life,na,number,ovary,position,presence,present,ray,reproduction,rugulose,seed,shape,size,staman,stipe,surface,texture,truncate
729	wfo-0001031400	success	161	79	59	102	20	0.366	0.25-0.8,0.4-1.7,0.6-1.8,0.7-6,0.8-1.1,1.2-2,1.5-5,10-11,2-5,2-9,4-13,4-6.5,4-7,5-12.5,7-28,acute,apiculate,calyx,cm,connate,corolla,dark,deeply,diameter,distal,globose,green,green-white,half,herbaceous,lateral,leaf,leaflet,linear,linear-lanceolate,lobe,long,mm,oblong,odd-pinnate,ovoid,pedicel,peduncle,perennial,petiole,plant,puberulent,seed,size,stellate,stigma,style,subglabrous,terminal,tone,violet,white,wide,yellow	-3,1,1-,1-4,2,2-3,3-6-foliat,4-,4-17,6-23,7-25,abaxial,abaxially,abruptly,absen,acumen,adaxially,apex,apical,apically,articulate,base,branched,cell,covering,cuneate,cyme,decurrent,dehiscent,dichasial,dichasially,digestion,diminishing,dorsally,eaf,ebracteate,edge,eed,emoval,enzyme,exceeding,filament,flat,flower,folded,forked,forming,generally,globo,hair-like,honeycomb,interjected,introrse,living,lon,lower,lunat,make,maturing,monochasial,mucilaginous,nflorescence,nther,oblique,occasionally,often,orolla,pair,pattern,perfect,plan,poricidally,proximal,rachi,reveal,ruit,sessile,seudostipule,short,side,slit,specimen,stamen,straight,stripe,structure,tal,tem,testal,thick,throughout,tip,toward,trilobe,tuber-bearing,typically,unit,vary,wall,without,ympodial,¼	4-25,anther,arrangement,colour,form,fruit,growth,height,history,inflorescence,length,life,na,ovary,position,reproduction,shape,stem,texture,tube
730	wfo-0001031401	success	182	105	73	109	32	0.401	0.5,0.6-1.2,1-1.4,1-6,1.1-3,2-2.4,2-5,2.5-4,3,3.5-4,5-9,7-9,acute,anther,apex,attenuate,base,bi-lobed,blade,brown,calyx,cm,conical,corolla,dark,deltoid,densely,diameter,elliptic,finely,flattened,fruit,glabrous,globose,growth,leaf,lenticular,lobe,lobed,long-triangular,minutely,mm,narrowly,occasionally,ovary,pedicel,pericarp,petiole,pitted,poricidal,puberulent,pubescent,purplish-black,reddish-brown,rounded,roundish,shrub,small,sparsely,stem,stigma,strongly,style,surface,terminal,thin,tip,tree,tube,violet,white,winged,x	0.8-1.2,1,1-1.5,1.5-2,1/2,3/4,5,5-7,8-10,abaxial,abaxially,adaxial,adaxially,age,along,anthesi,apical,appearing,axi,bark,basal,becoming,berry,black,branch,branching,clearly,deciduous,deflexed,dendritic,denser,dichasial,differentiated,drying,eaf,ecuador,ecuadorian,edicel,eed,ew,exserted,filament,flower,fork,free,fruiting,golden,golden-yellow,impressed,inserted,lateral,less,long,lower,m.,matted,mesophyll,monochasia,near,new,nflorescence,noddin,nodding,node,often,older,outline,overtopping,pair,papillo,per,planar,plurifoliate,pore,portion,prominently,pubescen,pyramidal,raised,ruit,scar,secondary,shiny,shoot,short,sleev,slit-like,sometimes,somewhat,specimen,stamen,ste,tall,tapering,time,tree-like,trichome,tub,ud,unit,usually,vein,visible,way,wide,woody,yellow,ympodial,young	adhesion,arrangement,climate,colour,form,glandular,hair,height,history,inflorescence,length,life,margin,midpoint,na,number,peduncle,perennial,plant,position,presence,pubescence,ray,reproduction,rugulose,seed,shape,size,staman,stellate,stipe,texture
731	wfo-0001031402	success	200	103	74	126	29	0.37	0-0.2,0-0.3,0.2-0.4,0.3-1.1,0.4-1.2,0.5-0.7,0.5-1,0.5-1.3,0.5-2.6,1-3,1.5-2,1.5-2.5,10-38,2-2.5,2-3,3-5,3-5.5,4-7,4-8,7.5-8.5,acute,andromonoecious,anther,apex,base,blade,calyx,cm,cuneate,deeply,deltate,diameter,entire,fruit,glabrous,gland-tipped,globose,green,hair,herbaceous,inflorescence,leaf,leaf-opposed,length,linear,lobe,lobed,margin,midpoint,mm,moderately,ovate,ovoid,pedicel,peduncle,petiole,plant,present,purple,ray,resprouter,rotate-stellate,shallowly,short,simple,sparsely,stellate-pubescent,stem,stigma,style,tube,unknown,x,yellow	%,0-3,0.3-0.6,0.6-1.2,0.7-1.4,0.8-2.5,0.8-3,1,1-15,1-2,1-4,1-5,10-15,10-18,14-18,2-4,2-6,2-8,2-foliate,2.2-12,3-15,3-4,5-40,5-merou,6-9,7-15,8-10,abaxially,absen,absent,abundant,accrescent,acicular,across,adaxiall,adaxially,adult,alyx,apart,armed,articulated,axe,ba,branche,capitat,chartaceous,color,confined,connivent,contiguous,cylindrical,densely,directed,distall,distributed,dm,dult,eaf,eed,eglandular,erect,filament,finger,flower,fruiting,functional,geminate,glabrou,half,heterostylous,index,interpetalar,lamina,lateral,lobing,lon,long,longer,lower,mature,midrib,midvein,minute,narrowly,nearly,nflorescence,oblique,obtuse,orolla,part,per,pore,porrect,possibly,prickle,projecting,pseudo-umbellate,rachi,ripe,ruit,sessile,shorter,side,single-flowered,spaced,sprawling,stage,stellae,straight,strongly,tal,tamen,thick,throughout,time,tissue,unarmed,unbranched,unit,uvenile,vary,vein,weakly,wide,winged,ympodial	adhesion,arrangement,capitate,climate,colour,corolla,form,glandular,growth,height,history,life,na,number,ovary,perennial,position,presence,pubescence,reproduction,rugulose,seed,shape,size,staman,stellate,stipe,surface,texture
732	wfo-0001031480	success	237	123	94	143	29	0.397	/3,0.1-0.4,0.5-2,0.8-1,1-1.3,1-1.5,1-3,1.7-2.2,1.8-3,1/3,2-,2-2.7,2-3,3-7,3.5-7,4-6,6-13,6-30,6-8,7-8,abaxially,acute,anther,apex,apically,base,berry,blade,bright,calyx,cm,cuneate,deltate,densely,diameter,dull,ellipsoid,entire,equal,flattened-reniform,fruit,glabrescent,glabrous,glandular,hair,hermaphrodite,lateral,leaf,length,lobe,lobed,long,margin,maturity,mauve,mm,moderately,near,obtuse,orange-brown,ovate,pale,pedicel,peduncle,petiole,plant,poricidal,purple,ray,red,red-brown,scandent,shallowly,shrub,simple,smooth,spherical,spreading,stellate,stellate-pubescent,stem,style,surface,tapering,terminal,thick-chartaceous,tip,trichome,truncate,tube,upper,way,wide,yellow	-0.25,-2,0,0-0.5,0-1,0-2,0-30,0-5,0.1,0.1-0.3,0.15-0.3,0.2-0.35,0.4,0.4-0.8,0.5-,0.6-0.8,0.7,0.8,1-2,1-4,1.5-2.2,1/2,1/4,1/6-1/5,2-5,2-6,3,3-10,3-6,4-5,5-8,5-merous,8-12,abaxial,acuminat,adaxial,alyx,andromonoecious,apar,apart,apparently,articulated,ba,bark,branched,branching,broad-deltate,cell,cream,curved,dark,difoliate,discolorous,distal,distance,drying,eaf,eed,elongate,elongating,erect,extending,eye,faint,filament,flattened,flower,free,fruiting,geminat,green,heterostylous,inconspicuous,infructescence,long-styled,longer,lower,lowermost,marking,mature,midpoint,midvein,minutely,naked,nflorescence,often,older,one,open,orolla,oung,outline,pair,pendulous,per,pericarp,persistent,pit,porrect,portion,prickle,prickly,primary,pubescent,raised,red-brow,red-green,red-yellow-green,reduced,reticulate,rounded,ruit,scar,sessile,short-styled,shorter,side,slender,slightly,small,somewhat,spaced,sparsely,stalk,stalked,staminat,straight,tamen,terete,tertiary,time,unarme,unarmed,unit,variously,vary,vein,venation,visible,weakly,woody,ympodial,young	8,acuminate,adhesion,arrangement,colour,corolla,form,growth,height,history,inflorescence,life,na,number,ovary,perennial,position,presence,present,pubescence,reproduction,rugulose,seed,shape,size,staman,stigma,stipe,texture
733	wfo-0001031482	success	275	152	125	150	27	0.455	-0.6,-16,-18,.2-1.6,0-0.2,0-0.4,0.02-0.03,0.03-0.3,0.04-0.5,0.2-0.3,0.7-1.3,1-4.5,1.2-1.5,1.2-3,1.3-4,1.4-2.2,1.6-2.8,1.9-2.5,2-3.3,2-4.7,2.5-10,2.5-4,3/4,4-13,4-5,4-6,6-16,8,abaxially,acuminate,acute,adaxially,anther,apex,attenuate,base,becoming,blade,blue,blunt-tipped,brown,calyx,cm,commonly,continued,corolla,deltoid,densely,diameter,due,echinoid,elliptic,elongate,entire,flower,fruit,glabrescent,glabrous,granular-tomentose,grayish,green,growth,hair,inserted,irregular,lanceolate,later,lateral,leaf,length,lobe,margin,mixed,mm,moderately,mostly,multangulate,oblong,obtuse,often,pale,pedicel,peduncle,perfect,petiole,porrect-stellate,possibly,present,pubescence,pubescent,ray,reniform,ribbed,ripe,rotate-stellate,rounded,scabridulous,sessile,short-stalked,shrub,simple,slender,slightly,small,somewhat,sparsely,stellate,stelliform,stem,stigma,style,subcampanulate,subcapitate,subconical,subglobose,suborbicular,subspherical,terminal,tomentose,tree,tube,velutinous,x,yellow,yellowish	-0.06,-0.2,-0.4,-0.5,-1.4,-150,-5,-5.3,-5.5,-6,.04-0.1,.04-0.35,.04-0.5,.06-1,.5-0.7,.5-3.5,.5-5,/20-,0-0.3,0-0.6,0-0.7,0.02-0.04,0.02-0.06,0.03-0.04,0.04-0.3,0.04-0.4,0.04-0.6,0.04-1.4,0.3-0.5,0.5-1.5,0.6-1.8,1,1/10-1/4,1/2-2/3,2-3.5,2-4.6,2.5-4.5,3.5-4.8,3.7-8,4-7,4.5,5-7,5-80,5-merou,6-11,9-13,accrescent,adaxiall,ag,along,alyx,anthesi,apart,ape,apical-lateral,apparently,appressed,articulated,axe,axillary,ba,bark,berry,beyond,branch,branched,bud,decurrent,dehiscing,directed,eaf,eed,ellipti,evident,exserted,extend,farinose,few-rayed,filament,free,fruiting,high,honeycombed,immature,interpetalar,introrse,lacking,large,line,lobed,long,long-stalked,longer,longitudinal,lower,m.,main,midvein,minute,multiseriate,narrowly,nearly,nflorescence,oblong-orbicular,occasionally,older,orolla,ovate,overlapping,persistent,plurifoliate,pore,prominent,rachi,rather,relatively,reticulate-punctate,ruit,runk,short-,side,slit,sometimes,spaced,splitting,stalk,stamen,sulcate,suture,tamen,terete,testa,thick,thin,time,tissue,toward,unarme,unarmed,unevenly,unit,usually,vary,vein,way,weakly,white,wide,ympodial,young	0.5-3.5,1-1.4,adhesion,arrangement,climate,colour,form,glandular,height,history,inflorescence,life,midpoint,na,number,ovary,perennial,plant,position,presence,reproduction,seed,shape,size,staman,stipe,texture
734	wfo-0001031483	success	154	97	60	94	37	0.39	/2,0.5,0.5-2,1,1-2,1.7-5.5,11-20.5,2-2.5,3-4,6-10,acuminate,acute,almost,anther,anthesi,apex,attenuate,base,blade,calyx,clavate,cm,corolla,deltoid,dia,dry,fresh,glabrous,green,indistinct,leaf,linear,lobe,lobed,mm,oblanceolate,obovate,opposite,ovary,ovoid-reniform,pale,pedicel,petiole,poricidal,shape,short-triangular,shrub,slightly,stem,stigma,style,subshrub,tan,tapering,tip,tube,turbinate,way,white,x	.5,0,1.1-2.5,1.2-1.4,1/3,2-3,2.5-3.2,3-8-flowered,7-10,across,anew,apart,ba,bearing,beginning,beneath,berry,ca,caly,continuous,cork,corky,decurrent,deflexed,difoliate,distal,eaf,edicel,eed,end,evenly,exserted,filament,filiform,flower,free,fruiting,fusiform,geminat,indistinc,internode,larger,lateral,lea,lenticellate,less,long,lower,main,major,markedly,minor,minutely,nflorescence,oblong,obovoid,often,orbiculate,pair,paler,papillo,papillose,per,planar,pointed,pore,portion,prominent,quite,raised,rounded,ruit,scar,shaped,short,simple,slender,somewhat,soon,spaced,straight,strongly,tall,tear-drop,third,ud,unit,variable,vein,widest,wing,winged,woody,ympodial	1.5,2.5,5,adhesion,arrangement,climate,colour,diameter,form,fruit,glandular,growth,hair,height,history,inflorescence,length,life,margin,midpoint,na,number,peduncle,plant,position,presence,pubescence,ray,reproduction,rugulose,seed,size,staman,stellate,stipe,surface,texture
735	wfo-0001031486	success	166	99	76	90	23	0.458	0.2-0.7,0.9-1.7,1-2.2,1.5-4,1.8-3.3,11-37,2-3,2-3.5,2-6,2.5-3.2,2.8-6,3.4-10,3.5-6.5,3.5-8,5-10,7.5-22,9-37,abaxially,acute,adaxially,almost,calyx,cm,commonly,connate,corolla,darker,deep,diameter,distal,elliptic,forked,globose,green,green-white,half,herbaceous,interjected,lateral,leaf,leaflet,less,light,lightly,long,long-attenuate,mm,odd-pinnate,ovate,ovoid,pedicel,peduncle,pentagonal,perennial,petiole,plant,puberulent,pubescent,pure,purple,rotate,seed,size,sometimes,spot,stigma,strigose,stripe,style,terminal,throughout,tinged,tip,white,wide,yellow	0-1.,0-4.5,1-3,1-4,1.5-6,3-26,3-6-foliat,5-16,abruptly,acumen,acuminate,apex,apical,apically,articulate,base,branched,cell,cordate,covering,cuneate,cyme,decurrent,dehiscent,dichasial,dichasially,digestion,diminishing,dorsally,eaf,ebracteate,edge,eed,emoval,enzyme,exceeding,filament,flat,flower,folded,generally,globo,hair-like,highly,honeycomb,introrse,living,lobe,lon,lower,lunat,make,maturing,monochasial,mucilaginous,nflorescence,nther,oblique,obovate,often,orolla,pair,pattern,perfect,petiolule,plan,poricidally,proximal,reveal,ruit,seudostipule,short,slit,specimen,stamen,straight,tal,tem,testal,thick,throughou,toward,tuber-bearing,typically,unit,usually,vary,wall,ympodial,¼	0-15,anther,arrangement,colour,form,fruit,growth,height,history,inflorescence,length,life,na,number,ovary,position,reproduction,rugulose,shape,stem,surface,texture,tube
736	wfo-0001031492	success	175	115	82	93	33	0.469	0.5,0.7-1.3,0.9-1.1,1-1.3,1-1.5,1.3-2,1.5-1.8,1.5-2.5,2-10,2-3,20,3-4,3-5,4-10,4-4.5,6-8,acuminate,acute,anther,apex,attenuate,base,bi-lobed,calyx,cm,conical,corolla,dark,decurrent,deltoid,dendritic,diameter,drying,dull,echinoid,elliptic,flattened,free,fruit,glabrous,globose,golden,grey,growth,lateral,leaf,lenticular,lightly,lobe,lobed,medium,minutely,mm,narrowly,ovary,pedicel,pericarp,petiole,pitted,poricidal,pubescent,purplish-black,reddish-brown,shiny,shrub,size,sometimes,sparsely,stem,stigma,style,surface,terminal,thin,tip,tree,tree-like,trichome,tube,violet,winged,x	.5,/4,08,10-15,2-5,8-11,8-9,abaxially,absent,adaxially,age,anthesi,apical,appearing,axe,ba,bark,basal,becoming,beneath,berry,bitter,branching,dbh,deciduous,densely,denser,distinguishable,eaf,edicel,eed,erect,ew,exserted,filament,flower,fruiting,inserted,juice,lamina,long,lower,m.,monochasia,nflorescence,nodding,occasionally,older,overtopping,pair,papillo,per,planar,plurifoliate,pore,portion,predominantly,prominent,pyramidal,rather,remaining,ruit,scar,scarcely,scattered,secondary,shoot,short,sleeve,slightly,slit-like,somewhat,stamen,ste,sticky,strongly,sunken,tall,tapering,time,tub,ud,undersurface,unit,upper,upturned,vein,way,wide,woody,ympodial,young,younger	1,adhesion,arrangement,blade,climate,colour,form,glandular,hair,height,history,inflorescence,length,life,margin,midpoint,na,number,peduncle,plant,position,presence,present,pubescence,ray,reproduction,rugulose,seed,shape,staman,stellate,stipe,texture
737	wfo-0001031497	success	264	117	88	176	29	0.333	0.05-0.2,0.1-0.2,0.1-0.8,0.2-0.5,0.5-2.5,1,1-2,1.2-2,1.2-2.4,1.5-2.5,2.25-3,2.5-4,2.8-3.5,3-10,3-5,3-9,4.5-7,5-8,6-13,6-9,abaxially,actinomorphic,acuminate,acute,adaxially,anther,apex,attenuate,base,blade,broadly,calyx,campanulate,cm,deeply,densely,diameter,erect,extra-axillary,flower,fruit,glabrous,globose,green,hair,incised,inflorescence,lanceolate,leaf,length,lenticular,light,lobe,margin,midpoint,mm,obtuse,orange,ovate,pedicel,peduncle,perennial,petiole,presence,pubescence,pubescent,ray,red,reniform-ovate,ripe,simple,spreading,stellate,stellate-puberulent,stellate-pubescent,stem,stigma,style,surface,tan,thin-textured,truncate,tube,weakly,white,x,yellow,zygomorphic	-1.4,-30,-35,-7,.1,.1-0.2,0.2-0.4,0.4-1,1.5-4,1/3,1/5-1/3,10-25,12-30,14-,15-,18-25,2-5,2-foliate,2.25-4.75,2.5-5,20-30,3-15,3-6,4-12,4-locular,4.5-9,5-15,7-12,along,apart,ape,appearance,appearing,appressed,articulated,axe,ba,berry,broa,c.,cast,cauline,clearly,close,closely,coarsely,compressed,connivent,curved,cylindrical,deciduous,deltoid,dense,denser,depressed-deltoid,directed,distal,distall,distributed,downcurved,due,eaf,eed,entire,equaling,essentially,external,falcate,female-sterile,filament,foliar,geminat,giving,glabrescent,high,interlobal,intermixed,large,largely,larger,lateral,laterally,less,lignescent,lon,long,longer,lower,main,major,mature,maturity,minute,minutely,nectary,never,nflorescence,numerous,oblique,obsolete,occasionally,often,one,orolla,other,otherwise,oung,outer,outline,ovate-lanceolate,pair,per,perfect,persistent,pigmented,pitted,pore,present,prickle,prickly,projecting,purple,purplish,rachi,readily,recurved,reduced,rigid,ring,ruit,scabrous,scattered,section,seldom,sessile,sharp-tipped,short,short-stalked,short-stipitate,side,similar,sinus,slightly,small,smaller,sometimes,somewhat,spaced,species,stalk,stellae,strongly,subcapitat,summi,tamen,thickened,three,time,tip,toothlike,two,type,unarmed,unbranched,unit,unlobed,uppermost,upward,usually,vary,varyingly,vein,vestiture,wide,widely,ympodial	0.1,14-25,15-30,adhesion,arrangement,climate,colour,corolla,form,glandular,growth,height,history,life,na,number,ovary,plant,position,reproduction,rugulose,seed,shape,size,staman,stipe,subcapitate,texture,ye
738	wfo-0001031503	success	142	128	91	51	37	0.641	-10,-15,-25,-7,0.3-3,0.5-1,0.5-4,1-,1-2.5,1-3,1-5,1.5-2,1.5-3,1.5-7,2-3,2.5-10,3-15,3-4,3-5,3-6,6-7,7-10,abaxially,abruptly,acuminate,acute,adaxially,angled,apex,articulated,base,blade,branched,calyx,chartaceous,cm,connivent,cuneate,curled,decurrent,deltate,densely,diameter,distally,eglandular,elliptic,entire,except,forked,glabrous,globose,hair,lanceolate,lobe,margin,mm,moderately,mostly,narrowed,often,orange,ovate,pedicel,peduncle,petiole,puberulent,pubescent,rarely,reddish,ripe,rounded,rugose-pubescent,shrub,simple,slightly,sparsely,stellate,stigma,style,tip,toward,truncate,tube,unbranched,unequal,uniseriate,usually,vein,white,x,yellow	-30,-6,1-7,1.5-8,1.7-3.5,10-19,5613,6-many-foliat,7-15,absen,aggregate,apart,axe,ba,cell,cylindrical,directed,distall,eaf,eed,fide,flower,gland,long,lower,narrowly,nflorescence,nther,obtuse,occasionally,orolla,perfect,pore,present,rachi,radiu,ruit,spaced,stalked,stone,subcapitat,subclavate,tal,tem,time,triangular,unit,vary,venturi,wide,ympodial	adhesion,anther,arrangement,climate,colour,corolla,form,fruit,glandular,growth,height,history,inflorescence,leaf,length,life,midpoint,na,number,ovary,perennial,plant,position,presence,pubescence,ray,reproduction,rugulose,seed,shape,size,staman,stem,stipe,subcapitate,surface,texture
739	wfo-0001031511	success	231	150	123	108	27	0.532	%,-12,-15,-3.5,-5,-7,0-0.3,0.3-0.8,0.4-0.7,0.5-0.7,0.5-0.9,0.7-2.1,0.8-2,1-1.5,1-2,1.1-1.6,1.8-2.6,10-25,15-25,17-25,2-4,2-6,2.2-4.3,2.5-3,2.8-3.5,3-5,4.5-7,4.5-9,6-8,6-9,7-11,abaxially,acute,adaxially,andromonoecious,anther,apex,articulated,base,black,blade,brown,calyx,chartaceous,cm,connivent,conspicuously,contiguous,cordate,cuneate,deltate,densely,diameter,discoid,ellipsoidal,entire,erect,extra-axillary,flower,forked,fruit,glabrous,globose,green,hair,inflorescence,interpetalar,lamina,lanceolate,lateral,length,light,lobe,lobed,long,margin,mid-point,midpoint,midrib,minutely,mm,moderately,nearly,obtuse,orange,ovate,pale,pedicel,peduncle,perennial,petiole,pitted,plant,present,pseudo-racemose,pubescent,purple,ray,rhizomatous,ripe,rotate,shallowly,shrub,simple,somewhat,sparsely,stellate-pubescent,stem,stigma,strongly,style,surface,thick,throughout,time,tissue,tomentose,tube,unbranched,violet,white,x,yellow	0,0-1.1,0-2,0-3,0.1-0.2,0.3-0.5,0.3-1.7,0.5-1,0.5-5,0.6-1.5,1,1-3,1-7,1.7-2.4,10-12,10-18,2-3,2-locular,2.2-3,25-45,4-10,5-10,5-15,5-6,5-7,5-9,5-merou,7-8,8-15,9-15,9-20,absen,absent,accrescent,acicular,across,adaxiall,alyx,ample,anvil-shape,apart,armed,axe,ba,basal,bisexual,broadly,cross-section,cylindrical,dense,directed,distal,distall,dm,dult,eaf,eed,eglandular,exocarp,filament,finger,fruiting,functional,geminat,gland-tipped,half,heterostylous,hig,juicy,less,lon,longer,lower,male,mature,mesocarp,midvein,minute,moist,nflorescence,oblique,orolla,part,per,placenta,plurifoliate,pore,porrect,prickle,rachi,ruit,rusty,short,spaced,stage,stalk,stalked,stellae,straight,tamen,triangular,unit,unknow,uvenile,vary,wid,wide,ympodial	adhesion,arrangement,climate,colour,corolla,form,glandular,growth,height,history,leaf,life,na,number,ovary,position,presence,pubescence,reproduction,rugulose,seed,shape,size,staman,stellate,stipe,texture
740	wfo-0001031512	success	199	126	98	101	28	0.492	-3,0.15-0.3,0.3-0.5,0.3-1,0.3-1.5,0.5-0.8,0.5-1.5,0.5-1.8,0.8-1,0.9-1.5,1-1.5,1-2.5,1.5-3,12-16,13-15,3-4,3-5.1,4-8,4.5-6,4.5-7,7-10,7-12,absent,acute,adaxially,and/or,andromonoecious,anther,apex,base,black,blade,brown,brownish-black,calyx,chartaceous,cm,cuneate,deltate,densely,diameter,entire,erect,extra-axillary,flat,flower,fruit,glabrous,gland-tipped,globose,green,grey,grey-green,hair,inflorescence,lanceolate,later,length,lilac,lobe,long,marbled,margin,mid-point,midpoint,mm,moderately,obtuse,pedicel,peduncle,perennial,petiole,plant,present,pubescent,purple,ray,rhizomatous,rotate-stellate,short,shrub,simple,slightly,sometimes,stellate,stellate-pubescent,stem,stigma,style,surface,thick,though,tube,twisted,undulate,white,x,yellow	%,0-10,0-3,0.05-0.1,0.1-0.2,0.15-0.2,0.15-0.25,0.2-0.3,0.5-0.6,1-2,1-3,12-15,13-16,15-25,2-6,2-foliate,3.8-5.7,5-12,5-7,5-merou,6-13,8-10,abaxially,absen,abundant,accrescent,adaxiall,alyx,apart,articulated,axe,ba,broad,broad-based,capitat,connivent,cylindrical,decimetr,directed,distall,distinct,distributed,dr.,dult,eaf,eed,filament,finger,first,fruiting,functional,geminat,half,heterostylous,interpetalar,lamina,lateral,less,longer,loosely,lower,mature,mesocarp,minute,nflorescence,oblique,orolla,part,per,pore,porrect,prickle,pseudo-racemose,rachi,raised,rounded,ruit,scarcely,sessile,smooth,spaced,stage,stellae,straight,strongly,tal,tamen,throughout,time,tissue,tubercle,unarmed,unbranched,unit,unknow,uvenile,vary,weakly,wide,yellowish,ympodial	adhesion,arrangement,capitate,climate,colour,corolla,form,glandular,growth,height,history,leaf,life,na,number,ovary,position,presence,pubescence,reproduction,rugulose,seed,shape,size,staman,stipe,tall,texture
741	wfo-0001031586	success	167	114	81	86	33	0.485	-2,0.1-1,0.5-0.8,0.5-1,1-1.2,1-1.5,1-2,1.3-5,1.4-2.5,1.5-2,2,2-2.5,3-11,5-6,abrupt,acute,anther,anthesi,apex,attenuate,base,broadly,bud,calyx,capitate,cm,conical,corolla,cream-colored,cucullate,deflexed,deltate,drying,ellipsoid,elliptic,filament,free,glabrous,globose,green,greenish,inflorescence,leaf,lobe,lobed,long,margin,minutely,mm,nearly,onto,open,opposite,ovary,pale,paler,papillose,pedicel,petiole,poricidal,portion,ridged,rounded,shaped,shiny,shrub,size,somewhat,stem,stigma,style,surface,tapering,tear-drop,thickened,tip,truncate,tube,white,x,yellow	.25,1,5-10,7-10-flowered,absent,apart,apparently,appearing,bark,becoming,beneath,borne,branch,bright,campanulate,closer,completely,dia,differing,difoliate,distance,eaf,edicel,eed,exerted,exfoliatin,fleshy,flower,fresh,geminate,gree,inflorescenc,know,known,later,lateral,leave,lower,main,major,material,may,minor,mucro,near,new,nflorescence,notched,occasionally,older,olive,one,overtopping,pair,papillate,planar,pore,present,prominent,raised,remaining,ruit,scar,shap,shin,simple,slender,small,sometimes,soon,spaced,sparsely,straight,swollen,tall,thick,trichome,trunk,ud,uniseriate,unit,vein,widely,yellowish,ympodial,young	adhesion,arrangement,climate,colour,deflexion,diameter,form,fruit,glandular,growth,hair,height,history,length,life,midpoint,na,number,peduncle,perennial,plant,position,presence,pubescence,ray,reproduction,rugulose,seed,shape,staman,stellate,stipe,texture
742	wfo-0001031587	success	142	92	55	87	37	0.387	0.8-1,1.5-2,1.7-2,12-16,17-30,2,2-2.5,3-4,5,6-7,abaxially,acute,anther,apex,attenuate,base,bi-lobed,broadly,calyx,cm,conical,corolla,deltate,dendritic,elliptic-ovoid,fleshy,glabrous,inflorescence,irregular,leaf,lobe,lobed,minutely,mm,mostly,ovary,pale,pedicel,petiole,reddish-grey,shape,size,stem,stigma,style,surface,thick,thickened,tree,trichome,tube,verrucose,white,winged,x	.5,1-1.5,10-15,2-9-celled,2/3,6-8,7-9,adaxially,along,anthesi,apart,axi,bark,clavate,closely,cone,decurrent,deflexed,densely,denser,dia,differing,drying,eaf,edicel,eed,elliptic,erect,evenly,exserted,fide,filament,free,furcate,globose,golden-red,included,know,known,lamina,later,lateral,like,long,loose,lower,lowered,main,major,middle,minor,oblique,ocasionally,occasional,older,overlappin,pair,papillate,papillo,parallel,perpendicular,persisten,pore,poricidal,portion,pubescent,rarely,rect,rest,ruit,scar,shaped,simple,soft,somewhat,spaced,steinbach,tall,tear-drop,tip,tub,ud,uniseriate,vein,way,widest,young	1.5,2.5,adhesion,arrangement,blade,climate,colour,dense,diameter,form,fruit,glandular,growth,hair,height,history,length,life,margin,midpoint,na,number,papillose,peduncle,perennial,plant,position,presence,pubescence,ray,reproduction,rugulose,seed,staman,stellate,stipe,texture
743	wfo-0001031589	success	222	129	97	125	32	0.437	-15,-6.5,0.1,0.1-0.5,0.2-0.5,0.4,0.5-1,0.55-0.7,0.8-2.3,0.9-1.3,1-1.8,1.2-1.5,1.7-2.5,1.8-2.9,1/3,1/3-1/4,2-3.5,2.5-6,2.8-4,3/4,4-6.5,5-8,acute,anther,apex,apically,attenuate,base,berry,blade,bright,calyx,chartaceous,cm,connivent,cream,dark,deltate,densely,diameter,dull,elliptic,flattened-reniform,fruit,glabrescent,glabrous,green,lateral,leaf,length,lobe,lobed,long,long-obovate,lower,margin,marking,maturity,mauve,membranous,midpoint,mm,moderately,narrow-cuneate,occasionally,often,orange-brown,pale,pedicel,petiole,plant,poricidal,ray,rounded,scandent,shrub,simple,smooth,sparsely,spherical,stellate,stellate-pubescent,stem,style,subentire,surface,tapering,tip,tube,upper,way,white,whole,wide,yellow,yellow-orange,young	-0.5,-6,.5,/6,0,0-1,0-10,0-3,0-30,0.15-0.3,0.2-0.4,0.2-3,0.6-1.2,0.7,0.9-1.6,1,1-5,1.5-5,1/3-1/2,10-30,2-,2-10,2.5-4.5,3-4,3-5,4/5,5-merous,6-8,8-14,8-30,abaxially,alyx,ame,apart,apparently,articulated,bark,broadly,brow,brown-green,c.,caudat,cell,concolorous,density,difoliate,discolorous,distance,drying,eed,elongating,equal,erect,extending,eye,filament,flower,free,fruiting,geminat,gray-green,higher,infructescence,lengt,lon,longer,mature,midvein,multangulate,naked,narrow,nflorescence,oblong,obovate,older,orange-green,orolla,oung,outline,pair,part,pendulous,per,perfec,pericarp,pit,porrect,portion,prickl,prickle,prickly,primary,raised,reflexed,ruit,sessile,shiny,shorter,side,small,solitary,sometimes,somewhat,spaced,spreading,stalk,stalked,stout,straight,subsessile,tamen,terete,tertiary,time,trichome,unit,vary,vein,venation,visible,weakly,winged,woody,yellow-green,ympodial	8,adhesion,arrangement,caudate,climate,colour,corolla,form,glandular,growth,hair,height,history,inflorescence,life,na,number,ovary,peduncle,position,presence,pubescence,reproduction,rugulose,seed,shape,size,staman,stigma,stipe,texture,ye
744	wfo-0001031609	success	154	107	73	81	34	0.474	0.5-3,1-10,1-6,1.3-3,1.5-2,1.5-3,10-25,2-,2-3,2.5-4,3-24,3-5,3-9-lobed,4,4-5,4-6,4.5-60,abaxially,acute,adaxially,apex,around,base,blade,brownish,calyx,campanulate,cm,cuneate,deltate,dia,diameter,elliptic,entire,flattened,forked,fruit,glabrous,globose,green,inflorescence,leaf,lobe,lobed,margin,mm,obovate,obtuse,orange,papillose,pedicel,peduncle,petiole,pinnately,puberulent,reticulate,ripe,shallowly,shrub,simple,small,stellate,stigma,style,succulent,tree,triangular,truncate,tube,unbranched,unlobed,x,yellow	.5,/4,0-30,0.4-3,0.5-1,2,20-25,3-foliat,5-25,5/6,8-20,absen,absent,aggregate,ape,apiculate,articulated,axe,barely,beyond,bilobe,branch,brow,cell,connective,connivent,conspicuous,contiguous,dark,dilated,directed,distally,divided,eaf,eed,ellipsoidal,elliptic-ovate,emerging,equal,exceeding,exserted,fleshy,flower,glabrou,laterally,leaving,long,lower,midrib,minutely,nearly,nflorescence,nther,obconical,occasionally,orolla,pedicellar,point,pore,rachi,radiu,rounded,ruit,scar,sinus,stamen,stone,strongly,succulen,tal,tem,thecae,time,tip,tomento,two,ud,unit,vary,wide,ympodial	adhesion,anther,arrangement,bilobed,climate,colour,corolla,form,glandular,growth,hair,height,history,length,life,midpoint,na,number,ovary,plant,position,presence,pubescence,ray,reproduction,rugulose,seed,shape,size,staman,stem,stipe,surface,texture
745	wfo-0001031615	success	154	107	74	80	33	0.481	.5,0.5-1,0.8-1,0.9-1.1,1-1.6,1.3-1.8,1.5,1.5-5,11-15.5,4-6.5,5-6,acuminate,acute,anther,apex,attenuate,axil,base,bilobed,brown,calyx,capitate,cm,corolla,decurrent,deep,deltoid,dia,elliptic,flattened-reniform,fruit,glabrous,glandular,globose,green,inflorescence,lateral,leaf,lobe,lobed,long,main,margin,minutely,mm,nearly,opposite,ovary,papillose,pedicel,petiole,pitted,shaped,shrub,size,small,somewhat,stem,stigma,style,surface,tear-drop,tip,tree,trichome,tube,tuft,unicellular,uniseriate,urceolate,vein,white,winged,x	0,0.5,2-3,2-4.2,3.8-6.1,5-20-flowered,6-8,8-10,anthesi,arising,ba,bark,becoming,berry,caly,closely,dark,dark-papillo,deflexed,differing,difoliate,distal,eaf,edicel,eed,expanded,exserted,filament,free,fruiting,furcate,geminat,impressed,incrassate,interpetalar,lamina,less,lon,lower,major,maroo,middle,minor,minute,nflorescence,occasionally,older,one,overlappin,packed,pair,paler,papillae,per,pore,poricidal,portion,prominent,reflexed,ruit,scar,scarcely,shiny,simple,sinus,slender,slightly,straight,subumbellate,tall,tapering,terminal,thickened,thin,ud,unit,widest,woody,ympodial,young	adhesion,arrangement,blade,climate,colour,dark-papillose,diameter,form,growth,hair,height,history,length,life,maroon,midpoint,na,number,peduncle,perennial,plant,position,presence,pubescence,ray,reproduction,rugulose,seed,shape,staman,stellate,stipe,texture
746	wfo-0001031618	success	184	106	69	115	37	0.375	-2,0-3,1-1.5,1.5-2,1.5-3.5,10-18,2-2.5,2-3,3-4,3-8,4-5,40-60,5,acute,anther,apex,axil,base,branch,broadly,calyx,capitate,cell,cm,corolla,cuneate,darker,discoidal,equal,facetted,glabrous,glandular,green,greyish,hair,lavender-purple,leaf,lobe,long,marbled,minute,mm,oblong,obovoid,often,ovary,ovate-lanceolate,ovoid,pale,pedicel,peduncle,petiole,purple,reddish-brown,rotate,rounded,shrub,simple,stem,stigma,stone,stripe,succulent,surface,tapering,tinged,triangular,unequal,x	0.5-1.5,1-7,10-lobed,13,3,5-12,90-110,acuman,almost,also,anthesi,appearance,appearing,aspect,becoming,berry,beyond,blunt,bluntly,c.,clonal,cluster,column,conical,covering,cut,cyme,developed,dia,eaf,eed,ellipsoid,elliptic,emarginate,enlarged,erect,except,exerted,extending,filament,finely,fleshy,floral,flower,fork,forked,frui,general,giving,greatly,gree,growing,habit,half,interacuminal,lanceolate,lasting,lengthening,less,lobed,lon,loosely,lower,maturity,mauve,may,mid-vein,midrib,narrowly,nflorescence,occasional,occur,pal,pedicellate,petal,pinatisect,plurifoliat,point,pore,poricidal,rarely,reticulate,rhachi,ripe,rugose,ruit,scorpioid,sessile,several,shallowly,side,single,sinus,slit,soft-wooded,sometimes,somewhat,specimen,stout,strongly,styl,terete,tip,tissue,tub,ud,unit,variable,vigorous,way,well,year,ympodial,young,younger	adhesion,arrangement,blade,climate,colour,diameter,form,fruit,growth,height,history,inflorescence,length,life,margin,midpoint,na,number,perennial,plant,plurifoliate,position,presence,present,pubescence,ray,reproduction,rugulose,seed,shape,size,staman,stellate,stipe,style,texture,tube
747	wfo-0001031646	success	171	115	86	85	29	0.503	-7,-pinnate,.2,.5,0.8-1.5,1-1.8,1-6,1.2-2.5,15-25,2-2.5,2-3,2.5-10,20,3.5-4,4-18,4-20,4-5,5,7-8,8-15,abaxially,acuminate,acute,adaxially,anther,apex,articulated,base,blade,blue,brown,calyx,chartaceous,cm,covered,cuneate,darker,densely,diameter,ellipsoidal,entire,flattened,flower,fruit,glabrous,glandular,globose,green,hair,immature,leaf,light,lobe,margin,maroon,mature,mm,oblique,oblong,ovate-lanceolate,pedicel,peduncle,petiole,pubescence,pubescent,red,rotate-pentagonal,rounded,rugulose,scandent,shortly,shrub,size,smooth,spreading,stem,stigma,stout,style,surface,tawny,tube,vine,violet,x,yellow	0.2-0.8,0.5-2,1-10,1.5-3.5,1.5-4,18-38,1962,2-10,4-8,4-foliate,5-6,5-7,5-7.5,5-merou,absen,absent,accrescent,acut,aggregate,alyx,apart,apical,apparently,axe,ba,basally,berry,branched,cell,ciliat,climbing,connivent,correll,cylindrical,decreasing,directed,distall,eaf,eed,elliptic,elliptic-lanceolate,equal,fide,filament,fruiting,geminat,high,highly,homostylous,hyaline,interjected,lateral,leaflet,long,lower,multicellular,nflorescence,obliquely,obtuse,orolla,ovate-lanceolat,part,perfect,petiolule,pore,present,pubescen,rachi,ruit,seudostipule,simple,slightly,small,spaced,stone,tamen,tem,tip,toward,tree,truncat,uniseriate,unit,vary,ympodial	adhesion,arrangement,climate,colour,corolla,form,growth,height,history,inflorescence,length,life,midpoint,na,number,ovary,perennial,plant,position,presence,ray,reproduction,seed,shape,staman,stellate,stipe,texture,truncate
748	wfo-0001031651	success	201	117	82	119	35	0.408	-3.5,.6,/5,0.1-0.15,0.1-0.25,0.3-0.8,0.3-1.5,0.6-1,0.6-1.3,0.7-1,1-1.7,1.2-2,1.2-3,1/5,2-3.5,4-5,4-6,abaxially,acute,anther,apex,apically,base,berry,blade,brown,calyx,chartaceous,cm,deltate,densely,diameter,dull,elliptic,entire,equal,flattened-reniform,fruit,gray,herb,lateral,leaf,length,lobe,lobed,long,lower,margin,maturity,midpoint,mm,obtuse,orange-brown,ovate,pedicel,peduncle,petiole,poricidal,purple,ray,red,rounded,shrub,simple,smooth,spherical,spreading,stellate,stellate-pubescent,stem,style,subentire,surface,tapering,terminal,tip,tube,upper,way,white,wide,yellow	-2,-3,.1,.7,/3,0-20,0.1,0.1-0.2,0.15-0.2,0.2-0.5,0.3-0.5,1,1-2,1-4,1.3-1.6,1.5-2,1/6-1/4,2-10,2-3,2/3-3/,3-5,4.5-7,5-merous,abaxial,absent,acuminat,adaxial,alyx,ame,apar,apart,apparently,articulated,bark,branched,c.,cell,concolorous,cordate,curved,dark,difoliate,discolorous,drying,eaf,eed,elongating,erect,eye,faint,filament,filiform,flower,free,fruiting,geminat,glabrescent,glabrous,gra,herbaceous,infructescence,lanceolate,longer,mature,naked,nflorescence,oblong,older,one,open,orolla,oung,outline,pair,pendulous,per,perfec,pericarp,persistent,pit,porrect,portion,prickl,prickle,prickly,primary,raised,red-green,reflexed,ruit,scandent,scar,shorter,small,sometimes,spaced,stalk,stalked,straight,subsessile,tamen,terete,tertiary,thick,thick-stalked,time,toward,trichome,unarme,unarmed,unit,variously,vary,vein,venation,visible,weakly,yellow-green,ympodial	2/3-3/4,8,acuminate,adhesion,arrangement,climate,colour,corolla,form,glandular,growth,hair,height,hermaphroditic,history,inflorescence,life,na,number,ovary,perennial,plant,position,presence,present,pubescence,reproduction,rugulose,seed,shape,size,staman,stigma,stipe,texture
749	wfo-0001031654	success	191	110	82	109	28	0.429	0.5-0.75,0.5-2,1-1.5,1-2,1-3,1-4,1.5-2,1.5-2.0,2-5,2-6,2-8,3-6,4-16,4-6,5-8,abaxially,acute,anther,apex,armed,attenuate,base,blade,brown,bud,calyx,chartaceous,cm,connivent,cream,cylindrical,densely,diameter,extra-axillary,flower,fruit,glabrous,globose,green,hair,immature,leaf,leaf-opposed,like,lobe,lobed,margin,mature,midpoint,mm,moderately,narrowly,nearly,obtuse,ovate,pedicel,peduncle,per,petiole,prickle,pubescent,ray,recurved,red,reniform,scandent,shrub,side,simple,sparsely,spreading,stellate,stem,stigma,style,surface,tapering,triangular,tube,white,x,yellow	0.5,0.5-1,0.5-1.5,0.5-3.5,1,1-.,1.5-3,1/3-1/2,10-20,2-3,2-ranked,3,3-10,4-7,5-merou,8-15,abaxial,absent,accrescent,adaxial,adaxiall,adaxially,alyx,apar,apical,apparently,axe,berry,beyond,contiguous,cordate,cut,cylindrica,dark,decurrent,difoliate,directed,discolorous,eaf,eed,either,em,equa,exserted,filament,flattened,frui,fruiting,geminate,glabrou,interpetaler,introrsel,lacking,less,long,lower,m.,major,many,midrib,midvein,multicellular,multiseriate,netlike,nflorescence,obscure,occasional,occasionally,often,onto,orolla,pair,parallel,perfect,perpendicular,pit,pore,porrect-stellate,rachi,raised,ridge,ruit,rusty,secondary,separated,sinus,slightly,small,spaced,spine,stalk,stamen,ste,straight,tamen,tan,thin-skinned,tissue,unarmed,unbranched,unicellular,unit,usually,vary,vein,way,whitish,wide,ympodial	adhesion,arrangement,climate,colour,corolla,form,glandular,growth,height,history,inflorescence,length,life,na,number,ovary,plant,position,presence,present,pubescence,rugulose,seed,shape,size,staman,stipe,texture
750	wfo-0001031656	success	154	104	71	83	33	0.461	/4,1-1.5,1-2.5,1.2-1.5,1.5-2,1.5-5,10-20,3-3.5,4-9,5-ribbed,6-8,acuminate,acute,anther,apex,bark,base,bright,calyx,capitate,closely,cm,corolla,densely,dia,ellipsoid,elliptic,fruit,glabrous,globose,green,greyish,leaf,live,lobe,lobed,long-acuminate,margin,minutely,mm,oblique,opposite,ovary,ovate,papillose,pedicel,petiole,planar,plant,red-papillose,reflexed,rib,ridged,rounded,scar,shaped,shrub,size,slightly,spaced,stem,stigma,style,surface,tear-drop,tip,transversely,tube,way,white,x	.5,0.5,0.5-1,1-2,2.5-3.5,3-5,5-7,also,anthesi,arising,ba,berry,cork,differing,difoliate,directly,drying,eaf,edicel,eed,enclosing,erect,extremely,filament,fleshy,flower,free,fruiting,geminat,hooded,known,lateral,lon,long,lower,main,major,matte,mature,middle,minor,minute,nflorescence,node,often,older,one,pair,pale,paler,papillo,peelin,persistent,pore,poricidal,portion,prominent,proximal,rather,reddish,ruit,sessile,shiny,somewhat,specimen,straight,strongly,swollen,tall,terminal,thick,thickened,top,ud,unit,upper,vein,visible,wide,widest,woody,ympodial,young	adhesion,arrangement,bud,climate,colour,corky,diameter,form,glandular,growth,hair,height,history,inflorescence,length,life,midpoint,na,number,peduncle,peeling,perennial,position,presence,pubescence,ray,reproduction,rugulose,seed,shape,staman,stellate,texture
751	wfo-0001031667	success	153	94	61	92	33	0.399	0.6-1,0.6-1.5,1-1.5,1.4-3,1.5-2,10-13,12-35,2-3,2.5-5,3-13,3-5,5-9,6-10,8-13,8-15,acute,apex,apiculate,base,calyx,cm,connate,cordate,corolla,dark,diameter,distal,elliptic-lanceolate,forked,globose,green,green-white,half,herbaceous,interjected,lanceolate,lateral,leaf,leaflet,long,mm,odd-pinnate,ovoid,pedicel,peduncle,perennial,petiole,pilose,plant,seed,size,spot,stellate,stigma,stripe,style,terminal,throughout,white,wide,yellow	1-4,2-5,2-6,3-6-foliat,3-8,4-1.,5-15,abaxially,abruptly,acumen,acuminate,adaxially,apical,apically,articulate,branched,caudate,cell,covering,cuneate,cyme,dehiscent,dichasial,dichasially,digestion,diminishing,dorsally,eaf,ebracteate,edge,eed,emoval,enzyme,exceeding,filament,flat,flower,folded,generally,globo,hair-like,honeycomb,introrse,irregularly,living,lobe,lobed,lon,lower,lunat,make,maturing,monochasial,mucilaginous,nflorescence,nther,oblique,oblong,often,orolla,pair,pattern,perfect,petiolate,petiolule,plan,poricidally,proximal,reveal,rounded,ruit,sessile,seudostipule,short,slit,specimen,stamen,straight,tal,tem,testal,thick,toward,tuber-bearing,typically,unit,vary,wall,whit,without,ympodial,¼	4-10,anther,arrangement,blade,climate,colour,form,fruit,glandular,growth,hair,height,history,inflorescence,length,life,margin,midpoint,na,number,ovary,position,presence,pubescence,ray,reproduction,rugulose,shape,stem,stipe,surface,texture,true
752	wfo-0001031672	success	157	110	75	82	35	0.478	0.3-0.5,0.5-1.5,1,1-1.5,1-5,1.5-2,1.5-2.5,1.5-3.5,1.5-5,10-20,2-12,2-28,4,4-34,4.5-5,6,9-lobed,abaxially,acuminate,acute,adaxially,apex,apiculate,articulated,base,blade,calyx,chartaceous,cm,cordate,densely,diameter,entire,flattened,fruit,glabrous,glandular-puberulent,globose,green,greenish-brown,hair,leaf,lobe,lobed,margin,mm,moderately,narrowly,near,occasionally,ovate,ovoid,pedicel,peduncle,petiole,pilose,pinnately,puberulent,rounded,simple,sparsely,stellate,stigma,style,subcoriaceous,tip,tree,triangular,truncate,tube,unbranched,white,whitish,x,yellow	0,0-2,0.5,0.5-1,1-,1-10,1-2,15-20,15-50,3-4-foliat,3/4,4/5,5-6,absent,aggregate,apart,ape,aublet,axe,basal,beyond,cell,ciliat,connective,cylindrical,directed,distally,divided,eaf,eed,exceeding,exserted,fide,fleshy,flower,lanceolate,leaving,lon,long,lower,mature,membranaceous,midrib,nflorescence,nther,obtuse,often,one,orolla,pedicellar,perfect,pilo,pore,presen,present,pubescent,purple,rachi,radiu,remant,represented,ruit,shorter,sinus,slightly,small,spaced,stamen,stone,tal,tem,thecae,time,toward,truncat,ud,unit,unlobed,vary,wide,yello,ympodial	adhesion,anther,arrangement,climate,colour,corolla,form,glandular,growth,height,hermaphroditic,history,inflorescence,length,life,midpoint,na,number,ovary,perennial,plant,position,presence,pubescence,ray,reproduction,rugulose,seed,shape,size,staman,stem,stipe,surface,texture
753	wfo-0001031684	success	161	107	71	90	36	0.441	.25,0.4-1.5,0.5-0.8,0.5-1,0.7-1,0.75-1,1-1.2,1-5,2,2-9,3-30,4-17,acuminate,acute,anther,apex,base,calyx,clavate,cm,corolla,decurrent,densely,dia,difoliate,elliptic,geminate,glabrous,globose,green,inflorescence,internodal,leaf,lobe,lobed,long,long-triangular,minutely,mm,obconic,occasionally,opposite,ovary,ovoid-reniform,pale,papillose,pedicel,petiole,pitted,poricidal,pubescent,short,shrub,size,slightly,small,sparsely,stem,stigma,style,surface,tan,tip,tree,trichome,tube,unifoliate,uniseriate,white,winged,x	.5,.75,/4,0.1,0.5-0.7,10-100,3-3.5,5-7,along,anthesi,apar,bark,bearing,beneath,berry,black,borne,branched,causing,curly,deflexed,denser,differing,drying,eaf,edicel,eed,elongated,except,expanded,exserted,extremely,filament,filiform,flower,free,fruiting,gre,greatly,irregularly,lateral,less,like,lon,lower,main,major,middle,midrib,minor,nflorescence,older,one,pair,papillo,persistently,planar,pore,portion,present,previously,pulled,raised,reflexe,reflexed,rest,ruit,scar,shaped,single,siz,slender,soon,spaced,straight,tall,tapering,tear-drop,time,tipped,ud,unevenly,unit,varying,vein,way,widely,widest,ympodial,young	adhesion,arrangement,blade,climate,colour,dense,diameter,form,fruit,glandular,grey,growth,hair,height,history,length,life,margin,midpoint,na,number,peduncle,perennial,plant,position,presence,pubescence,ray,reproduction,rugulose,seed,shape,staman,stellate,stipe,texture
754	wfo-0001031690	success	140	120	81	59	39	0.579	1.2-2.0,1/2-2/3,2-3,2-5,2.5-3.5,2.7-3.6,4-9,7-10,acute,along,anther,apex,apically,arcuate,base,bearing,beneath,blade,blue,broadly,brown,calyx,campanulate,cm,da,dark,depressed-spherical,developing,dm,dry,eglandular,foveolate,glabrate,glabrous,green,hair,herb,internodal,invested,lanceolate,length,linear,lobe,long,main,maturity,minutely,mm,numerous,often,ovate,pedicel,perennial,petiole,pinnatifid,prickly,reflexed,reniform,sessile,shape,slender,slightly,splitting,spreading,stellae,stellate,stem,stipitate-glandular,strait,tapering,terete,thrice,tightly,tube,twice,uniseriate,vein,violet,violet-tinged,viscid-glandular,zygomorphic	.5,2-8,2/3,6-9-flowere,8-40,accrescent,acro,always,alyx,anthesi,berry,cauline,completely,corky,covered,difoliate,divided,eaf,eed,emerging,erect,exceeded,geminat,least,lon,nflorescence,obtuse,orolla,per,persistent,prickle,rarely,rhizome,root,rounded,ruit,scattered,separated,short,slende,somewhat,space,tall,tamen,throughout,tigma,tub,tyle,ultimate,unexpande,unit,usually,variable,vary,widely,yearly,yellow,ympodial,young	across,adhesion,arrangement,climate,colour,corolla,diameter,form,fruit,glandular,growth,height,history,inflorescence,leaf,life,margin,midpoint,na,number,ovary,peduncle,plant,position,presence,pubescence,ray,reproduction,rugulose,seed,size,staman,stigma,stipe,style,surface,texture,unexpanded,ye
755	wfo-0001031695	success	185	123	88	97	35	0.476	0.5-1,1-2,1-3,1-9,1.5-8,2-3,2-4,2-5,2.5-5,20-30,3-19,3-7,4-10,4-5,4-6,5-20,5-7,6-10,6-20,abaxially,abruptly,acuminate,adaxially,also,apex,articulated,base,blade,branched,calyx,campanulate,chartaceous,cm,cordate,dark,deep,densely,diameter,ellipsoidal,entire,flattened,fruit,glabrous,glandular-puberulent,green,greenish,hair,immature,lavender,leaf,leaving,lobe,lobed,long,margin,mm,moderately,mottled,narrowly,oblique,oblong,occasionally,ovate,pedicel,pedicellar,peduncle,petiole,pilose,pilose-hirsute,puberulent,pubescent,purple,purplish,remnant,shrub,simple,sometimes,sparsely,stigma,stripe,style,subcoriaceous,tree,triangular,tube,unbranched,x,yellow	0.5-2,1,1.5-2,1/2,1/3,10-,10-15,10-35,15-20,3-,3-10,3-17,30-40,4-foliat,5,6-8,7-,?,acute,aggregate,apart,ape,apically,apiculate,axe,basal,beyond,broadened,capitat,cell,color,connective,connivent,cylindrical,d,dilated,directed,divided,eaf,eed,eglandular,eglandular-pilose,exceeding,exserted,fleshy,flower,glabrate,glabrescent,hard,lanceolate,lateral,laterally,lilac,lon,lower,midrib,nflorescence,nther,obtuse,often,orolla,ovoid,perfect,pilo,pilose-hirsut,pore,presen,present,puberulent-pubescent,rachi,radiu,ripe,rounded,ruit,shorter,sinus,slight,slightly,small,somewhat,spaced,stamen,stone,swelling,tal,tem,thecae,time,tip,tomento,unequal,unit,unknown,unlobed,vary,wide,ympodial	adhesion,anther,arrangement,capitate,climate,colour,corolla,form,glandular,growth,height,history,inflorescence,length,life,midpoint,na,number,ovary,plant,position,presence,pubescence,ray,reproduction,rugulose,seed,shape,size,staman,stellate,stem,stipe,surface,texture
756	wfo-0001031697	success	185	94	59	126	35	0.319	.4,.5,.7,1,1.2,3,4,4.5,?,abaxially,adaxially,anther,apex,attenuate,base,blade,calyx,cm,cordate,densely,diameter,entire,free,fruit,glabrous,gland-tipped,globose,hair,herbaceous,lobe,margin,midpoint,minute,mm,ovate,ovate-lanceolate,pedicel,peduncle,petiole,pilose,plant,pubescence,purple,similar,simple,size,sparsely,stellate,stem,stigma,style,subreniform,subshrub,thin-textured,tube,white,x,yellow,yellow-brown	-celled,.6,.8,0.1,0.3,0.4,0.5,0.6–1.0,0.8,1.2–2.5,1.4,1.5–7,10-celled,15,15–60,1–1.6,1–2,2-celled,2-foliate,2.2,2–3,2–4,3.5,3–4,3–8,4-rayed,4–5,5,6–13,accrescent,acute,apparently,around,axe,branch,completely,consistently,covering,cylindrical,directed,distall,divergent,eaf,eed,especially,except,face,fertile,few-celled,filament,flattened,flower,flowering,foveolate,frui,fruiting,geminat,glabrou,gland-tippe,hilum,hyaline,indentation,lacking,less,linear,lon,long,longer,longest,lower,lowermost,lowest,major,many,mixed,mostly,nflorescence,non-glandular,often,orolla,part,per,pigment,pore,prickle,pubescent,raised,ruit,scattered,sessile,several-celled,shallowly,sharp,shiny,short,shorter,single,slender,small,smaller,somewhat,ste,stellae,straight,tall,tamen,taproo,tem,terminal,thick,time,tip,truncat,tuberculate,ultimate,unarme,unarmed,unbranched,unit,upper,vary,varying,vein,wide,ympodial,–3	1-1.6,1.2-2.5,15-60,3-8,4-5,adhesion,arrangement,climate,colour,corolla,form,glandular,growth,height,history,inflorescence,leaf,length,life,na,number,ovary,position,presence,present,ray,reproduction,rugulose,seed,shape,staman,stipe,surface,texture,truncate
757	wfo-0001031698	success	58	76	30	28	46	0.517	2-2.5,2.5,2.5-3,4-4.5,base,branch,cm,elliptic,flattened,glabrous,green,leaf,margin,minutely,mm,pale,pedicel,pitted,reddish-brown,reniform,repandly,rugose,shrub,stem,stout,strongly,surface,winged,woody,x	'',``,ape,bark,decurrent,deflexed,dia,difoliate,dull,eaf,eed,fide,fruiting,geminat,incrassate,long,maguire,older,otherwise,paler,papillae,persistin,tall,unit,wing,yellowish,ympodial,young	1,adhesion,anther,apex,arrangement,blade,calyx,climate,colour,corolla,diameter,form,fruit,glandular,growth,hair,height,history,inflorescence,length,life,lobe,midpoint,na,number,ovary,peduncle,perennial,petiole,plant,position,presence,pubescence,ray,reproduction,rugulose,seed,shape,size,staman,stellate,stigma,stipe,style,texture,tube
758	wfo-0001031707	success	178	132	104	74	28	0.584	.5,/4,0.5-1,1-1.2,1-1.3,1-1.5,1-3,1.2-1.8,1.2-2,1.5-2,1.5-6,16-20,2,2-10,2-4,2-6,24,4-5,6-7,8-12,9-15,acuminate,acute,almost,anther,apex,apical,apically,axillary,basal,base,brown,calyx,capitate,cell,climbing,cm,conical,corolla,dense,densely,diameter,distinct,elliptic,epidermal,flap-like,flattened,glabrous,globose,green,greenish,high,lanceolate,lateral,leaf,leaflet,less,lobe,lobed,long,mm,narrowly,obovate,occasionally,ovary,pair,pedicel,per,petiole,petiolule,pink,pinnate,plant,pointed,pubescent,quadrate,raised,reddish,regular,round,sagittate,scar,scattered,simple,slightly,smaller,smooth,spaced,sparsely,stigma,style,surface,terminal,ternate,thickening,trichome,tube,uniseriate,vine,way,white,widely,woody,x	-3,1.5-1.7,1/3,2-3,3,4-6,5-10-celled,80-140,abaxially,absent,adaxially,along,anthesi,attenuate,axil,basiscopically,bearing,berry,c.,cateniform,clavat,conspicuously,cucullate,distal,drying,eaf,edicel,eed,endrophilum,enlarged,erect,exserted,filament,flat,fleshy,flower,four-lobed,free,fruiting,horizonta,inflorescenc,like,lon,lower,margin,minutely,narrower,nflorescence,oblique,open,papillate,penden,planar,poricidal,portion,primary,quite,rest,ruit,somewhat,stout,strongly,tem,time,tip,tub,type,ud,unifoliat,unit,usually,vein,white-lenticellate,ympodial	adhesion,arrangement,clavate,colour,form,fruit,growth,height,history,inflorescence,length,life,na,number,peduncle,position,presence,pubescence,ray,reproduction,rugulose,seed,shape,size,staman,stellate,stem,texture
759	wfo-0001031714	success	201	119	91	110	28	0.453	-3.5,-6,-8,0.2-0.5,0.3-0.5,0.4-,0.5,0.5-,0.5-0.8,0.7-2.2,1,1-1.4,1-2,1-3,1-4,1.5-2,1.5-2.4,2-3,3-3.5,6-8.5,7-10,7-8,anther,apex,basal,base,bright,broadly,calyx,capitate,cm,conical,corolla,cup-shaped,dense,diameter,elliptic,entire,equal,flattened,glabrous,globose,greyish,growth,inflorescence,leaf,less,lobe,lobed,margin,membranous,midpoint,minutely,mm,narrowly,nearly,oblique,often,orbicular,ovary,pale,pedicel,peduncle,petiole,pubescence,pubescent,rarely,ray,red,reniform,rounded,shallowly,shoot,short,shrub,simple,size,sparsely,stellate,stem,stigma,style,surface,tapered,terminal,thin,truncate,tube,white,x,yellow	.25,0.15-0.3,0.5-0.6,0.8-1.2,2,2-3.5,2-4,3-4,3-6,4-merous,6,7,<,?,abaxial,abaxially,absent,adaxially,anthesi,appearing,arising,armed,articulated,axi,bark,berry,broad,broad-based,caly,cell,closely,densely,eaf,eed,ellipsoid,elongate,enlarged,erect,especially,exserted,extending,filament,flower,foliose,free,frui,fruiting,irregular,juicy,leafy,lengthening,like,lon,long,longer,lower,markedly,midrib,mixture,new,nflorescence,numerous,obvious,occasionally,older,pair,papillo,per,perfect,pericarp,pitted,planar,plate,plurifoliat,pore,poricidal,portion,prickle,prickly,primary,rectangular,ripe,ruit,scar,sessile,short-stalked,shorter,sinuate,slightly,slit,smaller,sometimes,spaced,spreading,stalked,stout,straight,strongly,testal,tiny,tip,trichome,ud,unarmed,unit,upper,usually,vein,woody,ympodial	0,0.25,adhesion,arrangement,blade,climate,colour,form,fruit,glandular,hair,height,history,length,life,na,number,plant,position,presence,present,reproduction,rugulose,seed,shape,staman,stipe,texture
760	wfo-0001031721	success	208	118	91	117	27	0.438	%,0.1-0.5,0.2-0.5,0.25-0.5,0.3-1.1,0.4-0.6,0.4-2.2,0.6-1.2,0.8-1.3,1-1.5,1-3.5,1.1-3.2,1.2-1.7,11-30,2-4,2.5-3,2.7-3.5,3-4.5,3-7,5-20,5-7,6-9,7-8,8.5-12.5,absent,andromonoecious,anther,apex,base,black,blade,brown,calyx,chartaceous,cm,cuneate,dark,deltate,densely,diameter,elliptic,entire,extra-axillary,flattened,fruit,glabrous,globose,green,grey,hair,herbaceous,inflorescence,lamina,lanceolate,lateral,lavender,leaf-opposed,length,lobe,long,margin,minutely,mm,moderately,obtuse,ovate,pale,pedicel,peduncle,petiole,plant,present,purple,ray,resprouter,reticulate,simple,sparsely,stellate,stellate-pubescent,stem,stigma,streak,style,surface,throughout,time,tube,x,yellow,yellowish-green	.1,0-0.1,0-1,0-3,0-5,0.1-0.2,0.25-0.4,0.4-0.7,0.4-1.6,0.6-1.1,0.7-1.2,0.7-1.3,1,1-20,1-3,1.5,2.2-3.2,3-10,3-foliate,4-5,4-7,4-locular,5-11,5-merou,6-15,7-10,7-9,8-15,8-20,abaxially,absen,accrescent,acicular,across,adaxiall,adaxially,alyx,anvil-shape,apart,articulated,axe,ba,capitat,confined,connivent,cross-section,curved,cylindrical,d.,directed,distall,distributed,dult,eaf,eed,eglandular,erect,exocarp,filament,finger,flower,fruiting,functional,geminat,gland-tipped,half,heterostylous,hig,juicy,less,longer,lower,mature,mesocarp,mid-point,midpoint,midrib,midvein,minute,moist,nflorescence,oblique,orolla,part,per,placenta,pore,porrect,possibly,prickle,pseudo-racemose,rachi,ruit,semi-circular,sessile,short,solitary,somewhat,spaced,stage,stalk,stalked,stellae,straight,tamen,thick,unarme,unarmed,unbranched,unit,uvenile,vary,weakly,white,wide,yellowish,ympodial	adhesion,arrangement,capitate,colour,corolla,form,glandular,growth,height,history,leaf,life,na,number,ovary,perennial,position,presence,pubescence,reproduction,rugulose,seed,shape,size,staman,stipe,texture
761	wfo-0001031723	success	228	138	109	119	29	0.478	-1.5,-16,-5,-6.5,0.05-0.2,0.1-0.3,0.4-,0.4-1,0.55-0.9,0.6-1,1-,1-2,1-2.5,1-3,1.2-2,1.5-,10-30,2-,2-3.5,2-5.5,2.5-4.5,2.5-5,2/3-3/4,4-10,4-11,4-20,4-6,abaxial,abaxially,acuminate,acute,anther,apex,apically,base,berry,blade,brown,calyx,chartaceous,cm,connivent,cuneate,dark,deltate,densely,diameter,drying,dull,entire,erect,evenly,flattened-reniform,fruit,glabrescent,glabrous,glandular,green,hair,lateral,leaf,length,lobe,lobed,long,margin,marking,maturity,mauve,midpoint,minute,mm,moderately,near,obtuse,orange,orange-brown,ovate,pale,pedicel,peduncle,petiole,poricidal,ray,red,rounded,shrub,simple,smooth,sometimes,sparsely,spherical,stellate,stellate-pubescent,stem,style,subentire,surface,tapering,terminal,tip,trichome,tube,way,weakly,white,wide,yellow,young	-1/2,-15,-2,-6,-8,-merous,0,0.1-0.2,0.1-0.5,0.15,0.2-1,0.4,0.4-0.9,0.7-1,0.8-1.5,1-5,1.5-10,1.5-2.5,1/3-1/2,1/4-1/3,1/6-,15-45,2-7,2/3,3-10,3-15,4-,4-5,5-40,5-9,8-20,acut,adaxial,alyx,ame,apar,apart,apparently,articulated,ba,bark,branched,branching,brow,c.,conical,curved,discolorous,eaf,eed,elongated,elongating,equal,eye,filament,filiform,finely,flower,free,fruiting,gently,gland,gland-tipped,gray,herbaceous,inflated,infructescence,longer,lower,mature,multangulate,naked,narrow-deltate,nflorescence,older,one,open,orolla,oung,pair,per,perfec,pericarp,perpendicular,plurifoliat,porrect,portion,prickle,prickly,primary,recurved,reflexed,ruit,scar,secondary,sessile,spaced,spreading,stalk,stalked,straight,strongly,tamen,terete,tertiary,time,unarme,unarmed,unit,usually,variously,vary,vein,venation,visible,whitish,woody,yellow-green,ympodial	1-15-45,adhesion,arrangement,climate,colour,corolla,form,growth,height,history,inflorescence,life,na,number,ovary,perennial,plant,position,presence,pubescence,reproduction,seed,shape,size,staman,stipe,texture,unknown,ye
762	wfo-0001031729	success	161	109	79	82	30	0.491	-2,-45,0.5-1,0.6-,1-1.5,1-2,1-2.5,1.0-1.3,1.5-2,11-30,2-3,2.5-5,3-4,4.1-16,5-6,5-7,50,abruptly,acuminate,anther,apex,apiculate-deltate,attenuate,base,branched,calyx,cm,conical,corolla,dark,darker,deltate,diameter,elliptic,flattened,fruit,fruiting,glabrous,globose,green,greenish,later,lobe,lobed,long,markedly,membranous,mm,mottling,nearly,obovate,occasionally,ovary,ovate-reniform,pale,pedicel,peduncle,petiole,pink,point,pointed,purplish,quadrate,reddish,scar,shrub,single,smooth,somewhat,stem,stigma,stripe,surface,tan,time,tube,white,x,young	-0.5,..,0.5,0.5-4,1.5,10-20,12-13,2-2.5,2.5-,3-celled,3.5-4,5-,8-9,along,anthesi,apicula,beneath,branc,branch,brittle,brow,c.,cell,cucullate,curve,dry,drying,eaf,edicel,eed,elongate,erec,filament,flattened-capitat,flower,glandular,gradually,less,lower,middle,minute,minutely,narrowly,never,nflorescence,noddin,open,outer,outline,pair,papillae,papillate,papillose,per,pericarp,planar,plurifoliat,primary,regularly,ruit,scattered,short,single-stemmed,sinuate,small,striate,testa,thin,thing,tip,toward,triangular,trichome,tuft,ud,unit,usually,vein,wall,wand-like,widening,ympodial	adhesion,arrangement,brown,bud,colour,curved,flattened-capitate,form,growth,height,history,inflorescence,leaf,length,life,margin,na,perennial,plant,plurifoliate,position,pubescence,reproduction,rugulose,seed,shape,size,staman,style,texture
763	wfo-0001031738	success	231	125	93	138	32	0.403	-15,0.25-0.8,0.3-1,0.7-1.1,1-1.5,1-4,1.4-1.7,1.5-4,1/2-2/3,1/3,10-15,15-40,2.3-3,3.5-3.8,3.5-4.5,4-6,4-8,5-8,7-12.5,8-10,8-18,abaxially,acute,adaxially,andromonoecious,anther,apex,apically,auriculate,base,berry,blade,calyx,chartaceous,cm,connivent,cordate,densely,diameter,dull,equal,erect,evenly,flattened-reniform,fruit,glabrescent,green,lateral,leaf,length,lobe,lobed,long,lower,margin,maturity,midpoint,mm,narrow-deltate,orange,orange-brown,ovate,pale,pedicel,peduncle,petiole,plant,poricidal,ray,shrub,simple,small,smooth,sometimes,spherical,stellate,stellate-pubescent,stem,style,surface,tapering,terminal,tip,tree,truncate,tube,upper,way,weakly,white,wide,yellow,young	-5,-6,-merous,.5,0,0-2,0-3,0.1-0.25,0.2-0.3,0.7-1,0.9-2.1,1-1.8,1-3,1.5-,1/,1/3-2/3,1/4-1/3,1/6-1/4,2-,2-4,20-200,3-4,3-6,3-7,4,4-10,4-5,5,6-15,7-12,abaxial,acuminat,adaxial,almost,always,alyx,apar,apart,apparently,articulated,bark,branched,cell,curved,dark,deltate,discolorous,distal,distance,drying,eaf,eed,elongating,extending,filament,flattened,flower,free,frequently,fruiting,glabrous,gray,held,hermaphrodite,heterostylous,infructescence,inside,lobing,long-styled,longer,lowermost,mature,midvein,multangulate,nflorescence,oblong,obovate,often,older,one,open,orolla,oung,outline,pair,per,pericarp,pit,plurifoliat,poorly,porrect,portion,prickl,prickle,prickly,primary,prominent,pubescent,raised,reflexed,resin,rounded,ruit,scar,secondary,sessile,short-styled,shorter,side,spaced,sparsely,spreading,stalk,stalked,staminat,sticky,stout,straight,strongly,tamen,terete,tertiary,time,trichome,unarmed,unit,usually,variously,vary,vein,venation,visible,white-brow,woody,yellow-green,yellow-orange,yellowish,ympodial	1/4,acuminate,adhesion,arrangement,climate,colour,corolla,form,glandular,growth,hair,height,history,inflorescence,life,na,number,ovary,perennial,position,presence,present,pubescence,reproduction,rugulose,seed,shape,size,staman,stigma,stipe,texture
764	wfo-0001031752	success	172	125	102	70	23	0.593	-10,-47,-6,-pubescent,0.5-1,0.5-1.5,1,1-1.5,1-2,1-4,1.5-2,1.5-3,1.5-3.5,15-25,2-2.5,2-3,2-5,20-35,3-11.5,3-4,3-7,3.5-15,3.5-5,5-23,5-6,5-8,abaxially,adaxially,apiculate,articulated,base,beyond,calyx,chartaceous,ciliate,cm,connivent,cylindrical,darker,deltate,densely,diameter,ellipsoidal,elliptic,exserted,flattened,fleshy,fruit,fusiform,glabrate,glabrescent,glabrous,gland,glandular-puberulent,green,immature,lanceolate,leaving,light,lobe,long,membranaceous,mm,moderately,near,oblong,often,older,ovate,pedicel,pedicellar,peduncle,petiole,pink,puberulent,pubescent,purplish,remnant,ripe,rugose,shrub,simple,small,sparsely,stalked,stamen,stellate,stigma,stripe,style,subcoriaceous,tip,tomentose,tree,truncate,tube,unbranched,white,wide,x,yellow,young	-100,-3,-44,1-,1-3,1.5-10.5,1.5-2.5,15-40,3-4-foliat,8-15,9-16,acuminate,acute,aggregate,apart,ape,apex,axe,basal,blade,cell,ciliat,connective,cuneate,directed,distally,eaf,eed,entire,equal,exceeding,flower,glandular-puberulen,less,linear,lon,lower,margin,narrowly,nearly,nflorescence,nther,obtuse,olde,orolla,ovoid,perfect,pore,presen,present,purpl,rachi,radiu,rounded,ruit,slightly,spaced,stone,subcordate,swelling,tal,tem,thecae,time,triangular,truncat,ud,unit,vary,ympodial	anther,arrangement,colour,corolla,form,growth,height,history,inflorescence,leaf,length,life,na,ovary,plant,position,pubescence,reproduction,seed,shape,size,stem,texture
765	wfo-0001031756	success	186	121	87	99	34	0.468	.5,/2,0-2,0.02-0.2,0.1,0.4-1.6,0.5-1,0.5-1.3,0.6-1.2,0.7-1.7,0.8-1,1-1.8,1-4,1.5-2,1.5-3.5,1.8-2.5,4-5,7-10,9-14,abaxially,anther,apex,base,berry,blade,calyx,chartaceous,cm,color,connivent,cordate,deltate,densely,diameter,entire,equal,erect,evenly,finely,flattened-reniform,fruit,glabrous,gray,green,known,leaf,lobe,lobed,long,margin,mature,mauve,midpoint,mm,moderately,orange-brown,ovate,pale,pedicel,peduncle,petiole,pitted,poricidal,ray,red-brown,rounded,scandent,shoot,short,shrub,simple,sparsely,spherical,stellate,stellate-pubescent,stem,style,surface,tapering,terminal,tip,truncate,tube,way,white,wide,young	-1,-5,.1,.8,0,0-5,0.15-0.25,0.2,0.6-1.6,00,1-2,1-3,1/2,1/3,10,2-6,3-15,3-5,3-7,4.5,5-merous,6-9,accrescent,acut,alyx,apar,apart,apically,apparently,articulated,bark,branched,broad-deltate,concolorous,conical,curved,drying,eaf,eed,elongating,enclosing,eye,filament,flower,free,fruiting,fully,glabrescent,glabrou,herbaceous,inflated,infructescence,invested,longer,lower,naked,nflorescence,older,one,open,orolla,oung,pair,pendulous,per,perfec,pericarp,perpendicular,plurifoliat,porrect,portion,prickl,prickle,prickly,primary,ruit,scar,sessile,shorter,slender,small,smooth,spaced,spreading,stalk,stalked,straight,tamen,terete,time,trichome,unarmed,unit,variously,vary,vein,visible,yellow-green,ympodial	absent,adhesion,arrangement,climate,colour,corolla,dioecious,form,glandular,growth,hair,height,history,inflorescence,length,life,na,number,ovary,perennial,plant,position,presence,present,pubescence,reproduction,rugulose,seed,shape,size,staman,stigma,stipe,texture
766	wfo-0001031761	success	207	118	86	121	32	0.415	-6.5,0-12,0.2-0.4,0.3,0.3-2.8,0.5-0.7,0.7-1.3,0.75-1.7,0.9-2,1,1.5-4.2,1.5-6,1.8-2.3,1/2,1/2-2/3,1/3,2-3.5,2-8,2.5-3.1,2.5-5.5,3.2-3.5,7-9,abaxially,acute,anther,apex,base,berry,blade,calyx,cm,connivent,cordate,deltate,densely,diameter,dull,equal,erect,flattened-reniform,fruit,glabrous,lateral,leaf,length,lobe,lobed,long,lower,margin,maturity,mauve,midpoint,mm,narrow-oblong,orange,orange-brown,ovate,pedicel,peduncle,petiole,poricidal,purple,ray,red,rounded,scandent,shrub,simple,smooth,sparsely,spherical,stellate,stellate-pubescent,stem,style,surface,tapering,thick-chartaceous,tip,tube,upper,way,weakly,wide,yellow	-12,-20,-3/,-7,.4,.5,0,0-0.4,0-10,0-15,0-25,0-4,0-5,0.3-0.4,0.5,0.5-1.5,0.6-1.2,0.7-1.6,1-3,1-4,1-8,1.5,1/3-2/3,1/4-1/3,2,2-4,3-15,3-5,4-6,4-7,5-merous,acicular,acut,alyx,ame,apar,apart,apically,apparently,articulated,bark,branched,brow,c.,cell,concolorous,curved,difoliate,discolorous,distance,drying,eaf,eed,elongating,extending,faint,filament,flattened,flower,free,fruiting,fully,geminat,gray-green,infructescence,longer,mature,midvein,moderately,nflorescence,older,one,open,opening,orolla,oung,outline,pair,pale,per,perfec,pericarp,perpendicular,pit,porrect,portion,prickle,prickly,primary,raised,recurved,red-green,scar,sessile,shallow,side,slender,small,sometimes,spaced,spreading,stalk,stalked,straight,tamen,terete,tertiary,time,trichome,uit,unarme,unarmed,unit,variously,vary,vein,venation,visible,woody,yellow-green,ympodial	-3/4,adhesion,arrangement,climate,colour,corolla,form,glandular,growth,hair,height,history,inflorescence,life,na,number,ovary,perennial,plant,position,presence,pubescence,reproduction,rugulose,seed,shape,size,staman,stigma,stipe,texture,ye
767	wfo-0001031786	success	209	122	89	120	33	0.426	/3,0.2-2.5,0.25-0.5,0.5-1.5,0.7-1.6,0.8-1.2,1-3,1-6,1.2-1.6,1.5-2.5,2-3,2.5-3.5,3-4,4-5,6-8,abaxially,acute,anther,apex,apically,base,becoming,berry,blade,calyx,chartaceous,cm,connivent,cuneate,deep,deltate,densely,diameter,elliptic,equal,evenly,flattened-reniform,fruit,glabrescent,glabrous,gray,green,herb,lateral,leaf,length,lobe,lobed,long,margin,maturity,mauve,membranous,midpoint,minute,mm,orange,orange-brown,ovate,pale,pedicel,peduncle,petiole,poricidal,ray,red,shrub,simple,smooth,sparsely,spherical,spreading,stellate,stellate-pubescent,stem,stigma,style,surface,tapering,tip,trichome,truncate,tube,way,weakly,white,wide,yellow-orange,young	-5,.4,.5,/2,0,0-2,0-20,0-3,0-5,0.1,0.1-0.4,0.2-0.3,0.7-1,0.7-4,0.8,1,1-2,1-4,1.5-1.9,1/3-1/2,2-13,2-7,2-8,3-5.5,5-7,5-merous,8-12,acut,almost,alyx,ame,apar,apart,apparently,articulated,bark,branched,c.,cell,clavat,concolorous,curved,dark,distance,drying,eaf,eed,elongating,erect,extending,eye,filament,filiform,flattened,flower,free,fruiting,gray-brow,herbaceous,inconspicuous,infructescence,lon,longer,lower,mature,midvein,naked,nflorescence,obtuse,older,one,open,orolla,oung,outline,pair,pendulous,per,perfec,pericarp,pit,plurifoliat,porrect,portion,prickl,prickle,prickly,primary,raised,red-brown,reflexed,rounded,ruit,scandent,scar,sessile,shiny,shorter,side,slightly,small,sometimes,spaced,stalk,stalked,straight,tamen,terete,tertiary,thick,time,unarmed,unit,variously,vary,vein,venation,visible,woody,ympodial	4,adhesion,arrangement,clavate,climate,colour,corolla,form,glandular,growth,hair,height,history,inflorescence,life,na,number,ovary,perennial,perfect,plant,position,presence,present,pubescence,reproduction,rugulose,seed,shape,size,staman,stipe,texture
768	wfo-0001031791	success	288	130	82	206	48	0.285	.3,.5,.9,3,acute,adnate,anther,apex,apiculate,attenuate,base,blade,calyx,chartaceous,cm,cordate,corolla,developed,diameter,dry,entire,erect,extra-axillary,flattened-reniform,flattened-suborbicular,flower,fruit,glabrous,glandular,globose,green,hair,inflorescence,interpetalar,lanceolate,lateral,lavender,leaf,length,lobe,margin,material,maturing,midpoint,mm,moderately,nearly,orange-red,oval,pedicel,peduncle,petiole,poorly,preserved,pubescent,ray,rounded,rugose,shiny,shrub,simple,slender,small,somewhat,stellate,stem,stigma,stipe,style,subcoriaceous,surface,tip,tissue,tree,triangular,truncate,tube,wavy,well,white,yellow,yellow-brown	.08,.2,.4,0.04,0.2,0.3–0.5,0.3–0.6,0.3–0.7,0.4–0.6,0.5,0.5–0.6,0.5–1.0,0.7,0.7–0.8,0.7–1.0,1.1–1.4,1.3–1.8,1.5,1.5–1.9,1.5–2.3,1.5–3.0,1.6,1.6–2.2,1.7–2.3,1.8,1.9–2.2,1/3,11–14,11–15,13.0–30.0,15.0,2.0–11.0,2.0–2.5,2.6–3.4,2.8–3.3,2/3,3.0,3.0–3.5,33–54,4.6–5.4,4.9,4.9–7.4,5-merou,6.0,6.0–14.0,6.2–8.5,7.0–9.0,7–10,7–8,8.0–11.0,8–12,9.0–16.0,abaxially,across,adaxiall,adaxially,alveolate,alyx,anthesi,apical,apparently,appearing,appressed,area,around,articulated,attachment,axe,ba,backward,berry,branch,broad,broad-based,brochidodromous,bud,capitat,central,channeled,congested,connivent,curved,dehiscence,densely,dentate,development,difoliate,distally,distinct,dorsally,drying,eaf,eed,either,emerging,endocarp,entir,especially,fertile,filament,filiform,first,flexed,fork,free,frui,geminat,glabrescent,gradually,homostylous,immature,inclined,increasing,internode,intersepalar,juic,juvenile,lamina,large,largest,light,like,line,lon,long,longer,lower,m.,major,mature,membranaceous,middle,midrib,midvein,minor,minute,multangulate,nflorescence,notched,numerous,oblique,obscured,often,one,orolla,oung,ovoid,particularly,persisting,point,pore,porrect,porrect-stellate,portion,potentially,prickle,project,raised,rigid,ripe,row,ruit,scarcely,scattered,sessile,short,shorter,side,single,sinus,slightly,smaller,smooth,sometimes,sparsely,splitting,stamen,stellae,stellate-pubescen,stipitate,straight,suture,tamen,tardily,thrice-branched,time,totally,translucent,twice,two,ud,unarmed,undulate,various,vary,vein,weakly,wide,yellow-tan,ympodia,young,±90°at,±equal,±glabrous,±laterally,×	0.08,0.3-0.5,0.3-0.6,0.3-0.7,0.4-0.6,0.5-1.0,0.7-1.0,1.5-1.9,1.5-2.3,1.5-3.0,1.9-2.2,13.0-30.0,2.0-11.0,2.8-3.3,3.0-3.5,6.0-14.0,6.2-8.5,7-8,7.0-9.0,8-12,8.0-11.0,adhesion,arrangement,capitate,climate,colour,dense,form,growth,height,history,life,na,number,ovary,perennial,plant,position,presence,present,pubescence,reproduction,seed,shape,size,staman,texture,x
769	wfo-0001031793	success	188	109	80	108	29	0.426	-4,1-1.5,1-2,1-8,1.5-4,10-15,13-20,15-20,2-3,2-5,8-11,acumen,acuminate,aging,almost,anther,apex,base,black,blade,broadly,brown,brownish,calyx,capitate,chartaceous,cm,cuneate,densely,diameter,elliptic,evident,extra-axillary,flattened,flower,fruit,glandular,globose,hair,inflorescence,leaf,linear,lobe,long,margin,midpoint,minutely,mm,mucilaginous,oblong-lanceolate,orange-yellow,orbicular-ovate,pedicel,peduncle,petiole,pubescent,reddish,rounded,rusty,scarcely,shallow,shrub,simple,size,small,stellate,stellate-pubescent,stem,stigma,style,surface,tree,triangular,trichome,tube,well-developed,white,x,yellow,yellow-brown	.5,0,1,1-3,1.5-2,1/3,1/4,1/5,20,26,3-4,3-8,3/4,4,40,5-merous,7,absent,abundant,accrescent,acute,adult,alyx,apparently,armed,articulated,aspect,axe,ba,berry,bilobe,branche,branched,broad,central,cut,difoliate,distal,eaf,eed,elongatin,erec,erect,extreme,ferrugineous,filament,forked,fruiting,geminat,general,homostylou,interpetalar,larger,lobing,lon,lower,main,many,maturing,midrib,mostly,nflorescence,oblique,obtuse,often,older,orolla,ovate,per,perfect,pore,porocidal,porrect,prickle,principal,rachi,reduced,reticulation,ruit,scattered,sessile,side,similar,single,sinus,smaller,sparsely,stellate-pubescen,stipitate,stout,tall,tamen,tem,testa,thickened,tip,tissue,triangular-acuminat,unarmed,unbranched,unit,upward,usually,uvenile,vary,way,woody,ympodial	adhesion,arrangement,bilobed,climate,colour,corolla,form,growth,height,history,length,life,na,number,ovary,perennial,plant,position,presence,present,pubescence,ray,reproduction,rugulose,seed,shape,staman,stipe,texture
770	wfo-0001031795	success	234	119	88	146	31	0.376	0.5,0.5-1,0.5-2,1-1.2,1-1.3,1.5-2,1.5-4,10-12,2-2.5,2-6,2.5-3,3,3-4,4-6,6-8,9-17,acuminate,acute,anther,apex,base,blade,brownish,calyx,capitate,cm,conical,connivent,dark,densely,diameter,elliptic,entire,flattened,glabrous,glandular,globose,grayish,green,growth,lateral,leaf,leaf-opposed,lobe,lobed,long,margin,matte,membranous,midpoint,minutely,mm,oblique,occasionally,ovate,pale,pedicel,peduncle,petiole,pitted,plant,poricidal,pubescent,ray,reniform,shallowly,shape,shiny,shrub,simple,size,slightly,smooth,sparsely,stellate,stellate-pubescent,stem,stigma,style,surface,tan,tapering,thin,truncate,tube,white,wide,yellowish	..,.2,.5,1,1-3,1-4,1/3,10,100,2/3,4-,4-5,5,5-12,5-40+,5-merous,5.5-,50,7-9,<,>,abaxial,abaxially,absent,adaxial,adaxiall,alf,almost,along,always,alyx,anthesi,apar,armed,around,articulated,bark,berry,branched,broad-based,broadly,c.,caudate,cell,clearly,curved,deeply,denser,differing,difoliate,directed,discolorous,distally,dry,eaf,eed,equal,evenly,filament,flower,free,fruiting,geminat,geminate,glabrescent,gland-tipped,gra,infructescence,irregularly,lamina,like,live,lon,long-stalked,longer,lower,major,many-branched,midrib,midvein,minor,mixture,much,multangulate,multiseriate,never,new,nflorescence,often,older,orolla,oung,outline,pair,papillat,pendant,per,perfec,pericarp,persistent,pore,porrect,portion,prickle,prickly,primary,reduced,reflexed,ripe,ruit,scar,scattered,sessile,short,short-,short-stalked,sinuate,slender,somewhat,spaced,spreading,stalk,straigh,tamen,terete,testal,thicker,time,tip,toward,triangular,trichome,unarme,unarmed,unicellular,unit,upward,usually,vary,vein,visible,way,woody,ympodial,young,½	0.2,4-12,adhesion,arrangement,climate,colour,corolla,form,fruit,gray,hair,height,history,inflorescence,length,life,na,number,ovary,perennial,perfect,position,presence,present,pubescence,reproduction,rugulose,seed,staman,stipe,texture
771	wfo-0001031829	success	138	82	51	87	31	0.37	0.7-1,1-2,1.3-1.5,1.5-2,1.5-2.5,1.5-3.5,2-4,4-4.5,4-8.5,acute,anther,apex,base,broadly,calyx,capitate,cm,conical,corolla,densely,elliptic,globose,green,greenish-brown,growth,inflorescence,leaf,leathery,lobed,margin,mm,opposite,ovary,pedicel,petiole,poricidal,pubescent,revolute,shrub,size,somewhat,sparsely,stem,stigma,style,surface,thick,tip,tube,white,x	.25,.5,0.5-2.1,1,1.5-4.5,3-5-flowered,3/4,7-10,abaxially,absent,adaxial,adaxially,along,anthesi,ape,apiculae,bae,bark,berry,branched,crystalline,deflexed,denser,dia,differing,difoliate,drying,eaf,edicel,eed,epidermi,erect,exserted,filament,free,fruiting,geminat,glabrat,glabrous,immature,known,large-celled,lateral,like,lobe,lon,long,lower,main,major,minor,minute,minutely,nflorescence,occasionally,often,older,overlappin,packed,pair,papillo,papillose,planar,pore,portion,quadrate,ruit,scar,shaped,simple,soft,tall,tapering,tear-drop,trichome,tub,tuft,ud,uniseriate,unit,vein,waxy,way,woody,yellowish,ympodial,young	0.5-1,adhesion,arrangement,climate,colour,diameter,form,fruit,glandular,hair,height,history,length,life,midpoint,na,number,peduncle,perennial,plant,position,presence,pubescence,ray,reproduction,rugulose,seed,shape,staman,stellate,texture
772	wfo-0001031832	success	232	145	115	117	30	0.496	.5-1,0.1-0.3,0.2-1.5,0.3-3,0.7-1.5,0.7-1.6,0.8-1.2,1-12,1.1-2.4,1.2-1.6,1.2-2,1.2-2.5,1.3-4.2,14,2-3.6,2-4,2-6,3-6.5,4-20,5-21,8-25,9,abaxially,acuminate,acute,adaxially,anther,apart,apex,articulated,attenuate,basal,base,becoming,blade,blunt-tipped,brown,brownish,bullate,calyx,closely,cm,conical,continued,corolla,dark,deltoid,diameter,due,entire,ferrugineous,few-rayed,fleshy,flower,fruit,glabrescent,globose,granular-tomentose,green,greenish,growth,hair,half,honeycombed,inserted,lanceolate,lateral,leaf,length,lobe,margin,mixed,mm,mostly,multangulate,oblanceolate,oblong,pale,pedicel,peduncle,persistent,petiole,porrect-stellate,probably,pubescence,ray,reniform,reticulate-punctate,ripe,rotate-stellate,rough,scabrous,sessile,short-,short-stalked,shrub,simple,somewhat,spaced,sparse,stem,stigma,style,subcampanulate,suborbicular,surface,terminal,thick-stalked,tree,tube,violet,white,x,yellow,yellowish	-8,/50-1/10,0-150,0.2-0.6,0.3-0.8,0.7-2,1.5-4,1.7-4,1.8-4,1/2-3/4,2.5-6.5,2.8-4.8,3-7,3.5-7,4-7,5.5-10,7-10,accrescent,ag,anthesi,apical-lateral,apice,apparently,axe,axillary,ba,bark,berry,blister,branch,branched,bud,capitat,chartaceous,connate,decurrent,dehiscing,directed,eaf,eed,evident,exserted,extend,filament,forming,free,fruiting,glabrescen,glabrous,high,indument,introrse,lackin,large,line,lobed,long,long-,longer,longitudinal,lower,m.,main,midvein,minute,nearly,nflorescence,obovoid,obtuse,occasionally,older,orbicular,orolla,ovate,partly,perfect,pitted,plurifoliate,pore,porrect-stellat,pubescent,rachi,rather,relatively,ruit,runk,side,slit,smooth,sometimes,soon,sparingly,splitting,stamen,stellate-pubescent,stipitate-glandular,suture,swelling,tamen,terete,testa,thick,time,toward,translucent,unarme,unarmed,unit,usually,vary,vein,way,weakly,whitish,wide,ympodial,young	adhesion,arrangement,capitate,climate,colour,form,glandular,height,history,inflorescence,life,midpoint,na,number,ovary,perennial,plant,position,presence,present,reproduction,rugulose,seed,shape,size,sparing,staman,stellate,stipe,texture
773	wfo-0001031834	success	150	105	71	79	34	0.473	.5,0.5,0.5-1,0.5-3,0.5-3.5,0.6-1.4,0.8-1,0.8-1.3,1,1.5,1.6-2,1.9-6.5,2/3,6-7,6.5-14,acuminate,acute,anther,apex,base,calyx,cm,corolla,decurrent,deltoid,dia,flattened-reniform,fruit,glabrous,globose,green,greenish-yellow,hooked,leaf,less,lobe,lobed,long,margin,minute,minutely,mm,opposite,ovary,ovate,pale,papillose,pedicel,petiole,pitted,poricidal,pubescent,scabrous,short,shrub,slender,sparsely,stem,stigma,style,surface,tan,tip,trichome,tube,uniseriate,upper,way,white,x,yellow	0.9-1.4,1.5-4,2.9-7,accrescent,across,anthesi,apar,apically,apiculate,appear,attenuate,berry,bi-cellular,borne,campanulate,covered,deciduou,deciduous,deflexed,depression,difoliate,eaf,edicel,eed,expanded,eye,few-flowered,filament,free,fruiting,geminat,glabrou,hook,incrassate,lamina,larger,leaving,like,lon,lower,major,markedly,middle,minor,mound-like,multicellular,naked,nflorescence,often,papillo,persistent,planar,pore,portion,proximal,ruit,scar,shaped,simple,slightly,small,soon,spaced,speck,straight,tall,tapering,tear-drop,tufted,ud,unevenly,uni-,unit,usually,vein,widest,woody,ympodial,young	adhesion,arrangement,blade,climate,colour,diameter,form,glandular,growth,hair,height,history,inflorescence,length,life,midpoint,na,number,peduncle,perennial,plant,position,presence,pubescence,ray,reproduction,rugulose,seed,shape,size,staman,stellate,stipe,texture
774	wfo-0001031839	success	138	117	70	68	47	0.507	1-1.4,1.2-1.5,1/3-2/3,2.5-3.5,3-7,6-15,8-15,9-12,along,anther,apically,arcuate,armed,base,beneath,blade,blue,blue-tinged,broad,broadly,brown,calyx,campanulate,cm,dark,developing,dry,foveolate,glabrous,green,herb,internodal,invested,lenticular,linear-lanceolate,lobe,long,main,maturity,minutely,mm,olivaceous,otherwise,ovary,ovate,pale,perennial,petiole,pinnatifid,prickly,pubescent,purple,rounded,smooth,spherical,splitting,stellate-pentagonal,stellate-pubescent,stellate-tomentose,stem,tawny,tightly,tube,twice,vein,velvety-tomentose,weakly,white,whitish,yellow	.5,1,2/3,4-8,7-10,8-14-rayed,9-13-flowere,accrescent,across,alyx,annually,anthesi,becoming,berry,bristly,cauline,confluent,da,dark-based,deltoid,densely,density,dia,difoliate,divided,eaf,eed,emerging,erect,extended,externall,fully,geminat,ligneous,lon,long-stalked,long-stipitate,nearly,nflorescence,often,orolla,persisting,prickle,root,ruit,several,short,slende,somewhat,spreading,stella,stellae,stellate-tomento,stipitate,subulate,tamen,throughout,tigma,tub,tyle,ultimate,unexpande,unit,usually,varying,year,ympodial,zygomorphic	0.5,8-14,adhesion,apex,arrangement,climate,colour,corolla,diameter,externally,form,fruit,glandular,growth,hair,height,history,inflorescence,leaf,length,life,margin,midpoint,na,number,pedicel,peduncle,plant,position,presence,pubescence,ray,reproduction,rugulose,seed,shape,size,slender,staman,stellate,stigma,stipe,style,surface,texture,unexpanded,ye
775	wfo-0001031842	success	161	118	84	77	34	0.522	.5,0.6-1,0.7-1,1,1-1.5,1-1.8,10-20,2-10,2-3,2.5-3,2.5-6,3-8,3/4,4.5-6,7-9,9-15,acute,anther,apex,attenuate,axil,base,beneath,bi-lobed,brown,calyx,capitate,cm,corolla,cup-shaped,cusp,dark,deeply,dia,dry,elliptic,flattened-reniform,glabrous,globose,green,later,lateral,leaf,leaf-opposed,lobe,lobed,long,margin,minutely,mm,near,new,often,opposite,ovary,overtopping,pale,papillose,pedicel,petiole,pitted,poricidal,quadrate,shiny,shoot,shrub,size,specimen,stem,stigma,strongly,style,surface,terminal,tip,tree,trichome,tube,tuft,uniseriate,way,white,woody,x	.1,.4,.75,0.1-0.5,0.5-1,0.5-2,1-3.5,1.5-2,10-12,10-30-flowered,anthesi,apart,ba,bark,bearing,beginning,berry,decurrent,deflexed,densely,differing,difoliate,eaf,edicel,eed,ellipsoid,exserte,exsertion,filament,free,fruiting,geminat,incrassate,inflorescenc,irregularly,lon,lower,main,major,middle,minor,nflorescence,older,one,onto,pair,paler,papillo,pore,portion,prominent,pubescent,reddish,reddish-resinous,reflexed,ruit,scar,shaped,simple,slender,somewhat,soon,spaced,sparsely,straight,tall,tapering,tear-drop,time,ud,unit,vein,widest,yellowish,yellowish-whit,ympodial,young	0.4,adhesion,arrangement,blade,climate,colour,diameter,form,fruit,glandular,growth,hair,height,history,inflorescence,length,life,midpoint,na,number,peduncle,plant,position,presence,pubescence,ray,reproduction,rugulose,seed,shape,staman,stellate,texture,yellowish-white
776	wfo-0001031843	success	245	100	77	168	23	0.314	.5,0.6-1.2,1-2,1-7,1.2-2,1.2-2.2,1.5,1.8-2.5,2-3,2.5,3-4,5-10,5-12,6-9,almost,anther,apically,apparently,base,berry,black,brown,calyx,canaliculate,capitate,cm,completely,conical,corolla,cupular,curved,dark,deeply,diameter,dilated,discoid,distributed,drying,dull,erect,evenly,finely,free,glabrous,honeycomb,leaf,length,liana,lobed,mm,oblong,obovate,orange,orange-brown,orange-yellow,partly,pattern,pedicel,peduncle,petiole,pitted,pubescent,red,seed,shrub,slender,sparsely,spheroidal,stem,stigma,style,surface,terminal,thick-chartaceous,tube,violet,x	.2,.3,.6,0-4,0.2-2,0.4-0.5,0.5-1,0.5-1.5,0.7-1.2,0.7-2,0.8-2,1.5-2,1/6-1/4,1mm,2-4,3-7,4-12,45-60°,abaxially,accrescent,acuminate,adaxially,age,along,always,alyx,anthesi,apar,apex,apice,appressed,around,articulated,attenuate,bark,basal,becoming,branch,branched,branching,broadly,caudate,clearly,collapsing,cuspidate,delineated,deltoid,dendritic,density,detaching,discolorous,domatia,eaf,eed,ellipsoi,entire,equal,even,eye,fertilisation,filament,fine,flat,flexuous,flower,forming,fruiting,green,hand,inner,largely,leave,len,lengthening,lignified,like,lobe,long,longitudinally,loop,looping,lower,m.,main,margin,midvein,much,multiseriate,naked,network,never,nflorescence,nther,oblique,obscure,older,opening,orolla,outline,ovate,pair,papillo,part,pendulous,perfec,pericarp,pit,plurifoliat,pore,poricidal,portion,present,primary,prominent,pronounced,protruding,rachi,raised,rarely,recurve,reddish,reveal,ribbed,ridged,rounded,ruit,scar,see,shallowly,shiny,shortly,side,simple,sinus,slightly,small,smaller,smooth,sometimes,soon,spreading,straight,strongly,stump,surfac,tearing,tertiary,thickened,thin,tip,trichome,tuft,twice,ud,unarmed,unit,variable,vary,vein,venation,visible,weakly,white,wide,wider,without,ympodial,young	adhesion,arrangement,colour,form,fruit,growth,height,history,inflorescence,life,na,ovary,papillose,perennial,perfect,plant,position,pubescence,reproduction,shape,size,staman,texture
777	wfo-0001031852	success	155	105	79	76	26	0.51	-8,0.1-1,0.5-1.3,0.5-3,1-4,1-4.2,1-9,1.3-2.5,1.4-3,1.5-3,12-35,2-5.5,2.6-9.5,3.5-10,4-,4-5,4-6,5-15,7-,9-11,abaxially,acumen,adaxially,apical,apically,apiculate,calyx,cm,conical,connate,corolla,dehiscent,diameter,distal,dorsally,edge,elliptic,elliptic-lanceolate,flat,folded,green,green-white,half,herbaceous,introrse,lanceolate,lateral,leaf,leaflet,light,lobe,long,maturing,mm,oblong,odd-pinnate,often,ovate-elliptic,ovoid,pedicel,peduncle,perennial,petiole,plant,poricidally,pubescent,seed,short,size,slit,stellate,stigma,style,terminal,throughout,white,wide,without,yellow	1-,2-3,3-4,3-6-foliat,3-9,4-10,abruptly,absen,acuminate,acute,apex,articulate,attenuate,base,branched,cell,covering,cyme,decurrent,dichasial,dichasially,digestion,diminishing,eaf,ebracteate,eed,emoval,enzyme,exceeding,filament,flower,forked,generally,globo,hair-like,honeycomb,interjected,living,lon,lower,lunat,make,monochasial,mucilaginous,nflorescence,nther,oblique,orolla,pair,pattern,perfect,plan,proximal,rachi,reveal,ruit,sessile,seudostipule,shortly,specimen,stamen,straight,tal,tem,testal,thick,throughou,toward,tuber-bearing,typically,unit,vary,wall,white-crea,ympodial,¼	adhesion,anther,arrangement,colour,form,fruit,globose,growth,height,history,inflorescence,length,life,na,ovary,position,pubescence,reproduction,rugulose,shape,staman,stem,surface,texture,tube,white-cream
778	wfo-0001031864	success	140	114	81	59	33	0.579	.2,.25,.5,0.2-0.5,0.5-13.5,0.7-0.8,0.8-1,1-1.2,1-1.8,1-2,1-5,1-6.5,1.2-1.5,1.5-10,15-60,2.5-6,3-3.5,3-pinnate,abaxially,acute,adaxially,anther,apex,apiculate,base,blade,calyx,chartaceous,ciliate,cm,cuneate,deltoid,dense,diameter,entire,extra-axillary,fine,flattened,fleshy,fruit,glabrous,hair,herbaceous,lenticular,lobe,long,margin,middle,minutely,mm,near,oblique,ovoid-deltoid,papillose,pedicel,peduncle,petiole,pointed,pubescence,pubescent,rotate,rounded,scattered,short,slender,slightly,sparsely,stem,stigma,style,surface,tip,trichome,truncate,tube,unknown,vine,violet,wide-diameter,widely,x	0.4-3,0.5-4,0.6-3.5,0.6-4,1-3,1.5,1.5-2.5,2,2-3,5-15,5-9,5-merous,7.5-8,accrescent,acuminate,alyx,apar,apical,axe,berry,c.,capitat,clavate,color,densely,eaf,eed,emarginate,filament,flower,fruiting,glabrou,lateral,leaflet,like,lon,lower,m.,moderately,nflorescence,nternode,orolla,perfec,petiolule,plurifoliat,pubescenc,rachi,ruit,sand-punctate,spaced,tamen,tem,terrestria,typical,unbranched,unit,vary,vein,ympodial	adhesion,arrangement,capitate,climate,colour,corolla,form,glandular,growth,height,history,inflorescence,leaf,length,life,midpoint,na,number,ovary,plant,position,presence,ray,reproduction,rugulose,seed,shape,size,staman,stellate,stipe,terrestrial,texture
779	wfo-0001031864	success	148	116	81	67	35	0.547	.2,.25,.5,0.5-13.5,1-1.8,1-2,1-3,1-5,1-6.5,1.2-1.5,15-60,2.5-6,3-3.5,3-5-celled,3-pinnate,abaxially,acute,adaxially,anther,apex,apiculate,basally,base,blade,blue-purple,calyx,ciliate,cm,connivent,cordate,cuneate,deltoid,dense,diameter,emarginate,entire,extra-axillary,fine,fleshy,flower,fruit,glabrous,hair,herb,lenticular,lobe,long,margin,minutely,mm,near,oblique,oblong,pedicel,peduncle,pubescence,pubescent,rotate,rounded,scattered,short,simple,slender,somewhat,sparsely,stigma,style,surface,terrestrial,thick,tip,trailing,truncate,tube,unbranched,uniseriate,unknown,weakly,widely,x,yellow	0.4-3,0.5-4,0.6-3.5,0.6-4,1-1.2,1.5,1.5-2.5,2,2-3,5-15,5-9,5-merou,7.5-8,absent,accrescent,acuminate,ag,alyx,apart,apical,apparently,articulated,axe,ba,capitat,center,clavate,color,densely,directed,distally,eaf,eed,equal,etiole,filament,fruiting,geminat,interjected,large,lateral,leaflet,longitudinal,lower,m.,nflorescence,node,opening,orolla,papillose,perfect,petiolule,plurifoliate,pore,pubescenc,rachi,rooting,slightly,slit,spaced,tamen,tem,unit,vary,wiry,woody,ympodial	adhesion,arrangement,capitate,climate,colour,corolla,form,glandular,growth,height,history,inflorescence,leaf,length,life,midpoint,na,number,ovary,perennial,petiole,plant,position,presence,ray,reproduction,rugulose,seed,shape,size,staman,stellate,stem,stipe,texture
780	wfo-0001031871	success	185	104	76	109	28	0.411	0.4-2,0.6-1.2,1.4-2.1,1.5-11,1.5-2,1.5-2.1,1.6-2.7,2-4,2.9-6,3-10,3.5-4,33-40,36-44,4-6,4-7,5.4-12.3,6-12,6-7,6.5-20.5,7.5-23,abaxially,adaxially,anther,brownish,chartaceous,clavate,cm,condition,connivent,corolla,deep,diameter,dot,drying,elliptic,fresh,fruit,glabrous,globose,green,greenish,hair,herb,interjected,lanceolate,leaflet,lobe,long,medium,mm,mottled,odd-pinnate,orbicular,ovate,ovoid,pedicel,peduncle,petiole,plant,pubescent,purple,rotate,seed,short,size,stigma,style,subglabrous,terminal,tiny,tube,white,whitish,wide,x,yellow	1-2,14-22,2-3,3-4,3-5,5-merou,7-9,acumen,acute,adaxiall,ag,alyx,apart,apex,apparently,articulated,asymmetric,attenuate,axe,axillary,base,basiscopic,berry,blade,bud,capitat,cell,covering,dark,digestion,distal,dorsally,eaf,edge,eed,end,enzyme,erec,exceeding,filament,flat,flower,folded,forked,geminat,generally,glabrou,green-white,hair-like,hal,half,high,homostylous,honeycomb-shaped,lateral,lengthening,linear,living,lower,make,mucilaginous,narrowly,nflorescence,one,orolla,pair,perfect,petiolulate,placed,plurifoliate,pore,poricidal,removed,ripe,round,rounded,ruit,sessile,seudostipule,side,slit,sometimes,spaced,specimen,stamen,stolo,straight,subequal,subglabrou,subtending,symmetric,tall,tamen,tem,testal,thick,throughout,tip,tissue,tri-,tuber,typically,unit,usually,vary,wall,wet,winged,ympodial	adhesion,arrangement,calyx,capitate,colour,form,growth,height,hermaphroditic,history,inflorescence,leaf,length,life,na,ovary,perennial,position,pseudostipule,pubescence,reproduction,rugulose,shape,staman,stem,surface,texture,ye
781	wfo-0001031874	success	197	119	81	116	38	0.411	-1.2,0.2,0.5-1,0.5-1.5,0.6-1,1.2,1.2-1.8,1/10,1/5,2-5,3-8,3-lobed,abaxially,acute,anther,apex,base,bilobed,blade,blue,broadly,calyx,chartaceous,ciliate,cm,completely,connivent,diameter,elliptic,especially,extra-axillary,flattened-reniform,flower,fruit,fully,glabrous,globose,green,herb,hermaphroditic,least,length,light,lobe,margin,midrib,minutely,mm,near,nearly,oblong,obtuse,orange,ovate,pedicel,peduncle,petiole,pitted,puberulent,pubescent,red,ripe,rotate-stellate,simple,slightly,sometimes,somewhat,sparsely,stem,stigma,style,surface,tip,triangular,tube,violet,white,white-puberulent,x,yellow,young	-1.5,-3.5,-4,-7,.5-1.2,0.2–0.8,0.4,0.5–0.9,1-4,1.3–1.4,1.4–1.5,1.5-,1.8,1.8–2.3,1/3,2,2-3,2-3.5,2-4,2-foliate,2–2.5,2–9-branched,3.5–11,3–5,4.5-6,5,5-merou,6–7,7–8,9–11,accrescent,adaxiall,adaxially,always,alyx,angulate,apart,articulated,asymmetrically,axe,ba,barely,berr,bi-lobed,bifurcation,branch,broad,capitat,contact,covering,cylindrical,decumbent,dehiscent,downward,eaf,eed,erect,even,filament,fruiting,geminat,generally,hair,hold,juic,lanceolate,lateral,level,line,lobed,long,long-attenuate,longitudinall,lower,lowermost,main,mesocarp,nflorescence,node,numerous,often,one,orolla,ovate-triangular,partially,passing,petiol,pore,prostrate,rachi,rarely,recurved,rooting,ruit,several,short,side,soil,spaced,spreading,swollen,tall,tamen,tem,terete,terminal,time,unit,usually,vary,vein,way,well,wide,winged,ympodial	0.5-0.9,0.5-1.2,1.3-1.4,1.4-1.5,1.5-4,1.8-2.3,3-5,3.5-11,6-7,7-8,9-11,abaxial,adaxial,adhesion,arrangement,capitate,colour,corolla,form,growth,height,history,inflorescence,leaf,life,na,ovary,perennial,plant,position,pubescence,reproduction,rugulose,seed,shape,size,staman,texture
782	wfo-0001031876	success	140	90	53	87	37	0.379	.1,.5,0.8-1,1-1.5,1-1.6,1.5-2.2,27-35,9-15,acute,anther,apex,base,calyx,cm,corolla,cup-like,decurrent,dia,elliptic,glabrous,globose,granular,green,greenish-yellow,irregularity,leaf,lightly,lobe,lobed,long-acuminate,margin,minute,minutely,mm,nearly,oblanceolate,oblique,often,opposite,ovary,papillose,pedicel,petiole,present,shrub,slightly,stem,stigma,style,tube,white,winged,x	0-flowered,0.5,1,1-4,3,5,?,across,anthesi,apiculate,arc,arising,ba,bark,bearing,beneath,berry,bright,closely,convergence,corky,differing,eaf,edicel,eed,erect,family,filament,flower,free,fruiting,glabrou,immature,known,lateral,lenticellat,less,long,lower,main,major,melastomataceae,member,middle,nflorescence,otherwise,overlappin,pair,parallel,perpendicular,persistent,point,pore,poricidal,portion,primary,prominent,raised,recurved,reflexed,resemble,ruit,running,scar,secondary,shaped,simple,slender,spaced,straight,styl,tall,tapering,tear-drop,time,tip,ud,unifoliat,unit,vein,venation,wide,widest,woody,yellow,ympodial,young	adhesion,arrangement,blade,climate,colour,diameter,form,fruit,glandular,growth,hair,height,history,inflorescence,length,life,midpoint,na,number,peduncle,perennial,plant,position,presence,pubescence,ray,reproduction,rugulose,seed,shape,size,staman,stellate,stipe,surface,texture,unifoliate
783	wfo-0001031877	success	216	134	105	111	29	0.486	+,.5,0.3-,0.3-1,0.3-1.2,0.5,0.6-1.2,1-1.5,1-3,1-3.5,1.1-,1.5,1.5-1.9,1.5-2,1.8-5,2,2.5,3.5-4,6-8,abaxially,abruptly,acuminate,acute,adaxially,along,anther,apex,basally,base,bright,brown,calyx,capitate,clavate,cm,conical,connivent,corolla,deltate,diameter,distal,ellipsoid,ellipsoidal,entire,especially,flattened,fruit,glabrous,globose,greenish,growth,hastate,lateral,line,lobe,lobed,long-acuminate,loosely,margin,minutely,mm,nearly,often,outline,pale,pedicel,peduncle,perfect,petiole,pitted,plant,plump,pubescence,pubescent,purple,red,reddish,reniform,ripe,scrambler,seed,semi-woody,shiny,simple,slightly,somewhat,sparsely,stellate,stem,stigma,style,surface,terminal,thin,tinged,tip,triangular,trichome,truncate,tube,uniseriate,vine,weak,white,x	.3,0.2,0.5-1,0.8-0.9,1,1-4,2-,3-5,3-6,5-merou,6-10,adaxiall,ag,alyx,angled,anthesi,apar,apparently,ark,articulated,ascending,basal,berry,cell,deep,deflexed,densely,dried,eaf,eed,enlarged,erect,exposed,exserted,eye,filament,fleshy,flower,free,fruiting,furcate,green,ilament,impressed,internal,irregularly,lamina,later,lengthening,like,linear,long,lower,material,mature,midvein,minute,new,nflorescence,occasionally,older,orolla,pair,papillate,papillo,parallel,part,per,pericarp,plurifoliat,pointing,pore,poricidal,portion,primary,prominently,purplish,rectangular,reflexed,rest,rounded,ruit,scar,short,shorte,silky,sinuate,sleeve,slender,slit,sometimes,spaced,spreadin,strongly,subshru,tem,testal,twinin,ud,uniformly,unit,upper,usually,vary,vein,visible,wall,woody,yello,ympodial,young	adhesion,arrangement,blade,climate,colour,form,glandular,hair,height,history,inflorescence,leaf,length,life,midpoint,na,number,ovary,position,presence,ray,reproduction,rugulose,shape,size,staman,stipe,texture,yellow
784	wfo-0001031880	success	180	114	83	97	31	0.461	0.5-2,0.7-0.8,1,1-1.3,1-1.5,2-3,2-9,2.5-8,3-3.5,3-foliate,3-lobed,4,4-8,5-6,7-9,acuminate,acute,anther,apex,base,broadly,brown,calyx,capitate,cm,conical,cordate,corolla,cup-shaped,dark,densely,diameter,elliptic,entire,flattened,fleshy,fruit,glabrous,glandular,globose,green,herb,inflorescence,internodal,leaf,lobe,long,margin,minutely,mm,narrowly,orange,ovary,ovoid,pale,papillose,pedicel,peduncle,petiole,poricidal,pubescent,purple,red,reddish,reflexed,shallowly,simple,slightly,stem,stigma,style,subshrub,surface,thin,tip,toothed,triangular,trichome,truncate,tube,uniseriate,x,yellow	.5,0.5-1,1-2,1.5,2,2-4,3-4-pluri-foliate,5,6-9,abaxially,adaxially,age,anthesi,apart,basal,bearing,becoming,berry,c.,cell,ciliate,color,crenate,crowded,curved,eaf,edicel,eed,ellipsoid,enlarged,erect,exerted,filament,flower,flush,free,fruiting,gland,gland-tipped,growing,heteromorphic,hollow,horn,irregularly,lamina,lengthening,less,lon,longest,lower,markedly,mature,maturit,mid-length,middle,near,nflorescence,nodding,ovate,pair,papillo,pericarp,pitted,plan,pore,portion,primary,pubescen,rachi,ruit,scar,shortest,single,slender,slit,sometimes,spaced,sparse,sparsely,spreading,straight,strongly,terminal,testal,ud,unicellula,unit,unlobed,upper,upward,vein,wall,widely,widest,woody,ympodial,–5	1.5-5,adhesion,arrangement,blade,climate,colour,form,growth,hair,height,history,length,life,midpoint,na,number,perennial,plant,position,presence,pubescence,ray,reproduction,rugulose,seed,shape,size,staman,stellate,stipe,texture
785	wfo-0001031881	invalid_json_followup	168	160	118	50	42	0.702	.5,0.2,0.5-0.7,0.5-1,1-1.3,1-1.5,1-7,1.2-6,1.5-2.5,1/3,10-30,2,3.5-4,3/4,5-6,7-14,absent,acute,along,anther,anthesi,apex,attenuate,axil,bark,base,beneath,branch,branched,broadly,brown,bud,calyx,campanulate,capitate,cm,constriction,corolla,dark,decurrent,deflexed,deltoid,densely,dia,differing,difoliate,distal,dry,drying,elliptic,erect,evenly,exserted,filament,free,fruit,fruiting,glabrous,globose,golden,golden-puberulent,golden-pubescent,green,inflorescence,lateral,leaf,lightly,like,lobe,lobed,long,main,margin,material,maturity,midrib,minute,minutely,mm,obovate,occasionally,opposite,ovary,ovoid-reniform,papillose,pedicel,petiole,pitted,poricidal,portion,puberulent,pubescent,rest,rounded,shape,shrub,simple,size,small,soon,spaced,sparsely,stem,stigma,strong,style,surface,tip,tree,trichome,tube,uniseriate,unit,vein,way,white,winged,x	0.1-0.5,0.2-0.6,0.4-1,10-12,2-9,3-19,apar,apparent,ba,eaf,edicel,eed,either,ellipsoid,fleshy,geminat,greyish-brow,incrassate,inflorescenc,junction,lon,lower,major,middle,minor,nflorescence,older,one,orbicular,pair,papillo,planar,pore,puberulen,ruit,scar,shaped,slender,slightly,somewhat,straight,tall,tapering,tear-drop,ud,usually,widest,woody,ympodial,young	'',[,``,adhesion,apart,arrangement,blade,character,characteristic,climate,colour,diameter,form,glandular,greyish-brown,growth,hair,height,history,length,life,midpoint,na,number,peduncle,perennial,plant,position,presence,pubescence,ray,reproduction,rugulose,seed,staman,stellate,stipe,sympodial,texture,value,{,}
786	wfo-0001031886	success	169	102	72	97	30	0.426	-9,.5,0.5-1,1-1.5,1-4,1.2-2.5,10-40,2-2.5,2-5,2.0-2.5,3.0,5-10,5-6,9-10,anther,axillary,base,bright,broadly,brown,calyx,capitate,cm,completely,conical,corolla,deltate,diameter,elliptic,fleshy,free,fruit,glabrous,green,greenish,half,lobe,lobed,long,lower,margin,minutely,mm,nearly,occasionally,open-conical,ovary,ovoid-reniform,papillae,papillate,papillose,pedicel,petiole,pinnate,poricidal,reddish,rugose,seed,shape,shrub,somewhat,sparse,stigma,style,surface,tip,triangular,trichome,tube,uniseriate,white,x	-1.2,-25,-4,0,0.1,1.5-2,2,2-3,2-4,20-30,3-6,4,4-15,5-ridged,6-20,6-8,abaxially,abruptly,absent,acuminate,adaxially,along,anthesi,anticlinal,apex,arising,attenuate,axil,basal,beak,bearing,berry,bud,cell,clavat,commonly,distinctly,dry,eaf,earl,edicel,eed,either,em,epidermal,equal,erec,exserted,filament,flower,fruiting,irregular,lanceolate,lateral,le,leaflet,narrowed,near,nflorescence,noddin,node,oblique,pair,per,petiolule,portion,primary,projection,purple,rachi,raised,reflexed,ripe,ruit,scar,scattered,similar,simple,single,sinuous,smaller,smelling,specimen,strongly,terminal,thickening,time,tub,ud,unifoliat,unit,usually,vein,wintergreen,without,woody,ympodial	1,1-1.2,adhesion,arrangement,clavate,colour,form,growth,height,history,inflorescence,leaf,length,life,na,peduncle,perennial,plant,position,presence,pubescence,reproduction,rugulose,size,staman,stellate,stem,texture,unifoliate,ye
787	wfo-0001031895	success	160	111	86	74	25	0.537	-1.5,1-1.5,1.5-3,1.5-6,2-2.5,2.5-3,3-4,3-8,3.5-6,4,4-5,4.5-16.5,5,5-6,6-7,anther,anthesi,apex,base,beneath,berry,bluish,broadly,calyx,campanulate,capitate,cm,completely,conical,corolla,cup-shaped,dark,deltate,densely,diameter,elliptic,glabrous,globose,green,growth,immature,leaf-opposed,leafy,lobe,lobed,matte,minutely,mm,new,older,ovary,overlapping,ovoid,pale,papillate,pedicel,peduncle,perfect,petiole,pitted,planar,poricidal,reniform,shiny,shoot,short,shrub,simple,small,somewhat,stem,stigma,stout,style,surface,tan,terminal,thin,tip,tree,tube,violet,way,white,x,¼-1/2	0.5,0.5-1,0.5-2,1.5-2,3-10,5-8,6-9,acute,age,apparently,articulating,attenuate,bark,blac,cell,drying,eaf,eed,ellipsoid,emarginated,enlarging,entire,erec,erect,exerted,exfoliating,expand,filament,fleshy,flower,fragrant,free,fruiting,glabrou,inflorescenc,intensely,irregular,leaving,lengthening,less,lower,margin,nflorescence,occasionally,once-branched,pair,papillat,part,patch,peeling,peg,pericarp,plurifoliat,pore,portion,primary,reddish,revolute,ruit,scar,sinuate,slender,slightly,slit,straight,strongly,testal,thick,tub,ud,unit,vein,woody,ympodial	adhesion,arrangement,colour,form,fruit,height,history,inflorescence,leaf,length,life,na,perennial,plant,position,presence,pubescence,reproduction,rugulose,seed,shape,size,staman,stellate,texture
788	wfo-0001031896	success	196	112	85	111	27	0.434	0.3-0.7,0.3-0.8,0.5-1,0.5-2,1-1.5,1-10,1-3,13,2,2-2.5,2-3,2-4.5,2-7,3-30+,3-5,4-7,5-15,5-9,6-30+,6-9,abaxially,acute,adaxially,anther,apex,base,blade,brown,calyx,chartaceous,cm,coarsely,densely,diameter,elliptic,entire,equal,extra-axillary,ferruginous,flattened,fruit,glabrous,glandular,glandular-puberulent,globose,green,hair,lobe,long-acuminate,margin,midpoint,mm,moderately,orange,pedicel,peduncle,petiole,pinnatifid,pubescence,pubescent,ray,rounded,shape,shrub,simple,size,small,sparsely,stellate,stellate-pubescent,stem,stigma,style,subcordate,surface,tapered,tip,toothed,tree,truncate,tube,white,whitish,x,yellow	-1.5,0-1.2,0.1-0.6,0.3-0.5,0.3-1,0.4-0.8,1-1.2,1-2,1.5,10-20,10-20+,15-20,2-5,5,5-10,5-6,6-10,7-10,9-18,accrescent,adaxiall,ample,apart,apparently,armed,articulated,axe,ba,branched,broad-based,capitat,connivent,conspicuously,contiguous,covering,curved,cylindrical,denser,difoliate,directed,distall,eaf,eed,eglandular,erect,ferruginous-pubescent,filament,flower,forked,frequently,frui,fruiting,geminate,gland-tipped,held,interpetalar,lanceolate,lateral,less,like,lon,long,long-stalked,longer,lower,midrib,midvein,minutely,mixed,mostly,multangulate,nearly,nflorescence,oblique,occasional,occasionally,often,orolla,perfect,pitted,pore,porrect,prickle,rachi,recurved,ruit,sessile,short,shorter,slightly,sometimes,spaced,stalk,stalked,ste,stellae,straight,tal,tamen,tem,time,tissue,unarmed,unbranched,uniform,unit,uprigh,vary,vein,wide,ympodial	adhesion,arrangement,capitate,climate,colour,corolla,form,growth,height,history,inflorescence,leaf,length,life,na,number,ovary,plant,position,presence,reproduction,rugulose,seed,staman,stipe,texture,ye
789	wfo-0001031897	success	264	133	107	157	26	0.405	.5,.8,0.1-0.5,0.15,0.4-1.1,0.5-3,0.6,1.1,1.3-2,1.5-8,1.7-3,13,2-4,5-6,6-9,abaxial,absent,almost,along,anther,apex,base,bendy,berry,black,brachyblast,branch,brown,calyx,cell,chartaceous,clavate,clustered,cm,conical,connate,coriaceous,corolla,dark,dense,diameter,distributed,drying,elliptic,enlarged,epiphyte,erect,evenly,except,filiform,free,fruit,glabrous,grey,hair,inner,inside,lanceolate,leaf,light,linear,lobe,lobed,long,margin,mauve,midvein,mm,multicellular,multiseriate,obconical,oblong,orange-brown,outside,ovate,ovoid,papillose,pedicel,peduncle,petiole,plant,pubescent,shrub,side,simple,smooth,sometimes,sparse,sparsely,stem,stigma,style,surface,terminal,thick,thin,toward,trichome,tube,unarmed,unbranched,unicellular,usually,weakly,white,x,young	.1,0-1,0.2-0.4,0.5-1,0.8-1.5,0°,1,1-1.5,1-2,1-2.5,1.5,2/3,4-5,462.,8,abaxially,accrescent,acute,adaxial,adaxially,age,alyx,anthesi,apar,apically,apparently,appearing,appendage,arising,aristate,articulated,attenuate,axillary,bark,boiteau,branched,clearly,concolorous,condensed,covering,cuneate,curved,datum,dehiscing,delineated,dendritic,densely,developed,developing,development,dilated,divided,domatia,dorsal,dorsifixed,dry,dull,eaf,earliest,ed,entire,equal,even,extending,eye,faint,filament,fine,flower,foliaceous,fruiting,green,immature,indistinc,known,lamina,larger,lateral,least,lengthening,like,longitudinal,longitudinally,looped,lower,m.,main,margi,membranous,minute,minutely,naked,never,nflorescence,nther,oblon,obtuse,occasional,occasionally,one,orange,orolla,overlapping,pair,part,partly,pendulous,perfec,pericarp,persisting,plurifoliat,pointed,pore,poricidal,portion,primary,prominent,pronounced,protruding,raised,rarely,reach,reddish,revolute,ribbed,ridge,ridged,ruit,scar,secondary,see,seen,shoot,short,sinus,slender,slightly,smaller,smoot,stump,subulate,sunk,tearing,terete,tertiary,tip,ud,unit,vary,vein,venation,visible,well-developed,wide,winged,wrinkle,ympodial	adhesion,arrangement,colour,form,growth,height,history,inflorescence,length,life,na,number,ovary,perennial,position,presence,pubescence,ray,reproduction,rugulose,seed,shape,size,staman,stellate,texture
790	wfo-0001031908	success	213	137	113	100	24	0.531	0-22,0-45,0-9,0.4-1.4,1-2,1-4,1-5.5,1.5-5.5,10-35,2-6,3-8,3.5-9,4-25,5-11,5-13,5-19,8-22,9-13,abaxially,acute,adaxially,along,anther,apparently,attenuate,auriculate,axillary,band,base,blue,broadly,brownish,bud,chartaceous,cm,condition,cordate,corolla,densely,diameter,distal,drying,elliptic,elliptic-lanceolate,especially,falcate,flower,forked,fresh,fruit,glabrous,globose,green,green-white,greenish,hair,half,herb,interjected,lanceolate,leaf,leaflet,lengthening,like,lilac,lobe,long,membranous,midrib,minutely,mm,mucilaginous,nearly,odd-pinnate,ovate,ovoid,pair,papillose,pedicel,peduncle,perfect,petiole,pink,plant,pore,puberulent,pubescent,purple,red-purple,ripe,rotate,rotate-pentagonal,seed,semi-elliptic,short,size,slit,spot,stem,stigma,style,subtending,surface,terminal,throughout,tinged,tube,usually,wet,white,whitish,x,yellow	0-25,1-10,1-8,3-5,5,5-merou,7,absent-10,acumen,acuminate,ag,almost,alyx,apart,apex,approximately,articulated,ascending,axe,berry,blade,capitat,cell,ciliate,color,connivent,covering,cuneate,dark,decreasing,decumbent,digestion,dorsally,dull,eaf,edge,eed,enzyme,erect,exceeding,filament,flat,folded,geminat,generally,glabrou,hair-like,homostylous,honeycomb-shaped,lateral,living,lower,make,margin,medium,middle,mottle,nflorescence,oblique,often,orolla,petiolulate,plurifoliate,poricidal,prominent,prostrat,rarely,removed,rounded,ruit,secondary,semi-erect,sessile,seudostipule,shiny,shortly,slightly,spaced,specimen,stamen,star,ste,stippled,straight,tall,tamen,tem,testal,thick,thir,tip,tri-,truncate,uniform,unit,unwinged,vary,wall,wing,ympodial	adhesion,age,arrangement,calyx,capitate,colour,form,growth,height,history,inflorescence,length,life,mottled,na,ovary,perennial,position,pseudostipule,pubescence,reproduction,shape,staman,texture
791	wfo-0001032157	success	136	88	55	81	33	0.404	.5,0.5-1,0.6-1,0.75-1,1-3,2-3,2.2,3-6,7-9,9-17,acute,anther,apex,base,bi-lobed,calyx,cm,completely,corolla,decurrent,deltoid,dia,elliptic,glabrous,globose,green,leaf,lobe,lobed,margin,minutely,mm,nearly,opposite,ovary,ovoid-reniform,papillose,pedicel,petiole,pitted,plant,poricidal,reddish,rounded,shrub,size,stem,stigma,style,surface,tip,tube,white,x,yellowish	.75,0.25,1.9-2.2,2-5,5-15-flowered,5-8,5-9,anthesi,apart,bark,becoming,beginning,beneath,berry,caly,crystalline,deflexed,differing,difoliate,dry,eaf,edicel,eed,evenly,exserted,filament,free,frui,fruiting,geminat,glabrou,golden,incrassate,inflorescenc,lateral,less,live,living,lon,long,longitudinal,lower,main,major,middle,minor,nflorescence,obscure,older,one,pair,paler,papillo,peeling,persistent,pore,portion,raised,reflexed,ruit,scar,shaped,shiny,simple,slender,slightly,soon,spaced,straight,strip,tall,tapering,tear-drop,translucen,ud,unit,vein,widest,woody,ympodial,young	adhesion,arrangement,blade,climate,colour,diameter,form,fruit,glandular,growth,hair,height,history,inflorescence,length,life,midpoint,na,number,peduncle,perennial,position,presence,pubescence,ray,reproduction,rugulose,seed,shape,staman,stellate,stipe,texture
792	wfo-0001032161	success	146	118	81	65	37	0.555	.5,0.4-1.2,0.5-1,0.7-4,0.75-1,0.8-1,1-1.5,1-11,1-3,1.2-1.3,2-7,2.5-3,3.5-4,acute,anther,anthesi,apex,area,bark,base,calyx,closely,cm,conical,coriaceous,corolla,dark,deltate,dia,drying,ellipsoid,elliptic,filiform,glabrous,globose,golden,green,inflorescence,internodal,later,leaf,lobe,lobed,margin,minute,minutely,mm,mustard,obovate,opposite,ovary,ovoid-reniform,pale,papillose,pedicel,pericarp,persistent,petiole,pitted,plant,poricidal,pubescent,quadrate,revolute,scar,shrub,spaced,sparsely,stem,stigma,style,surface,tan,thin,tip,trichome,tube,uniseriate,white,x,yellow	1.4-2,2-8-flowered,?,abaxially,adaxiall,adaxially,apical,ba,beneath,berry,branched,brownish-blac,color,deflexed,delicate,dendritic,densely,difoliate,eaf,edicel,eed,exserted,filament,free,fruiting,giving,hanging,lamina,like,long,lower,many,merely,middle,nearly,nflorescence,occasionally,older,overlappin,plurifoliate,pore,portion,projection,reflexed,rest,ruit,shaped,shiny,shoot,short,simple,strongly,styl,sulcate,tall,tear-drop,tub,ud,unit,usually,vein,widest,yellowish,ympodial,young	adhesion,arrangement,blade,brownish-black,bud,climate,colour,diameter,form,fruit,glandular,growth,hair,height,history,length,life,midpoint,na,number,overlapping,peduncle,perennial,position,presence,pubescence,ray,reproduction,rugulose,seed,shape,size,spacing,staman,stellate,stipe,texture
793	wfo-0001032165	success	197	106	76	121	30	0.386	0.3-1,0.75-1,1-1.2,1-1.5,1-2,1.5-4,10-25,2-2.5,2.5-3.5,3-6,5-15,5-6,5-7,acute,anther,apex,base,broadly,brown,calyx,capitate,center,cm,continued,corolla,cup-shaped,dark,deltoid,densely,dry,due,dull,elliptic,glabrous,globose,golden,golden-puberulent,golden-pubescent,green,inflorescence,leaf,lobe,lobed,margin,minute,minutely,mm,obovate,ovary,ovoid-reniform,pedicel,petiole,pitted,plant,poricidal,presence,purplish,ripe,shape,size,small,specimen,stem,stigma,style,surface,terminal,tinged,tip,tree,trichome,tube,uniseriate,white,x,young	.25,.5,0.1,0.1-0.3,0.25-0.5,3-4,3.5-8.5,4-6,5-30-flowered,5-9.5,8-9,abaxial,adaxial,along,anthesi,apparent,appearing,ba,bark,beginning,beneath,berry,bud,closely,cucullate,deciduous,decurrent,denser,dia,differing,difoliate,distal,eaf,edged,edicel,eed,ellipsoid,end,entire,erect,even,expansion,exserted,exsertion,filament,free,fruiting,geminat,greyish-brown,immature,inflorescenc,later,lateral,less,like,live,lon,long,lower,main,major,markedly,medial,middle,midrib,minor,near,nearly,nflorescence,node,occasionally,older,once-furcate,one,onto,opposite,orbicular,overlapping,pair,pale,paler,papillo,papillose,planar,pore,portion,prominent,puberulent,rather,rest,ridge,rounded,ruit,scar,shaepd,simple,single,slender,slightly,slow,smoot,spaced,stout,straight,stripe,strongly,swollen,tall,tapering,tear-drop,thickened,time,tub,ud,unit,vein,widest,winged,woody,yellowish,ympodial	adhesion,arrangement,blade,climate,colour,diameter,form,fruit,glandular,growth,hair,height,history,length,life,midpoint,na,number,peduncle,perennial,position,pubescence,ray,reproduction,rugulose,seed,staman,stellate,stipe,texture
794	wfo-0001032167	success	163	109	76	87	33	0.466	.5,0.5-1,0.5-1.5,0.5-2.5,0.75-3,1-2,1-2.5,1-3,1-7,1.5,10-20,12-20,2-4,2-7,2-foliate,4-6,5-15,7-10,abaxially,absent,acute,adaxially,anther,apex,base,blade,brown,calyx,chartaceous,ciliate,cm,densely,diameter,dm,drying,elliptic,elliptic-ovoid,entire,flower,fruit,glabrous,globose,growth,hair,herb,immature,linear-lanceolate,lobe,margin,maturing,membranaceous,mm,moderately,nearly,oblong,obtuse,pedicel,peduncle,petiole,pubescent,purple,rotate,rounded,seed,semitransparent,sparsely,staman,stigma,style,surface,tube,twisted,usually,white,x,yellow	1,1-2-celled,1-5,10-35,3-6,3-7,4-10,abundant,adaxiall,along,appressed,axe,berry,cell,closely,common,connected,cordate,curved,decurrent,dehiscing,dense,denser,eaf,eed,emarginat,explosively,few-,filament,flat,flattened,forming,frui,geminat,geniculate,growt,held,interpetalar,larger,long,longer,lower,lowermost,lying,many-branched,maturit,mesocarp,near,netlike,new,nfloresence,notch,often,older,one-celled,orolla,per,placenta,pressure,projection,pubescen,rachi,raised,ruit,shorter,slightly,small,smaller,sometimes,stamen,straight,tal,tamen,tem,tissue,triangular,two-celled,unbranched,unit,upper,vary,vein,wall,watery,wid,woody,ympodial	adhesion,arrangement,climate,colour,corolla,form,geminate,glandular,height,history,inflorescence,leaf,length,life,midpoint,na,number,ovary,perennial,plant,position,presence,pubescence,ray,reproduction,rugulose,shape,size,stellate,stem,stipe,texture,ye
795	wfo-0001032176	success	177	95	73	104	22	0.412	.5,0.42,0.5-0.7,0.8-6,1-1.2,1-10,1.5-1.6,1.5-2.5,1.5-6,2.5-10,3-15,3-3.5,3-4,6,6-10,7,anther,apex,apical,attenuate,axillary,base,calyx,cm,conical,corolla,densely,diameter,elliptic,glabrous,green,greenish,grey-brown,greyish,herb,leaf,leaflet,lobed,long-papillose,margin,minutely,mm,obtuse,ovary,ovoid-reniform,pale,papillose,pedicel,petiole,petiolule,pinnate,poricidal,projection,pubescent,quadrate,rachi,reflexed,rounded,seed,sinuous,size,slightly,sparsely,stem,stigma,style,thickening,tip,tube,vein,white,winged,x	0,0.5,0.5-0.75,0.5-1,0.8-1,1/2,100,2-3,3-7,5-6-celled,adaxially,adhering,along,anthesi,apart,arising,attaining,axil,basal,beak,becoming,berry,branched,capitat,cateniform,cell,containing,copiously,creeping,cucullate,denser,drying,eaf,edicel,eed,ellipsoid,epidermal,equal,especially,exserted,fallen,filament,filiform,flower,free,fruiting,globose,hangin,inflorescenc,lateral,lengt,lengthening,like,lobe,log,long,lower,minute,nearly,nflorescence,nodding,node,obovate,occasionally,often,onto,open,pair,per,pore,portion,rest,rooting,ruit,scar,separate,simple,single,slit,smaller,somewhat,soon,spaced,strait,strongly,tem,terminal,tightly,time,tree,trichome,truncate,trunk,tub,ud,ultimate,unevenly,unifoliat,uniseriate,unit,wall,whit,without,ympodial	arrangement,capitate,colour,form,fruit,growth,height,history,inflorescence,length,life,na,peduncle,perennial,plant,position,pubescence,reproduction,rugulose,shape,surface,texture
796	wfo-0001032183	success	162	105	73	89	32	0.451	0-0.1,0.3-0.6,0.4-0.6,0.5-1,0.5-1.5,0.6-0.9,0.7-1.4,0.9-1,1.1-2.3,2.4-2.7,3.5-4.5,4-6,5-9,5.5-7,7-8,7-9,absent,acute,adaxially,anther,apex,base,blade,calyx,chartaceous,cm,cuneate,densely,diameter,elliptic,entire,extra-axillary,flower,fruit,glabrous,gland-tipped,globose,grey,hair,inflorescence,lanceolate,lateral,length,lobe,long,margin,midpoint,mm,obtuse,ovate,pale,pedicel,peduncle,perennial,petiole,pubescent,purple,ray,red,rhizomatous,rotate-stellate,short,shrub,simple,sparsely,stellate-pubescent,stigma,style,time,tube,white,x,yellow	%,0-1.5,0.1-0.2,0.2-0.8,0.25-0.4,0.4-0.5,0.4-0.8,0.4-4,1-2,1-3,1.5-1.9,16-23,2-foliate,2.7-3.6,4-,4.5-7,5-merou,7-12,8-9,abaxially,absen,accrescent,across,adaxiall,alyx,apart,articulated,axe,ba,capitat,confined,contiguous,cylindrical,directed,distall,distally,distributed,eaf,eed,eglandular,erect,exceeding,finger,fruiting,geminat,glaberous,green,homostylous,juicy,lamina,lower,markedly,mature,mesocarp,mid-point,midrib,minute,nearly,nflorescence,oblique,orolla,part,per,perfect,pore,porrect,prickle,pseudo-umbellate,rachi,ruit,sessile,solitary,spaced,stalk,stellae,succulen,tal,tamen,tem,thick,thicker,throughout,unarme,unarmed,unbranched,unit,vary,wide,ympodial	adhesion,arrangement,capitate,climate,colour,corolla,form,glandular,growth,height,history,leaf,life,na,number,ovary,plant,position,presence,present,pubescence,reproduction,rugulose,seed,shape,size,staman,stellate,stem,stipe,surface,texture
797	wfo-0001032187	success	139	89	59	80	30	0.424	-11,-4.2,-5,-9,0.1–1.4,0.5,0.5-,0.6–1.3,1.1–3.2,1.3–1.8,1.6–2.1,1.8–2,1.8–2.8,2–9,3.1–3.5,3–4,5–7,7–11,adherent,anther,aromatic,broadly,brown,brownish,cm,corolla,dark,elliptic,erect,flowered,glabrescent,globose,herb,leaf,light,lobe,mm,obovate,ovate,pedicel,peduncle,pentagonal,persistent,petiole,plant,purple,simple,soft,stellate,stem,style,sub-glabrous,texture,triangular,yellow,yellowish,±,±1,×	-2.1,-4,0.5–1,100,1–1.7,22,24.6–26.3,3–3.2,5-merous,9,acuminate,acute,alyx,angular,ape,apex,appressed,base,berry,blade,branch,changing,consisting,cyme,di-foliate,dia,dull,eaf,eed,eglandular,entire,equal,filament,forked,fully,geminat,granule,green,hair,hite,hooked,hydrated,long,lower,many,margin,marked,mature,nflorescence,numerous,occasionally,penden,per,perfec,petiolate,pollen,predominantly,presen,protruding,rarely,ridge,ruit,running,sclerotic,short,small,sometimes,sparse,spreading,stage,straight,tinged,tooth,truncate,unit,well,widest,wing,ympodial,µm	adhesion,arrangement,calyx,colour,diameter,form,fruit,growth,height,hermaphroditic,history,inflorescence,length,life,na,ovary,perennial,position,presence,pubescence,reproduction,rugulose,seed,shape,size,staman,stigma,surface,tube,white
798	wfo-0001032190	success	230	149	116	114	33	0.504	-1,-3.4,0-0.6,0.2-0.3,0.5-3,0.7-1.1,0.8-1.1,1-1.5,1-1.7,1-6,1.2-2.1,1.2-3,1.3-5,1.5-3.5,1.8-3,1.9-4.5,10,2-6,2.5-10,3-21,4-5,5-22,7-28,abaxially,acuminate,acute,anther,apart,apex,articulated,attenuate,base,becoming,blade,blunt-tipped,brown,calyx,campanulate,closely,cm,coarse-stalked,conical,continued,coriaceous,corolla,deltoid,densely,diameter,due,elliptic,entire,few-rayed,flower,fruit,glabrescent,glabrous,globose,granular-pubescent,green,growth,hair,honeycombed,inserted,lanceolate,lateral,leaf,length,lobe,long-,margin,mixed,mm,moderately,mostly,multangulate,near,oblanceolate,oblong,occasional,pale,pedicel,peduncle,petiole,porrect-stellate,pubescent,relatively,reniform,reticulate-punctate,ripe,rotate-stellate,scabridulous,scabrous,sessile,short-,shrub,simple,small,somewhat,spaced,sparsely,stelliform,stem,stigma,style,suborbicular,terete,terminal,tomentose,tree,truncate,tube,white,whitish,x,yellow,yellowish	-6,.5-6,/100-1/20,0-80,0.4-1.5,0.6-1.5,1.5-4,1.6-4.4,1/2-3/4,2.5-4.3,2.7-6.8,3.5-8,4-6,4.5-7,6-11,6x,7-11,absent,accrescent,adaxially,ag,along,anthesi,apical-lateral,apparently,appressed-tomentose,axe,axillary,ba,bark,berry,branch,branched,bud,chartaceous,decurrent,dehiscing,eaf,eed,ellipsoid,evident,exserted,extend,filament,fleshy,free,fruiting,glabrou,high,hirsute,introrse,large,line,lobed,long,long-attenuate,long-stalked,longitudinal,lower,m.,magnification,main,midvein,minute,multangulat,multiseriate-stalked,nearly,nflorescence,obtuse,occasionally,older,openly,orolla,ovat,ovate,overlapping,partly,perfect,plurifoliate,pore,porrect-stellat,present,rachi,rarely,rather,ruit,runk,short-stalked,side,slit,sparse,stamen,stipitate-glandular,strongly,subcapitat,subcoriaceous,suture,tamen,testa,thick,thin-stalked,time,touching,toward,unarme,unarmed,unit,usually,vary,vein,way,wide,ympodial,young	abaxial,adaxial,adhesion,arrangement,climate,colour,form,glandular,height,history,inflorescence,life,midpoint,number,ovary,perennial,plant,position,presence,pubescence,ray,reproduction,rugulose,seed,shape,size,staman,stellate,stipe,subcapitate,surface,texture,unknown
799	wfo-0001032206	success	216	127	77	139	50	0.356	-0.8,0.2,abaxially,acute,andromonoecious,anther,apex,base,berry,blade,calyx,chartaceous,cm,connivent,cream,cuneate,dark,deltate,diameter,elliptic,flattened-reniform,flower,foliaceous,fruit,glabrescent,glabrous,green,lateral,leaf,length,lobe,lobed,long,long-styled,margin,marking,maturity,mauve,midpoint,midvein,mm,moderately,obtuse,orange-brown,ovate,pale,pedicel,peduncle,petiole,plant,poricidal,purple,ray,short-styled,shrub,smooth,sometimes,sparsely,spherical,stellate,stellate-pubescent,stem,stout,style,surface,tapering,tip,toward,trichome,truncate,tube,usually,white,wide,yellow,yellow-orange,young	-2,-20,-5,..,.2,.5,0,0.2–0.4,0.2–0.5,0.5–1,0.8–1.2,00–200,0–20,0–30,0–5,1,1.1–1.2,1.2–2.2,1.5–2,1.5–2.5,1/3,1/4–1/2,1/4–1/3,1/6,10–80,11–22,1–2,1–2.3,1–3,1–4,2.5–3.3,2.7–3.5,2–2.5,2–3,2–8,3.5–9,30–80,3–4,4.5–5.8,4–6,5-merous,5–15,5–20,5–6,5–8,5–9,6–10,6–15,6–8,7–10,8–20,accrescent,adaxially,alyx,apar,apart,apically,apparently,approximately,armed,articulated,bark,bluntly,branched,broad-deltate,brow,clearly,concolorous,covering,curved,discolorous,distal,distance,drying,eaf,eed,equal,erect,extending,filament,flattened,free,fruiting,functionally,gently,green-brown,hermaphroditic,heterostylous,infructescence,lengt,lobing,longer,lowermost,mal,mature,nflorescence,often,older,one,open,orolla,ower,pair,pendent,pendulous,per,pericarp,plurifoliat,porrect,portion,prickle,primary,rarely,reflexed,scar,secondary,sessile,side,slender,spaced,spreading,stalk,stalked,straight,tamen,tertiary,time,uit,unarmed,ung,unit,variously,vary,vein,venation,visible,weakly,woody,ympodial	0.2-0.5,0.5-1.5,0.8-1.2,1-2.3,1-3,1.1-1.2,1.5-2.5,1/4-1/2,11-22,2-2.5,2.5-3.3,2.7-3.5,3-4,3.5-9,4.5-5.8,5-15,5-6,5-9,6-8,7-10,8-20,adhesion,arrangement,climate,colour,corolla,form,glandular,growth,hair,height,history,inflorescence,life,na,number,ovary,perennial,position,presence,present,pubescence,reproduction,seed,shape,size,staman,stigma,stipe,texture
