	coreid	status	nwords_original	nwords_result	nwords_val	nwords_recovered	nwords_omitted	nwords_created	nwords_recovered_val	nwords_created_val	common_words	original_only	result_only	common_words_val	val_only
0	wfo-0001025652	success	156	108	70	87	69	21	68	2	.3,.5,0.5-1,1.5-2,10-20,15-17,2-3,2-6,20-50,4,4-7,acuminate,acute,anther,anthesi,apex,bark,base,bilobed,blade,calyx,closed,cm,completely,corolla,decurrent,densely,elliptic,emerge,envelope,filament,fleshy,fruit,furcate,glabrous,green,greyish,growth,lateral,leaf,lobe,main,margin,matte,middle,minutely,mm,nearly,new,occasionally,onto,opposite,ovary,ovoid,ovoid-reniform,pair,pale,paler,papillose,parallel,pedicel,petiole,pinkish-grey,plant,poricidal,red-papillose,shape,shiny,shrub,simple,size,small,stem,stigma,strongly,style,surface,tan,tear,tip,tree,tube,vein,white,widest,winged,x	1,1-1.5,15-19,2-5,3-3.5,3-5,3-5-flowered,4-6,9-11,abruptly,appearing,broad,campanulate,closely,connate,dia,differing,difoliate,dry,eaf,edicel,eed,flower,free,geminat,glabrate,greyi,growing,irregular,like,live,lobed,lon,long,lower,major,minor,minute,narrowing,nflorescence,older,one,overlappin,papillae,papillo,pitted,planar,pore,portion,rather,ry,scar,shaped,soon,spaced,specimen,straight,tall,tapering,tear-drop,thick,thicker,tightly,ud,unit,wider,wing,ympodial,young	arrangement,berry,bud,characteristic,colour,diameter,exertion,form,glabrousnes,height,history,inflorescence,length,life,lobing,peduncle,perennial,primary,seed,texture,type	.3,.5,0.5-1,1.5-2,10-20,15-17,2-3,2-6,20-50,4,4-7,acuminate,acute,anthesi,base,bilobed,blade,closed,cm,completely,decurrent,densely,elliptic,emerge,envelope,fleshy,furcate,glabrous,green,greyish,lateral,leaf,lobe,main,matte,middle,minutely,mm,nearly,occasionally,onto,opposite,ovoid,ovoid-reniform,pair,pale,paler,papillose,parallel,petiole,pinkish-grey,poricidal,red-papillose,shiny,shrub,simple,small,stem,strongly,tan,tear,tip,tree,vein,white,widest,winged,x	berry,perennial
1	wfo-0001025657	success	239	144	88	109	130	35	86	2	0.1-0.4,0.2-0.4,0.5-2.5,1-1.1,1-1.3,1-1.6,1-3,1.2-1.5,1.3-2,1.5-1.8,1.7-1.9,2-10,2.7-4.3,25-60,3-6,3.2-6,4-4.4,5-14,5-16,6-12,6-8,6.5-10,7-27,8.3-12,acute,also,anther,anthesi,apex,base,berry,bluish,blunt-tipped,branch,branched,brown,bud,calyx,cm,conical,cordate,corolla,dark,deltoid,dendritic-multangulate,diameter,dried,elliptic,entire,exserted,filament,fleshy,flower,fruit,glabrous,glandular,granular,green,hair,lateral,leaf,length,light,lobe,long-stalked,margin,midrib,mixed,mm,multangulate,narrowly,oblong,orbicular,ovate,pedicel,peduncle,persistently,petiole,pseudo-terminal,rachi,ray,reportedly,reticulate-punctate,ripe,short-,shrub,side,simple,soft,stellate,stem,stigma,style,suborbicular,surface,tan,terete,tomentose,tomentose-pubescent,tree,tube,unarmed,vein,velutinous-pubescent,weakly,white,x,yellow,yellowish	-2,/3,12x,2-3.5,2.2-5.5,2.5-9.3,2/3,3-4,3-4.8,4-4.5,4-7,7-9,7-9.5,8-10.5,abaxially,accrescent,adaxially,ag,apart,apparently,appearing,ark,around,articulated,ascending,axe,axillary,ba,blade,broadly,capitat,central,chartaceous,closely,cylindrical,dendritic-multangulat,dense,densely,directed,distally,due,eaf,earl,edge,eed,especially,evident,exerted,expanded,farinose,few-rayed,free,fruiting,glandula,half,inserted,lanate-pubescent,lanceolate,lengthening,lobed,long,longitudinal,lower,m.,magnification,main,minutely,nearly,nflorescence,obtuse,occasional,often,older,open,orolla,ovat,ovate-lanceolate,overlapping,pale,part,parted,partly,perfect,persistent,plurifoliate,pore,poricidal,porrect-stellate,present,pubescence,pubescent,ruit,scented,semi-ovate,sessile,short,short-stalked,slightly,slit,somewhat,spaced,splitting,stamen,stellate-pubescent,stipitate-glandular,stipitate-multangulate,strongly,subcampanulate,subcoriaceous,suture,tall,tamen,thick-stalked,thickened,thin-stalked,time,tip,tomentum,transparent,two-third,ud,unarme,unit,upper,usually,vary,way,wide,ympodial,young	abaxial,adaxial,appearance,arrangement,bark,border,capitate,characteristic,colour,corrugation,drying,exertion,form,giving,glabrousnes,growth,height,history,inflorescence,life,midpoint,na,new,ovary,plant,prickle,primary,seed,shape,size,texture,thicknes,type,variation,width	0.1-0.4,0.2-0.4,0.5-2.5,1-1.1,1-1.3,1-1.6,1-3,1.2-1.5,1.3-2,1.5-1.8,1.7-1.9,2-10,2.7-4.3,25-60,3-6,3.2-6,4-4.4,5-14,5-16,6-12,6-8,6.5-10,7-27,8.3-12,acute,also,anthesi,berry,bluish,blunt-tipped,branched,brown,calyx,cm,conical,cordate,dark,deltoid,dendritic-multangulate,diameter,dried,elliptic,entire,exserted,fleshy,flower,fruit,glabrous,glandular,granular,green,hair,light,long-stalked,midrib,mixed,mm,multangulate,narrowly,oblong,orbicular,ovate,persistently,pseudo-terminal,reportedly,reticulate-punctate,ripe,short-,shrub,side,simple,soft,stellate,suborbicular,tan,terete,tomentose,tomentose-pubescent,tree,unarmed,velutinous-pubescent,weakly,white,x,yellow,yellowish	capitate,na
2	wfo-0001025669	success	214	158	98	115	99	43	95	3	.5,0-7,0.1-0.3,0.8-2.4,1,1-2,1-2.2,1-4,1.3-4.2,1.4-2.5,1.6-4.4,13-35,2-3,2-4,2.2-6,2.2-6.5,2.4-7,3-7,9-24.5,abaxially,absent,adaxially,anther,apex,base,berry,blue,brownish,cell,chartaceous,clavate,cm,condition,corolla,covering,cuneate,diameter,distal,distinct,drying,extra,filament,flower,forming,fresh,fruit,glabrous,globose,green,green-white,greenish,hair,hair-like,herb,interjected,lanceolate,lateral,leaflet,like,lobe,long,make,margin,membranous,minute,mm,moderately,monochasium,mottled,mucilaginous,multicellular,oblique,obtuse,odd-pinnate,orbicular,ovate,ovoid,pedicel,peduncle,petiole,petiolulate,plant,pubescent,purple,rarely,ripe,rosette,rotate,scale-like,seed,sessile,short,size,slightly,sometimes,species,stem,stigma,streaked,style,subglabrous,terminal,testal,thick,throughout,tinged,tube,typically,unwinged,wall,wet,white,whitish,wide,x	0-1,0-5,1-10,1-3,2,3-5,4-6,5-merou,absen,acumen,acuminate,acute,ag,along,alyx,apart,apparently,articulation,axe,blade,broadly,capitat,ciliate,clearly,connivent,contracted,decurrent,digestion,discussion,dorsally,eaf,edge,eed,elliptic,end,enzyme,erec,especially,exceeding,except,flat,flowered,folded,geminat,glabrou,greatly,half,highly,homostylous,honeycomb-shaped,larger,lengthening,living,lower,midrib,minutely,near,nflorescence,obovate,often,one,orolla,pair,perfect,petiolule,placed,plurifoliate,pore,poricidal,proximal,puberulent,reduced,removed,rounded,ruit,see,seudostipule,single,slit,spaced,specimen,stamen,ste,stolo,straight,subequal,tall,tamen,tem,tip,tri-,truncate,tuber,unbranched,unequal,unit,vary,yellow,ympodial	appearance,arrangement,bark,border,branch,bud,calyx,capitate,characteristic,colour,corrugation,erect,exertion,form,fruiting,giving,glabrousnes,growth,height,history,inflorescence,leaf,length,life,lobing,midpoint,na,new,number,ovary,per,prickle,primary,pseudostipule,ray,shape,surface,texture,thicknes,type,variation,vein,width	.5,0-7,0.1-0.3,0.8-2.4,1,1-2,1-2.2,1-4,1.3-4.2,1.4-2.5,1.6-4.4,13-35,2-3,2-4,2.2-6,2.2-6.5,2.4-7,3-7,9-24.5,abaxially,absent,adaxially,base,berry,blue,brownish,cell,chartaceous,clavate,cm,condition,covering,cuneate,distinct,drying,extra,flower,forming,fresh,glabrous,globose,green,green-white,greenish,hair,hair-like,herb,lanceolate,lateral,like,long,make,membranous,minute,mm,moderately,monochasium,mottled,mucilaginous,multicellular,oblique,obtuse,odd-pinnate,orbicular,ovate,ovoid,petiolulate,pubescent,purple,rarely,ripe,rosette,rotate,scale-like,seed,sessile,short,slightly,sometimes,species,stem,streaked,subglabrous,testal,thick,throughout,tinged,typically,unwinged,wall,wet,white,whitish,wide,x	capitate,erect,na
3	wfo-0001025697	success	181	141	81	97	84	44	77	4	-9,0-14,0.15-0.75,0.6-3.5,1-1.7,1-2,1-3,1.5-1.8,1.7-8.6,2-10.5,2-2.6,2-6,25-35,3-10,3-4,3-6,3.3-11,4-7.5,6.5-13.5,abaxially,acuminate,acute,adaxially,anther,apex,attenuate,axillary,base,berry,blue,brownish,bud,clavate,cm,condition,connivent,coriaceous,corolla,dark,deep,diameter,distal,drying,elliptic,filament,forked,fresh,fruit,generally,glabrescent,glabrous,globose,green,green-white,greenish,hair,half,herb,interjected,lanceolate,lateral,leaf,leaflet,light,lilac,lobe,long,medium,mm,mucilaginous,odd-pinnate,ovate,ovoid,pedicel,peduncle,petiole,plant,purple,ripe,rounded,seed,sessile,short,size,stigma,stripe,style,subtending,terminal,throughout,tube,typically,unwinged,usually,wet,whitish,x	0.8-2,10-26,2-4,3-5,5-merou,5.5-11.5,acumen,adaxiall,ag,alyx,apart,apparently,articulated,asymmetric,axe,basiscopic,blade,capitat,cell,covering,decreasing,decurrent,digestion,dorsally,eaf,edge,eed,enzyme,erec,exceeding,flat,flower,folded,geminat,glabrou,hair-like,hal,high,homostylous,honeycomb-shaped,lengthening,linear,living,lower,make,nflorescence,orbicular,orolla,pair,pentagonal,perfect,petiolulate,plurifoliate,pore,poricidal,rachi,removed,rotate,ruit,seudostipule,side,slightly,slit,spaced,specimen,stamen,straight,subequal,subglabrou,tall,tamen,tem,testal,thick,tip,tissue,toward,tri-,unit,vary,wall,wood,yellow,ympodial	appearance,arrangement,bark,border,branch,calyx,capitate,characteristic,colour,corrugation,erect,exertion,form,fruiting,giving,glabrousnes,growth,height,history,inflorescence,length,life,lobing,margin,midpoint,na,new,number,ovary,per,prickle,primary,pseudostipule,ray,shape,stem,surface,texture,thicknes,type,variation,vein,width,woody	-9,0-14,0.15-0.75,0.6-3.5,1-1.7,1-2,1-3,1.5-1.8,1.7-8.6,2-10.5,2-2.6,2-6,25-35,3-10,3-4,3-6,3.3-11,4-7.5,6.5-13.5,abaxially,acuminate,acute,adaxially,attenuate,axillary,berry,blue,brownish,bud,clavate,cm,condition,connivent,coriaceous,dark,deep,distal,drying,elliptic,forked,fresh,generally,glabrescent,glabrous,globose,green,green-white,greenish,hair,half,herb,lanceolate,light,lilac,long,medium,mm,mucilaginous,odd-pinnate,ovate,ovoid,plant,purple,ripe,rounded,sessile,short,stripe,subtending,terminal,throughout,typically,unwinged,usually,wet,whitish,x	capitate,erect,na,woody
4	wfo-0001025699	success	181	148	89	108	73	40	86	3	.2,.5,0.5,1,1-1.5,1-2.5,1-3,1.5-2,1/3,10,15-20,2,2-2.5,2-6,2cm,3-15,3-5.5,4-5,5-8,5-winged,5.5-14,8-9,absent,acute,adaxially,almost,anther,apex,attenuate,bark,base,becoming,berry,branching,brown,c.,calyx,capitate,cm,completely,conical,corolla,dark,darker,diameter,drying,ellipsoid,elliptic,entire,erect,exerted,filament,flower,fruiting,glabrous,globose,green,grey-brown,growth,immature,inflorescence,leaf,leaf-opposed,leafy,less,lobe,margin,markedly,midrib,minutely,mm,new,older,ovary,pair,pale,pedicel,peduncle,per,petiole,poricidal,primary,red,reddish,reniform,reticulate-pitted,rounded,rounded-sagittate,shoot,short,simple,slightly,somewhat,stem,stigma,style,surface,time,tip,tree,tube,vein,way,white,x,yellow,young,½	1-2,1.5,3-3.5,3-8,499,abaxially,age,anthesi,apart,apparently,appearing,articulating,campanulate,conspicuously,continuing,corrugate,crystal,cup-shaped,deltate,densely,difoliate,dorsal,dry,eaf,eed,face,fide,free,glabrou,included,inclusion,inflorescenc,irregularly,lanceolate,leaving,lengthening,lobed,lower,narrowly,nflorescence,nodding,one,onto,oxalate,papillat,papillose,peg,penden,perfect,plurifoliate,pore,portion,ruit,sand,scar,slit,small,spaced,stearn,straight,strongly,tangled,thickened,triangular,trichome,ud,unit,white-spotted,wide,wing,winged,woody,ympodial	appearance,arrangement,border,branch,bud,characteristic,colour,corrugated,corrugation,distal,exertion,form,fruit,giving,glabrousnes,height,history,interjected,lateral,leaflet,length,life,lobing,midpoint,na,number,papillate,plant,prickle,pseudostipule,ray,seed,shape,size,terminal,texture,thicknes,type,variation,width	.2,.5,0.5,1,1-1.5,1-2.5,1-3,1.5-2,1/3,10,15-20,2,2-2.5,2-6,2cm,3-15,3-5.5,4-5,5-8,5-winged,5.5-14,8-9,absent,acute,adaxially,almost,attenuate,base,becoming,berry,branching,brown,c.,calyx,capitate,cm,completely,conical,dark,darker,ellipsoid,elliptic,entire,erect,exerted,flower,glabrous,globose,green,grey-brown,immature,leaf,leaf-opposed,leafy,less,lobe,markedly,midrib,minutely,mm,older,pair,pale,poricidal,red,reddish,reniform,reticulate-pitted,rounded,rounded-sagittate,shoot,short,simple,slightly,somewhat,surface,time,tip,tree,tube,way,white,x,yellow,young,½	corrugated,na,papillate
5	wfo-0001025700	success	189	158	101	116	73	42	99	2	0-16,0.30-2.0,0.5-2,0.7-2.7,0.8-2.6,1.1-2.3,1.5-2,10-40,10.5-12,15-40,2-12,2.5-4,3.5-10.5,3.7-8.6,5-15,5.5-18,5.5-8,9-31,abaxially,acuminate,acute,adaxially,anther,apex,apiculate,apparently,articulated,asymmetric,attenuate,axillary,base,basiscopic,berry,brownish,bud,cell,chartaceous,clavate,cm,condition,connivent,corolla,covering,diameter,distal,dot,drying,filament,flower,forked,fresh,fruit,generally,glabrescent,glabrous,globose,green,green-white,greenish,hair,hair-like,half,herb,high,interjected,lanceolate,lateral,leaf,leaflet,light,lilac,lobe,long,make,medium,mm,mucilaginous,narrowly,odd-pinnate,ovate,ovoid,pedicel,peduncle,perfect,petiole,petiolulate,plant,poricidal,purple,ripe,rounded,seed,short,side,size,sometimes,stigma,style,subtending,terminal,testal,thick,throughout,tip,tissue,tube,typically,unwinged,usually,wall,wet,white,whitish,winged,x,yellow	0.8-4,1-2,1-3,2-7,3-4,3-8,4-5,5-20,5-merou,5.3-17.5,acuman,acumen,ag,alyx,axe,basal,blade,capitat,considerably,decrease,decreasing,digestion,dorsally,eaf,edge,eed,elliptic,enzyme,erec,exceeding,except,flat,folded,geminat,glabrou,hal,homostylous,honeycomb-shaped,larger,lengthening,linear,living,lower,nflorescence,orbicular,orolla,pair,par,pentagonal,plurifoliate,pore,proximal,removed,rotate-pentagonal,ruit,sessile,seudostipule,slightly,slit,specimen,stamen,straight,subequal,subglabrou,tall,tamen,tem,toward,tri-,unit,vary,whose,ympodial	appearance,arrangement,bark,border,branch,calyx,capitate,characteristic,colour,corrugation,exertion,form,fruiting,giving,glabrousnes,growth,height,history,inflorescence,length,life,lobing,margin,midpoint,na,new,number,ovary,per,prickle,primary,pseudostipule,ray,shape,stem,surface,texture,thicknes,type,variation,vein,width	0-16,0.30-2.0,0.5-2,0.7-2.7,0.8-2.6,1.1-2.3,1.5-2,10-40,10.5-12,15-40,2-12,2.5-4,3.5-10.5,3.7-8.6,5-15,5.5-18,5.5-8,9-31,abaxially,acuminate,acute,adaxially,apiculate,apparently,articulated,asymmetric,attenuate,axillary,basiscopic,berry,brownish,bud,cell,chartaceous,clavate,cm,condition,connivent,covering,diameter,distal,dot,drying,flower,forked,fresh,generally,glabrescent,glabrous,globose,green,green-white,greenish,hair,hair-like,half,herb,high,lanceolate,lateral,light,lilac,long,make,medium,mm,mucilaginous,narrowly,odd-pinnate,ovate,ovoid,perfect,petiolulate,plant,poricidal,purple,ripe,rounded,seed,short,side,sometimes,subtending,terminal,testal,thick,throughout,tip,tissue,typically,unwinged,usually,wall,wet,white,whitish,winged,x,yellow	capitate,na
6	wfo-0001025704	success	247	152	107	126	121	26	104	3	0-100,0-2,0-3.5,0.3-0.8,0.5-1.5,0.7-1,1-3.5,1-6,1.2-3,1.5-3.2,1.5-4.5,1.8-3.5,1/2-4/5,2-10,2-3,2-4.5,2.5-4.5,2.7-4,3-15,3-5,3-6,4-5,6-12,8-15,acute,almost,anther,apex,apparently,articulated,auriculate,bark,base,berry,branched,calyx,cell,chartaceous,cm,connivent,cordate,densely,diameter,discolorous,drying,ellipsoid,elliptic,erect,evenly,filament,flattened-reniform,flower,fruit,fruiting,gray,green,green-yellow,irregular,lateral,leaf,length,lobe,lobed,lobing,long,long-styled,margin,maturity,mauve,mm,near,often,orange-brown,outline,ovate,pair,pale,pedicel,peduncle,per,petiole,pit,plant,poricidal,prickle,prickly,primary,raised,rarely,red-brown,red-green,round,rounded,shape,short-styled,shrub,side,small,smooth,sometimes,somewhat,sparsely,spherical,stellate,stellate-pubescent,stem,strongly,style,surface,tapering,terminal,tip,tree,truncate,tube,unarmed,unbranched,vein,way,white,wide,yellow,yellow-green,yellowish,young,×	/6,0-10,0-5,0.1,0.1-0.3,0.1-0.5,0.15-0.8,1,1-2,1-3,1-4,1-5,1.5-2,1/4-3/4,1/5,2,2-5,2-7,3-10,4-12,4.5-6.5,5-20,5-merous,6-15,8-12,8-17,abaxial,abaxially,adaxial,age,alyx,andromonoecious,apar,apart,apically,apiculate,axe,ba,blade,broad-deltate,brow,covering,curved,deltate,development,distal,distance,eaf,eed,elongating,end,equal,extending,flattened,free,glabrescent,glabrous,half,hermaphrodite,heterostylous,infructescence,less,longer,lower,lowermost,mature,midpoint,midvein,moderately,multangulate,nflorescence,obtuse,occasionally,older,one,open,orange,orolla,oung,pendulous,pericarp,plurifoliat,porrect,portion,prickl,prominent,ray,recurved,reflexed,retaining,ruit,scar,secondary,sessile,shorter,slender,spaced,spreading,stalk,stalked,staminat,stellate-pubescen,stout,straight,tamen,terete,tertiary,throughout,time,trichome,unit,upper,variously,vary,venation,visible,warty,white-gray,widening,woody,ympodial	arrangement,branch,brown,bud,characteristic,colour,corolla,corrugation,exertion,form,glabrousnes,growth,height,history,inflorescence,life,na,new,number,ovary,perennial,seed,size,stigma,texture,type	0-100,0-2,0-3.5,0.3-0.8,0.5-1.5,0.7-1,1-3.5,1-6,1.2-3,1.5-3.2,1.5-4.5,1.8-3.5,1/2-4/5,2-10,2-3,2-4.5,2.5-4.5,2.7-4,3-15,3-5,3-6,4-5,6-12,8-15,acute,almost,apparently,articulated,auriculate,base,berry,branched,cell,chartaceous,cm,connivent,cordate,densely,diameter,discolorous,drying,ellipsoid,elliptic,erect,evenly,flattened-reniform,flower,gray,green,green-yellow,irregular,lateral,lobe,lobed,long,long-styled,maturity,mauve,mm,near,often,orange-brown,outline,ovate,pair,pale,per,pit,poricidal,prickle,prickly,raised,rarely,red-brown,red-green,round,rounded,short-styled,shrub,side,small,smooth,sometimes,somewhat,sparsely,spherical,stellate,stellate-pubescent,strongly,tapering,terminal,tip,tree,truncate,unarmed,unbranched,way,white,wide,yellow,yellow-green,yellowish,young,×	brown,na,perennial
7	wfo-0001025729	success	177	164	111	120	57	44	106	5	.5,/4,0.25-0.5,0.7-1.2,1-1.5,1-5,1.1-1.5,1.2-1.8,1.75,2,20,4-5,4-8,5-50-flowered,7-8,9-17,abaxial,abaxially,abrupt,acute,adaxially,anther,apex,apiculate,appearing,axil,bark,basal,base,berry,black,blackish,bright,bristly,bud,calyx,cm,corolla,covering,dark,densely,dia,difoliate,dirty,drying,elliptic,enclosed,f,filament,flattened-reniform,fleshy,fruiting,furcate,glabrous,globose,green,greenish-yellow,greyish-brown,growing,lamina,lateral,leaf,like,live,lobe,lobed,long,main,margin,minutely,mm,oblique,occasionally,often,opposite,ovary,overtopping,pair,pale,papillose,pedicel,petiole,pit,pitted,plant,pore,poricidal,pubescent,quite,ripening,rounded,shaped,shiny,short,simple,size,sparsely,stem,stigma,stout,style,surface,tapering,tear-drop,terminal,tip,tree,treelet,trichome,tube,tuft,uniseriate,unit,usually,vein,way,white,widening,x,yellow	-20,1.5-2,2-3.5,3-6,6-8,along,anthesi,apar,apical,branched,covered,cyathiform,deflexed,deltoid,denser,diam,differing,eaf,edicel,eed,expanded,free,geminat,gently,glabrou,incrassate,lat,lon,lower,m.,mainly,major,member,middle,minor,minute,nflorescence,older,one,overlapping,papillo,partially,portion,prominent,raised,reflexed,ruit,scar,straight,tall,touching,tub,ud,widest,woody,ympodial,young	4-20,appearance,arrangement,border,branch,characteristic,colour,corrugation,diameter,distal,exertion,form,fruit,geminate,giving,glabrousnes,growth,height,history,inflorescence,interjected,late,leaflet,length,life,lobing,midpoint,na,new,number,peduncle,per,prickle,primary,pseudostipule,ray,seed,shape,sympodial,texture,thicknes,type,variation,width	.5,/4,0.25-0.5,0.7-1.2,1-1.5,1-5,1.1-1.5,1.2-1.8,1.75,2,20,4-5,4-8,5-50-flowered,7-8,9-17,abaxial,abaxially,abrupt,acute,adaxially,apiculate,appearing,axil,basal,base,berry,black,blackish,bright,bristly,bud,calyx,cm,corolla,covering,dark,densely,dia,difoliate,dirty,drying,elliptic,enclosed,f,flattened-reniform,fleshy,furcate,glabrous,globose,green,greenish-yellow,greyish-brown,growing,lamina,lateral,leaf,like,live,lobed,long,main,minutely,mm,oblique,occasionally,often,opposite,overtopping,pair,pale,papillose,pit,pitted,plant,pore,poricidal,pubescent,quite,ripening,rounded,shaped,shiny,short,simple,sparsely,stem,stout,tapering,tear-drop,terminal,tip,tree,treelet,trichome,tube,tuft,uniseriate,unit,usually,vein,way,white,widening,x,yellow	4-20,geminate,late,na,sympodial
8	wfo-0001025749	success	215	115	78	95	120	20	77	1	/5,0.2-1.5,0.3-1.5,0.5-0.8,0.5-0.9,0.5-3,0.6-4.5,0.8-0.9,1-10,1-2,1-3,1-8.5,1-9,5-10-12,abaxially,acute,adaxially,anther,apex,apparently,bark,base,berry,branched,calyx,chartaceous,cm,cuneate,curved,dark,densely,diameter,dull,filament,flattened,flattened-reniform,fruit,gently,glabrescent,glabrous,gray,green-brown,lateral,leaf,length,light,lobed,long,long-ovate,margin,maturity,mauve,mm,moderately,narrow-deltate,orange-brown,orange-red,orbicular,ovate,pair,pale,pedicel,peduncle,petiole,poricidal,prickle,prickly,primary,rarely,red-brown,rounded,shrub,sparsely,spherical,spreading,stellate,stellate-pubescent,stem,straight,straw-yellow,style,surface,tapering,terete,tip,usually,vein,visible,way,white,wide,yellow,yellow-green,yellow-orange,yellowish	.5,0-10,0-3,0-5,0-6,0-8,0.1,0.1-0.2,0.1-0.3,0.1-0.4,0.2,0.4-0.7,0.5-1,0.5-1.3,1,1-13,1-6,1.5,1.5-2,1.5-2.5,1/4-1/3,1/5-1/2,2-10,2-2.5,2.5-6,2/3,3-20,3-5,4-8,5-20,5-6-8,5-merous,6-8,abaxial,acuminat,adaxial,adnate,almost,alyx,apar,apart,apically,articulated,blade,broad-deltate,concolorous,difoliate,discolorous,distance,drying,eaf,eed,elongating,equal,erect,extending,filiform,flower,free,fruiting,geminat,herbaceous,indistinct,infructescence,lobe,lon,longer,lower,magnification,markedly,mature,midpoint,midvein,narrow-ovate,nflorescence,oblong,obtuse,occasionally,older,one,open,orange-brow,orolla,oung,pendulous,per,perfec,pericarp,porrect,portion,prickl,procumbent,purple,ray,recurved,reduced,ruit,scar,sessile,shorter,side,smooth,sometimes,spaced,stalk,stalked,strongly,tamen,tertiary,time,toward,trichome,tube,unit,variously,vary,venation,without,ympodial,½-2/	arrangement,characteristic,colour,corolla,form,growth,height,history,inflorescence,life,lobing,ovary,perennial,plant,seed,shape,size,texture,type,width	/5,0.2-1.5,0.3-1.5,0.5-0.8,0.5-0.9,0.5-3,0.6-4.5,0.8-0.9,1-10,1-2,1-3,1-8.5,1-9,5-10-12,abaxially,acute,adaxially,apparently,base,berry,branched,chartaceous,cm,cuneate,curved,dark,densely,diameter,dull,flattened,flattened-reniform,gently,glabrescent,glabrous,gray,green-brown,lateral,light,lobed,long,long-ovate,maturity,mauve,mm,moderately,narrow-deltate,orange-brown,orange-red,orbicular,ovate,pair,pale,poricidal,prickly,rarely,red-brown,rounded,shrub,sparsely,spherical,spreading,stellate,stellate-pubescent,straight,straw-yellow,tapering,terete,tip,usually,visible,way,white,wide,yellow,yellow-green,yellow-orange,yellowish	perennial
9	wfo-0001025754	success	164	139	82	93	71	46	79	3	.5,0.5-1,0.5-1.5,1,1-2,1-3,1-3.5,1.5,1.5-3,1.5-4,10-20,10-35,2-foliate,4-6,5-12,5-15,absent,acuminate,acute,anther,apex,asymmetrical,base,berry,branch,brown,calyx,center,chartaceous,ciliate,cm,cordate,cordiform,decumbent,decurrent,densely,diameter,dm,drying,edge,entire,filament,fine,flower,fruit,glabrous,globose,hair,herb,immature,leaf,leaving,linear-lanceolate,lobe,margin,maturing,membranaceous,mm,moderately,much-branched,nearly,oblong,often,palmately,parallel,pedicel,peduncle,per,petiole,pubescent,radiating,raised,ridge,rotate,running,semitransparent,shallow,short,slightly,sparsely,stem,stigma,style,surface,triangular,truncate,tube,unbranched,upright,vein,white,x,yellow	-celled,0.1-0.2,2-4,2-5-celled,2-7,3-10,3-5,3-6,4,abaxially,abundant,adaxiall,adaxially,along,axe,barely,beyond,blade,connected,dehiscing,denser,dried,eaf,eed,eglandular,emarginat,equal,erect,explosively,exserted,flat,geminat,glandular,held,interpetalar,like,long,lower,lying,main,material,maturit,mesocarp,mixed,nfloresence,notch,orolla,penden,placenta,pressure,probably,pubescen,rachi,ruit,small,solitary,sometimes,stamen,straight,swollen,tal,tamen,tem,tissue,unit,vary,visible,watery,wid,woody,ympodial	appearance,arrangement,bark,border,bud,characteristic,colour,corolla,corrugation,distal,exertion,form,fruiting,giving,glabrousnes,growth,height,history,inflorescence,interjected,lateral,leaflet,length,life,lobing,midpoint,na,new,number,ovary,pendent,plant,prickle,primary,pseudostipule,ray,seed,shape,size,terminal,texture,thicknes,type,variation,wide,width	.5,0.5-1,0.5-1.5,1,1-2,1-3,1-3.5,1.5,1.5-3,1.5-4,10-20,10-35,2-foliate,4-6,5-12,5-15,absent,acuminate,acute,apex,asymmetrical,base,berry,brown,center,chartaceous,ciliate,cm,cordate,cordiform,decumbent,decurrent,densely,diameter,dm,drying,edge,entire,fine,flower,fruit,glabrous,globose,hair,herb,immature,leaf,leaving,linear-lanceolate,margin,maturing,membranaceous,mm,moderately,much-branched,nearly,oblong,often,palmately,parallel,petiole,pubescent,radiating,raised,ridge,rotate,running,semitransparent,shallow,short,slightly,sparsely,triangular,truncate,unbranched,upright,white,x,yellow	na,pendent,wide
10	wfo-0001025760	success	207	160	101	121	86	39	99	2	-6,.5,/3,0-0.5,0-100,0.15-0.3,0.3-1,0.4-0.8,0.45-0.9,0.5-1.5,0.5-2,0.7-2.5,0.8-1.8,1-1.5-2.5-5,1-1.8,1-4,1.5,1.5-5,1/5,2-2.5,2.1-3.5,2.3-4,2.5-10,3,3-6,5-18,acute,almost,annual,anther,apex,apically,apparently,articulated,bark,base,berry,black,broad-deltate,calyx,chartaceous,cm,concolorous,cream,cultivar,cuneate,curved,dark,diameter,discolorous,drying,dull,elliptic,filament,flattened-reniform,fruit,fruiting,gently,glabrous,green,herb,infructescence,lateral,leaf,length,lobe,lobed,long,margin,marking,maturity,membranous,midpoint,mm,moderately,orange,orange-brown,ovate,pair,pale,pedicel,peduncle,per,perennial,petiole,poricidal,primary,ray,recurved,red-brown,rounded,shape,shrub,side,slender,sometimes,spherical,stellate-pubescent,stem,stout,straight,style,subentire,surface,tapering,terete,tip,tube,unarmed,unbranched,upper,usually,various,vein,way,weakly,white,wide,yellow,yellow-green,young	-10,-12,0.1,0.1-0.2,0.2-0.35,1-2,1-3,1.5-4.5,1/4,1/4-1/2,1/4-1/3,2-3,2.5-8,2/3,3.5-17,3.5-9,5-10-merous,8-10-12,abaxial,abaxially,acut,adaxial,alyx,apar,blade,brow,connivent,deltate,difoliate,distance,eaf,eed,elongating,equal,erect,extending,flower,free,geminat,geminate,glabrescent,hair,lengt,longer,lower,mature,midvein,minute,nflorescence,often,older,one,open,orolla,oung,pendulous,perfec,pericarp,porrect,portion,reflexe,ruit,scar,sessile,shorter,simple,smooth,spaced,spreading,stalk,stalked,stellate,stellate-pubescen,tamen,tertiary,thick-stalked,time,trichome,unarme,unit,variously,vary,venation,visible,woody,ympodial	appearance,arrangement,border,branch,brown,bud,characteristic,colour,corolla,corrugation,distal,exertion,form,giving,glabrousnes,growth,height,history,inflorescence,interjected,leaflet,life,lobing,na,new,number,ovary,plant,prickle,pseudostipule,seed,size,stigma,terminal,texture,thicknes,type,variation,width	-6,.5,/3,0-0.5,0-100,0.15-0.3,0.3-1,0.4-0.8,0.45-0.9,0.5-1.5,0.5-2,0.7-2.5,0.8-1.8,1-1.5-2.5-5,1-1.8,1-4,1.5,1.5-5,1/5,2-2.5,2.1-3.5,2.3-4,2.5-10,3,3-6,5-18,acute,almost,annual,apically,apparently,articulated,base,berry,black,broad-deltate,chartaceous,cm,concolorous,cream,cultivar,cuneate,curved,dark,diameter,discolorous,dull,elliptic,flattened-reniform,gently,glabrous,green,herb,infructescence,lateral,lobe,lobed,long,marking,maturity,membranous,mm,moderately,orange,orange-brown,ovate,pair,pale,per,perennial,poricidal,recurved,red-brown,rounded,shape,shrub,side,slender,sometimes,spherical,stellate-pubescent,stout,straight,subentire,tapering,terete,tip,unarmed,unbranched,upper,usually,various,way,weakly,white,wide,yellow,yellow-green,young	brown,na
11	wfo-0001025782	success	199	151	93	113	86	38	90	3	.5,0-10,0-5,0.1-0.15,0.1-0.25,0.4-0.6,0.55-0.75,0.9-1.3,1-2.5,1-4,1.2-6,1.3-1.6,1.5-3,10-13,2-10,2-2.5,2-3,2-5,2.5-3.5,2/3-3/4,3-4,3-5,4,4-4.5,4.5-9,5-20,5.5-6,6-14,abaxially,acuminate,anther,apart,apex,apparently,articulated,bark,base,berry,brown,calyx,chartaceous,cm,concolorous,conical,cuneate,curved,densely,diameter,discolorous,distal,drying,dull,elliptic,evenly,filament,flattened,flattened-reniform,flower,fruit,fruiting,gently,glabrous,green,green-brown,lateral,leaf,length,lobe,lobed,long,long-styled,margin,maturity,membranous,midpoint,mm,moderately,orange-brown,pair,pedicel,peduncle,per,petiole,plant,poricidal,prickle,prickly,primary,ray,shrub,spaced,sparsely,spherical,stellate,stellate-pubescent,stem,style,surface,tapering,terete,tip,toward,trichome,tube,unbranched,vein,way,weakly,white,wide,yellow,yellow-green,young	0.1-0.2,0.3-1,0.5-1,1,1-1.7,1-2,1/4-1/2,1/4-1/3,1/6,2-7,20,5-6.5,5-8,5-merous,6-8,abaxial,acuminat,adaxial,also,alyx,andromonoecious,apar,apically,blade,climbing,connivent,deltate,difoliate,distance,eaf,eed,elongated,elongating,equal,extending,free,geminat,geminate,glabrescent,hair,hermaphrodite,heterostylous,infructescence,lengt,less,longer,lower,lowermost,mature,midvein,minute,nflorescence,occasionally,older,one,open,orolla,oung,pendulous,pericarp,porrect,portion,prickl,red-brow,reduced,ruit,scar,sessile,short-styled,shorter,side,simple,smooth,spreading,staminat,stout,straight,tamen,tertiary,time,unit,vary,venation,visible,woody,ympodial	appearance,arrangement,border,branch,bud,characteristic,colour,corolla,corrugation,exertion,form,giving,glabrousnes,growth,height,history,inflorescence,interjected,leaflet,life,lobing,na,new,number,ovary,perennial,pseudostipule,red-brown,seed,shape,size,stigma,terminal,texture,thicknes,type,variation,width	.5,0-10,0-5,0.1-0.15,0.1-0.25,0.4-0.6,0.55-0.75,0.9-1.3,1-2.5,1-4,1.2-6,1.3-1.6,1.5-3,10-13,2-10,2-2.5,2-3,2-5,2.5-3.5,2/3-3/4,3-4,3-5,4,4-4.5,4.5-9,5-20,5.5-6,6-14,abaxially,acuminate,apart,apex,apparently,articulated,base,berry,brown,chartaceous,cm,concolorous,conical,cuneate,curved,densely,diameter,discolorous,dull,elliptic,evenly,flattened,flattened-reniform,flower,gently,glabrous,green,green-brown,lateral,length,lobed,long,long-styled,maturity,membranous,mm,moderately,orange-brown,pair,per,poricidal,prickle,prickly,shrub,spaced,sparsely,spherical,stellate,stellate-pubescent,tapering,terete,tip,toward,trichome,unbranched,way,weakly,white,wide,yellow,yellow-green,young	na,perennial,red-brown
12	wfo-0001025783	success	179	147	88	106	73	41	86	2	.5,0.5-1.5,0.8-3.5,1-1.2,1-3,1.8-2,2-3+,2-5,2-6.5,3-4,5,abaxially,acute,anther,anthesi,apex,articulated,base,berry,branched,brown,bud,c.,calyx,cm,conical,coriaceous,corolla,dendritic,diameter,ellipsoid,elliptic,entire,erect,expanded,exserted,filiform,flattened,fleshy,flexuous,fruiting,glabrous,globose,green,greyish,growth,inserted,keeled,lateral,lax,less,lobe,lobed,long,margin,minutely,mm,narrowly,new,nodding,number,obtuse,pair,pale,pedicel,peduncle,petiole,pitted,primary,pubescent,purple,reniform,revolute,ripe,sagittate,shiny,shoot,short,shrub,simple,sleeve,slightly,sometimes,somewhat,sparsely,stem,stigma,strongly,style,surface,terminal,thin,time,triangular,trichome,truncate,tube,type,uniseriate,vein,vine,violet,way,wide,woody,yellowish	0.5,0.5-1,1-1.5,2,5-merou,7-10,<,abaxiall,adaxiall,adaxially,along,alyx,apart,ape,ark,axil,branching,cell,cluster,completely,confined,densely,eaf,eed,exposed,flower,free,glabrou,groove,hromosome,ilament,known,long/tall,lower,mature,midrib,midvein,minute,mmm,near,nflorescence,obscured,occasionally,older,orolla,outlin,penden,pentagonal,perfect,pericarp,plurifoliat,point,portion,possibly,ruit,scar,scarious,see,spaced,sparse,stellate,suture,testal,transparent,tuft,twinin,ud,unit,upper,vary,weak,within,ympodial	appearance,arrangement,bark,border,branch,characteristic,colour,corrugation,distal,drying,exertion,filament,form,fruit,giving,glabrousnes,height,history,inflorescence,interjected,leaf,leaflet,length,life,lobing,midpoint,na,ovary,per,plant,prickle,pseudostipule,ray,seed,seen,shape,size,texture,thicknes,variation,width	.5,0.5-1.5,0.8-3.5,1-1.2,1-3,1.8-2,2-3+,2-5,2-6.5,3-4,5,abaxially,acute,anthesi,apex,articulated,base,berry,branched,brown,c.,calyx,cm,conical,coriaceous,dendritic,diameter,ellipsoid,elliptic,entire,erect,expanded,exserted,filiform,flattened,fleshy,flexuous,glabrous,globose,green,greyish,inserted,keeled,lateral,lax,less,lobed,long,minutely,mm,narrowly,nodding,obtuse,pair,pale,pitted,pubescent,purple,reniform,revolute,ripe,sagittate,shiny,shoot,short,shrub,simple,sleeve,slightly,sometimes,somewhat,sparsely,strongly,terminal,thin,time,triangular,trichome,truncate,uniseriate,vine,violet,way,wide,woody,yellowish	na,seen
13	wfo-0001025788	success	156	115	53	68	88	47	50	3	0.5-2,1-4,1-5,14-48,15-30,2-10,2-13,2-3,2-5,2.8-9.5,4-5.5,4.5-10.1,5-8,6.2-12.5,acuminate,acute,apex,articulate,base,blue,branched,calyx,cm,conical,corolla,cuneate,cyme,deep,diameter,dichasial,dichasially,distal,ebracteate,elliptical,filament,finely,green,green-white,herbaceous,interjected,lateral,leaf,leaflet,lobe,long-attenuate,medium,mm,monochasial,mucilaginous,narrowly,oblique,odd-pinnate,ovate,ovoid,pedicel,peduncle,perennial,petiole,plant,pubescent,purple,rotate,rounded,seed,size,stigma,style,terminal	0-6,1.8-2.7,1.8-3.9,10-24,2m,3-6-7-8,3-6-foliat,4-3.,4.5-12.5,8-38,abaxiall,abaxially,acumen,adaxially,apical,apically,attenuate,cell,connate,covering,dehiscent,digestion,diminishing,dorsally,eaf,edge,eed,emoval,enzyme,exceeding,flat,flower,folded,forked,generally,globo,gradually,hair-like,half,honeycomb,introrse,living,lon,long,lower,lunat,make,maturing,nflorescence,nther,obtuse,often,orolla,pair,pattern,perfect,petiolule,plan,poricidally,proximal,reveal,ruit,sessile,seudostipule,short,slit,specimen,stamen,straight,subequal,subsessile,tal,tem,testal,thick,throughou,throughout,tip,toward,tuber-bearing,typically,unit,vary,wall,wide,yellow,ympodial,¼	4-31,anther,appearance,arrangement,bark,border,branch,bud,characteristic,colour,corrugation,drying,exertion,form,fruit,fruiting,giving,glabrousnes,globose,growth,height,history,inflorescence,length,life,lobing,margin,midpoint,na,new,number,ovary,per,prickle,primary,pseudostipule,ray,shape,stem,surface,texture,thicknes,tube,type,variation,vein,width	0.5-2,1-4,1-5,14-48,15-30,2-10,2-13,2-3,2-5,2.8-9.5,4-5.5,4.5-10.1,5-8,6.2-12.5,acuminate,acute,apex,articulate,base,blue,branched,cm,conical,cuneate,cyme,deep,dichasial,dichasially,ebracteate,elliptical,finely,green,green-white,herbaceous,lobe,long-attenuate,medium,mm,monochasial,mucilaginous,narrowly,oblique,odd-pinnate,ovate,ovoid,perennial,pubescent,purple,rotate,rounded	4-31,globose,na
14	wfo-0001025792	success	203	137	78	95	108	42	75	3	0.4-0.7,1-2,1-3,10-15,2-11,2-3,2-3.5,2.5-3.5,2.5-4,21-28,3-5,3.5-6,4-6,4.5-7,5,5-10,5-9,7-10,7.5-8,9-12,abaxially,acute,adaxially,anther,apex,axillary,base,berry,blue-mauve,blue-purple,brownish,bud,cm,condition,corolla,dark,densely,diameter,distal,distinctly,drying,elliptic,filament,flower,forked,fresh,fruit,generally,glabrous,globose,green,green-white,greenish,half,herb,interjected,lanceolate,lateral,leaflet,lobe,long,margin,mauve,minute,mm,mucilaginous,narrowly,oblique,odd-pinnate,ovoid,papillose,pedicel,peduncle,petiole,plant,pubescent,purple,rotate-pentagonal,rounded,seed,size,stem,stigma,streak,style,subtending,terminal,throughout,tinged,tube,usually,wet,white,whitish,x	1-10,1-4,3-4,4-12,5-6,5-merou,8-10,acumen,acuminate,ag,along,alyx,apart,apparently,articulated,articulation,auriculate,axe,basiscopic,blade,broadly,capitat,cell,chartaceous,ciliate,connivent,covering,decurrent,developing,digestion,distinct,dorsally,eaf,edge,eed,enzyme,especially,exceeding,except,flat,folded,geminat,glabrou,greatly,hair,hair-like,hal,high,homostylous,honeycomb-shaped,indistinct,lengthening,like,living,lower,make,membranous,midrib,minutely,mottle,narrow,nflorescence,often,onto,orolla,pair,perfect,petiolulate,plurifoliate,pore,poricidal,proximal,puberulent,rachi,reduced,removed,ripe,ruit,semi-erec,semi-rosette,sessile,seudostipule,short,shortly,side,slightly,slit,spaced,specimen,stamen,ste,straight,sub-rosette,subequal,tall,tamen,tem,testal,thick,tip,tri-,unit,vary,wall,wing,yellow,ympodial,young	appearance,arrangement,bark,border,branch,calyx,capitate,characteristic,colour,corrugation,exertion,form,fruiting,giving,glabrousnes,growth,height,history,inflorescence,leaf,length,life,lobing,midpoint,mottled,na,new,number,ovary,per,prickle,primary,pseudostipule,ray,shape,surface,texture,thicknes,type,variation,vein,width	0.4-0.7,1-2,1-3,10-15,2-11,2-3,2-3.5,2.5-3.5,2.5-4,21-28,3-5,3.5-6,4-6,4.5-7,5,5-10,5-9,7-10,7.5-8,9-12,abaxially,acute,adaxially,axillary,berry,blue-mauve,blue-purple,brownish,bud,cm,condition,dark,densely,diameter,distal,distinctly,drying,elliptic,flower,forked,fresh,generally,glabrous,globose,green,green-white,greenish,half,herb,lanceolate,long,mauve,minute,mm,mucilaginous,narrowly,oblique,odd-pinnate,ovoid,papillose,plant,pubescent,purple,rotate-pentagonal,rounded,streak,subtending,terminal,throughout,tinged,usually,wet,white,whitish,x	capitate,mottled,na
15	wfo-0001025804	success	155	146	91	101	54	45	89	2	.25,.5,0.5-1,1-1.5,1-3,1.2-1.5,1.4-1.7,1.5-2,10-20,16-35,2-2.5,3-4.5,3.5-12,4-10,5,6-8,7-10,abaxially,acute,adaxially,anther,apex,attenuate,bark,base,berry,bilobed,branched,calyx,clavate,cm,conical,corolla,cream,dark,decurrent,deflexed,dia,difoliate,drying,ellipsoid,elliptic,erect,exserted,filament,flattened,fleshy,flower,fruiting,glabrous,globose,green,incrassate,internodal,lateral,leaf,light,lobe,lobed,long,main,many,margin,minutely,mm,near,nearly,obovate,occasionally,often,onto,opposite,ovary,pair,paler,pedicel,pitted,plurifoliate,poricidal,red-papillose,reddish-brown,reniform,sessile,shrub,size,somewhat,stem,stigma,strongly,style,surface,thick,time,tip,tube,vein,white,whitish-green,wing,winged,x	11-20,2.5-4,?,age,anthesi,apar,ape,apiculate,ba,c.,covered,cucullate,densely,differing,eaf,edicel,eed,free,geminat,glandular,later,lengthening,lower,major,mere,middle,minor,minute,nflorescence,older,papillae,papillat,papillate,papillose,planar,pore,portion,projection,red,reddish-brow,regularly,rim,ruit,scar,slit,spaced,tall,tub,ud,unit,widest,woody,ympodial,young	appearance,arrangement,border,branch,bud,characteristic,colour,corrugation,diameter,distal,exertion,form,fruit,geminate,giving,glabrousnes,growth,height,history,inflorescence,interjected,leaflet,length,life,lobing,midpoint,na,new,number,peduncle,per,petiole,plant,prickle,primary,pseudostipule,ray,seed,shape,terminal,texture,thicknes,type,variation,width	.25,.5,0.5-1,1-1.5,1-3,1.2-1.5,1.4-1.7,1.5-2,10-20,16-35,2-2.5,3-4.5,3.5-12,4-10,5,6-8,7-10,abaxially,acute,adaxially,apex,attenuate,base,berry,bilobed,branched,calyx,clavate,cm,conical,cream,dark,decurrent,deflexed,dia,difoliate,drying,ellipsoid,elliptic,erect,exserted,flattened,fleshy,flower,glabrous,globose,green,incrassate,internodal,lateral,leaf,light,lobed,long,main,many,margin,minutely,mm,near,nearly,obovate,occasionally,often,onto,opposite,pair,paler,pitted,plurifoliate,poricidal,red-papillose,reddish-brown,reniform,sessile,shrub,somewhat,stem,strongly,thick,time,tip,tube,vein,white,whitish-green,wing,winged,x	geminate,na
16	wfo-0001025813	success	195	132	71	90	105	42	68	3	0-2,0.7-1.7,1-1.5,1-2,1-4,1.2-4.5,1.3-7,1.5-1.8,1.5-6.5,15-30,2-3,3-3.5,3-4,3-6,5-18.5,6-7,abaxially,adaxially,anther,apex,articulated,base,berry,blue,broadly,brownish,cm,condition,corolla,cuneate,dark,densely,diameter,distal,distinct,drying,elliptic,extra,filament,flower,fresh,fruit,glabrous,globose,green,green-white,greenish,hair,herb,interjected,lanceolate,lateral,leaflet,light,like,lobe,long,margin,mm,monochasium,mucilaginous,obtuse,odd-pinnate,ovoid,pedicel,peduncle,petiole,pilose,plant,pubescent,rarely,rotate,seed,size,species,stem,stigma,style,suborbicular,terminal,throughout,tube,typically,unwinged,vein,violet,wet,white,whitish,x	1-10,1.5-2,2-4,2-5,3-5,3-7,5-6,5-merou,absent,acumen,acuminate,acute,ag,along,alyx,apart,apparently,axe,blade,borne,cell,chartaceous,ciliate,connivent,contracted,covering,decreasing,decurrent,digestion,discussion,dorsally,eaf,edge,eed,end,enzyme,especially,exceeding,flat,folded,geminat,glabrou,hair-like,half,highly,homostylous,honeycomb-shaped,larger,lengthening,living,longer,lower,make,membranous,midrib,minute,minutely,near,nflorescence,often,orbicular,orolla,ovate,ovoi,pair,perfect,petiolulate,plurifoliate,pore,poricidal,puberulent,rachi,removed,rosette-formin,ruit,see,sessile,seudostipule,short,single-flowered,singly,slit,sometimes,spaced,specimen,stamen,ste,stolo,straight,strongly,tamen,tem,testal,thick,thir,tip,toward,tri-,tuber,unforked,unit,vary,wall,yellow,ympodial	appearance,arrangement,bark,border,branch,bud,calyx,characteristic,colour,corrugation,exertion,form,fruiting,giving,glabrousnes,growth,height,history,inflorescence,leaf,length,life,lobing,midpoint,na,new,number,ovary,per,prickle,primary,pseudostipule,ray,rosette-forming,shape,surface,texture,thicknes,third,type,variation,width	0-2,0.7-1.7,1-1.5,1-2,1-4,1.2-4.5,1.3-7,1.5-1.8,1.5-6.5,15-30,2-3,3-3.5,3-4,3-6,5-18.5,6-7,abaxially,adaxially,articulated,base,berry,blue,broadly,brownish,cm,condition,cuneate,dark,densely,distal,distinct,drying,elliptic,extra,flower,fresh,glabrous,globose,green,green-white,greenish,hair,herb,lanceolate,light,like,long,mm,monochasium,mucilaginous,obtuse,odd-pinnate,ovoid,pilose,pubescent,rarely,rotate,species,stem,suborbicular,throughout,typically,unwinged,violet,wet,white,whitish,x	na,rosette-forming,third
17	wfo-0001025825	success	187	143	87	101	86	42	85	2	0.4-1,0.5-10.4,0.7-2.2,0.9-2,1-2,1-5.5,1.1-1.4,10-24,10.5-26,14-85,2-3.7,3-10,3-5,3-8.5,3.7-6.5,4-8,6.6-14,abaxially,acuminate,acute,adaxially,anther,apex,axillary,back,base,berry,brownish,bud,cell,clavate,cm,condition,coriaceous,corolla,covering,dark,decurrent,diameter,distal,dorsally,drying,elliptic,filament,flat,folded,forked,fresh,fruit,generally,glabrous,green,green-white,greenish,hair-like,half,herb,interjected,lanceolate,lateral,leaf,leaflet,light,lilac,lobe,long,make,medium,mm,mucilaginous,odd-pinnate,ovate,ovoid,pedicel,peduncle,petiole,petiolulate,plant,rachi,seed,sessile,shiny,size,slightly,stigma,streak,style,subtending,terminal,testal,thick,throughout,tube,unwinged,usually,wall,wet,white,whitish,winged,x	0-0.21,0.4-3,0.5-0.8,0.9-4,1-3,2-5,22-86,4-9,5-10,5-7,5-merou,6-10,acumen,adaxiall,ag,alyx,apart,apparently,articulated,asymmetric,attenuate,axe,basiscopic,blade,capitat,connivent,cuneate,decreasing,digestion,eaf,edge,eed,enzyme,erec,exceeding,flower,geminat,glabrescent,glabrou,hair,hal,high,homostylous,honeycomb-shaped,increasing,lengthening,living,lower,middle,nflorescence,orbicular,orolla,pair,pentagonal,perfect,plurifoliate,pore,poricidal,removed,rotate-pentagonal,rounded,ruit,seudostipule,short,side,slit,smaller,spaced,specimen,stamen,straight,subequal,subglabrou,tall,tamen,tem,tip,tissue,toward,tri-,unit,vary,wide,wing,yellow,ympodial	appearance,arrangement,bark,border,branch,calyx,capitate,characteristic,colour,corrugation,exertion,form,fruiting,giving,glabrousnes,growth,height,history,inflorescence,length,life,lobing,margin,midpoint,na,new,number,ovary,per,prickle,primary,pseudostipule,ray,shape,stem,surface,texture,thicknes,type,variation,vein,width	0.4-1,0.5-10.4,0.7-2.2,0.9-2,1-2,1-5.5,1.1-1.4,10-24,10.5-26,14-85,2-3.7,3-10,3-5,3-8.5,3.7-6.5,4-8,6.6-14,abaxially,acuminate,acute,adaxially,axillary,back,berry,brownish,bud,cell,clavate,cm,condition,coriaceous,covering,dark,decurrent,diameter,distal,dorsally,drying,elliptic,flat,folded,forked,fresh,generally,glabrous,green,green-white,greenish,hair-like,half,herb,lanceolate,lateral,light,lilac,lobe,long,make,medium,mm,mucilaginous,odd-pinnate,ovate,ovoid,petiolulate,plant,rachi,seed,sessile,shiny,slightly,streak,subtending,terminal,testal,thick,throughout,unwinged,usually,wall,wet,white,whitish,winged,x	capitate,na
18	wfo-0001025838	success	215	149	92	112	103	37	89	3	.5,0.5-1,0.7-2,1-1.2,1-1.5,1.2-5,1.5-1.7,1.5-3.5,1.5-5,1.8-2,10-15-20,2-2.5,2.5-3,2/3,20-40,3.5-6-15,4-15,4.5-5.5,6.5-7,acuminate,anther,anthesi,apex,attenuate,base,berry,black,branch,branched,brown,calyx,capitate,clavate,cm,corolla,dark,densely,diameter,drying,ellipsoidal,elliptic,entire,erect,exserted,filament,flattened,fleshy,fruit,fruiting,glabrous,globose,greenish,growth,inflorescence,lanceolate,lateral,leaf,like,lobe,long,many,margin,membranous,minute,minutely,mm,narrowly,new,nodding,often,onto,ovoid,pair,pale,pedicel,peduncle,per,petiole,pitted,pointed,primary,pubescent,purple,reddish,reniform,revolute,ripe,seed,shrub,simple,slender,slightly,sometimes,stem,stigma,strongly,style,surface,terminal,time,tinged,tree,tube,turbinate,vein,way,white,winged,x,yellow,yellowish,¾	0.5,1.5-2,1.5-2.5,10-60,2-5,5,5-merou,abruptly,adaxial,adaxially,ag,along,alyx,apart,apiculate,appearing,archin,ark,articulated,axil,basall,broad,cell,clustered,connivent,cucullate,cup-shaped,decurrent,dendritic,dense,denser,disintegrating,eaf,eed,extending,flower,free,glabrescent,hairy,ilament,inserted,insertion,irregularly,keeled,lamina,lengthening,less,lobed,loosely,lower,m.,midrib,mostly,narrowing,never,nflorescence,occasionally,older,orolla,papillat,papillo,perfect,pericarp,platform,plurifoliat,point,pore,poricidal,portion,quadrate,ruit,scar,shin,shiny,short,sinus,sleeve,slit,small,spaced,sparsely,spreading,square,stellate,tall,tem,testal,thi,thin,tip,trichome,tuft,twinin,ud,uniseriate,unit,upper,vary,wall,weight,wing,woody,ympodial	appearance,arching,arrangement,bark,border,bud,characteristic,colour,corrugation,distal,exertion,form,giving,glabrousnes,height,history,interjected,leaflet,length,life,lobing,midpoint,na,number,ovary,perennial,plant,prickle,pseudostipule,ray,shape,size,texture,thicknes,type,variation,width	.5,0.5-1,0.7-2,1-1.2,1-1.5,1.2-5,1.5-1.7,1.5-3.5,1.5-5,1.8-2,10-15-20,2-2.5,2.5-3,2/3,20-40,3.5-6-15,4-15,4.5-5.5,6.5-7,acuminate,anthesi,attenuate,base,berry,black,branched,brown,calyx,capitate,clavate,cm,dark,densely,diameter,ellipsoidal,elliptic,entire,erect,exserted,flattened,fleshy,glabrous,globose,greenish,lanceolate,lateral,like,long,many,membranous,minute,minutely,mm,narrowly,nodding,often,onto,ovoid,pair,pale,per,pitted,pointed,pubescent,purple,reddish,reniform,revolute,ripe,shrub,simple,slender,slightly,sometimes,stem,strongly,terminal,time,tinged,tree,tube,turbinate,way,white,winged,x,yellow,yellowish,¾	arching,na,perennial
19	wfo-0001025845	success	180	131	69	86	94	45	68	1	0.3-0.5,0.4-1.5,0.5-11,1-4.5,1.5,1.5-13,1.5-2,1.5-2.5,2,2-15,2-5-lobed,2.5-4,4-5,4-6,5-6,6-6.5,6-9,acuminate,acute,anther,apex,apiculate,base,branch,brown,calyx,chartaceous,cm,compressed,corolla,cuneate,deltate,diameter,distally,ellipsoidal,entire,extra-axillary,filament,flattened,fork,fruit,glabrous,greenish,herb,lateral,laterally,leaf,light,lobe,lobed,located,margin,membranaceous,minutely,mm,narrowly,obtuse,orange,ovate,ovoid,pedicel,peduncle,petiole,pinnately,puberulent,rugose-verrucate,sagittate,shrub,side,simple,sparsely,stigma,strongly,style,subcordate,tapered,terminal,tip,triangular,truncate,tube,unbranched,vein,white,x,yellow	.5,0.5-2.5,1,1-1.8,1-2,1.5-7,2-3,3,3-13,3-4,3-6,3-foliat,7-10,abaxially,abundantly,adaxial,adaxially,aggregate,along,apart,around,articulated,ascending,axe,ba,blade,cell,channe,connivent,cylindrical,dark,decurrent,diamete,directed,distall,divided,eaf,eed,eglandular,elliptic,especially,flower,free,glabrou,green,inserted,long,longitudinal,lower,major,mesocarp,midrib,near,nearly,nflorescence,obovate,often,orolla,part,patch,perfect,pore,pubescent,purple,rachi,radiu,rarely,rotate-stellate,rounded,ruit,sand-punctate,shorter,sinus,small,spaced,stone,stripe,tal,tamen,tem,thecae,thick,tightly,time,tomento,truncat,unit,unlobed,vary,veiny,wide,yellowish,ympodial,youn	appearance,arrangement,bark,border,bud,characteristic,colour,corrugation,distal,drying,exertion,form,fruiting,giving,glabrousnes,growth,height,history,inflorescence,interjected,leaflet,length,life,lobing,midpoint,na,new,number,ovary,per,plant,prickle,primary,pseudostipule,ray,seed,shape,size,stem,surface,texture,thicknes,type,variation,width	0.3-0.5,0.4-1.5,0.5-11,1-4.5,1.5,1.5-13,1.5-2,1.5-2.5,2,2-15,2-5-lobed,2.5-4,4-5,4-6,5-6,6-6.5,6-9,acuminate,acute,apex,apiculate,base,branch,brown,chartaceous,cm,compressed,cuneate,deltate,distally,ellipsoidal,entire,extra-axillary,flattened,fork,glabrous,greenish,herb,laterally,light,lobed,located,membranaceous,minutely,mm,narrowly,obtuse,orange,ovate,ovoid,pinnately,puberulent,rugose-verrucate,sagittate,shrub,side,simple,sparsely,strongly,subcordate,tapered,tip,triangular,truncate,unbranched,white,x,yellow	na
20	wfo-0001025850	success	195	151	91	110	85	41	89	2	-7,.5,.8,0.5-1,0.5-1-3-5,0.5-1.5-5,0.5-3,0.6-1,1,1-1.5,1.5,15-20,2,2-6.5,4-5,6-7,acute,anther,anthesi,apex,articulated,basal,base,berry,branched,brown,calyx,capitate,cm,corolla,cyathiform,deltate,diameter,divaricate,drying,ellipsoid,elliptic,elongate,entire,erect,exserted,filament,flattened,fruiting,glabrous,glandular,globose,green,growth,half,inflorescence,later,lateral,lax,lobe,lobed,many,margin,minute,minutely,mm,narrowly,nearly,new,nodding,often,openly,orange,pair,pale,pedicel,peduncle,per,petiole,pinnatifid,pitted,primary,pubescent,reddish,reniform,rhomboid,ripe,rounded,scattered,shallowly,shrub,simple,sleeve,slender,small,spreading,stem,stigma,strongly,style,surface,tan,terminal,time,tip,trichome,truncate,tube,uniseriate,vein,vine,white,woody,x,young	0.5,1-celled,2-12,3-4,30,5-7,5-merou,abaxial,ag,along,alyx,apar,apparently,ark,axi,broadly,cell,connivent,cupped,deciduous,deflexed,densely,denser,divided,eaf,eed,em,extending,fleshy,flower,free,geminat,glabrou,gland,halfway,ilament,irregularly,lamina,leaving,lengthening,less,long,loosely,lower,membranous,midrib,nflorescence,node,occasionally,older,orolla,outline,papillate-puberulent,papillo,peg,perfect,planar,plurifoliate,pore,poricidal,portion,puberulen,ruit,scar,shiny,sinuate,sinus,slightly,slit,sometimes,soon,spaced,splitting,spreadin,stellate,surfac,testal,thin,tiny,twinin,ud,unit,vary,yellow,ympodial	appearance,arrangement,bark,border,branch,bud,caylx,characteristic,colour,corrugation,distal,exertion,form,fruit,giving,glabrousnes,height,history,interjected,leaf,leaflet,length,life,lobing,midpoint,na,number,ovary,plant,prickle,pseudostipule,puberulent,ray,seed,shape,size,texture,thicknes,type,variation,width	-7,.5,.8,0.5-1,0.5-1-3-5,0.5-1.5-5,0.5-3,0.6-1,1,1-1.5,1.5,15-20,2,2-6.5,4-5,6-7,acute,anthesi,articulated,basal,base,berry,branched,brown,calyx,capitate,cm,cyathiform,deltate,diameter,divaricate,ellipsoid,elliptic,elongate,entire,erect,exserted,flattened,glabrous,glandular,globose,green,half,later,lateral,lax,lobed,many,minute,minutely,mm,narrowly,nearly,nodding,often,openly,orange,pair,pale,per,pinnatifid,pitted,pubescent,reddish,reniform,rhomboid,ripe,rounded,scattered,shallowly,shrub,simple,sleeve,slender,small,spreading,strongly,tan,terminal,time,tip,trichome,truncate,uniseriate,vine,white,woody,x,young	na,puberulent
21	wfo-0001025872	success	160	115	78	89	71	26	74	4	.5,0.25-0.5,0.6-1,1-1.3,1-2,1.2-1.5,1.2-1.6,1.7-3,2-2.5,2/3,3.5-4,4.5-13,6-10,6-8,acute,anther,apex,apically,bark,base,becoming,berry,branched,broadly,brownish,calyx,capitate,cm,coriaceous,corolla,crinkled,cup-shaped,dark,deeply,densely,dia,dry,elliptic,exserted,filament,flattened,flattened-reniform,fleshy,fruiting,glabrous,glandular-resinous,globose,green,greenish-tan,later,lateral,leaf,live,main,margin,mm,narrowly,occasionally,older,opposite,ovary,pair,pedicel,petiole,pitted,plant,poricidal,pubescent,red-papillose,revolute,rounded,several,shrub,soon,stem,stigma,style,surface,tapering,terminal,thick,time,tip,tube,vein,way,white,x,young	.1,0.5,0.5-1,1,1-1.5,10-25-flowered,2-5,4-4.5,along,anthesi,apart,auriculate,ba,beginning,beneath,blade,bright,crowded,decurrent,deflexed,dense,eaf,edicel,eed,flower,free,grayish-brow,incrassate,inflorescenc,irregularly,junction,lobe,lobed,lon,long,lower,material,midrib,minutely,nflorescence,often,onto,paler,papillae,papillo,papillose,planar,plurifoliat,pore,portion,prominent,rounded-triangular,ruit,scar,shaped,simple,somewhat,spaced,specimen,straight,tall,tear-drop,thickened,trichome,tub,ud,uniseriate,unit,visible,woody,ympodial	arrangement,bud,characteristic,colour,diameter,exertion,form,fruit,grayish-brown,growth,height,history,inflorescence,length,life,lobing,na,peduncle,perennial,plurifoliate,primary,seed,shape,size,texture,type	.5,0.25-0.5,0.6-1,1-1.3,1-2,1.2-1.5,1.2-1.6,1.7-3,2-2.5,2/3,3.5-4,4.5-13,6-10,6-8,acute,apically,base,becoming,berry,branched,broadly,brownish,calyx,capitate,cm,coriaceous,crinkled,cup-shaped,dark,deeply,densely,dia,dry,elliptic,exserted,flattened,flattened-reniform,fleshy,glabrous,glandular-resinous,globose,green,greenish-tan,later,lateral,leaf,live,main,mm,narrowly,occasionally,older,opposite,pair,pitted,poricidal,pubescent,red-papillose,revolute,rounded,several,shrub,soon,tapering,terminal,thick,time,tip,tube,vein,way,white,x,young	grayish-brown,na,perennial,plurifoliate
22	wfo-0001025893	success	157	141	82	94	63	47	78	4	.4,0.5-1.5,0.8-1,1-1.2,1-4,1.5-1.7,1.5-2,11-20,2-2.5,2-3,3-5,5-6,6-10,accrescent,along,anther,apex,attenuate,bark,base,beneath,berry,bi-lobed,branched,broadly,brownish-green,calyx,capitate,cm,corolla,cup-shaped,decurrent,densely,dia,dry,early,ellipsoid,elliptic,exserted,filament,fruit,fruiting,glabrate,glabrous,globose,golden-puberulent,green,greyish,internodal,lateral,leaf,lobe,long,long-acuminate,main,margin,minutely,mm,narrowly,nearly,obovate,occasionally,older,opposite,ovary,ovoid-reniform,pair,pale,pedicel,petiole,pitted,red-papillose,shaped,shrub,slender,slightly,sometimes,specimen,stem,stigma,straight,style,surface,tapering,tear-drop,tip,tube,vein,white,winged,woody,x,yellowish,young	.25,.5,1-1.5,1-2.5,anthesi,bank,barely,bearing,beginning,blade,closely,deflexed,deltoid,difoliate,eaf,eed,erect,even,faintly,flower,free,geminate,gravelly,growing,impressed,inflorescenc,lobed,lon,longitudinally,lower,many,material,middle,nflorescence,overlapping,papillo,papillose,planar,plurifoliat,pore,poricidal,portion,puberulent,reflexed,river,rocky,ruit,sandy,scar,spaced,stream,striat,tall,thickened,time,trichome,ud,unicellular,unit,usually,visible,widest,ympodial	0.25,alternate,appearance,arrangement,border,branch,bud,characteristic,colour,corrugation,diameter,distal,drying,exertion,form,giving,glabrousnes,growth,height,history,inflorescence,interjected,leaflet,length,life,lobing,midpoint,na,new,number,peduncle,per,perennial,plant,prickle,primary,pseudostipule,ray,seed,shape,size,terminal,texture,thicknes,type,variation,width	.4,0.5-1.5,0.8-1,1-1.2,1-4,1.5-1.7,1.5-2,11-20,2-2.5,2-3,3-5,5-6,6-10,accrescent,along,attenuate,base,beneath,berry,bi-lobed,branched,broadly,brownish-green,calyx,capitate,cm,cup-shaped,decurrent,densely,dia,dry,early,ellipsoid,elliptic,exserted,glabrate,glabrous,globose,golden-puberulent,green,greyish,internodal,lateral,leaf,long,long-acuminate,main,minutely,mm,narrowly,nearly,obovate,occasionally,older,opposite,ovoid-reniform,pair,pale,pitted,red-papillose,shaped,shrub,slender,slightly,sometimes,specimen,straight,tapering,tear-drop,tip,tube,vein,white,winged,woody,x,yellowish,young	0.25,alternate,na,perennial
23	wfo-0001025896	success	146	122	61	72	74	50	58	3	-3,0.5,0.5-2,1-6.5,1-8,1.5-2,10-15,2-14,2-2.5,4,4-23,4-5,4-6,5-15,6-10,7743,acosta,acuminate,adaxially,also,angled,apex,base,brownish,calyx,chartaceous,cm,cuneate,densely,diameter,eglandular,elliptic-ovate,entire,forked,fruit,glabrous,gland,globose,hair,like,lobe,margin,mm,moderately,nearly,often,orange,ovate,pale,pedicel,peduncle,petiole,pubescent,purple,red,ripe,rugose,short-stalked,shrub,simple,smooth,solí,stem,stigma,style,subcordate,surface,tube,unbranched,vein,white,x	-30,.5-2.5,1-1.5,1-25,1-3,1.5-9,10-25,2.5-14,2.5-5,4-12,5-7,6-13,7-,abaxial,abaxially,absen,acute,adaxiall,aggregate,apart,articulated,axe,ba,blade,branched,cell,connivent,constricted,cylindrical,deltate,dendritically,directed,distall,eaf,eed,especially,flower,greenish,inflated,long,lower,many-foliat,membranaceous,near,nflorescence,nther,obtuse,occasionally,orolla,perfect,pore,present,puberulent,pubescen,rachi,radiu,rotate-stellate,ruit,spaced,sparsely,stalked,stone,tal,tem,time,tip,triangular-ovate,triangular-subulate,truncat,unit,vary,wide,yellow,ympodial	anther,appearance,arrangement,border,bud,characteristic,colour,corolla,corrugation,distal,drying,exertion,filament,form,fruiting,giving,glabrousnes,growth,height,history,inflorescence,interjected,lateral,leaf,leaflet,length,life,lobing,midpoint,na,new,number,ovary,per,perennial,plant,prickle,primary,pseudostipule,ray,seed,shape,size,terminal,texture,thicknes,truncate,type,variation,width	-3,0.5,0.5-2,1-6.5,1-8,1.5-2,10-15,2-14,2-2.5,4,4-23,4-5,4-6,5-15,6-10,7743,acosta,acuminate,adaxially,also,angled,brownish,chartaceous,cm,cuneate,densely,diameter,eglandular,elliptic-ovate,entire,forked,glabrous,gland,globose,hair,like,mm,moderately,nearly,often,orange,ovate,pale,pubescent,purple,red,ripe,rugose,short-stalked,shrub,simple,smooth,solí,stem,subcordate,unbranched,white,x	na,perennial,truncate
24	wfo-0001025902	success	211	151	94	115	96	36	93	1	.5,/2,0.1-0.5,0.5-2,0.5-2.5,1-1.2,1-1.5,1.2-1.5,1.5,1.5-2,1/3,11-15,1983,2-6,2.5-4,4,4-6,40,5-6,>,acute,adaxially,anther,anthesi,apex,attenuate,bark,base,becoming,berry,black,broadly,c.,cabrera,calyx,clavate,cm,completely,conical,corolla,deltate,densely,diameter,dull,ellipsoid,entire,exserted,fide,filament,flattened-reniform,fruiting,glabrous,globose,green,growth,inflorescence,lanceolate,lateral,leaf,leaf-opposed,length,linear,lobe,long,lower,margin,mature,minute,minutely,mm,new,occasionally,ovary,pair,pale,papillose,pedicel,peduncle,per,petiole,pitted,primary,pubescent,ridged,rounded,scattered,scrambling,semi-circular,simple,slender,sometimes,sparsely,stem,stigma,strongly,style,surface,tangled,tapering,terminal,trichome,tube,uniseriate,vein,vine,violet,way,weak,whitish,wing,woody,x,yellow,yellowish,½	.2,1.5-3,3-10,4-13,4-5,5-merou,8-10,8-15,8-9,abaxially,absent,accompanied,ag,aid,along,always,alyx,apar,ark,articulated,axi,beginning,berr,branch,branched,branching,cell,chartaceous,circular,climbin,connivent,deciduou,eaf,eed,either,except,exfoliatin,fleshy,flower,free,geminat,ilament,leaving,lengthening,less,lobed,loosely,low,markedly,midvei,nflorescence,obscured,often,older,one,orolla,papillat,peg,pendant,perfect,pericarp,planar,plurifoliate,pore,poricidal,portion,prominent,revolute,rotate-stellate,ruit,scar,semi-aquati,shallow,sleeve,slit,small,somewhat,soon,spaced,spreading,tem,testal,thin,time,tip,twining,ud,ultimate,unit,usually,vary,vegetation,water,weight,widely,ympodial	appearance,arrangement,border,bud,characteristic,colour,corrugation,distal,drying,exertion,form,fruit,giving,glabrousnes,height,history,interjected,leaflet,life,lobing,midpoint,na,number,plant,prickle,pseudostipule,pubescence,ray,seed,shape,size,texture,thicknes,type,variation,width	.5,/2,0.1-0.5,0.5-2,0.5-2.5,1-1.2,1-1.5,1.2-1.5,1.5,1.5-2,1/3,11-15,1983,2-6,2.5-4,4,4-6,40,5-6,>,acute,adaxially,anthesi,attenuate,base,becoming,berry,black,broadly,c.,cabrera,calyx,clavate,cm,completely,conical,deltate,densely,diameter,dull,ellipsoid,entire,exserted,fide,flattened-reniform,glabrous,globose,green,lanceolate,lateral,leaf-opposed,linear,long,lower,mature,minute,minutely,mm,occasionally,pair,pale,papillose,per,pitted,pubescent,ridged,rounded,scattered,scrambling,semi-circular,simple,slender,sometimes,sparsely,strongly,surface,tangled,tapering,terminal,trichome,tube,uniseriate,vine,violet,way,weak,whitish,wing,woody,x,yellow,yellowish,½	na
25	wfo-0001025906	success	188	154	97	111	77	43	93	4	0-14,0.1-2,0.15-0.6,0.2-0.6,0.20-0.60,1-2,1.1-2,1.6-12.4,1.8-4.8,16-51,2-4.4,2.6-5.2,3-10,4-5,4-7,5-7,5.2-9,8-16,abaxially,acumen,acute,adaxially,anther,apex,axillary,base,berry,blue,brownish,bud,cell,clavate,cm,condition,connivent,coriaceous,corolla,covering,cuneate,dark,decurrent,diameter,distal,drying,filament,forked,fresh,fruit,generally,glabrous,globose,green,green-white,greenish,hair,hair-like,half,herb,interjected,lanceolate,lateral,leaf,leaflet,light,lilac,linear,lobe,long,make,mm,mucilaginous,obtuse,odd-pinnate,ovoid,pedicel,peduncle,petiole,plant,poricidal,pubescent,purple,rachi,ripe,seed,sessile,shiny,short,size,slightly,stigma,stripe,style,sub-glabrous,subglabrous,subtending,terminal,testal,thick,throughout,tip,tube,typically,unwinged,usually,wall,wet,white,whitish,width,x,yellow	1-3,1-6,2-6,3-5,4-10,4-12,5-6,5-merou,8.5-12.5,adaxiall,ag,alyx,apart,apparently,articulated,axe,blade,capitat,decreasing,decurrency,delimited,digestion,diminishing,dorsally,eaf,edge,eed,enzyme,erec,exceeding,falcate,first,flat,flower,folded,geminat,glabrou,hal,high,homostylous,honeycomb-shaped,lengthening,living,lower,next,nflorescence,orolla,pair,pentagonal,perfect,plurifoliate,pore,removed,rotate,ruit,second,seudostipule,slit,smaller,spaced,sparsely,specimen,stamen,straight,subequal,subglabrou,tall,tamen,tem,third,toward,tri-,unit,vary,well,wood,ympodial	appearance,arrangement,bark,border,branch,calyx,capitate,characteristic,colour,corrugation,erect,exertion,form,fruiting,giving,glabrousnes,growth,height,history,inflorescence,length,life,lobing,margin,midpoint,na,new,number,ovary,per,prickle,primary,pseudostipule,ray,shape,stem,surface,texture,thicknes,type,variation,vein,woody	0-14,0.1-2,0.15-0.6,0.2-0.6,0.20-0.60,1-2,1.1-2,1.6-12.4,1.8-4.8,16-51,2-4.4,2.6-5.2,3-10,4-5,4-7,5-7,5.2-9,8-16,abaxially,acumen,acute,adaxially,axillary,berry,blue,brownish,bud,cell,clavate,cm,condition,connivent,coriaceous,covering,cuneate,dark,decurrent,diameter,distal,drying,forked,fresh,generally,glabrous,globose,green,green-white,greenish,hair,hair-like,half,herb,lanceolate,lateral,light,lilac,linear,long,make,mm,mucilaginous,obtuse,odd-pinnate,ovoid,plant,poricidal,pubescent,purple,rachi,ripe,seed,sessile,shiny,short,slightly,stripe,sub-glabrous,subglabrous,subtending,terminal,testal,thick,throughout,tip,typically,unwinged,usually,wall,wet,white,whitish,x,yellow	capitate,erect,na,woody
26	wfo-0001025907	success	147	102	54	73	74	29	50	4	.05,0,0.8-1.8,1-1.2,1-2.3,1-5,1.5-2.2,10-15,12-45,2,2-3.5,2/3,3-5-15,4-5,acuminate,acute,anther,apex,attenuate,axillary,base,berry,brown,calyx,cm,conical,conspicuously,densely,diameter,elliptic,filament,flattened,fruit,fruiting,glabrous,globose,green,greenish,growth,lobed,long,lower,margin,minutely,mm,new,obovate,ovary,ovoid-reniform,pair,papillate,papillose,pedicel,per,petiole,plant,poricidal,primary,pubescent,red-papillate,round,seed,shrub,simple,size,stigma,style,surface,tip,tube,vein,white-lenticellate,x	-4,.5,.5-1,0-60,1,1-3,1.5-2,2-8,3-4,3/2,absent,along,anthesi,anthesis5-7,anticlinal,appearing,axil,beak,bearing,breaking,c,cell,clavat,deciduous,eaf,edicel,eed,epidermal,erec,flower,free,highly,included,iquito,irregular,isolated,lamina,lobe,lon,near,nearly,nflorescence,occasionally,open,population,portion,projection,raised,reflexed,remaining,rugose,ruit,scar,scattered,single-stemmed,sinuous,slender,soon,sparsely,tal,tem,thickening,time,trichome,truncate,tub,ud,unifoliat,uniseriate,unit,variable,white,without,ympodial	5-7,arrangement,bark,branch,bud,characteristic,clavate,colour,corolla,corrugation,drying,exertion,form,glabrousnes,height,history,inflorescence,leaf,length,life,lobing,na,number,peduncle,perennial,shape,stem,texture,type	.05,0,0.8-1.8,1-1.2,1-2.3,1-5,1.5-2.2,10-15,12-45,2,2-3.5,2/3,3-5-15,4-5,acuminate,acute,attenuate,axillary,berry,brown,cm,conical,conspicuously,densely,diameter,elliptic,flattened,glabrous,globose,green,greenish,lobed,long,lower,minutely,mm,obovate,ovoid-reniform,pair,papillate,papillose,poricidal,pubescent,red-papillate,round,shrub,simple,tip,white-lenticellate,x	5-7,clavate,na,perennial
27	wfo-0001026203	success	197	133	72	91	106	42	70	2	0-39,0.06-0.86,0.38-11.3,0.4-3,0.5-2.3,0.5-3.2,0.7-2.6,1-13,1-2,1.1-7.9,1.2-5.5,2-4.9,2-8.5,2.2-13.3,3-10,3-11,3.2-22,7-47,abaxially,acuminate,acute,adaxially,anther,apex,articulated,attenuate,axillary,base,berry,blue,bud,clavate,cm,coriaceous,corolla,dark,deep,diameter,distal,drying,elliptic,filament,forked,fruit,generally,glabrescent,glabrous,globose,green,greenish,hair,half,herb,high,interjected,lanceolate,lateral,leaf,leaflet,light,lilac,lobe,long,medium,middle,mm,mucilaginous,odd-pinnate,ovate,ovoid,pedicel,peduncle,petiole,plant,rounded,seed,sessile,short,size,stigma,style,subtending,terminal,tube,typically,unwinged,usually,white,whitish,wide,x	0-7,0.3-11,0.3-6,1-4,1-5,1-9,2-10,2-43,2-5,3-5,3.2-23,5-merou,acumen,ag,along,alyx,apart,apparently,arranged,asymmetric,axe,basiscopic,bead,blade,brownish,capitat,cell,condition,connivent,covering,decreasing,decurrent,digestion,dorsally,eaf,edge,eed,enzyme,erect,exceeding,flat,flower,folded,fresh,geminat,glabrescen,glabrou,green-white,hair-like,hal,homostylous,honeycomb-shaped,lengthening,like,linear,living,lower,make,moniliform,multiple,necklace,nflorescence,orbicular,orolla,pair,pentagonal,perfect,plurifoliate,pore,poricidal,rachi,removed,ripe,rosett,rotate,ruit,seudostipule,side,slightly,slit,sometimes,spaced,specimen,stamen,stolon,straight,stripe,subequal,subglabrous,tall,tamen,tem,testal,thick,throughout,tip,tissue,toward,tri-,tuber,unit,vary,wall,wet,yellow,ympodial	appearance,arrangement,bark,border,branch,calyx,capitate,characteristic,colour,corrugation,exertion,form,fruiting,giving,glabrousnes,growth,height,history,inflorescence,length,life,lobing,margin,midpoint,na,new,number,ovary,per,prickle,primary,pseudostipule,ray,shape,stem,surface,texture,thicknes,type,variation,vein,width	0-39,0.06-0.86,0.38-11.3,0.4-3,0.5-2.3,0.5-3.2,0.7-2.6,1-13,1-2,1.1-7.9,1.2-5.5,2-4.9,2-8.5,2.2-13.3,3-10,3-11,3.2-22,7-47,abaxially,acuminate,acute,adaxially,articulated,attenuate,axillary,berry,blue,bud,clavate,cm,coriaceous,dark,deep,distal,elliptic,forked,generally,glabrescent,glabrous,globose,green,greenish,hair,half,herb,high,lanceolate,light,lilac,long,medium,middle,mm,mucilaginous,odd-pinnate,ovate,ovoid,plant,rounded,sessile,short,subtending,terminal,typically,unwinged,usually,white,whitish,wide,x	capitate,na
28	wfo-0001026208	success	210	141	95	109	101	32	89	6	.5,/3,0.5-0.8,0.5-1.2,0.6-0.8,0.6-0.9,0.7-2,0.8-1.3,0.8-1.5,1-4,1-5,1.8-2.3,1.8-2.5,1/4-1/3,2.5-5,2.5-6,3-30,4-7,5-10,5-17,acuminate,acute,anther,apart,apex,apparently,bark,base,berry,bright,brown,calyx,chartaceous,cm,conical,cuneate,curved,dark,deltate,densely,diameter,dull,elliptic,erect,evenly,filament,flattened,flattened-reniform,fruit,fruiting,glabrous,gray-greenish,green,green-brown,lateral,leaf,length,lobe,lobed,long,lower,margin,mature,maturity,mauve,membranous,mm,moderately,orange,orange-brown,ovate,pair,pale,pedicel,peduncle,per,petiole,poricidal,prickle,prickly,primary,pubescent,recurved,red,rounded,shrub,sometimes,somewhat,spaced,sparsely,spherical,stellate,stellate-pubescent,stem,straight,straw-yellow,style,surface,tapering,terminal,tip,tube,unarmed,vein,way,white,wide,yellow,young	0-20,0-4,0-5,0-8,0.1,0.1-0.2,0.1-0.25,0.1-0.3,1-2,1.5,1.5-2.5,1/3,1/3-1/2,1/4-1/6,2,2-20,2-3,2-4,3-5,3-6,3.5-5,3/,4-9,5,5-11-25,5-22,5-merous,6-22,6-8,abaxial,abaxially,acut,adaxial,alyx,apar,apically,articulated,becoming,blade,branched,broad-deltate,connivent,difoliate,discolorous,distance,drying,eaf,eed,elongated,elongating,equal,extending,flower,free,geminat,geminate,glabrescent,infructescence,longer,midpoint,midvein,nflorescence,older,one,open,orolla,oung,pendulous,perfec,pericarp,porrect,portion,ray,red-brow,ruit,scar,sessile,shorter,side,slender,smooth,spreading,stalk,stalked,stout,subentire,tamen,terete,tertiary,time,toward,trichome,unarme,unit,usually,variously,vary,venation,visible,woody,ympodial	10-20,11-25,3/4,arrangement,branch,bud,characteristic,colour,corolla,exertion,form,glabrousnes,growth,height,history,inflorescence,life,lobing,na,new,number,ovary,perennial,plant,red-brown,seed,shape,size,stigma,texture,type,width	.5,/3,0.5-0.8,0.5-1.2,0.6-0.8,0.6-0.9,0.7-2,0.8-1.3,0.8-1.5,1-4,1-5,1.8-2.3,1.8-2.5,1/4-1/3,2.5-5,2.5-6,3-30,4-7,5-10,5-17,acuminate,acute,apart,apparently,base,berry,bright,brown,chartaceous,cm,conical,cuneate,curved,dark,deltate,densely,diameter,dull,elliptic,erect,evenly,flattened,flattened-reniform,fruit,glabrous,gray-greenish,green,green-brown,lateral,length,lobed,long,lower,mature,maturity,mauve,membranous,mm,moderately,orange,orange-brown,ovate,pair,pale,poricidal,prickly,pubescent,recurved,red,rounded,shrub,sometimes,somewhat,spaced,sparsely,spherical,stellate,stellate-pubescent,straight,straw-yellow,tapering,terminal,tip,unarmed,way,white,wide,yellow,young	10-20,11-25,3/4,na,perennial,red-brown
29	wfo-0001026215	success	150	124	85	92	58	32	80	5	-3,.05,0,1-3,1.5-2,1.5-2.2,13-35,18-20,2,2-3,2-3.5,3/4,4-15,4-5,7-8,abruptly,absent,acuminate,along,anther,anthesi,apex,axil,axillary,base,berry,broadly,brown,calyx,clavate,cm,completely,conical,conspicuously,continually,corolla,densely,diameter,elliptic,entire,filament,flattened-round,fruit,fruiting,glabrous,globose,green,greenish,herb,horizontal,kink,length,lobed,long,marked,markedly,minutely,mm,narrowing,nearly,nodding,occasionally,often,onto,ovary,ovoid-reniform,pair,papillae,papillate,pedicel,per,petiole,poricidal,primary,purple,seed,shrub,simple,stem,stigma,strongly,style,surface,tip,tube,vein,way,white,white-lenticellate,white-pubescent,winged,x	.5,0.05,0.5-1,1,1.5,15-2,2-4,abaxially,anticlinal,ape,beak,bifi,cell,deltate,eaf,edicel,eed,enlarged,epidermal,erect,exserted,flower,free,highly,internode,irregular,less,lobe,lower,nflorescence,noddin,papillat,portion,projection,raised,red-papillose,reflexed,rounded,rugose,ruit,scar,shortsympodial,single-stemmed,sinuous,small,ste,tal,tem,thickening,time,tub,ud,unifoliat,unit,usually,wide,wing,without	arrangement,bark,bifid,branch,bud,characteristic,colour,corrugation,drying,exertion,form,glabrousnes,growth,height,history,inflorescence,leaf,life,lobing,margin,na,new,number,peduncle,perennial,plant,shape,size,tall,texture,type,unifoliate	-3,.05,0,1-3,1.5-2,1.5-2.2,13-35,18-20,2,2-3,2-3.5,3/4,4-15,4-5,7-8,abruptly,absent,acuminate,along,anthesi,axil,axillary,base,berry,broadly,brown,clavate,cm,completely,conical,conspicuously,continually,densely,diameter,elliptic,entire,flattened-round,fruit,glabrous,globose,green,greenish,herb,horizontal,kink,length,lobed,long,marked,markedly,minutely,mm,narrowing,nearly,nodding,occasionally,often,onto,ovoid-reniform,pair,papillae,papillate,per,petiole,poricidal,primary,purple,seed,shrub,simple,stem,strongly,tip,vein,way,white,white-lenticellate,white-pubescent,winged,x	bifid,na,perennial,tall,unifoliate
30	wfo-0001026229	success	299	151	92	102	197	49	76	16	1,35,5,acute,anther,apex,asymmetric,attenuate-caudate,base,beneath,berry,black,branch,branching,broadly,brown,calyx,camptodromous,clavate,cm,cordate,corolla,cuneate,cyme,dark,densely,developed,diameter,drying,elliptic,elongated,entire,even,flattened,flower,fruit,fully,glabrescent,glabrous,globose,golden,green,growth,hirsute,hispid,immature,included,inflorescence,irregular,lanceolate,lateral,leaf,lobe,long,margin,mature,membranaceous,midpoint,mm,moderately,narrow-ovate,narrowly,nearly,new,oblong,ovate,ovate-elliptic,pale,pedicel,peduncle,per,petiole,pit,primary,pubescent,purple,ray,reniform,revolute,rounded,shiny,shrub,simple,size,slightly,small,spreading,stem,stigma,style,surface,terminal,tree,tube,type,unbranched,upper,vein,white,wide,yellowish-white,¾	0.1–1.47,0.2–0.8,0.35,0.3–0.9,0.3–1.2,0.4,0.8–1.2,0.8–2,0.9,0.9–4.3,1-celled,1.2–4.8,1.3–1.5,1.3–1.7,1.4,1.7–11.8,1.7–2.3,1.8,1.8–5.5,1.9–2.5,1/3,13,1–1.4,1–2,1–4,2,2.3–3.4,2.8–4,2–3,2–3-celled,2–4-celled,3,3–4,3–5,4.5–6.5,4–6,5-merou,5–9,6–15,6–7,6–8,8.6–12,8–10,9–31,abaxial,abaxially,accrescent,acuminate,adaxial,adaxiall,adaxially,ag,almost,also,always,alyx,anthesi,ark,articulated,associated,axe,ba,barely,blade,broken,capitate,celled,central,changing,commentary,commonly,completely,concentrated,connivent,covered,creating,cylindrical,deltoid,develope,differing,directed,discolorous,di­,dried,eaf,eed,eglandular,ellipsoidal,faces,few-rayed,found,free,frequently,fresh,geminate,gland,glandular,glandular-capitate,hair,head,hyaline,ilament,impressed,insertion,internodal,introrsely,involute,lamina,larger,less,like,lobed,long-stalked,longer,longitudinal,lower,mainly,material,maturit,midri,midvein,minute,mixed,much,multangulate,multangulate-stellate,multiseriate,near,nflorescence,often,old,older,one,open,opening,orientation,orolla,other,oung,pair,paired,papillose,pedunculate,perfect,pink,plurifoliate,point,poorly,pore,poricidal,porrect-stellate,portion,purplish,ra,rachi,raised,rarely,remnant,ruit,secondary,see,sessile,shin,short-,short-stalked,shorter,slit,smaller,solitary,sometimes,somewhat,sparsely,spread,spreadin,stalk,stellate,strongly,subopposite,subsessile,supported,surfac,three,trichome,trifoliate,tuft,ud,unequal,unit,usually,vary,venation,vestiture,visible,weakly,whitish-green,yellow,ympodial	0.1-1.47,0.3-1.2,1-1.4,1.2-4.8,1.3-1.7,1.7-11.8,1.7-2.3,1.8-5.5,1.9-2.5,2.3-3.4,2.8-4,6-7,8-10,8.6-12,9-31,appearance,arrangement,bark,border,bud,characteristic,colour,corrugation,distal,exertion,filament,form,fruiting,giving,glabrousnes,height,history,interjected,leaflet,length,life,lobing,na,number,ovary,plant,prickle,pseudostipule,seed,shape,texture,thicknes,variation,width	1,35,5,acute,asymmetric,attenuate-caudate,base,beneath,berry,black,branching,broadly,brown,calyx,camptodromous,clavate,cm,cordate,cuneate,cyme,dark,densely,developed,diameter,elliptic,elongated,entire,even,flattened,flower,fruit,fully,glabrescent,glabrous,globose,golden,green,hirsute,hispid,immature,included,irregular,lanceolate,lobe,long,mature,membranaceous,mm,moderately,narrow-ovate,narrowly,nearly,oblong,ovate,ovate-elliptic,pale,pit,pubescent,purple,reniform,revolute,rounded,shiny,shrub,simple,slightly,small,spreading,stem,tree,unbranched,upper,white,wide,yellowish-white,¾	0.1-1.47,0.3-1.2,1-1.4,1.2-4.8,1.3-1.7,1.7-11.8,1.7-2.3,1.8-5.5,1.9-2.5,2.3-3.4,2.8-4,6-7,8-10,8.6-12,9-31,na
31	wfo-0001026230	success	144	115	74	85	59	30	71	3	.25,.5,.8,0.3-1.5,0.75-1,0.9-2,1-1.4,1.1-1.8,1.8-2.3,12.6-20.8,2-4,3-4,4.6-9.3,5-20-flowered,acuminate,acute,anisomorphic,anther,anthesi,apex,area,bark,base,beneath,berry,bud,calyx,cm,corolla,dia,distal,elliptic,erect,except,filament,fruit,fruiting,glabrous,globose,green,grey,immature,leaf,lobe,lobed,long,long-acuminate,margin,minutely,mm,nearly,older,opposite,ovary,ovoid,papillose,pedicel,petiole,raised,reflexed,rounded,rusty-papillose,shaped,shrub,simple,slender,slightly,small,stem,stigma,strongly,style,surface,tapering,tear-drop,tip,tree,tube,umbonate,vein,white,winged,woody,x,young	0.5-3,1-1.5,1-4,1.9-4.1,2-5,5-10,anisophyllou,apart,apiculate,appears,back,beginning,broadly,clavate,clu,completely,cordate,coroll,deflexed,deltoid,difoliate,eaf,edicel,eed,enclosing,evenly,free,geminate,inflorescenc,large,lateral,lon,long-triangular,lower,main,major,middle,minor,nflorescence,obtuse,orbicular,pair,pointed,pore,poricidal,portion,ruit,scar,sinus,spaced,straight,tall,thickened,ud,unit,unknown,white-lenticellat,widest,ympodial	arrangement,characteristic,club,colour,corrugation,diameter,drying,exertion,form,glabrousnes,growth,height,history,inflorescence,length,life,lobing,na,new,number,peduncle,per,perennial,plant,primary,seed,shape,size,texture,type	.25,.5,.8,0.3-1.5,0.75-1,0.9-2,1-1.4,1.1-1.8,1.8-2.3,12.6-20.8,2-4,3-4,4.6-9.3,5-20-flowered,acuminate,acute,anisomorphic,anthesi,area,base,beneath,berry,bud,calyx,cm,dia,distal,elliptic,erect,except,fruit,glabrous,globose,green,grey,immature,leaf,lobed,long,long-acuminate,minutely,mm,nearly,older,opposite,ovoid,papillose,raised,reflexed,rounded,rusty-papillose,shaped,shrub,simple,slender,slightly,small,stem,strongly,surface,tapering,tear-drop,tip,tree,tube,umbonate,white,winged,woody,x,young	club,na,perennial
32	wfo-0001026233	success	157	134	71	82	75	52	68	3	.25,.75,0.7-0.8-1,0.8-1.55-1.9,0.8-4,1-,1.1,1.2-2.7,1/2,2-,2.1,2.3-7,2.6,2/3,3.2-3.7,3.2-4.7,3.5-4.5-5.5,5-30-50,6,acute,annual,anther,antrorse,apex,ascending,basal,base,bearing,berry,broadly,calyx,capitate,cm,conspicuous,cuneate-attenuate,densely,diameter,ellipsoidal,elliptic,entire,few-,filament,glabrous,globose,herb,herbaceous,lamina,leaf,less,lilac,lobe,longitudinally,margin,mm,moderately,narrowly,non-glandular,ovate,pale,petiole,pinnatisect,present,protuberance,pubescent,ridged,rounded,seed,simple,slender,sparsely,stigma,style,subglobose,surface,trans-ovoidal,trichome,tube,tuberculate,uniseriate,winged,x,yellow	0.3,0.5,0.7-0.8-1.3,1,1.5,2,2.4-3.5-3.8,4-5-6.2-8.1,abundant,accrescent,ag,annular,articulated,campanulate,coat,curved,cylindrical,difoliat,dimorphic,eaf,eed,embryo,evident,fruiting,hair,hig,interlobular,investing,larger,lobed,long,longitudinal,lower,membrane,minutely,multicellular,near,obtuse,occasionally,opening,orolla,other,outer,ovule,papery-scarious,partially,pinnatipartite,pore,poricidal,portion,pubescen,ree,reticulate,ruit,scarcely,seede,serrate,shorter,slightly,slit,small,smaller,striate,strongly,styl,tem,tip,unequal,unifoliate,unit,vary,venatio,verrucose,wider,ympodial	appearance,arrangement,bark,border,branch,bud,characteristic,colour,corolla,corrugation,distal,drying,exertion,form,fruit,giving,glabrousnes,green,growth,height,history,inflorescence,interjected,lateral,leaflet,length,life,lobing,midpoint,na,new,number,ovary,pedicel,peduncle,per,plant,prickle,primary,pseudostipule,ray,seeded,shape,size,stem,terminal,texture,thicknes,type,variation,vein,width	.25,.75,0.7-0.8-1,0.8-1.55-1.9,0.8-4,1-,1.1,1.2-2.7,1/2,2-,2.1,2.3-7,2.6,2/3,3.2-3.7,3.2-4.7,3.5-4.5-5.5,5-30-50,6,acute,annual,antrorse,ascending,basal,bearing,berry,broadly,capitate,cm,conspicuous,cuneate-attenuate,densely,diameter,ellipsoidal,elliptic,entire,few-,glabrous,globose,herb,herbaceous,lamina,less,lilac,longitudinally,mm,moderately,narrowly,non-glandular,ovate,pale,pinnatisect,present,protuberance,pubescent,ridged,rounded,simple,slender,sparsely,subglobose,trans-ovoidal,trichome,tuberculate,uniseriate,winged,x,yellow	green,na,seeded
33	wfo-0001026241	success	220	146	87	96	124	50	71	16	.5,10-20,109,2-flowered,abaxially,adaxially,anther,apex,appearing,appears,base,basiscopically,berry,black,brown,calyx,capitate,cell,cm,conical,cordate,corolla,covered,cup,densely,depressed-globose,dia,dry,entire,erect,erose,et,extended,filament,fruit,fruiting,galiano,glabrous,glandular-pubescent,globose,herb,inflorescence,internodal,irregularly,lateral,leaf,leaflet,lobe,lobed,margin,mm,oblique,open,orangish,outline,ovary,ovate,ovoid,papillate,pedicel,peduncle,per,perennial,petiole,pinnatifid,pitted,pubescent,pulp,rachi,remain,reniform,robust,seed,shallowly,sinuate,slightly,somewhat,stem,stigma,stout,style,subshrub,sulcate,surface,terminal,ternate,thickened,triangular,truncate,tube,tuberculate,usually,vein,way,white,x	.2,.3,0.1–0.15,0.2–,0.3–,0.3–0.4,0.3–0.6,0.3–1,0.5,0.5–0.7,0.5–0.8,0.5–1,0.7–1.1,1-,1-celled,1.2–1.5,1.2–2,1.5–1.7,1.5–2.5,1.5–3.5,1.9–2.1,1/3–1/2,1–,1–1.1,1–1.4,1–1.5,1–2,2.5–3,2–2.1,2–3,3,3-,30–50,3–3.1,4-,4.5–5,5,5-celled,5-merous,6,always,anthesi,apical,articulated,attenuate,ba,basal,beak,branching,brittle,broader,campanulate,center,connecting,curved,curving,darker,decurrent,deflexe,dehiscing,deltate,denser,difoliate,discrete,drying,dwarf,eaf,eglandular,elliptic,enclosed,equal,flower,foliat,foliose,free,geminate,gland,glandular,intially,larger,like,lon,long,longitudinal,main,midvein,mixture,much,near,nflorescence,one,onto,papillat,perfect,pericarp,pore,portion,prolonged,pubescen,ruit,shiny,simple,slit,small,smaller,sometimes,spatulate,stamen,stellate,strongly,succulent,taproot,testa,thick,tip,tissue,trichome,ud,uniseriate,unit,wide,wing,woody,ympodial	0.1-0.15,0.5-0.7,1-1.1,1-1.4,1-2,1-2.5,1-3.5,1.2-1.5,1.5-1.7,1.9-2.1,1/3-1/2,3-3.1,30-50,4.5-5,appearance,arrangement,border,bud,characteristic,colour,decurrenct,diameter,distal,exertion,form,giving,glabrousnes,growth,height,history,interjected,length,life,lobing,midpoint,na,new,number,plant,prickle,primary,pseudostipule,ray,shape,size,texture,thicknes,type,variation,width	.5,10-20,109,2-flowered,abaxially,adaxially,appearing,appears,base,basiscopically,berry,black,brown,capitate,cell,cm,conical,cordate,covered,cup,densely,depressed-globose,dia,dry,entire,erect,erose,et,extended,fruit,galiano,glabrous,glandular-pubescent,globose,herb,internodal,irregularly,lobed,mm,oblique,open,orangish,outline,ovate,ovoid,papillate,perennial,pinnatifid,pitted,pubescent,pulp,rachi,remain,reniform,robust,shallowly,sinuate,slightly,somewhat,stout,subshrub,sulcate,ternate,thickened,triangular,truncate,tuberculate,usually,way,white,x	0.1-0.15,0.5-0.7,1-1.1,1-1.4,1-2,1-2.5,1-3.5,1.2-1.5,1.5-1.7,1.9-2.1,1/3-1/2,3-3.1,30-50,4.5-5,decurrenct,na
34	wfo-0001026242	success	205	148	92	111	94	37	89	3	/4,0-2,0.05-0.2,0.3-0.5,0.35-0.4-0.55-0.9,0.4-0.5,0.4-2,0.5-0.7,0.55-0.9,0.7-1.3,1-1.5,1-2.5,1.5-3,1.5-4,1/2,10-30-80,2-2.5,2-5,2.5-2.8,2.5-4.5,3-6.5,4-10,5-7,6.5-8,7-17,acute,almost,anther,apart,apex,apparently,articulated,bark,base,berry,branched,bright,calyx,cm,concolorous,cuneate,curved,deltate,densely,diameter,drying,dull,elliptic,erect,evenly,filament,filiform,flattened,flattened-reniform,fruit,fruiting,glabrescent,glabrous,glandular,green,hair,lateral,leaf,length,lobe,lobed,long,margin,maturity,membranous,midpoint,minute,mm,moderately,orange-brown,pair,pale,pale-brown,pedicel,peduncle,petiole,poricidal,prickle,prickly,primary,ray,recurved,red,red-brown,shrub,sometimes,spaced,sparsely,spherical,stellate-pubescent,stem,straight,style,surface,tapering,tip,tube,unarmed,upper,vein,way,weakly,white,wide,yellow,young	-1.5,-6,0,0-5,0.1,0.5,0.5-1,0.7,1-3,1.2-2,1/5-1/3,1/6-1/4,10-20,4-13,4-5-merous,4.5-5.5,5-18,5-8-20,abaxial,abaxially,acut,alyx,ame,apar,apically,blade,broad-deltate,c.,connivent,difoliate,distance,eaf,eed,elongating,equal,extending,eye,flower,free,geminat,glabrou,green-gra,infructescence,irregularly,largely,longer,lower,mature,midvein,multangulate,naked,narrow-deltate,nflorescence,obtuse,occasionally,older,one,open,orolla,oung,per,perfec,pericarp,porrect,portion,prickl,reflexed,rounded,ruit,scar,sessile,shorte,shorter,side,simple,smooth,spreading,stalk,stalked,stellate,subentire,tamen,terete,tertiary,time,trichome,unarme,unit,variously,vary,venation,visible,woody,ympodial	appearance,arrangement,border,branch,bud,characteristic,colour,corolla,corrugation,distal,exertion,form,giving,glabrousnes,green-gray,growth,height,history,inflorescence,leaflet,life,lobing,na,new,ovary,perennial,plant,pseudostipule,seed,shape,size,terminal,texture,thicknes,type,variation,width	/4,0-2,0.05-0.2,0.3-0.5,0.35-0.4-0.55-0.9,0.4-0.5,0.4-2,0.5-0.7,0.55-0.9,0.7-1.3,1-1.5,1-2.5,1.5-3,1.5-4,1/2,10-30-80,2-2.5,2-5,2.5-2.8,2.5-4.5,3-6.5,4-10,5-7,6.5-8,7-17,acute,almost,apart,apparently,articulated,base,berry,branched,bright,cm,concolorous,cuneate,curved,deltate,densely,diameter,drying,dull,elliptic,erect,evenly,filiform,flattened,flattened-reniform,glabrescent,glabrous,glandular,green,hair,lateral,lobed,long,maturity,membranous,minute,mm,moderately,orange-brown,pair,pale,pale-brown,poricidal,prickle,prickly,recurved,red,red-brown,shrub,sometimes,spaced,sparsely,spherical,stellate-pubescent,straight,tapering,tip,unarmed,upper,way,weakly,white,wide,yellow,young	green-gray,na,perennial
35	wfo-0001026259	success	233	148	94	112	121	36	92	2	.1,.7,0.3–1.2,0.4–0.6,1.0–1.2,1.0–3.3,1.2–8.4,1.4–4.0,1.5,11–22,12–24,1m,2-ridged,2–17,35–45,6,7–10,8–11,acuminate,acute,anther,anthesi,apex,base,becoming,berry,branch,branching,broadly,brown,calyx,central,cm,concave-reniform,conical-ellipsoid,corolla,cream-coloured,cylindrical,decurrent,deltate,densely,diameter,ellipsoid,entire,exerted,filament,fruit,fruiting,glabrous,globose,green,green-orange,halfway,herb,inflorescence,internodal,lateral,leaf,length,less,lilac,lobe,long,margin,minutely,mm,much,nearly,often,once-branched,ovary,ovate-lanceolate,pair,papillate,pedicel,peduncle,per,petiole,plant,primary,pubescent,purple,purple-coloured,rarely,recurving,ripe,rounded,shiny,simple,slightly,smooth,sparsely,spreading,star,stem,stigma,straight,strongly,style,surface,tinged,translucent,tube,turning,vein,white,wide,winged,woody,yellow,yellow-green,young	.8,0.1–0.2,0.2–0.4,0.5,0.5–0.6,0.7–0.9,0404,0–2,1,1-celled,1.5–2.0,1–2,1–2-celled,1–3-celled,2/3,2–3-celled,3.0–3.4,4–5,5-merous,5–14,5–7-celled,?,abaxial,abaxially,adaxial,adaxially,affected,age,apar,appressed,arising,beyond,branched,cell,close,coloured,cone,congested,dehiscing,difoliate,drop,eaf,eed,elongating,end,especially,et,fleshy,flower,free,geminat,gradually,growt,hilum,individual,knapp,larger,leave,lengthening,like,live,lobed,lon,longer,lower,lowermost,membranous,narrower,narrowly,near,nflorescence,node,occasionally,one,outline,pale,pathogen,pentagonal,perfect,pericarp,pore,poricidal,portion,positioned,purple-black,rachi,reduced,reflexed,relatively,remaining,ruit,scar,short,shorter,shrub,similar,slit,sometimes,somewhat,spaced,splitting,stellate,stone,stout,sub-laterally,tall,tapering,tem,testal,thick,tightly,tip,together,toward,trichome,two,ud,uniseriate,unit,ympodial,–15	appearance,arrangement,bark,border,bud,characteristic,colour,distal,exertion,form,giving,glabrousnes,growth,height,history,interjected,leaflet,life,lobing,midpoint,na,new,number,perennial,prickle,pseudostipule,ray,seed,shape,size,terminal,texture,thicknes,type,variation,width	.1,.7,0.3–1.2,0.4–0.6,1.0–1.2,1.0–3.3,1.2–8.4,1.4–4.0,1.5,11–22,12–24,1m,2-ridged,2–17,35–45,6,7–10,8–11,acuminate,acute,anthesi,apex,base,becoming,berry,branching,broadly,brown,calyx,central,cm,concave-reniform,conical-ellipsoid,cream-coloured,cylindrical,decurrent,deltate,densely,diameter,ellipsoid,entire,exerted,fruit,glabrous,globose,green,green-orange,halfway,herb,internodal,lateral,less,lilac,long,minutely,mm,much,nearly,often,once-branched,ovate-lanceolate,pair,papillate,per,petiole,pubescent,purple,purple-coloured,rarely,recurving,ripe,rounded,shiny,simple,slightly,smooth,sparsely,spreading,star,straight,strongly,tinged,translucent,tube,turning,white,wide,winged,woody,yellow,yellow-green,young	na,perennial
36	wfo-0001026267	success	162	146	87	103	59	43	86	1	.25,.5,0.5-1,0.6-1.7,0.7-1.1,1-1.2,1-1.5,1-2.6,1.5-2,1.5-2.3,2.5-3,20-30-flowered,3-15,3-6.1,5-7,8.5-15,acuminate,acute,anther,apex,attenuate,axil,bark,base,beneath,berry,blackish,bright,broadly,calyx,cm,corolla,crateriform,cuneate,dia,distally,drying,except,exerted,filament,flattened-reniform,fruiting,glabrous,globose,green,greenish-white,greyish-green,lateral,lavender,leaf,lobe,lobed,long,main,margin,middle,minutely,mm,narrowly,nearly,occasionally,often,ovary,ovate,pale,papillose,pedicel,petiole,pitted,pore,poricidal,ripening,rough,scattered,shaped,shrub,simple,size,slender,slightly,small,soon,stem,stigma,straight,style,surface,tan,tapering,tear-drop,tinge,tip,tree,triangular,trichome,tube,tuft,uniseriate,vein,white,widest,x,yellow-green	0.1-1,1-4,3.2-8.6,4-8,8-10,anthesi,ba,beginning,body,closely,decurrent,deflexed,densely,depressed,differing,difoliate,distinct,eaf,edicel,eed,free,geminat,hard,incrassate,inflorescenc,larger,lon,longinflorescence,lower,major,maturity,minor,older,one,opposite,overlapping,pair,papillo,pitting,portion,pubescent,quickly,raised,reflexed,remaining,ruit,scar,scarious,softening,spaced,sparsely,tall,ud,unit,wing,winged,woody,ympodial,young	appearance,arrangement,border,branch,bud,characteristic,colour,corrugation,diameter,distal,exertion,form,fruit,giving,glabrousnes,growth,height,history,inflorescence,interjected,leaflet,length,life,lobing,midpoint,na,new,number,peduncle,per,plant,prickle,primary,pseudostipule,ray,seed,shape,terminal,texture,thicknes,type,variation,width	.25,.5,0.5-1,0.6-1.7,0.7-1.1,1-1.2,1-1.5,1-2.6,1.5-2,1.5-2.3,2.5-3,20-30-flowered,3-15,3-6.1,5-7,8.5-15,acuminate,acute,attenuate,axil,base,beneath,berry,blackish,bright,broadly,calyx,cm,crateriform,cuneate,dia,distally,drying,except,exerted,flattened-reniform,glabrous,globose,green,greenish-white,greyish-green,lateral,lavender,lobed,long,main,middle,minutely,mm,narrowly,nearly,occasionally,often,ovate,pale,papillose,pitted,pore,poricidal,ripening,rough,scattered,shaped,shrub,simple,slender,slightly,small,soon,straight,tan,tapering,tear-drop,tinge,tip,tree,triangular,trichome,tube,tuft,uniseriate,vein,white,widest,x,yellow-green	na
37	wfo-0001026279	success	244	155	95	114	130	41	92	3	0.2-0.4,0.8-2.3,0.9-1,1-1.4,1-10,1-3.5,1.1-1.6,1.1-1.9,1.5-1.8,11.5-19.7-34.3,14-27,2.6-4.8,3-4,3.1-4.2,3.4-5.2-5.9,3.5-7.8,4-7.5,8,8-11,abaxially,acuminate,adaxially,anther,anthesi,apex,attenuate,base,berry,black,blunt-tipped,branch,branched,brown,bud,calyx,capitate,cm,conical,corolla,cuneate,dark,deltoid,diameter,drying,elliptic,elongated,entire,exerted,filament,fleshy,flower,fruit,fruiting,glabrescent,glabrous,globose,granular,grayish,grayish-green,green,immature,lanceolate,lateral,lavender,leaf,length,lilac,lobe,long,many,margin,mature,midrib,mm,narrowly,oblong,obovate,occasionally,orbicular,ovate-lanceolate,pale,pedicel,peduncle,petiole,plant,pubescence,reticulate-punctate,rounded,scabridulous,scabrous,scattered,short,shrub,side,simple,slowly,stem,stigma,style,suborbicular,sulcate,surface,time,tomentose,tomentose-pubescent,tree,tube,unarmed,vein,white,whitish,x,yellowish,yellowish-tan	-4,/14-1/8,0.25-0.4,0.9-1.8-2.9,1.5-3,1.7-2.3,1.9-3,1.9-3.2,1/2,2.4-3.2,2.5-3.2,2/3,3.1-3.6,3.8-5.1,5-200,5-8,8.5-10.5-11.4,9-22,accrescent,acute,adaxiall,ag,apart,apparently,appearing,appressed,ark,around,articulated,axe,axillary,ba,blade,chartaceous,closely,completely,covering,cylindrical,dendritic-echinoi,dendritic-echinoid,dense,directed,distally,due,eaf,earl,echinoi,echinoid,edge,eed,enveloping,equal,evident,expanded,farinose,few-rayed,free,glabrescen,hair,half,inserted,lengthening,lobed,long-stalked,longer,longitudinal,longitudinall,lower,m.,main,minute,mixed,multangulate,multangulate-pubescent,multiseriate,nflorescence,occasional,often,older,open,orolla,overlapping,partly,perfect,plurifoliate,pore,poricidal,porrect-stellate,present,prominent,pseudo-terminal,rachi,ruit,secondary,semi-ovate,sessile,short-,short-decurrent,short-stalked,slightly,slit,somewhat,spaced,splitting,stalk,stamen,stellate,subcampanulate,subcoriaceous,subsessile,suture,tall,tamen,tertiary,thickened,thin,thin-stalked,tip,ud,unarme,unit,unwinged,upper,usually,vary,way,wide,yellow,ympodial,young	appearance,arrangement,bark,border,characteristic,colour,corrugation,distal,exertion,form,giving,glabrousnes,growth,height,history,inflorescence,interjected,leaflet,life,lobing,longitudinally,midpoint,na,new,number,ovary,per,prickle,primary,pseud-terminal,pseudostipule,ray,seed,shape,size,terminal,texture,thicknes,type,variation,width	0.2-0.4,0.8-2.3,0.9-1,1-1.4,1-10,1-3.5,1.1-1.6,1.1-1.9,1.5-1.8,11.5-19.7-34.3,14-27,2.6-4.8,3-4,3.1-4.2,3.4-5.2-5.9,3.5-7.8,4-7.5,8,8-11,abaxially,acuminate,adaxially,anthesi,apex,attenuate,berry,black,blunt-tipped,branched,brown,calyx,capitate,cm,conical,cuneate,dark,deltoid,diameter,drying,elliptic,elongated,entire,exerted,fleshy,flower,fruit,glabrescent,glabrous,globose,granular,grayish,grayish-green,green,immature,lanceolate,lavender,lilac,long,many,mature,midrib,mm,narrowly,oblong,obovate,occasionally,orbicular,ovate-lanceolate,pale,pubescence,reticulate-punctate,rounded,scabridulous,scabrous,scattered,short,shrub,side,simple,slowly,suborbicular,sulcate,time,tomentose,tomentose-pubescent,tree,unarmed,white,whitish,x,yellowish,yellowish-tan	longitudinally,na,pseud-terminal
38	wfo-0001026299	success	236	154	98	119	117	35	95	3	-10,0-8,0.1-0.4,0.1-0.5,0.2-0.25,0.25-0.5,0.4-0.5,0.5-0.6,0.5-0.6-0.8,0.5-1,0.5-2.5-3.5,0.8-1,0.9-1,1,1-1.4,1.1-1.7,1.2-1.6,1.5-2.3,1.8-2,2.2-3.2,2.5-7,5-20,6-20,acute,almost,anther,anthesi,apex,approximately,articulated,basal,base,beneath,broadly,brown,calyx,capitate,cell,change,cm,conical,corolla,could,crenate-serrate,dark,densely,diameter,distal,elliptic,entire,exserted,filament,flower,fruit,fruiting,glabrous,glandular,globose,green,hair-like,half,herb,imparipinnate,inflorescence,interjected,interrupted,irregularly,lanceolate,lateral,leaf,leaflet,lobe,lobed,long,margin,maturity,middle,minute,minutely,mm,obovate,outgrowth,ovary,pale,pedicel,peduncle,pentagonal,perennial,petiole,primary,pseudostipule,pubescent,purple,regularly,short,simple,size,sparsely,stem,stigma,straight,stripe,style,surface,terminal,testa,thick,tip,trichome,truncate,tube,variously,vein,velvety,wall,way,white,wide,yellow	--,-2.5,.5,0.1-0.2,0.1-0.2-1,0.1-0.25,0.1-0.4-1,0.15-0.2,0.2-1,0.3-0.4,0.4-2,0.5,0.5-0.7,0.6-2,0.7-3.5-5,0.8-0.9,1-celled,1.2-5,1.5-3.5-10,2-4,2-6,2-foliate,2-locular,2.5,25,3-5-15,5,7-12,abaxially,absent,abundant,acroscopically,adaxially,along,angled,apical,appearance,appendage,axi,basiscopically,berr,bract,bracteate,chota,column,crenat,decurrent,developed,diamete,eaf,ebracteate,edicel,eed,eglandular,erect,give,gree,hal,head,intermixed,internode,investing,jequetepeque,lacking,larger,less,like,lon,long-acuminate,longer,loosely,lower,marañón,mixture,multicellular,narrowly,nearly,nflorescence,node,oblique,occasionally,often,pair,patent,petiolule,population,present,prostrate,pubescence,rachi,reflexed,rest,ruit,scarcely,scattered,secondary,sessile,silky,sparse,spreading,staminal,sterile,stout,tall,tem,tertiary,toward,ud,unicellular,uniseriate,unit,usually,valley,weak-walled,winged,woody,ympodial	1.5-10,arrangement,bark,berry,branch,bud,cayx,characteristic,colour,corrugation,drying,exertion,form,glabrousnes,growth,height,history,length,life,lobing,midpoint,na,new,number,per,plant,prickle,ray,seed,shape,texture,thicknes,type,variation,width	-10,0-8,0.1-0.4,0.1-0.5,0.2-0.25,0.25-0.5,0.4-0.5,0.5-0.6,0.5-0.6-0.8,0.5-1,0.5-2.5-3.5,0.8-1,0.9-1,1,1-1.4,1.1-1.7,1.2-1.6,1.5-2.3,1.8-2,2.2-3.2,2.5-7,5-20,6-20,acute,almost,anthesi,apex,approximately,articulated,basal,base,beneath,broadly,brown,calyx,capitate,cell,change,cm,conical,could,crenate-serrate,dark,densely,diameter,distal,elliptic,entire,exserted,flower,glabrous,glandular,globose,green,hair-like,half,herb,imparipinnate,interrupted,irregularly,lanceolate,lateral,lobed,long,margin,maturity,middle,minute,minutely,mm,obovate,outgrowth,pale,pentagonal,perennial,pubescent,purple,regularly,short,simple,sparsely,straight,stripe,testa,thick,tip,trichome,truncate,variously,velvety,wall,way,white,wide,yellow	1.5-10,berry,na
39	wfo-0001026305	success	135	126	86	95	40	31	82	4	.25,/4,0.2-1,0.25-0.5,0.5-2,0.6-1,0.7-1,1-1.5,1.3-1.5,2-6-flowered,2.5-3,3-8.5,4-4.5,5-7,6-9,7-16,7-9,abaxially,acute,adaxially,anther,apex,area,attenuate,bark,base,beige-tan,berry,calyx,cm,congested,conical,corolla,dark,deflexed,dendritic,densely,dia,difoliate,drying,elliptic,exserted,filament,fruiting,glabrate,glabrous,globose,green,greenish-white,lateral,leaf,leaf-opposed,like,lobed,long,main,margin,minute,minutely,mm,occasionally,older,ovary,ovoid-reniform,pair,pale,papillose,pedicel,petiole,pitted,pore,poricidal,pubescent,rounded,shaped,shining,shrub,simple,slender,sparsely,stem,stigma,strongly,style,surface,tan,tear-drop,tip,trichome,tube,unifoliate,vein,way,x,young	2-2.5,abaxial,along,anthesi,apical,ba,closely,deltate,eaf,edicel,eed,free,geminat,interlocking,knob-like,lamina,lobe,lon,lower,middle,midrib,nflorescence,overlappin,planar,portion,projection,reddish-brow,ruit,scar,scattered,spaced,styl,tall,tub,ud,unit,visible,widest,woody,ympodial	arrangement,branch,bud,characteristic,colour,corrugation,diameter,exertion,form,fruit,geminate,glabrousnes,growth,height,history,inflorescence,length,life,lobing,na,new,peduncle,perennial,plant,primary,reddish-brown,seed,shape,size,texture,type	.25,/4,0.2-1,0.25-0.5,0.5-2,0.6-1,0.7-1,1-1.5,1.3-1.5,2-6-flowered,2.5-3,3-8.5,4-4.5,5-7,6-9,7-16,7-9,abaxially,acute,adaxially,area,attenuate,base,beige-tan,berry,calyx,cm,congested,conical,dark,deflexed,dendritic,densely,dia,difoliate,elliptic,exserted,glabrate,glabrous,globose,green,greenish-white,lateral,leaf,leaf-opposed,like,lobed,long,main,minute,minutely,mm,occasionally,older,ovoid-reniform,pair,pale,papillose,pitted,pore,poricidal,pubescent,rounded,shaped,shining,shrub,simple,slender,sparsely,stem,strongly,style,tan,tear-drop,tip,trichome,tube,unifoliate,vein,way,x,young	geminate,na,perennial,reddish-brown
40	wfo-0001026307	success	193	158	109	121	72	37	106	3	.6,0.2–0.5,0.2–1.5,0.5–0.7,0.5–5.0,0.6,0.8–2,0.8–5,1.0–1.2,1.0–2.0,1.0–2.4,1–3-celled,1–6-celled,2.0–3.5,2.6–13,2/3,3.0–4.0,3.5–7.0,35–45,3–8,3–8-celled,4–5.7,5–7,8–12,9,acute,acute-acuminate,angled,anther,anthesi,apex,appressed,articulated,base,berry,black,broadly,calyx,central,clavate,cm,corolla,cuneate,cylindrical,decurrent,densely,diameter,ellipsoid,entire,exerted,eye,facing,filament,flattened-reniform,flower,fruit,fruiting,glandular,globose,green,growth,herb,internodal,lateral,length,like,lobe,lobed,long,margin,membranous,minutely,mm,narrowing,new,ovary,ovate,pair,paler,pedicel,peduncle,per,petiole,primary,pubescent,purple,purple-yellow,reflexed,ripe,shallow,shallowly,shape,shrub,side,simple,sparsely,spreading,stem,stigma,straight,strongly,style,surface,tinged,tip,toward,translucent,triangular,trichome,tube,turning,undulate,uniseriate,variable,vein,vigorous,weak-stemmed,white,wide,yellow,yellow-green	.0–1.2,.3,.5,.5–4.0,.8,0.4,0.5–0.6,0.8–0.9,1.0–1.5,1.0–2.5,2.0,2.0–3.0,5-merous,abaxial,abaxially,adaxial,adaxially,age,apar,becoming,beyond,cell,cone,difoliate,eaf,eed,end,free,geminat,glabrous,gradually,hilum,later,lengthening,longer,lower,middle,narrower,nflorescence,one,outline,papillat,pentagonal,perfect,pore,poricidal,portion,positioned,recurved,reflexe,restricted,ruit,scar,shorter,slightly,slit,spaced,ste,stellate,stone,sub-laterally,tal,tem,testal,three,two,ud,unequal,unevenly,unit,upper,ympodial	0.8,arrangement,bark,branch,bud,characteristic,colour,corrugation,distal,drying,exertion,form,glabrousnes,height,history,inflorescence,interjected,leaf,leaflet,life,lobing,midpoint,na,number,papillate,plant,prickle,pseudostipule,ray,seed,size,terminal,texture,thicknes,type,variation,width	.6,0.2–0.5,0.2–1.5,0.5–0.7,0.5–5.0,0.6,0.8–2,0.8–5,1.0–1.2,1.0–2.0,1.0–2.4,1–3-celled,1–6-celled,2.0–3.5,2.6–13,2/3,3.0–4.0,3.5–7.0,35–45,3–8,3–8-celled,4–5.7,5–7,8–12,9,acute,acute-acuminate,angled,anthesi,apex,appressed,articulated,base,berry,black,broadly,calyx,central,clavate,cm,cuneate,cylindrical,decurrent,densely,diameter,ellipsoid,entire,exerted,eye,facing,flattened-reniform,flower,glandular,globose,green,herb,internodal,lateral,length,like,lobe,lobed,long,membranous,minutely,mm,narrowing,ovary,ovate,pair,paler,per,petiole,pubescent,purple,purple-yellow,reflexed,ripe,shallow,shallowly,shape,shrub,side,simple,sparsely,spreading,stem,straight,strongly,tinged,tip,toward,translucent,triangular,trichome,tube,turning,undulate,uniseriate,variable,vigorous,weak-stemmed,white,wide,yellow,yellow-green	0.8,na,papillate
41	wfo-0001026317	success	167	123	76	97	70	26	72	4	/4,0.25-1,0.3-1.2,0.5,0.5-0.6,0.6-1-5.7,0.7-0.9,0.8-1,1-1.2,10-12,2-2.5,2-3-foliate,2-3.5-15,2-4,2.5-10,3-3.5,4-5,6-8,6x,abaxially,absent,acuminate,acute,adaxially,anther,anthesi,apex,approximately,attenuate,bark,base,berry,branched,bright,brown,capitate,clonal,cm,conical,corolla,dark,dendritic,densely,diameter,drying,elliptic,entire,erect,essentially,filament,flattened,fruiting,glabrous,globose,growth,inflorescence,internodal,many,margin,minutely,mm,narrowly,new,nodding,orange,ovary,pair,pale,pedicel,peduncle,per,petiole,pitted,plant,poricidal,primary,pubescent,red,reniform,shrub,sparsely,stem,stigma,style,surface,terminal,time,tip,trichome,tube,uniseriate,unit,vein,way,white,x,yellowish	.5,0.5-0.8,0.5-1,1-1.5,3,50-200,?,age,apart,apically,calyx,closely,correlated,deltate,dense,distally,eaf,eed,em,erec,exerted,extremely,flower,found,free,geminat,halfwa,lamina,lengthening,less,like,lobe,lobed,longer,lower,maturity,nflorescence,occasionally,often,packed,papillat,papillate,perfect,pericarp,planar,plane,population,pore,portion,pubescen,pubescence,pulp,rachi,reflexed,ruit,scar,shiny,simple,slightly,slit,sticky,straight,swollen,thin,toward,triangular,ud,variable,woody,ympodial	2,arrangement,branch,bud,characteristic,colour,corrugation,exertion,form,fruit,glabrousnes,halfway,height,history,leaf,length,life,lobing,na,number,seed,shape,size,sympodial,texture,type	/4,0.25-1,0.3-1.2,0.5,0.5-0.6,0.6-1-5.7,0.7-0.9,0.8-1,1-1.2,10-12,2-2.5,2-3-foliate,2-3.5-15,2-4,2.5-10,3-3.5,4-5,6-8,6x,abaxially,absent,acuminate,acute,adaxially,anthesi,approximately,attenuate,base,berry,branched,bright,brown,capitate,clonal,cm,conical,dark,dendritic,densely,elliptic,entire,erect,essentially,flattened,glabrous,globose,internodal,many,minutely,mm,narrowly,nodding,orange,pair,pale,pitted,poricidal,pubescent,red,reniform,shrub,sparsely,terminal,time,tip,trichome,uniseriate,unit,way,white,x,yellowish	2,halfway,na,sympodial
42	wfo-0001026335	success	157	145	84	100	57	45	82	2	.5,0.1-0.3,0.25-0.5,0.5-1,0.6-1,0.8-1.3,1-1.5,1-2,1-4,1.5-2,10-20,2,2-3,2-4,2-7.5,3-18,3-5,5-15,5-7,7-8,abaxially,acuminate,adaxially,anther,apart,apex,articulated,base,branched,calyx,chartaceous,cm,connivent,covering,cuneate,curved,dense,densely,diameter,elliptic,elliptic-ovate,entire,erect,especially,filament,flattened,flower,forked,fruit,fruiting,glabrescent,glabrous,globose,green,hair,lanceolate,leaf,leaf-opposed,like,lobe,long,margin,midpoint,mm,moderately,multangulate,oblong,pedicel,peduncle,petiole,probably,pubescence,pubescent,ray,reticulate,ripe,rounded,scattered,sessile,shrub,simple,spaced,stellate,stellate-pubescent,stem,stigma,straight,style,subtending,surface,tip,toward,tube,unripe,usually,vein,white,x,yellow,yellowish	.5-3.5,1,1-3,1.5-4,10-30,4-5,5-,accrescent,acute,adaxiall,ag,apparently,axe,ba,blade,capitat,cylindrical,deltate,directed,distally,eaf,eed,equal,frui,geminate,glandula,glandular,held,large,longitudinal,lower,many-foliate,much,nflorescence,often,opening,orolla,paired,perfect,pore,rachi,ruit,slightly,slit,smaller,sometimes,ste,tal,tamen,tem,time,unit,uprigh,vary,whitish,wide,ympodial	appearance,arrangement,bark,border,branch,bud,capitate,characteristic,colour,corolla,corrugation,distal,drying,exertion,form,giving,glabrousnes,growth,height,history,inflorescence,interjected,lateral,leaflet,length,life,lobing,na,new,number,ovary,per,plant,prickle,primary,pseudostipule,seed,shape,size,terminal,texture,thicknes,type,variation,width	.5,0.1-0.3,0.25-0.5,0.5-1,0.6-1,0.8-1.3,1-1.5,1-2,1-4,1.5-2,10-20,2,2-3,2-4,2-7.5,3-18,3-5,5-15,5-7,7-8,abaxially,acuminate,adaxially,apart,articulated,base,branched,chartaceous,cm,connivent,covering,cuneate,curved,dense,densely,diameter,elliptic,elliptic-ovate,entire,erect,especially,flattened,flower,forked,fruit,glabrescent,glabrous,globose,green,hair,lanceolate,leaf-opposed,like,long,mm,moderately,multangulate,oblong,probably,pubescence,pubescent,reticulate,ripe,rounded,scattered,sessile,shrub,simple,spaced,stellate,stellate-pubescent,stem,straight,subtending,tip,toward,unripe,usually,white,x,yellow,yellowish	capitate,na
43	wfo-0001026343	success	218	149	89	112	106	37	86	3	-4,-7,.5,/5,0-2,0-4,0-40,0-5,0.05-0.2,0.05-0.5,0.1-0.2,0.45-1,0.5-1.5,0.8-1.5,1.3-1.7,1.5-2,1.5-2.5-3.5,1.8-2.2,1.8-3,1/3,2-3,2-3.2,2-4,2-6,2.2-3.2,3-5,5-10,5.5-9,acute,anther,apex,apparently,articulated,bark,base,berry,branched,broadly,calyx,chartaceous,cm,concolorous,cream,cuneate,curved,dark,densely,diameter,distal,drying,dull,elliptic,erect,filament,flattened,flattened-reniform,fruit,fruiting,glabrous,green,green-brown,lateral,leaf,length,lobe,lobed,lobing,long,lower,margin,marking,maturity,mauve,midpoint,mm,orange,orange-brown,pair,pale,pedicel,peduncle,per,petiole,plant,poricidal,prickle,prickly,primary,purple,ray,reddish,rounded,shrub,small,sparsely,spherical,stellate-pubescent,stem,style,surface,tapering,terete,tip,tree,tube,unarmed,vein,way,weakly,wide,yellow,young	-15,/2,0-1,0-10,0.15,0.2,0.2-0.3,0.2-0.7-1.5,0.3,0.5,1-2,1-3,1-4,1/,1/4-2/3,1/5,10-30,2-5,2-8,2.5-8,3-4,3.5-4.5,5-merous,6-9,7-12,7-14,7-8,7-9,abaxial,abaxially,acuminat,adaxial,alyx,andromonoecious,apar,apart,apically,blade,brow,connivent,deltate,distance,eed,elongating,equal,extending,faint,flower,free,glabrescent,hermaphrodite,heterostylous,infructescence,less,lon,long-styled,longer,lowermost,mature,midvein,moderately,multangulate,narrow-deltate,nflorescence,obtuse,older,one,open,orolla,oung,ovate,pendulous,pericarp,plurifoliat,porrect,portion,prickl,reduced,reflexed,ruit,scar,secondary,sessile,short-styled,side,smooth,sometimes,spaced,spreading,stalk,stalked,staminat,stellate,stout,tamen,tertiary,time,trichome,unit,upper,variously,vary,venation,visible,woody,ympodial	appearance,arrangement,border,branch,brown,bud,characteristic,colour,corolla,corrugation,exertion,form,giving,glabrousnes,growth,height,history,inflorescence,interjected,leaflet,life,na,new,number,ovary,perennial,pseudostipule,seed,shape,size,stigma,terminal,texture,thicknes,type,variation,width	-4,-7,.5,/5,0-2,0-4,0-40,0-5,0.05-0.2,0.05-0.5,0.1-0.2,0.45-1,0.5-1.5,0.8-1.5,1.3-1.7,1.5-2,1.5-2.5-3.5,1.8-2.2,1.8-3,1/3,2-3,2-3.2,2-4,2-6,2.2-3.2,3-5,5-10,5.5-9,acute,apparently,articulated,base,berry,branched,broadly,chartaceous,cm,concolorous,cream,cuneate,curved,dark,densely,diameter,dull,elliptic,erect,flattened,flattened-reniform,glabrous,green,green-brown,lateral,lobed,long,lower,marking,maturity,mauve,mm,orange,orange-brown,pair,pale,per,poricidal,prickle,prickly,purple,reddish,rounded,shrub,small,sparsely,spherical,stellate-pubescent,tapering,terete,tip,tree,unarmed,way,weakly,wide,yellow,young	brown,na,perennial
44	wfo-0001026352	success	207	134	91	109	98	25	89	2	.3,.5,0.5,0.5-0.8,0.5-1.5,0.5-3,0.6-1.5-4.6,0.7-2,0.9-1,1-1.5,1-2-celled,1-3.5-9,1.2-1.7,1.5,10+,3-15,5-6,7-9,<,?,acuminate,acute,anther,anthesi,antrorsely,apex,bark,base,berry,blue,branch,branching,brown,calyx,capitate-truncate,cm,conical,cordate,corolla,curved,densely,diameter,discolorous,ellipsoid,entire,evenly,exserted,filament,flattened,fruiting,glabrous,globose,green,greenish,growth,herbarium,immature,impressed,inflorescence,lamina,leafy,length,like,long,many,margin,mm,narrowly,nearly,new,outline,ovate,pair,pale,pedicel,peduncle,per,petiole,pink,primary,pubescent,reniform,revolute,shallowly,shoot,short,simple,specimen,spreading,stem,stigma,strongly,style,surface,terminal,time,trichome,truncate,tube,uniseriate,unspecified,vein,vine,violet,weak,white,wide,woody,yellowish	0.5-1,1-10,1.5-2,12-60,2,2-3-celled,4-4.5,5-merou,6-7,abaxially,adaxiall,ag,almost,alyx,angle,apart,apparently,appearance,arising,articulated,articulation,axi,basal,bending,broadly,cell,chartaceous,deciduous,deltate,denser,eaf,eed,eventually,expanded,few-celled,flower,free,giving,half,heigh,ilament,inflorescenc,irregularly,junction,large,largest,leave,leaving,lengthening,lobe,lobed,lower,mature,membranous,minutely,near,nflorescence,older,orolla,papillate,papillo,peg,perfect,pericarp,plurifoliat,point,pore,poricidal,portion,principal,rachi,reflexed,rest,right,ruit,scar,seen,shiny,sleeve,slit,small,spaced,sparser,spreadin,stellate,straw-colored,tem,thin,third,tip,tub,tuberculate,ud,unit,upper,vary,widest,ympodial	arrangement,bud,cayx,characteristic,colour,corrugation,drying,exertion,form,fruit,glabrousnes,height,history,leaf,life,lobing,na,number,ovary,plant,seed,shape,size,texture,type	.3,.5,0.5,0.5-0.8,0.5-1.5,0.5-3,0.6-1.5-4.6,0.7-2,0.9-1,1-1.5,1-2-celled,1-3.5-9,1.2-1.7,1.5,10+,3-15,5-6,7-9,<,?,acuminate,acute,anthesi,antrorsely,base,berry,blue,branching,brown,calyx,capitate-truncate,cm,conical,cordate,curved,densely,diameter,discolorous,ellipsoid,entire,evenly,exserted,flattened,glabrous,globose,green,greenish,herbarium,immature,impressed,lamina,leafy,like,long,many,mm,narrowly,nearly,outline,ovate,pair,pale,pink,pubescent,reniform,revolute,shallowly,shoot,short,simple,specimen,spreading,stem,strongly,terminal,time,trichome,truncate,tube,uniseriate,unspecified,vein,vine,violet,weak,white,wide,woody,yellowish	leaf,na
45	wfo-0001026352	success	212	147	106	124	88	23	103	3	.3,.5,0.5,0.5-0.8,0.5-1,0.5-1.5,0.5-3,0.6-1.5-4.6,0.7-2,0.9-1,1-1.5,1-2-celled,1-3.5-9,1.2-1.7,1.5,10+,3-15,5-6,7-9,<,?,acuminate,acute,anther,anthesi,antrorsely,apex,articulated,axi,base,berry,blue,branch,branching,broadly,brown,calyx,capitate-truncate,chartaceous,cm,conical,connivent,cordate,corolla,curved,deltate,densely,diameter,discolorous,ellipsoid,entire,evenly,exserted,filament,flattened-reniform,form,fruiting,glabrous,globose,green,greenish,growth,herbarium,immature,impressed,inflorescence,leaf,leafy,leaving,length,lobe,long,many,margin,membranous,minutely,mm,narrowly,near,nearly,new,outline,ovate,pair,pale,pedicel,peduncle,peg,per,petiole,pink,plurifoliate,primary,pubescent,revolute,shallowly,shiny,shoot,short,simple,sleeve,small,specimen,spreading,stem,stigma,strongly,style,surface,terminal,time,trichome,truncate,tube,uniseriate,unspecified,vein,vine,violet,weak,white,woody,x,yellowish	1-10,1.5-2,12-60,2,2-3-celled,4-4.5,5-merou,6-7,abaxially,adaxially,ag,almost,alyx,angle,apart,apparently,appearance,arising,ark,articulation,basal,bending,cell,deciduous,denser,eaf,eed,eventually,expanded,few-celled,flower,free,geminat,giving,half,heigh,ilament,inflorescenc,irregularly,junction,lamina,large,largest,lengthening,like,lobed,lower,mature,nflorescence,older,orolla,papillate,papillo,perfect,pericarp,point,pore,poricidal,portion,principal,rachi,reflexed,rest,right,ruit,scar,seen,slit,spaced,sparser,speciman,spreadin,stellate,straw-colored,tem,thin,third,tip,tub,tuberculate,twining,ud,unit,upper,vary,widest,yellow,ympodial	arrangement,bark,bud,characteristic,colour,exertion,fruit,geminate,glabrousnes,height,history,life,lobing,na,number,ovary,papillose,plant,seed,shape,size,texture,type	.3,.5,0.5,0.5-0.8,0.5-1,0.5-1.5,0.5-3,0.6-1.5-4.6,0.7-2,0.9-1,1-1.5,1-2-celled,1-3.5-9,1.2-1.7,1.5,10+,3-15,5-6,7-9,<,?,acuminate,acute,anthesi,antrorsely,articulated,axi,base,berry,blue,branching,broadly,brown,calyx,capitate-truncate,chartaceous,cm,conical,connivent,cordate,curved,deltate,densely,diameter,discolorous,ellipsoid,entire,evenly,exserted,flattened-reniform,form,glabrous,globose,green,greenish,herbarium,immature,impressed,leafy,leaving,lobe,long,many,membranous,minutely,mm,narrowly,near,nearly,outline,ovate,pair,pale,peg,pink,plurifoliate,pubescent,revolute,shallowly,shiny,shoot,short,simple,sleeve,small,specimen,spreading,strongly,surface,terminal,time,trichome,truncate,tube,uniseriate,unspecified,vine,violet,weak,white,woody,x,yellowish	geminate,na,papillose
46	wfo-0001026379	success	218	125	85	101	117	24	82	3	0.2-0.4,0.7-1,0.8-1.2,0.9-1.2,1-1.7,1-10,1-2,1.3-2.1,1.5-2.3-4.5,1.8-2.6,1.9-3.4,13,2-7,2.9-4,2/3,3-11,5.3-10.2,6-10.6,8-29,8.3-10,9-14,acute,along,anther,anthesi,apart,apex,articulated,attenuate,bark,basal,base,berry,blunt-tipped,branch,branched,brown,calyx,closely,cm,conical,corolla,dark,diameter,dried,ellipsoid,entire,filament,finely,fleshy,flower,fruit,fruiting,glabrous,globose,granular,gray-brown,grayish,growth,included,leaf,length,long-attenuate,many,margin,midrib,minutely,mm,nearly,oblong,obovate,ovate,ovate-lanceolate,pale,pedicel,peduncle,petiole,pitted,plant,reniform,rich,scabrous,shrub,side,simple,size,spaced,stellate-tomentose,stelliform,stem,stigma,style,terete,time,tomentose-pubescent,tube,vein,velutinous-pubescent,violet,whitish,x	0.2-0.38,0.7-2.5,1-3.7,1.7-4.9,1.8-3.2,1.8-5,1/2,2-2.8,2.4-5.1,2.6-3.7,3/4,4-5,4.1-7,50-450,8-13,8-15,abaxially,accrescent,adaxiall,adaxially,ag,apparently,around,axillary,ba,blade,capitat,chartaceous,completely,covering,cylindrical,dendritic-echinoid,densely,directed,distal,distally,eaf,echinoi,echinoid,echinoid-pubescent,edge,eed,enveloping,evident,farinose,few-rayed,free,hair,hig,inserted,lacking,large,lateral,lengthening,line,lobe,lobed,long,lower,m.,main,mature,minute,mostly,multangulat,multangulate,multangulate-pubescent,nflorescence,obtuse,often,older,orolla,partly,perfect,persistently,plurifoliate,pore,poricidal,porrect-stellate,present,pubescen,rachi,rather,recent,ruit,runk,scattered,semi-ovate,sessile,short-stalked,slit,small,sometimes,somewhat,sparse,stellate,stellate-,stellate-pubescent,suture,tamen,testa,thin,tip,translucent,tree,ud,uneven,unit,upper,usually,vary,vestigial,way,whitish-brown,yellow,ympodial,young	arrangement,bud,capitate,characteristic,colour,corrugation,exertion,form,glabrousnes,height,history,inflorescence,life,lobing,na,new,ovary,perennial,primary,seed,shape,surface,texture,type	0.2-0.4,0.7-1,0.8-1.2,0.9-1.2,1-1.7,1-10,1-2,1.3-2.1,1.5-2.3-4.5,1.8-2.6,1.9-3.4,13,2-7,2.9-4,2/3,3-11,5.3-10.2,6-10.6,8-29,8.3-10,9-14,acute,along,anthesi,apart,articulated,attenuate,basal,base,berry,blunt-tipped,branched,brown,calyx,closely,cm,conical,dark,diameter,dried,ellipsoid,entire,finely,fleshy,flower,fruit,glabrous,globose,granular,gray-brown,grayish,included,length,long-attenuate,many,midrib,minutely,mm,nearly,oblong,obovate,ovate,ovate-lanceolate,pale,petiole,pitted,reniform,rich,scabrous,shrub,side,simple,spaced,stellate-tomentose,stelliform,terete,time,tomentose-pubescent,velutinous-pubescent,violet,whitish,x	capitate,na,perennial
47	wfo-0001026400	success	187	167	110	123	64	44	106	4	0.2-0.8,0.4-1,0.5-1,0.5-1.2,1-2,1.3-2.6,1.7-2.2,10-28,12-27,13-30,2-6,3.4-4.8,3.5-5.9,30-55,5-7,6-13,6.5-20,9-13,abaxially,acuminate,acute,adaxially,anther,apex,apparently,asymmetric,attenuate,axe,axillary,base,basiscopic,berry,blue,brownish,bud,cell,clavate,cm,condition,connivent,coriaceous,corolla,covering,dark,deep,diameter,distal,drying,elliptic,filament,finely,flower,forked,fresh,fruit,generally,glabrescent,glabrous,globose,green,green-white,greenish,hair,hair-like,half,herb,interjected,lanceolate,lateral,leaf,leaflet,lengthening,light,lilac,linear,lobe,long,make,mm,moderately,mucilaginous,odd-pinnate,ovate,ovoid,pedicel,peduncle,perfect,petiole,plant,pore,poricidal,puberulent,pubescent,purple,ripe,rounded,seed,sessile,short,side,simple,size,slit,stigma,stripe,style,subtending,terminal,testal,thick,throughout,tip,tissue,tube,typically,unwinged,usually,wall,wet,white,whitish,x,yellow	0.7-1.1,1-10,10-18,2-8,2.4-5.9,3-6,4-7,5-merou,6-15,8-12,acumen,adaxiall,ag,alyx,apart,articulated,blade,capitat,decreasing,decurrent,digestion,dorsally,eaf,edge,eed,enzyme,erec,exceeding,flat,folded,geminat,glabrou,gree,hal,high,homostylous,honeycomb-shaped,living,lower,nflorescence,orbicular,orolla,pair,pentagonal,petiolulate,plurifoliate,removed,ruit,semi-stellate,seudostipule,slightly,spaced,specimen,stamen,straight,subequal,tall,tamen,tem,toward,tri-,unit,vary,ympodial	age,appearance,arrangement,bark,border,branch,calyx,capitate,characteristic,colour,corrugation,erect,exertion,form,fruiting,giving,glabrousnes,growth,height,history,inflorescence,length,life,lobing,margin,midpoint,na,new,number,ovary,per,prickle,primary,pseudostipule,ray,shape,stem,surface,texture,thicknes,type,variation,vein,width	0.2-0.8,0.4-1,0.5-1,0.5-1.2,1-2,1.3-2.6,1.7-2.2,10-28,12-27,13-30,2-6,3.4-4.8,3.5-5.9,30-55,5-7,6-13,6.5-20,9-13,abaxially,acuminate,acute,adaxially,apparently,asymmetric,attenuate,axe,axillary,basiscopic,berry,blue,brownish,bud,cell,clavate,cm,condition,connivent,coriaceous,covering,dark,deep,diameter,distal,drying,elliptic,finely,flower,forked,fresh,generally,glabrescent,glabrous,globose,green,green-white,greenish,hair,hair-like,half,herb,lanceolate,lateral,lengthening,light,lilac,linear,long,make,mm,moderately,mucilaginous,odd-pinnate,ovate,ovoid,perfect,plant,pore,poricidal,puberulent,pubescent,purple,ripe,rounded,seed,sessile,short,side,simple,slit,stripe,subtending,terminal,testal,thick,throughout,tip,tissue,typically,unwinged,usually,wall,wet,white,whitish,x,yellow	age,capitate,erect,na
48	wfo-0001026406	success	219	155	96	116	103	39	91	5	.2,.5,0.3-0.7,0.4-0.9,0.5-1.5,00-200,1-2,1.3-1.5,1.5-5,1.8-2.4,1/3,1/4-1/2,2-2.7,2-3,2-6,2.5-8,2.9-3.2,3-10.5,3.2-3.8,5-25,5-50,5-6,6-12,6.5-7,9-15,acute,anther,apart,apex,apparently,bark,base,berry,calyx,chartaceous,cm,conical,connivent,cordate,cream,curved,dark,deltate,densely,diameter,discolorous,distal,drying,erect,filament,flattened,flattened-reniform,flower,foliaceous,fruit,fruiting,gently,green,herb,lateral,leaf,length,lobe,lobed,long,long-styled,lower,margin,marking,maturity,mauve,midpoint,midvein,mm,moderately,oblong,obtuse,orange-brown,ovate,pair,pale,pedicel,peduncle,pendent,per,petiole,plant,poricidal,prickle,prickly,primary,purple,ray,red-brown,short-styled,shrub,spaced,spherical,stellate-pubescent,stem,straight,style,surface,tapering,terete,terminal,tip,tube,vein,velvety,way,weakly,white,wide,yellow,young	0,0-3,0-30,0-5,0.3,0.3-0.5,0.3-0.5-1,0.4-0.8,0.5,0.5-2.5,0.8,1,1.5-2,1/,1/4,1/4-1/3,10-30,12-19,20-60,3-4,30-60,5,5-7,5-8,5-merous,6-15,7-10,7-8,7-9,abaxial,abaxially,adaxial,adaxially,alyx,ame,andromonoecious,apar,apically,articulated,blade,branched,broad-deltate,c.,dirty-whitish,distance,eaf,eed,elongated,elongating,equal,extending,free,fully,glabrous,hermaphrodite,heterostylous,infructescence,least,lon,longer,lowermost,mature,nflorescence,older,one,open,opening,orolla,oung,pendulous,pericarp,plurifoliat,porrect,portion,prickl,reflexed,rounded,ruit,scar,sessile,side,smooth,sometimes,sparsely,spreading,stalk,stalked,staminat,stellate,stout,tamen,tertiary,time,trichome,unit,upper,variously,vary,venation,visible,woody,yellow-brow,ympodial	appearance,arrangement,border,branch,bud,characteristic,colour,corolla,corrugation,exertion,form,giving,glabrousnes,growth,height,history,inflorescence,interjected,leaflet,life,lobing,na,new,number,ovary,perennial,plurifoliate,pseudostipule,seed,shape,size,stelate,stigma,texture,thicknes,type,variation,width,yellow-brown	.2,.5,0.3-0.7,0.4-0.9,0.5-1.5,00-200,1-2,1.3-1.5,1.5-5,1.8-2.4,1/3,1/4-1/2,2-2.7,2-3,2-6,2.5-8,2.9-3.2,3-10.5,3.2-3.8,5-25,5-50,5-6,6-12,6.5-7,9-15,acute,apart,apparently,base,berry,chartaceous,cm,conical,connivent,cordate,cream,curved,dark,deltate,densely,diameter,discolorous,drying,erect,flattened,flattened-reniform,flower,foliaceous,gently,green,herb,lateral,lobed,long,long-styled,lower,marking,maturity,mauve,midvein,mm,moderately,oblong,obtuse,orange-brown,ovate,pair,pale,pendent,per,poricidal,prickly,purple,red-brown,short-styled,shrub,spaced,spherical,stellate-pubescent,straight,tapering,terete,terminal,tip,velvety,way,weakly,white,wide,yellow,young	na,perennial,plurifoliate,stelate,yellow-brown
49	wfo-0001026407	success	221	161	102	119	102	42	99	3	-11,-6,.5,/3,0.5-0.6,0.5-2,0.9-3,1-1.2,1.2-1.5,1.5-1.7,1.5-7,2.5-3,20-30,3.5,4-5,5,7-10,7-8,acute,anther,anthesi,apex,appearing,around,base,becoming,beneath,berry,black,branch,branched,broadly,brown,brownish,calyx,capitate,chartaceous,cm,congested,conical,connivent,corolla,deep,dendritic,dense,densely,diameter,discolorous,ellipsoid,elliptic,entire,exserted,filament,flattened-reniform,fleshy,fruiting,glabrous,globose,golden,golden-pubescent,growth,inflorescence,internodal,lateral,lobe,loosely,many,margin,markedly,membranous,minutely,mm,narrowly,new,numerous,oblique,occasionally,outline,pair,pale,papillate,pedicel,peduncle,per,persistent,petiole,pitted,primary,pubescence,pubescent,purple,purplish,reddish,revolute,ripe,shiny,short,shrub,simple,slightly,stem,stiff,stigma,stout,strongly,style,surface,terminal,time,trichome,truncate,tube,vein,vine,violet,way,woody,x,yellow	+,0.5,0.5-1,1,1-10,1.3,1.5-2,2-2.5,20-40,3.5-5.5,5-10,5-7,5-merou,abaxially,adaxially,ag,aid,along,always,alyx,apart,area,ark,articulated,axi,basal,berr,blunt,cell,clear,climbin,deltate,denser,eaf,eed,erect,evenly,flower,free,geminat,glabrescen,glabrou,ilament,interpetalar,irregularly,lamina,lax,leafy,leaving,lengthening,like,lobed,long,lower,midvein,mixture,near,nflorescence,obscured,often,older,open,orolla,paler,papillat,pedice,peg,pentagonal,perfect,pericarp,planar,plurifoliate,pore,poricidal,portion,pubescenc,ruit,scar,sinus,sleeve,slit,small,spaced,sparsely,sparser,spreading,stellate,tangled,tem,testal,thin,tip,transition,twining,ud,undulate,unit,upper,usually,vary,weak,ympodial	.5-3,appearance,arrangement,bark,border,bud,cayx,characteristic,colour,corrugation,distal,drying,exertion,form,fruit,giving,glabrescent,glabrousnes,height,history,interjected,leaf,leaflet,length,life,lobing,midpoint,na,number,ovary,plant,prickle,pseudostipule,ray,seed,shape,size,texture,thicknes,type,variation,width	-11,-6,.5,/3,0.5-0.6,0.5-2,0.9-3,1-1.2,1.2-1.5,1.5-1.7,1.5-7,2.5-3,20-30,3.5,4-5,5,7-10,7-8,acute,anthesi,appearing,around,base,becoming,beneath,berry,black,branched,broadly,brown,brownish,calyx,capitate,chartaceous,cm,congested,conical,connivent,deep,dendritic,dense,densely,diameter,discolorous,ellipsoid,elliptic,entire,exserted,flattened-reniform,fleshy,glabrous,globose,golden,golden-pubescent,internodal,lateral,loosely,many,markedly,membranous,minutely,mm,narrowly,numerous,oblique,occasionally,outline,pair,pale,papillate,per,persistent,pitted,pubescence,pubescent,purple,purplish,reddish,revolute,ripe,shiny,short,shrub,simple,slightly,stiff,stout,strongly,terminal,time,trichome,truncate,tube,vine,violet,way,woody,x,yellow	.5-3,glabrescent,na
50	wfo-0001026424	success	135	111	47	53	82	58	44	3	1-1.5,1.5-2,10,10-15,15-30,3-4,637/1,acuminate,acute,age,apex,base,becoming,blush-violet,broadly,calyx,campanulate,clonal,close,cm,corolla,cuneate,cyme,ellipsoid,elliptic,erect,exerted,flower,glabrous,lasting,lavender,leaf,lobe,oblique,obovate,pedicel,peduncle,petiole,pinnatisect,rh,scorpioid,several,shrub,simple,soft-wooded,soon,stem,straggly,toward,violet,woody,x,year	-3.5,-4,0.75-1.5,1,1-10,1-2,12-60,15,3-11,8-10-25,acuman,acumen,angular,anthesi,aspect,axil,ba,blunt,bluntly,broad,cell,common,conspicuous,cut,dia,distinct,downard,eaf,exceeding,except,facetted,facing,floral,fork,forked,general,glandular,gree,growing,hair,interacuminal,lacking,lanceolate,lanceolate-elliptic,larger,line,lobed,lon,long,lower,midvein,minute,mm,nflorescence,often,part,pedicellate,plurifoliat,point,rachi,raised,rarely,rotate-stellate,rounded,second,shallowly,short,sinus,slightly,stone,time,tip,tissue,triangular,tub,ud,unit,unwinged,usually,within,ympodial,young	1-4,anther,appearance,arrangement,bark,border,branch,bud,characteristic,colour,corrugation,diameter,distal,drying,exertion,filament,form,fruit,fruiting,giving,glabrousnes,green,growth,height,history,inflorescence,interjected,lateral,leaflet,length,life,lobing,margin,midpoint,na,new,number,ovary,per,plant,prickle,primary,pseudostipule,ray,seed,shape,size,stigma,style,surface,terminal,texture,thicknes,tube,type,variation,vein,width	1-1.5,1.5-2,10,10-15,15-30,3-4,637/1,acuminate,acute,age,base,becoming,blush-violet,broadly,campanulate,clonal,close,cm,cuneate,cyme,ellipsoid,elliptic,erect,exerted,flower,glabrous,lasting,lavender,oblique,obovate,pinnatisect,rh,scorpioid,several,shrub,simple,soft-wooded,soon,straggly,toward,violet,woody,x,year	1-4,green,na
51	wfo-0001026440	success	181	148	109	120	61	28	106	3	1-5,1.1-1.4,1.1-1.5,1.3-1.7,1.5-2.1,1/2-2/3,14-30,2-2.8,3-7,3-8,3/4,4-12,7-14,9,abaxially,acute,adaxially,along,anther,anthesi,apex,appressed,articulated,bark,basal,base,berry,blunt-tipped,bract-like,branch,branched,broadly,brown,calyx,chartaceous,closely,cm,conical,corolla,dendritic-echinoid,dense,diameter,dichotomy,echinoid,elliptic,entire,filament,first,fleshy,flower,free,fruiting,globose,granular,green,greenish-yellow,hair,included,leaf,length,lobe,lobed,long-attenuate,many,margin,minutely,mm,mostly,multangulate,multangulate-pubescent,nearly,oblong,obovate,obovoid-oblong,obscure,obtuse,often,openly,ovate,pair,pale,pedicel,peduncle,petiole,pitted,poricidal,porrect-stellate,reniform,ripe,scabrous,sessile,short-acuminate,short-stalked,shrub,simple,size,small,sometimes,spaced,sparse,stellate,stem,stigma,style,suture,terete,time,tip,tomentose,tomentose-pubescent,tomentum,tree,truncate,tube,turning,usually,way,white,x,yellow	0-15,1.8-4.5,1.9-3.7,1/2,2-4,2.9-4.4,3-5,3.9-6.5,5-7,accrescent,adaxiall,ag,always,apparently,axillary,ba,blade,branche,capitat,developed,directed,distal,distally,eaf,echinoi,eed,high,inserted,large,lengthening,long,lower,m.,minute,multangulat,nflorescence,older,orolla,perfect,persistently,plurifoliate,pore,pubescen,rather,ruit,runk,semi-ovate,slit,somewhat,stellate-pubescent,tamen,testa,thick,thin,translucent,ud,uneven,unit,vary,ympodial,young	arrangement,bud,capitate,characteristic,colour,drying,exertion,form,fruit,glabrousnes,growth,height,history,inflorescence,life,lobing,na,new,ovary,plant,primary,seed,shape,surface,texture,tommentose-pubescent,type,vein	1-5,1.1-1.4,1.1-1.5,1.3-1.7,1.5-2.1,1/2-2/3,14-30,2-2.8,3-7,3-8,3/4,4-12,7-14,9,abaxially,acute,adaxially,along,anthesi,apex,appressed,articulated,basal,base,berry,blunt-tipped,bract-like,branched,broadly,brown,calyx,chartaceous,closely,cm,conical,dendritic-echinoid,dense,diameter,dichotomy,echinoid,elliptic,entire,first,fleshy,flower,free,globose,granular,green,greenish-yellow,hair,included,leaf,length,lobe,lobed,long-attenuate,many,minutely,mm,mostly,multangulate,multangulate-pubescent,nearly,oblong,obovate,obovoid-oblong,obscure,obtuse,often,openly,ovate,pair,pale,petiole,pitted,poricidal,porrect-stellate,reniform,ripe,scabrous,sessile,short-acuminate,short-stalked,shrub,simple,small,sometimes,spaced,sparse,stellate,suture,terete,time,tip,tomentose,tomentose-pubescent,tomentum,tree,truncate,turning,usually,way,white,x,yellow	capitate,na,tommentose-pubescent
52	wfo-0001026441	success	197	142	82	101	96	41	79	3	0-2,0.3-0.7,0.5-1.5,0.8,1-1.5,1-2,1.5-2.5,10,15-20,2-2.5,2-5.5,2-8,4-6,4-8,4-8.5,4.5-6.5,5,7-20,7-8,abaxially,acuminate,adaxially,anther,apex,articulated,attenuate,axillary,base,berry,brownish,bud,chartaceous,cm,condition,conical,connivent,corolla,diameter,distal,drying,elliptic-lanceolate,filament,flat,forked,fresh,fruit,generally,glabrous,green,green-white,greenish,half,herb,interjected,lanceolate,lateral,leaf,leaflet,light,lobe,long,margin,middle,minute,mm,mottled,mucilaginous,narrow,obtuse,odd-pinnate,ovate,ovoid,pale,pedicel,peduncle,petiole,plant,pubescent,purple,ripe,rotate,rounded,seed,size,slightly,sparsely,stem,stigma,straight,style,subtending,terminal,throughout,tube,usually,violet,wet,whitish,wide,wing,x	.5,0.4-3,1-10,1.5-2,10-14,3-5,5-10.5,5-merou,6-15,9-14,absent,acumen,ag,alyx,apart,apparently,axe,blade,capitat,cell,ciliate,covering,decreasing,digestion,dorsally,eaf,edge,eed,end,enzyme,equal,erec,especially,exceeding,flower,folded,fourt,geminat,glabrou,gradually,hair,hair-like,homostylous,honeycomb-shaped,internal,larger,lengthening,like,living,lower,make,minutely,nflorescence,one,orbicular,orolla,pair,perfect,petiolule,placed,plurifoliate,pore,poricidal,puberulent,removed,ruit,secondary,semierect,seudostipule,short,slit,spaced,specimen,stamen,star,ste,stolo,subequal,subsessile,symmetrical,tall,tamen,tem,testal,thick,tip,toward,tri-,tuber,typically,unit,vary,wall,white,yellow,ympodial	appearance,arrangement,bark,border,branch,calyx,capitate,characteristic,colour,corrugation,exertion,form,fourth,fruiting,giving,glabrousnes,growth,height,history,inflorescence,length,life,lobing,midpoint,na,new,number,ovary,per,prickle,primary,pseudostipule,ray,shape,surface,texture,thicknes,type,variation,vein,width	0-2,0.3-0.7,0.5-1.5,0.8,1-1.5,1-2,1.5-2.5,10,15-20,2-2.5,2-5.5,2-8,4-6,4-8,4-8.5,4.5-6.5,5,7-20,7-8,abaxially,acuminate,adaxially,articulated,attenuate,axillary,berry,brownish,bud,chartaceous,cm,condition,conical,connivent,distal,drying,elliptic-lanceolate,flat,forked,fresh,generally,glabrous,green,green-white,greenish,half,herb,lanceolate,light,long,middle,minute,mm,mottled,mucilaginous,narrow,obtuse,odd-pinnate,ovate,ovoid,pale,plant,pubescent,purple,ripe,rotate,rounded,slightly,sparsely,straight,subtending,terminal,throughout,usually,violet,wet,whitish,wide,wing,x	capitate,fourth,na
53	wfo-0001026460	success	131	125	67	77	54	48	62	5	.1,.5,0.5-1.5,1-1.5,10-15,13.5-21,2-2.5,2.5-3,4.5-5,6-7,6-9,7-9,abaxially,acute-acuminate,adaxially,anther,apex,base,becoming,berry,branched,brown,calyx,capitate,cm,completely,corolla,dark,dia,distal,drying,elliptic,erect,filament,filiform,floccose,flower,fruiting,glabrous,globose,green,greenish,inflorescence,leaf,lobe,lobed,long,long-exserted,minutely,mm,nearly,older,ovary,ovoid-reniform,pale,pedicel,pitted,puberulent,reddish,shaped,shrub,simple,soon,stem,stigma,style,subshrub,surface,tapering,tear-drop,tiny,trichome,tube,vein,white,x,yellow	1.5-2,1/2,5,513,8-10,acut,anthesi,axi,closely,conical,deflexed,deltate,do,eaf,edicel,eed,fide,free,frui,inflorescenc,internodal,less,like,lower,major,membraneous,middle,nflorescence,often,opposite,pair,papillo,papillose,pore,poricidal,portion,reddish-brow,reflexed,ruit,santo,scar,slightly,somewhat,spaced,tall,tip,tub,ud,unifoliat,unit,widest,woody,ympodial,young	0.1,acute,appearance,arrangement,border,bud,characteristic,colour,corrugation,diameter,exertion,form,fruit,giving,glabrousnes,growth,height,history,interjected,lateral,leaflet,length,life,lobing,margin,midpoint,na,new,number,peduncle,per,petiole,plant,prickle,primary,pseudostipule,ray,reddish-brown,seed,shape,size,terminal,texture,thicknes,type,unifoliate,variation,width	.1,.5,0.5-1.5,1-1.5,10-15,13.5-21,2-2.5,2.5-3,4.5-5,6-7,6-9,7-9,abaxially,acute-acuminate,adaxially,apex,base,becoming,berry,branched,brown,calyx,capitate,cm,completely,dark,dia,elliptic,erect,filiform,floccose,flower,glabrous,globose,green,greenish,lobed,long,long-exserted,minutely,mm,nearly,older,ovoid-reniform,pale,pitted,puberulent,reddish,shaped,shrub,simple,soon,stem,subshrub,tapering,tear-drop,tiny,trichome,tube,white,x,yellow	0.1,acute,na,reddish-brown,unifoliate
54	wfo-0001026489	success	153	155	100	109	44	46	96	4	.3,0.05-0.1,0.25-0.5,0.5,0.5-0.75,0.5-1,0.5-2,0.8-1.2,0.8-1.3,0.8-3.7,1-1.5,1.5-5,2-3,2-4,2-5,2-8-flowered,2.5-13,2.5-4,2/3,5-6,8-13,acute,along,anther,apex,area,axil,bark,base,beneath,berry,branched,broadly,brown,calyx,cm,corolla,cup-shaped,dark,deltoid,densely,dia,difoliate,elliptic,exserted,filament,flattened,flattened-reniform,fruiting,glabrous,globose,green,later,lateral,leaf,lobe,lobed,long,main,margin,minutely,mm,occasionally,often,opposite,ovary,pair,paler,papillose,parallel,pedicel,perpendicular,petiole,pitted,pore,poricidal,prominent,pubescent,rhachi,shaped,shiny,shrub,simple,size,slender,soon,stem,stigma,straight,strongly,style,surface,tapering,tear-drop,terminal,thickened,tip,trichome,tube,uniseriate,unit,usually,vein,way,white,whitish,widened,x,young	0.6-1.4,1.3-3,anthesi,appearing,ba,closely,deflexed,differing,dry,eaf,edicel,eed,erect,extending,fleshy,free,geminat,gra,incrassate,lamina,lon,lower,major,middle,minor,nflorescence,older,one,overlappin,papillo,planar,portion,red-papillose,ruit,scar,somewhat,spaced,specimen,tall,tub,ud,widest,woody,ympodial	appearance,arrangement,border,branch,bud,characteristic,colour,corrugation,diameter,distal,drying,exertion,form,fruit,geminate,giving,glabrousnes,gray,growth,height,history,inflorescence,interjected,leaflet,length,life,lobing,midpoint,na,new,number,peduncle,per,plant,prickle,primary,pseudostipule,ray,seed,shape,sympodial,texture,thicknes,type,variation,width	.3,0.05-0.1,0.25-0.5,0.5,0.5-0.75,0.5-1,0.5-2,0.8-1.2,0.8-1.3,0.8-3.7,1-1.5,1.5-5,2-3,2-4,2-5,2-8-flowered,2.5-13,2.5-4,2/3,5-6,8-13,acute,along,area,axil,base,beneath,berry,branched,broadly,brown,calyx,cm,cup-shaped,dark,deltoid,densely,dia,difoliate,elliptic,exserted,flattened,flattened-reniform,glabrous,globose,green,later,lateral,leaf,lobed,long,main,minutely,mm,occasionally,often,opposite,pair,paler,papillose,parallel,pedicel,perpendicular,pitted,pore,poricidal,prominent,pubescent,rhachi,shaped,shiny,shrub,simple,slender,soon,straight,strongly,style,surface,tapering,tear-drop,terminal,thickened,tip,trichome,tube,uniseriate,unit,usually,vein,way,white,whitish,widened,x,young	geminate,gray,na,sympodial
55	wfo-0001026490	success	270	177	121	144	126	33	118	3	0.1–0.2,0.1–2.5,0.4–0.8,0.5–1,0.5–1.5,0.5–8,0.8–1.5,0.8–12,1.5–2,1.5–3.5,1.5–5,10–20,1–1.2,1–3,2–2.5,2–4,3,3–4.2,3–4.5,3–5,3–5-pinnate,4–4.5,5–7,7-pinnate,7–15,abaxially,absent,acute,adaxially,along,anther,anthesi,apex,axillary,base,brown,calyx,chartaceous,cm,commonly,connivent,corolla,covered,crisped,darker,densely,diameter,distal,distally,ellipsoidal,entire,expanded,extra-axillary,filament,flat,flattened,flower,fruit,fruiting,glabrous,green,immature,incurved,inflorescence,interjected,irregularly,lateral,leaf,leaflet,length,lenticular,light,lobe,long,lower,main,margin,mature,medium,middle,midvein,mm,moderately,mottled,nearly,oblique,oblong,obtuse,obtusely,orange,ovate-lanceolate,papillose,pedicel,peduncle,per,petiole,plurifoliate,pointed,pseudostipule,pubescence,pubescent,punctate,reflexed,resulting,revolute,rounded,sand,seed,shape,shoot,short,simple,size,slender,slightly,smooth,sometimes,somewhat,sparsely,spur,stem,stigma,striping,strongly,style,surface,tawny,teardrop-shaped,terminal,tip,trailing,transparent,trichome,truncate,tube,undulate,vine,violet,white,woody,yellow,½,×,–4.5	.5,0.2–1,0.2–1.5,0.3–3.5,0.5–3.5,0.7–3,1.2–8,1.5,1.8–2.2,1.9,1–15,1–2.5,1–8,2,2.5–3.5,2–6,2–8,3–8,4.6,4–5,5-merous,6,7,=,accrescent,acuminate,ag,alyx,apart,apical,apicall,apparently,around,articulated,axe,ba,becoming,blade,bract,bracteate,branched,broadly,capitat,cauline,ciliate,climbing,completely,contiguously,cordate,cylindrical,decreasing,directed,eaf,eed,eglandular,elliptic,equal,exceeding,free,fused,geminat,ground,lacking,large,latrorse-introrse,lobed,longitudinal,lowermost,lunate,markedly,match,mean,mean=,minute,multicellular,near,nflorescence,node,obliqu,obliquely,oblon,occasionally,one,opening,orolla,ovate,pair,part,pentagonal,perfec,perfect,petiolule,pore,present,pubescen,pur,rachi,radial,reniform,rooting,ruit,seudostipule,shorter,similar,slit,smaller,spaced,stamen,striation,tamen,tem,thickened,toward,trichomessympodial,typically,unbranched,unit,vary,vegetation,wide,wing,yellowish-tan,youn,–4,–8,–9.5	arrangement,bark,branch,bud,capitate,characteristic,colour,corrugation,drying,exertion,form,geminate,glabrousnes,growth,height,history,life,lobing,midpoint,na,new,number,ovary,plant,prickle,primary,ray,texture,thicknes,type,variation,vein,width	0.1–0.2,0.1–2.5,0.4–0.8,0.5–1,0.5–1.5,0.5–8,0.8–1.5,0.8–12,1.5–2,1.5–3.5,1.5–5,10–20,1–1.2,1–3,2–2.5,2–4,3,3–4.2,3–4.5,3–5,3–5-pinnate,4–4.5,5–7,7-pinnate,7–15,abaxially,absent,acute,adaxially,along,anthesi,apex,axillary,brown,chartaceous,cm,commonly,connivent,covered,crisped,darker,densely,distally,ellipsoidal,entire,expanded,extra-axillary,flat,flattened,flower,fruit,glabrous,green,immature,incurved,irregularly,lenticular,light,lobe,long,lower,main,margin,mature,medium,middle,midvein,mm,moderately,mottled,nearly,oblique,oblong,obtuse,obtusely,orange,ovate-lanceolate,papillose,plurifoliate,pointed,pubescence,pubescent,punctate,reflexed,resulting,revolute,rounded,sand,shoot,short,simple,slender,slightly,smooth,sometimes,somewhat,sparsely,spur,stem,striping,strongly,tawny,teardrop-shaped,terminal,tip,trailing,transparent,trichome,truncate,undulate,vine,violet,white,woody,yellow,½,×,–4.5	capitate,geminate,na
56	wfo-0001026491	success	165	138	86	96	69	42	81	5	.5,1,1-2,1.5-2,1.5-2.5,1.5-3.5,1.7,10-50,2.5-3.5,3,3-pinnate,5-6,5-8,6-8,abaxially,absent,acuminate,acute,adaxially,anther,apex,appressed,articulated,averaging,base,berry,branched,broadly,cellular-papillose,cellular-pilose,central,cm,conspicuously,cuneate,deciduous,deep,deltoid,diameter,elliptic-lanceolate,entire,filament,flower,glistening,globose,green,hair,highly,inflorescence,interjected,lanceolate,lateral,leaf,leaflet,less,light,lobe,margin,middle,minutely,mm,oblong-elliptic,often,ovate,ovate-elliptic,ovoid,pale,pedicel,peduncle,petiole,pilose,porrect-incurved,pubescent,purple,readily,rotate-pentagonal,rotate-substellate,rounded,row,sharp,shortly,shrub,simple,slender,spotted,stigma,strigose,strong,suborbicular-ovate,surface,tawny,terminal,ventral,white,whitish,x,yellow	1977,2-3,2-4,2-celled,5-merou,7-8,abaxiall,alyx,anderson,apparently,axe,ba,bayonet,bent,blade,bract,branching,capitat,connivent,crinkly,densely,directed,distall,eaf,eed,equal,first,geminat,greatly,growing,homostylous,long,lower,lunulat,mean,near,nflorescence,obtuse,orolla,perfect,plurifoliate,point,pore,poricidal,present,rachi,rarely,reduced,ruit,scandent,seudostipule,similar,small,straight,strigo,strongly,subacute,tal,tamen,tem,tightly,tip,tube,tyle,uniseriate,unit,upright,usually,ympodial	abaxial,adaxial,appearance,arrangement,articulation,border,calyx,capitate,characteristic,colour,corolla,direction,distal,distally,form,fruit,giving,growth,height,history,length,life,lunulate,midpoint,na,number,per,perennial,plant,prickle,pseudostipule,ray,seed,shape,size,stem,style,texture,thicknes,type,variation,width	.5,1,1-2,1.5-2,1.5-2.5,1.5-3.5,1.7,10-50,2.5-3.5,3,3-pinnate,5-6,5-8,6-8,abaxially,absent,acuminate,acute,adaxially,appressed,articulated,averaging,base,berry,branched,broadly,cellular-papillose,cellular-pilose,central,cm,conspicuously,cuneate,deciduous,deep,deltoid,diameter,elliptic-lanceolate,entire,flower,glistening,globose,green,hair,highly,lanceolate,less,light,middle,minutely,mm,oblong-elliptic,often,ovate,ovate-elliptic,ovoid,pale,pilose,porrect-incurved,pubescent,purple,readily,rotate-pentagonal,rotate-substellate,rounded,row,sharp,shortly,shrub,simple,slender,spotted,strigose,strong,suborbicular-ovate,surface,tawny,ventral,white,whitish,x,yellow	capitate,distally,lunulate,na,perennial
57	wfo-0001026501	success	194	162	116	132	62	30	114	2	.1,.35,.5,.6,/3,0,0-1,0.05-0.3,0.2-1.8,0.27-0.7,0.5,0.5-0.6,0.5-0.9,0.5-1,0.6-1,0.6-1.1-1.7,0.6-2,0.9-2.2,1,1-2,1-2.5,1.8-2.2,1/2-2/3,1/4,2-10,2.5-4,2.8-3,3-4,3-5,3-9,4-7,7-9,?,abaxially,acicular,acute,anther,apart,apex,apically,articulated,bark,base,becoming,berry,branched,brown,brown-green,calyx,chartaceous,cm,cuneate,deltate,densely,diameter,dull,elliptic,elongated,entire,erect,eye,filament,flattened,flattened-reniform,fruit,fruiting,glabrous,gray,green,known,leaf,length,light,lobe,lobed,long,margin,mature,mauve,midpoint,mm,moderately,naked,orange-brown,orbicular,ovate,pair,pale,pedicel,peduncle,per,petiole,poricidal,porrect,prickle,prickly,primary,ray,rounded,scandent,shoot,short,shorter,shrub,simple,sometimes,somewhat,spaced,sparsely,spherical,spreading,stalked,stellate-pubescent,stem,straight,style,surface,tapering,terete,terminal,tip,trichome,tube,unarmed,upper,vein,visible,way,white,wide,yellow,yellow-green	.7,0-2,0-3,0.1,1/6-1/2,3.5-4,4-5,5-merous,6-9,almost,alyx,apar,apparently,blade,borne,color,concolorous,curved,discolorous,drying,eaf,eed,elongating,equal,filiform,filiform-acuminat,flower,free,glabrou,infructescence,longer,lower,nflorescence,often,older,one,open,orolla,oung,pendulous,perfec,pericarp,plurifoliat,portion,prickl,reddish,ruit,scar,sessile,slender,small,smooth,stalk,stellate,subsessile,tamen,time,unarme,unit,variously,vary,ympodial	appearance,arrangement,border,branch,characteristic,colour,corolla,exertion,filiform-acuminate,form,giving,glabrousnes,growth,height,history,inflorescence,life,lobing,na,new,number,ovary,plant,seed,shape,size,stigma,texture,type,width	.1,.35,.5,.6,/3,0,0-1,0.05-0.3,0.2-1.8,0.27-0.7,0.5,0.5-0.6,0.5-0.9,0.5-1,0.6-1,0.6-1.1-1.7,0.6-2,0.9-2.2,1,1-2,1-2.5,1.8-2.2,1/2-2/3,1/4,2-10,2.5-4,2.8-3,3-4,3-5,3-9,4-7,7-9,?,abaxially,acicular,acute,apart,apically,articulated,base,becoming,berry,branched,brown,brown-green,chartaceous,cm,cuneate,deltate,densely,diameter,dull,elliptic,elongated,entire,erect,eye,flattened,flattened-reniform,fruit,glabrous,gray,green,known,length,light,lobed,long,mature,mauve,midpoint,mm,moderately,naked,orange-brown,orbicular,ovate,pair,pale,per,poricidal,porrect,prickly,ray,rounded,scandent,shoot,short,shorter,shrub,simple,sometimes,somewhat,spaced,sparsely,spherical,spreading,stalked,stellate-pubescent,straight,surface,tapering,terete,terminal,tip,trichome,unarmed,upper,visible,way,white,wide,yellow,yellow-green	filiform-acuminate,na
58	wfo-0001026513	success	138	118	59	71	67	47	55	4	.25,.75,/3,0.8-2,1-1.5,1-3,2-2.2,2-5,3-5,3-6-flowered,4-5,6-8,7-9,8-16,acute,anther,apex,area,bark,base,berry,calyx,cm,completely,corolla,darkish,decurrent,dia,elliptic,exserted,filament,fruit,fruiting,glabrous,globose,green,lanceolate,lateral,leaf,lobe,lobed,long,long-styled,main,minute,mm,ovary,pair,pale,papillose,pedicel,petiole,plant,shaped,shiny,short-styled,shrub,simple,slender,soon,stem,stigma,style,surface,tear-drop,tip,tube,vein,way,white,x	.1,.3,anthesi,apiculate,ba,broadly,caly,closely,deflexed,delicate,deltoid,differentiated,dry,eaf,edicel,eed,erect,except,flower,free,gre,hirsute,immature,known,leave,less,live,longer,lower,mature,middle,minutely,much,nflorescence,obscure,older,opposite,overlappin,pore,poricidal,portion,prominent,raised,reflexed,rest,ruit,scar,small,somewhat,spaced,specimen,straight,styl,tall,treelet,trichome,ud,undersurface,unifoliat,uniseriate,unit,venation,wide,widest,woody,ympodial,young	appearance,arrangement,border,branch,bud,characteristic,colour,corrugation,diameter,distal,drying,exertion,form,giving,glabrousnes,grey,growth,height,history,inflorescence,interjected,leaflet,length,life,lobing,margin,midpoint,na,new,number,peduncle,per,perennial,prickle,primary,pseudostipule,ray,seed,shape,size,terminal,texture,thicknes,type,unifoliate,variation,width	.25,.75,/3,0.8-2,1-1.5,1-3,2-2.2,2-5,3-5,3-6-flowered,4-5,6-8,7-9,8-16,acute,area,base,berry,calyx,cm,completely,darkish,decurrent,dia,elliptic,exserted,glabrous,globose,green,lanceolate,lateral,lobed,long,long-styled,main,minute,mm,pair,pale,papillose,petiole,shaped,shiny,short-styled,shrub,simple,slender,soon,style,tear-drop,tip,vein,way,white,x	grey,na,perennial,unifoliate
59	wfo-0001026529	success	219	176	124	137	82	39	121	3	0-25,0.3-1,0.5-4.5,1,1-2,1-4.5,1.1-2.5,1.5-2.5,1.5-4,10-28,11-14,12-22,120-210,2-7.5,20-60,3-12,3-5,3-9.5,5-15,5-17,5-9,50-70,6-20,600-950,?,abaxially,acuminate,adaxially,anther,apex,apparently,axe,axillary,base,berry,blue,brownish,bud,cell,chartaceous,clavate,cm,condition,cordate,corolla,covering,creamy,dark,deep,densely,diameter,distal,dot,drying,faintly,filament,flower,forked,fresh,fruit,generally,glabrous,gland,glandular,globose,greatly,green,green-white,greenish,hair,hair-like,half,head,herb,interjected,lanceolate,lateral,leaflet,length,light,like,lilac,lobe,long,longer,make,margin,medium,membranous,mm,moderately,mucilaginous,non-glandular,oblique,odd-pinnate,often,ovoid,pedicel,peduncle,perfect,petiole,plant,pubescent,pure,rarely,ripe,rounded,scattered,seed,shape,short,size,slightly,stem,stigma,style,subtending,terminal,testal,tetralobulate,thick,throughout,tip,trichome,tube,typically,unwinged,usually,varying,wall,wet,white,whitish,wide,wing,x,yellowish	1-10,1-3,10,2,2-5,3-6,4-8,5-merou,acumen,acute,ag,along,alyx,apart,articulated,attenuate,blade,broadly,capitat,ciliate,connivent,digestion,dorsally,eaf,edge,eed,elliptic,enzyme,erec,especially,exceeding,except,flat,folded,geminat,glabrou,gree,hal,homostylous,honeycomb-shaped,lengthening,living,lower,lunate,midrib,minutely,narrowly,nflorescence,orbicular,orolla,ovate,pair,pentagonal,petiolulate,petiolule,plurifoliate,pore,poricidal,proximal,puberulent,reduced,removed,ruit,sessile,seudostipule,slit,spaced,specimen,stamen,ste,straight,subequal,subsessile,substellate,tall,tamen,tem,tri-,unit,vary,yellow,ympodial	appearance,arrangement,bark,border,branch,calyx,capitate,characteristic,colour,corrugation,erect,exertion,form,giving,glabrousnes,growth,height,history,inflorescence,leaf,life,lobing,midpoint,na,new,number,ovary,per,prickle,primary,pseudostipule,ray,surface,texture,thicknes,type,variation,vein,width	0-25,0.3-1,0.5-4.5,1,1-2,1-4.5,1.1-2.5,1.5-2.5,1.5-4,10-28,11-14,12-22,120-210,2-7.5,20-60,3-12,3-5,3-9.5,5-15,5-17,5-9,50-70,6-20,600-950,?,abaxially,acuminate,adaxially,apparently,axe,axillary,berry,blue,brownish,bud,cell,chartaceous,clavate,cm,condition,cordate,covering,creamy,dark,deep,densely,diameter,distal,dot,drying,faintly,flower,forked,fresh,generally,glabrous,gland,glandular,globose,greatly,green,green-white,greenish,hair,hair-like,half,head,herb,lanceolate,lateral,length,light,like,lilac,long,longer,make,medium,membranous,mm,moderately,mucilaginous,non-glandular,oblique,odd-pinnate,often,ovoid,perfect,plant,pubescent,pure,rarely,ripe,rounded,scattered,seed,shape,short,size,slightly,stem,subtending,terminal,testal,tetralobulate,thick,throughout,tip,trichome,typically,unwinged,usually,varying,wall,wet,white,whitish,wide,wing,x,yellowish	capitate,erect,na
60	wfo-0001026534	success	149	118	54	65	84	53	52	2	0.5-1,1.5-6,1.5-9,10-20,10-50,15-50,2-2.5,2-7,2.5-15,3-25,3-4,3-5,3.5-4,4-10,5-6,6-35,7-40,acuminate,apex,auriculate,basal,base,branched,calyx,chartaceous,cm,connivent,cordate,densely,diameter,eglandular,ellipsoidal,entire,flattened,flower,fruit,glabrous,glandular,hair,lanceolate,lobe,margin,mm,orange,ovate,ovoid,pedicel,peduncle,petiole,pinkish,puberulent,pubescent,purple,red,simple,stigma,style,tree,truncate,tube,unbranched,vein,white,x,yellow	-1.5,1-2,1-2.5,1-3,10-15,2-3,2-8,2.5-4,3-10,3-4-foliat,4.5-5,7-12,abaxially,absent,acute,adaxially,aggregate,apart,ape,apiculate,articulated,axe,beyond,blade,bright,cell,connective,cylindrical,darker,deltate,directed,distally,eaf,eed,equal,exserted,fleshy,leaving,lemon-yello,lon,long,longitudinal,lower,m.,moderately,narrowly,nflorescence,nther,obtuse,often,orolla,pale,pedicellar,perfect,pore,presen,puberulen,rachi,radiu,remnant,ruit,shorter,slightly,small,spaced,sparsely,stamen,stellate,stone,stripe,subcoriaceous,tal,tem,thecae,time,tip,tomento,triangular,truncat,ud,unit,vary,wide,ympodial	anther,appearance,arrangement,bark,border,branch,bud,characteristic,colour,corolla,corrugation,distal,drying,exertion,filament,form,fruiting,giving,glabrousnes,growth,height,history,inflorescence,interjected,lateral,leaf,leaflet,length,life,lobing,midpoint,na,new,number,ovary,per,perennial,plant,prickle,primary,pseudostipule,ray,seed,shape,size,stem,surface,terminal,texture,thicknes,type,variation,width	0.5-1,1.5-6,1.5-9,10-20,10-50,15-50,2-2.5,2-7,2.5-15,3-25,3-4,3-5,3.5-4,4-10,5-6,6-35,7-40,acuminate,auriculate,basal,branched,chartaceous,cm,connivent,cordate,densely,eglandular,ellipsoidal,entire,flattened,flower,glabrous,glandular,hair,lanceolate,lobe,mm,orange,ovate,ovoid,pinkish,puberulent,pubescent,purple,red,simple,tree,truncate,unbranched,white,x,yellow	na,perennial
61	wfo-0001026535	success	248	164	112	127	121	37	110	2	.5,.8,0.7-1.5,1,1-2,1-3,1.2-2,1.3,1.5-3,1/2-2/3,1/3,2-5,2.5,3,3-4.5,3.5-4,5-7,5°,7-8,acute,age,almost,along,anther,anthesi,apex,apically,bark,base,becoming,berry,black,brachyblast,branch,branched,branching,broadly,brown,calyx,chartaceous,clavate,clustered,cm,concolorous,condensed,conical,corolla,cuneate,cupular,dendritic,dendritic-pubescent,dense,developed,diameter,dilated,discolorous,distributed,dry,drying,elliptic,elongated,entire,evenly,filament,flower,forming,fruit,fruiting,glabrous,green-brown,leaf,length,liana,like,lobe,lobed,long,loop,lower,margin,membranous,midvein,mm,number,oblong,obovate,older,orange-brown,ovate,ovoid,pair,partly,pedicel,peduncle,petiole,plant,primary,pubescent,rachi,rarely,ray,ridged,rounded,short,shrub,side,smooth,sparsely,spreading,stem,stigma,style,surface,terminal,trichome,truncate,tube,two,unarmed,vein,violet,weakly,white,widely,x,yellowish,young	.1,.2,.4,0-0.5,0.1-0.2,0.15,0.2,0.2-0.3,0.2-1.5,0.5-1,1-5,1.5-2,2-3,3-5,4-15,5-10,abaxial,abaxially,absent,accrescent,adaxially,alternate,alyx,apar,apparently,area,around,articulated,clearly,cup,curved,dark,deeply,delineate,delineated,deltoid,detaching,developing,divided,domatia,dorsal,eaf,eed,ellipsoi,equal,except,eye,fertilisation,fine,flat,flexuous,free,frui,increasing,inside,known,leave,lengthening,linear,lon,loose,m.,main,marginal,minute,minutely,mostly,much,naked,network,nflorescence,nther,obscure,orolla,outside,papillo,pendulous,perfec,pericarp,plurifoliat,pointed,pore,poricidal,portion,prominent,protruding,raised,reaching,ruit,scar,secondary,see,simple,sinus,slender,slightly,smaller,soon,spaced,stump,tearing,terete,tertiary,thin,tip,tissue,toward,translucent,tufted,ud,uneven,unevenly,unit,unlignified,vary,venation,visible,wide,wider,ympodial,youngest	appearance,arrangement,border,bud,characteristic,colour,corrugation,distal,ellipsoid,exertion,form,giving,glabrousnes,growth,height,history,inflorescence,interjected,lateral,leaflet,life,lobing,midpoint,na,new,ovary,per,prickle,pseudostipule,seed,shape,size,texture,thicknes,type,variation,width	.5,.8,0.7-1.5,1,1-2,1-3,1.2-2,1.3,1.5-3,1/2-2/3,1/3,2-5,2.5,3,3-4.5,3.5-4,5-7,5°,7-8,acute,age,almost,along,anthesi,apex,apically,base,becoming,berry,black,brachyblast,branch,branched,branching,broadly,brown,chartaceous,clavate,clustered,cm,concolorous,condensed,conical,corolla,cuneate,cupular,dendritic,dendritic-pubescent,dense,developed,diameter,dilated,discolorous,distributed,dry,drying,elliptic,elongated,entire,evenly,flower,forming,fruit,glabrous,green-brown,leaf,length,liana,like,lobe,lobed,long,loop,lower,membranous,midvein,mm,oblong,obovate,older,orange-brown,ovate,ovoid,pair,partly,plant,pubescent,rachi,rarely,ridged,rounded,short,shrub,side,smooth,sparsely,spreading,stem,terminal,trichome,truncate,two,unarmed,violet,weakly,white,widely,x,yellowish,young	ellipsoid,na
62	wfo-0001026604	success	192	125	82	102	90	23	81	1	0,0.1,0.8-0.9,1-1.2,1.1-1.3,1.2-1.7,1.5-2,1.5-9,2-2.3,2.3-3.5,3-3.5,3-5,4.5-7,5,5-7,50-100,<,acuminate,along,anther,apex,bark,base,berry,branching,brown,c.,calyx,capitate,cm,conical,cordate,corolla,dark,diameter,drying,ellipsoid,entire,exserted,filament,flattened,flexuous,flower,fruit,fruiting,glabrous,globose,growth,inflated,later,leaf-opposed,liana,margin,midrib,minute,minutely,mm,narrowly,new,oblique,ovary,ovate,overall,ovoid,pair,pale,pedicel,peduncle,per,petiole,pitted,poricidal,primary,purple,red,reddish,reniform,ripe,shape,shrub,simple,slender,somewhat,stem,stigma,stout,strongly,style,surface,terminal,time,tip,trichome,truncate,tube,uniseriate,vein,vining,violet,way,woody,x	.4,.5,.75,0.4-0.6,0.8-1,10-30,2-2.5,3.5-4,4-4.5,?,absent,age,aid,always,anthesi,apart,appearing,articulated,articulation,atop,basal,brow,cell,clearly,climbing,comical,cucullate,cupped,deflexed,densely,differentiated,distal,distinct,due,eaf,eed,elongate,expanding,free,leaving,lengthening,lobe,lobed,lower,mere,nflorescence,nodding,occasionally,older,outline,papillo,papillose,part,particularly,peg,perfect,pericarp,planar,plurifoliat,poin,point,pore,portion,pubescent,quarter,receptacle-like,rim,ruit,scar,series,shiny,sinuate,slightly,slit,spaced,stellate,structure,support,swolle,testal,thin,tub,twisting,ud,undulation,unit,upper,widely,ympodial,½	arrangement,branch,bud,characteristic,colour,corrugation,exertion,form,glabrousnes,height,history,inflorescence,leaf,length,life,lobing,na,number,plant,seed,size,texture,type	0,0.1,0.8-0.9,1-1.2,1.1-1.3,1.2-1.7,1.5-2,1.5-9,2-2.3,2.3-3.5,3-3.5,3-5,4.5-7,5,5-7,50-100,<,acuminate,along,base,berry,branching,brown,c.,calyx,capitate,cm,conical,cordate,dark,diameter,ellipsoid,entire,exserted,flattened,flexuous,flower,glabrous,globose,inflated,later,leaf-opposed,liana,midrib,minute,minutely,mm,narrowly,oblique,ovate,overall,ovoid,pair,pale,pitted,poricidal,purple,red,reddish,reniform,ripe,shape,shrub,simple,slender,somewhat,stout,strongly,surface,terminal,time,tip,trichome,truncate,tube,uniseriate,vining,violet,way,woody,x	na
63	wfo-0001026607	success	204	138	78	96	108	42	74	4	0-3,0.1-0.3,0.3-1.8,0.5-5.8,0.8-3.4,0.8-4.5,1-2,1-3.8,10-30,2-2.5,2.4-5.8,2.5-3.8,2.7-19,4-6,5.8-19.8,6-10,acute,anther,apex,attenuate,axillary,base,basiscopic,berry,brownish,bud,chartaceous,clavate,cm,coarse,condition,corolla,decurrent,deep,diameter,distal,drying,elliptic,filament,finely,forked,forming,fresh,fruit,generally,glabrous,globose,green,greenish,hair,half,herb,interjected,lanceolate,lateral,leaf,leaflet,lobe,long,margin,medium,membranous,mm,moderately,obtuse,odd-pinnate,ovate,ovoid,pedicel,peduncle,petiole,petiolulate,plant,puberulent,pubescent,ripe,rosette,rounded,seed,sessile,short,side,simple,size,stem,stigma,style,subtending,terminal,tube,typically,unwinged,usually,violet,whitish,x	0-4,0.8-5,1-10,1-5,1-8,1.5-4,2-10,2-3,3-8,4-10,5,5-merou,abaxially,absent,acumen,adaxially,ag,along,alyx,apart,apparently,articulated,axe,blade,capitat,cell,ciliate,clearly,connivent,covering,decreasing,digestion,dorsally,dot,eaf,edge,eed,enzyme,especially,exceeding,flat,flower,folded,geminat,glabrou,greatly,gree,green-white,hair-like,hal,high,homostylous,honeycomb,larger,lengthening,like,living,lower,make,marked,midrib,minute,minutely,much,mucilaginous,nflorescence,often,orbicular,orolla,pair,pentagonal,perfect,plurifoliate,pore,poricidal,present,rachi,rarely,removed,ruit,scattered,semierec,seudostipule,shaped,slit,sometimes,spaced,specimen,stamen,ste,straight,tall,tamen,tem,testal,thick,throughout,tip,toward,tri-,unit,vary,wall,wet,white,without,yellow,ympodial	0-5,appearance,arrangement,bark,border,branch,calyx,capitate,characteristic,colour,corrugation,exertion,form,fruiting,giving,glabrousnes,growth,height,history,inflorescence,length,life,lobing,midpoint,na,new,number,ovary,per,prickle,primary,pseudostipule,ray,semierect,shape,surface,texture,thicknes,type,variation,vein,width	0-3,0.1-0.3,0.3-1.8,0.5-5.8,0.8-3.4,0.8-4.5,1-2,1-3.8,10-30,2-2.5,2.4-5.8,2.5-3.8,2.7-19,4-6,5.8-19.8,6-10,acute,attenuate,axillary,basiscopic,berry,brownish,bud,chartaceous,clavate,cm,coarse,condition,decurrent,deep,distal,drying,elliptic,finely,forked,forming,fresh,generally,glabrous,globose,green,greenish,hair,half,herb,lanceolate,long,medium,membranous,mm,moderately,obtuse,odd-pinnate,ovate,ovoid,petiolulate,plant,puberulent,pubescent,ripe,rosette,rounded,sessile,short,side,simple,subtending,terminal,typically,unwinged,usually,violet,whitish,x	0-5,capitate,na,semierect
64	wfo-0001026613	success	159	124	63	81	78	43	60	3	1-2,1.5-4,11-19.5,2-7.5,2.3-8,2.5-2.8,3-5,4-5,4.5-8.5,5,5-6,5-7,6.2-9.5,8-18,8.5-9,9.5-13.5,abaxially,absent,acuminate,adaxially,anther,apex,attenuate,axillary,base,berry,bud,chartaceous,cm,conical,connivent,cordate,corolla,densely,diameter,distal,filament,flat,forked,fruit,generally,glabrous,green,half,herb,immature,interjected,lanceolate,lateral,leaf,leaflet,lobe,long,margin,mature,membranous,minute,mm,odd-pinnate,ovate,pedicel,peduncle,petiole,plant,poricidal,pubescent,purple,size,sparsely,stem,stigma,style,subtending,terminal,tip,tube,unknown,unwinged,usually,x,yellow	0.5-1,0.6,1-10,3-10,5-merou,5.5-7,6-12,6-8,8.5-10,acumen,ag,along,alyx,apart,apparently,articulated,axe,blade,borne,capitat,ciliate,decreasing,dorsally,eaf,edge,eed,end,erec,especially,flower,folded,geminat,greatly,hair,hal,homostylous,larger,lengthening,like,lower,m-1.2,middle,midrib,minutely,mottled,nflorescence,orolla,pair,perfect,petiolule,plurifoliate,pore,proximal,puberulent,pubescen,rotate-pentagonal,ruit,secondary,semierect,seudostipule,singly,slit,spaced,ste,stolo,subequal,symmetrical,tall,tamen,tem,toward,tri-,tuber,typically,unit,unknow,vary,ympodial	0.6-1.2,appearance,arrangement,bark,border,branch,calyx,capitate,characteristic,colour,corrugation,drying,exertion,form,fruiting,giving,glabrousnes,growth,height,history,inflorescence,length,life,lobing,midpoint,na,new,number,ovary,per,prickle,primary,pseudostipule,ray,seed,shape,surface,texture,thicknes,type,variation,vein,width	1-2,1.5-4,11-19.5,2-7.5,2.3-8,2.5-2.8,3-5,4-5,4.5-8.5,5,5-6,5-7,6.2-9.5,8-18,8.5-9,9.5-13.5,abaxially,absent,acuminate,adaxially,attenuate,axillary,berry,bud,chartaceous,cm,conical,connivent,cordate,densely,distal,flat,forked,generally,glabrous,green,half,herb,immature,lanceolate,long,mature,membranous,minute,mm,odd-pinnate,ovate,plant,poricidal,pubescent,purple,sparsely,subtending,terminal,tip,unknown,unwinged,usually,x,yellow	0.6-1.2,capitate,na
65	wfo-0001026614	success	199	178	122	134	65	44	119	3	.8,0.2–0.3,0.4-0.7,0.5,0.5–2,1-2–4-branched,1.3-1.8,1.5–2,15–30,1–2,1–3,1–5,2.2,2.5,2.5–3,20–25,2–4,2–6.5,3.2-5.2,3–10,4.5–11,4.5–5.5,5,5.3-8.2,50,8–10,9–16,>,abaxially,acuminate,acute,adaxially,anther,apart,apex,armed,articulated,base,berry,black,broad-based,brown,calyx,campanulate,clavate,closely,cm,commonly,dark,developed,diameter,dried,entire,especially,evenly,expanded,extra-axillary,filament,flattened-reniform,flower,foveolate,fruit,fruiting,glabrescent,glabrous,gland-tipped,globose,hair,interpetalar,irregularly,lateral,leaf,linear,lobe,lobed,long,margin,midpoint,midvein,minute,minutely,mm,mottled,nearly,oblique,orange,orange-red,ovate,ovate-lanceolate,ovoid,pair,pedicel,peduncle,per,petiole,prickle,pubescent,rarely,ray,repand,ripe,rotate-pentagonal,rounded,sessile,shallowly,shrub,side,simple,slightly,smaller,sometimes,somewhat,soon,spaced,sparsely,spreading,stellate-pubescent,stem,stigma,style,surface,tapering,tissue,tube,unarmed,usually,vein,weakly,well,white,x,yellow,yellowish,young	0.2,11-15,2.2-5.5,3-foliate,4-7,5-merou,6.4-8.4,6–8,7.2-9.8,absent,across,adaxiall,alyx,apparently,axe,ba,blade,blunt-tipped,capitat,chartaceous,concentrated,cylindrical,densely,denser,directed,distally,eaf,eed,erect,fleshy,geminate,globo,golden,homostylous,internode,lanceolate-attenuate,less,lon,lower,nflorescence,obtuse,often,orolla,perfect,pore,pubescence,rachi,reflexed,ruit,scattered,shin,similar,stellae,stellate,tall,tamen,tem,time,tissu,ud,unarme,vary,wide,ympodia,–5	.2,appearance,arrangement,bark,border,branch,bud,capitate,cayx,characteristic,colour,corolla,corrugation,distal,drying,exertion,form,giving,glabrousnes,growth,height,history,inflorescence,interjected,leaflet,length,life,lobing,na,new,number,ovary,plant,primary,pseudostipule,seed,shape,size,terminal,texture,thicknes,type,variation,width	.8,0.2–0.3,0.4-0.7,0.5,0.5–2,1-2–4-branched,1.3-1.8,1.5–2,15–30,1–2,1–3,1–5,2.2,2.5,2.5–3,20–25,2–4,2–6.5,3.2-5.2,3–10,4.5–11,4.5–5.5,5,5.3-8.2,50,8–10,9–16,>,abaxially,acuminate,acute,adaxially,apart,apex,armed,articulated,base,berry,black,broad-based,brown,campanulate,clavate,closely,cm,commonly,dark,developed,diameter,dried,entire,especially,evenly,expanded,extra-axillary,flattened-reniform,flower,foveolate,fruit,glabrescent,glabrous,gland-tipped,globose,hair,interpetalar,irregularly,lateral,leaf,linear,lobe,lobed,long,midvein,minute,minutely,mm,mottled,nearly,oblique,orange,orange-red,ovate,ovate-lanceolate,ovoid,pair,per,prickle,pubescent,rarely,repand,ripe,rotate-pentagonal,rounded,sessile,shallowly,shrub,side,simple,slightly,smaller,sometimes,somewhat,soon,spaced,sparsely,spreading,stellate-pubescent,tapering,tissue,unarmed,usually,vein,weakly,well,white,x,yellow,yellowish,young	.2,capitate,na
66	wfo-0001026642	success	193	118	59	62	131	56	43	16	5,6,abaxial,annual,anther,articulated,base,bipinnate,black,blue,branched,brown,calyx,clavate,cm,dark,decumbent,diameter,elliptic,erect,filament,flattened,flower,fruit,glabrous,globose,green-purple,hair,herb,lavender,leaf,length,lilac,lobe,long,mm,number,oblong,ovate,pale,pedicel,peduncle,perennial,petiole,pinnate,pitted,primary,pubescent,shallowly,sparsely,stigma,style,subglabrous,surface,time,tube,vein,violet,white,woody,x,yellow	.05,.1,.8,0.1,0.1–0.3,0.2,0.25,0.4,0.4–2.2,0.5,0.5–,0.5–0.7,0.5–1.7,0.5–2.0,0.5–3.5,0.6,0.6–1.0,0.75–1.0,0.75–2.0,0.7–1.6,0.8–1.2,1.0,1.0–2.0,1.2–1.7,1.2–2.0,1.2–3.5,1.2–6.2,1.6–8.0,1.9–3.0,12–30,1–10,1–3,2.0–4.0,2.5–3.5,2.5–4.0,2.8–3.0,3.0–5.1,3–5,4.0–6.0,4–7,5.0–7.0,50–100,<,abaxially,acute,adaxiall,adaxially,ag,along,anthesi,apart,apex,appressed,axe,axillary,ba,blade,borne,cell,chartaceous,circular,connivent,cylindrical,decreasing,densely,denser,divided,eaf,eed,either,equal,fleshy,geminat,glabrescen,gland,glandular,half,indumentum,lon,longitudinal,lower,m.,moderately,multicellular,narrow,nflorescence,obtuse,occasionally,often,opening,orolla,pair,pentagonal,perfect,pinnae,pore,poricidal,present,probably,rapidly,rounded,ruit,secondary,sessile,shoot,side,simple,slit,sometimes,spaced,stone,straight,tal,tamen,tem,tip,unicellular,unifoliate,uniseriate,unit,usually,vary,wide,wing,ympodial,–1.2,–11.0,–2.0,–4.5,–6,–7	0.1-0.3,0.4-2.2,0.5-3.5,0.5-6.2,0.5-8.0,0.75-1.0,0.8-1.2,1-3,1.2-1.7,12-30,2.8-3.0,3.0-5.1,4.0-6.0,5.0-7.0,50-100,adaxial,appearance,arrangement,bark,border,branch,characteristic,colour,corolla,corrugation,distal,drying,form,giving,glabrousnes,growth,height,history,inflorescence,lateral,leaflet,life,margin,midpoint,na,new,ovary,plant,prickle,ray,seed,shape,size,staman,stem,terminal,texture,thicknes,type,variation,width	5,6,annual,articulated,base,bipinnate,black,blue,branched,brown,clavate,cm,dark,decumbent,diameter,elliptic,erect,flattened,flower,glabrous,globose,green-purple,herb,lavender,lilac,long,mm,oblong,ovate,pale,perennial,pinnate,pitted,pubescent,shallowly,sparsely,subglabrous,time,violet,white,woody,x,yellow	0.1-0.3,0.4-2.2,0.5-3.5,0.5-6.2,0.5-8.0,0.75-1.0,0.8-1.2,1-3,1.2-1.7,12-30,2.8-3.0,3.0-5.1,4.0-6.0,5.0-7.0,50-100,na
67	wfo-0001026651	success	222	181	131	144	78	37	129	2	-celled,0.9–3,1.8,1–2,2.2–10,2.8,2–11.5,2–13,2–3,2–3.3,2–4,2–4.5,2–8,3–5,3–7,4,4–6,4–7.8,6–10,6–14,8,abaxially,acuminate,acute,adaxially,anther,antrorsely,apex,articulated,asymmetric,attenuate,base,beneath,berry,beyond,branch,brochidodromous,brown,brownish-green,calyx,capitate,chartaceous,ciliate,cm,connivent,cordate,cyme,dark,decumbent,decurrent,densely,diameter,directed,discolorous,drying,dull,emarginate,entire,erect,exfoliating,exserted,filament,flattened,flexuous,flower,fruit,glabrescent,glabrous,globose,green,herb,hilum,hollow,introrsely,lanceolate,lateral,leaf,length,light,lobe,long,longitudinal,lying,margin,matte,mm,moderate,much-branched,narrowly-elliptic,new,normally,oblong-ellipsoid,onto,opening,ovate-deltate,ovate-lanceolate,ovate-reniform,parallel,pedicel,peduncle,pedunculate,per,petiole,plant,pore,poricidal,pubescence,pubescent,region,revolute,ripe,rounded,seed,shape,shiny,shrub,similar,simple,size,slightly,slit,small,sometimes,spaced,stamen,stem,stigma,style,sub-opposite,subapical,surface,terminal,translucent,trichome,unbranched,undulate,uniseriate,upper,vein,white,woody,yellow,young,×	0.2–1.3,0.35–2.6,1,3,3-plurifoliate,5-merou,absent,accrescent,adaxiall,along,alyx,anisophyllous,antror,antrorse,apar,appressed,arcuate,ark,axi,broadly,capitat,cell,circular,cylindrical,differing,eaf,eed,elliptic,equal,eye,frui,geminate,geniculate,glabrou,glandular,growt,hair,head,highly,impressed,less,like,lower,major,markedly,membranaceous,midrib,minor,moderately,mostly,multicellular,naked,nflorescence,obtuse,older,one,orolla,perfect,prominent,reduce,ruit,secondary,single-celled,smaller,stalk,stellate,straight,tall,tamen,tem,turning,unit,usually,vary,venation,visible,wide,ympodial	apart,appearance,arrangement,bark,border,bud,characteristic,colour,corolla,corrugation,distal,exertion,form,giving,glabrousnes,growth,height,history,inflorescence,interjected,leaflet,life,lobing,midpoint,na,number,ovary,prickle,primary,pseudostipule,ray,texture,thicknes,tube,type,variation,width	-celled,0.9–3,1.8,1–2,2.2–10,2.8,2–11.5,2–13,2–3,2–3.3,2–4,2–4.5,2–8,3–5,3–7,4,4–6,4–7.8,6–10,6–14,8,abaxially,acuminate,acute,adaxially,antrorsely,apex,articulated,asymmetric,attenuate,base,beneath,berry,beyond,branch,brochidodromous,brown,brownish-green,capitate,chartaceous,ciliate,cm,connivent,cordate,cyme,dark,decumbent,decurrent,densely,diameter,directed,discolorous,drying,dull,emarginate,entire,erect,exfoliating,exserted,flattened,flexuous,flower,fruit,glabrescent,glabrous,globose,green,herb,hilum,hollow,introrsely,lanceolate,lateral,leaf,light,long,longitudinal,lying,margin,matte,mm,moderate,much-branched,narrowly-elliptic,normally,oblong-ellipsoid,onto,opening,ovate-deltate,ovate-lanceolate,ovate-reniform,parallel,pedunculate,per,petiole,plant,pore,poricidal,pubescence,pubescent,region,revolute,ripe,rounded,shiny,shrub,similar,simple,slightly,slit,small,sometimes,spaced,stamen,stem,sub-opposite,subapical,terminal,translucent,trichome,unbranched,undulate,uniseriate,upper,white,woody,yellow,young,×	apart,na
68	wfo-0001026656	success	211	147	88	102	109	45	83	5	0-4,0.3-3,0.3-4.2,0.4-6.5,0.7-10.5,0.9-13,1-1.8,1-10,1-2,1-3.8,1.1-8.1,2-6,2.5-17,20-60,4-8,5-35,5.5-27,9-11,acuminate,acute,anther,apex,articulated,attenuate,base,blue,borne,broadly,brownish,bud,capitate,chartaceous,cm,condition,connate,connivent,corolla,cuneate,dark,densely,diameter,distal,dot,drying,elliptic,filament,forked,fresh,fruit,generally,glabrous,globose,green,green-white,greenish,hair,half,herb,interjected,lanceolate,lateral,leaflet,light,like,lobe,long,margin,membranous,mm,moderately,mottled,mucilaginous,narrowly,oblique,odd-pinnate,ovate,ovoid,pedicel,peduncle,petiole,plant,pubescent,purple,scattered,seed,somewhat,stem,stigma,style,subglabrous,subtending,symmetrical,terminal,throughout,truncate,tube,unwinged,violet,wet,white,whitish,wide	1,1-4,1-5,1.5-7,10,2-8,4-10,4-13,5,5-18,5-merou,abaxially,absent,acumen,adaxially,ag,along,alyx,apart,bearing,blade,cell,ciliate,clavat,covering,curved,decurrent,digestion,dorsally,eaf,edge,eed,end,enzyme,erec,especially,exceeding,flat,flower,folded,geminat,glaucous,greatly,greenish-yellow,hair-like,homostylous,honeycomb-shaped,larger,lengthening,living,lower,lunate,make,middl,midvein,minutely,nflorescence,non-glandular,occasionally,often,orolla,pair,pentagonal,petiolulate,petiolule,plurifoliate,pore,poricidal,puberulent,pubescen,rachi,ranging,removed,rotate-pentagonal,ruit,scale-like,seudostipule,short,singly,slightly,slit,sometimes,spaced,specimen,stamen,star,ste,stolo,straight,subequal,tall,tamen,tem,tertiary,testal,therefore,thick,tinged,tip,tri-,tuber,typically,unit,vary,wall,wing,without,yellow,ympodial	appearance,arrangement,bark,border,branch,calyx,characteristic,clavate,colour,corrugation,exertion,form,fruiting,giving,glabrousnes,growth,height,history,inflorescence,leaf,length,life,lobing,middle,midpoint,na,new,number,ovary,per,perennial,prickle,primary,pseudostipule,ray,shape,size,surface,texture,thicknes,type,variation,vein,width,winged	0-4,0.3-3,0.3-4.2,0.4-6.5,0.7-10.5,0.9-13,1-1.8,1-10,1-2,1-3.8,1.1-8.1,2-6,2.5-17,20-60,4-8,5-35,5.5-27,9-11,acuminate,acute,articulated,attenuate,blue,borne,broadly,brownish,bud,capitate,chartaceous,cm,condition,connate,connivent,cuneate,dark,densely,distal,dot,drying,elliptic,forked,fresh,generally,glabrous,globose,green,green-white,greenish,hair,half,herb,lanceolate,light,like,long,membranous,mm,moderately,mottled,mucilaginous,narrowly,oblique,odd-pinnate,ovate,ovoid,plant,pubescent,purple,scattered,somewhat,stem,subglabrous,subtending,symmetrical,terminal,throughout,truncate,unwinged,violet,wet,white,whitish,wide	clavate,middle,na,perennial,winged
69	wfo-0001026663	success	247	145	87	102	145	43	82	5	-2.9,1,1-3.2,1-5,1.1,1.1-2.1,1.2-2,1.6-2.3,10-26,12-14,2-12,2.1-2.6,2.8-5.3,24-45,31,4.7-25.9,5.5-8.8-9.7,abaxially,acuminate,adaxially,along,angled,anther,anthesi,apex,attenuate,bark,base,becoming,berry,blunt-tipped,branch,branched,brown,bud,calyx,cm,conical,corolla,dark,densely,diameter,distributed,drying,echinoid-pubescent,elongated,entire,exserted,filament,fleshy,flower,fruit,fruiting,globose,granular,green,greenish-brown,grooved,hair,immature,lanceolate,lateral,leaf,length,less,lobe,long,longitudinally,margin,midrib,mm,obtuse,ovate-lanceolate,pale,pedicel,peduncle,petiole,pubescent,ray,rich,scabrous,short,shrub,side,simple,small,sparsely,stem,stigma,strongly,style,subglobose,terete,tip,tomentose,tree,unarmed,vein,violet,white,whitish,x	.5-2.5,/25-1/15,/3,0-160,0.2-0.6,0.3-0.8,0.4-2.2,0.9-1.5,1-2.5,1.4-2.6,1.4-3.1,1.9-2.6,1/2,1/3,1/4-1/2,10.3-13.2-15,2.5-3.7,2.9-5,2/3,3-5,3.5-5,3.8-5.7,4.5-5.7-8,5-8,5.5-7.5-9,8-17,accrescent,acute,adaxiall,ag,apart,apparently,appressed,around,articulated,ascending,axe,axillary,blade,broadly,capitat,chartaceous,closely,completely,constricted,covering,cylindrical,directed,distally,eaf,echinoi,echinoid,edge,eed,enveloping,especially,evident,farinose,flared,free,glabrescen,glabrescent,glabrous,granular-tomentose,inserted,lengthening,light,line,lined,lobed,long-stalke,long-stalked,longer,longitudinal,lower,m.,main,many,matur,midvein,minute,multangulate,multangulate-pubescent,nearly,nflorescence,occasional,occuring,older,opening,openly,orolla,ovate,ovate-lanceolat,perfect,persistent,plurifoliate,pore,poricidal,porrect-stellate,present,pseudo-terminal,pubescence,rachi,rather,ridged,robust,ruit,runk,sessile,short-stalked,slightly,slit,sometimes,somewhat,soon,spaced,stalk,stalked,stamen,stellate,subcampanulate,subcoriaceous,subglabrous,suture,tall,tamen,tangled,thick,thin,time,tomentose-pubescent,tomentum,touching,tube,ud,unarme,unit,upper,usually,vary,way,wide,yellow,ympodial,young	5.5-9,appearance,arrangement,border,capitate,characteristic,colour,corrugation,distal,exertion,form,giving,glabrousnes,growth,height,history,inflorescence,interjected,leaflet,life,lobing,midpoint,na,new,number,ovary,per,perennial,plant,prickle,primary,pseudostipule,pseudoterminally,seed,shape,size,surface,terminal,texture,thicknes,type,variation,width	-2.9,1,1-3.2,1-5,1.1,1.1-2.1,1.2-2,1.6-2.3,10-26,12-14,2-12,2.1-2.6,2.8-5.3,24-45,31,4.7-25.9,5.5-8.8-9.7,abaxially,acuminate,adaxially,along,angled,anthesi,apex,attenuate,becoming,berry,blunt-tipped,branched,brown,calyx,cm,conical,dark,densely,diameter,distributed,drying,echinoid-pubescent,elongated,entire,exserted,fleshy,flower,fruit,globose,granular,green,greenish-brown,grooved,hair,immature,lanceolate,less,long,longitudinally,midrib,mm,obtuse,ovate-lanceolate,pale,pubescent,rich,scabrous,short,shrub,side,simple,small,sparsely,strongly,subglobose,terete,tip,tomentose,tree,unarmed,vein,violet,white,whitish,x	5.5-9,capitate,na,perennial,pseudoterminally
70	wfo-0001026686	success	196	144	87	102	94	42	84	3	.4,0.6-0.9,1-2,1-2.5,1.2-3.4,1.5-7,1.7-2.5,10-28,2-10,2.4-3.6,2.5-8,3-4,3.7-8,4-6,5,5-16.5,5-8,7-9,8-27,abaxially,acuminate,adaxially,anther,apex,articulated,axillary,base,berry,brownish,bud,cell,chartaceous,cm,condition,conical,connivent,corolla,covering,densely,diameter,distal,drying,elliptic-lanceolate,filament,flat,flower,forked,fresh,fruit,generally,glabrous,green,green-white,greenish,hair-like,half,herb,interjected,lanceolate,lateral,leaf,leaflet,light,lobe,long,make,margin,middle,minute,mm,mucilaginous,obtuse,odd-pinnate,orbicular,ovate,ovoid,pedicel,peduncle,petiole,plant,pubescent,purple-violet,ripe,round,seed,size,sparsely,stigma,style,subsessile,subtending,terminal,testal,thick,throughout,tube,usually,wall,wet,whitish,wide,x	0.2-0.5,1,1-10,1.2-3.6,2-9,3-5,5-merou,6.5-12.7,8-10,8-14,absent,acumen,ag,along,alyx,apart,apparently,axe,blade,borne,capitat,ciliate,decreasing,digestion,dorsally,eaf,edge,eed,end,enzyme,equal,erec,especially,exceeding,folded,geminat,glabrou,gradually,hair,homostylous,honeycomb-shaped,larger,lengthening,like,living,lower,midrib,minutely,mottled,nflorescence,often,orolla,pair,perfect,petiolule,plurifoliate,pore,poricidal,puberulent,pubescen,purple,removed,rotate-stellate,ruit,secondary,semierect,seudostipule,singly,slightly,slit,spaced,specimen,stamen,star,ste,stolo,straight,stripe,subequal,symmetrical,tall,tamen,tem,tip,toward,tri-,tuber,typically,unit,vary,white,wing,yellow,ympodial	appearance,arrangement,bark,border,branch,calyx,capitate,characteristic,colour,corrugation,exertion,form,fruiting,giving,glabrousnes,growth,height,history,inflorescence,length,life,lobing,midpoint,na,new,number,ovary,per,prickle,primary,pseudostipule,ray,shape,stem,surface,texture,thicknes,type,variation,vein,width,¼	.4,0.6-0.9,1-2,1-2.5,1.2-3.4,1.5-7,1.7-2.5,10-28,2-10,2.4-3.6,2.5-8,3-4,3.7-8,4-6,5,5-16.5,5-8,7-9,8-27,abaxially,acuminate,adaxially,articulated,axillary,berry,brownish,bud,cell,chartaceous,cm,condition,conical,connivent,covering,densely,distal,drying,elliptic-lanceolate,flat,flower,forked,fresh,fruit,generally,glabrous,green,green-white,greenish,hair-like,half,herb,lanceolate,lateral,light,long,make,middle,minute,mm,mucilaginous,obtuse,odd-pinnate,orbicular,ovate,ovoid,plant,pubescent,purple-violet,ripe,round,seed,sparsely,subsessile,subtending,terminal,testal,thick,throughout,usually,wall,wet,whitish,wide,x	capitate,na,¼
71	wfo-0001026696	success	139	134	70	83	56	51	67	3	0.3-4.5,0.8-7,1,1-1.3,1-4,1.3-2.1,2-17,3-17,3-3.5,3-6,4-16,9,abaxially,acumen,acute,adaxially,apex,apical,apically,apiculate,articulate,base,branched,broadly,calyx,cm,connate,corolla,cuneate,cyme,decurrent,dehiscent,densely,diameter,dichasial,dichasially,distal,ebracteate,entire,filament,globose,green,green-white,herbaceous,introrse,lanceolate,lateral,light,linear,lobe,long,margin,maturing,mm,monochasial,mucilaginous,oblong,obtuse,odd-pinnate,often,ovate,ovoid,pedicel,peduncle,perennial,petiole,plant,poricidally,proximal,pubescent,rounded,seed,short,sinuate,slit,stigma,straight,style,thick,throughout,white-cream,yellow,¼	0.9-7.2,1.5-3,2-3,3-6-foliat,3-8.5,5-35,cell,covering,digestion,dorsally,eaf,edge,eed,emoval,enzyme,exceeding,flat,flower,folded,forked,generally,globo,hair-like,half,honeycomb,light-yello,living,lon,lower,lunat,make,nflorescence,nther,orolla,pattern,perfect,plan,reveal,ruit,seudostipule,simple,specimen,stamen,stellate,tal,tem,testal,throughou,tuber-bearing,typically,unit,vary,wall,wide,without,ympodial	anther,appearance,arrangement,bark,border,branch,bud,characteristic,colour,corrugation,drying,exertion,form,fruit,fruiting,giving,glabrousnes,growth,height,history,inflorescence,interjected,leaf,leaflet,length,life,light-yellow,lobing,midpoint,na,new,number,ovary,per,prickle,primary,pseudostipule,ray,shape,size,stem,surface,terminal,texture,thicknes,tube,type,variation,vein,wet,width	0.3-4.5,0.8-7,1,1-1.3,1-4,1.3-2.1,2-17,3-17,3-3.5,3-6,4-16,9,abaxially,acumen,acute,adaxially,apical,apically,apiculate,articulate,branched,broadly,cm,connate,cuneate,cyme,decurrent,dehiscent,densely,dichasial,dichasially,distal,ebracteate,entire,globose,green,green-white,herbaceous,introrse,lanceolate,light,linear,long,maturing,mm,monochasial,mucilaginous,oblong,obtuse,odd-pinnate,often,ovate,ovoid,perennial,poricidally,proximal,pubescent,rounded,short,sinuate,slit,straight,thick,throughout,white-cream,yellow,¼	light-yellow,na,wet
72	wfo-0001026706	success	228	172	113	129	99	43	109	4	-5.5,0-240,0.2-0.3,0.2-0.5,0.8-1.2,0.8-1.5,0.8-2.8-4.4,0.9-1.9,0.9-2,1-2.2-3.1,1-5,1.5-3,10-15,12,14-32,2.5-3,2.7-4,2.9-6,2/3-3/4,3-4.6,3.1-3.8,4,4.2-12,4.5-5.5,5-6.5,5.3-6.4,6-10,6-8,6.1-9.8-15.4,7-16,abaxially,acute,adaxially,anther,anthesi,apart,apex,appearing,articulated,attenuate,bark,base,berry,blunt-tipped,branch,branched,brown,bud,calyx,closely,cm,corolla,crisped,cuneate,dark,densely,diameter,entire,exserted,filament,fleshy,flower,fruit,fruiting,glabrate,glabrous,globose,golden,grayish,green,herbarium,lanceolate,lateral,leaf,length,lobe,long,lower,many,margin,midrib,mm,oblong,obtuse,occasionally,ovate,ovate-elliptic,ovate-lanceolate,pale,pedicel,peduncle,petiole,pseudo-terminal,pubescent,reddish,reticulate-punctate,shrub,side,simple,slightly,small,softly,soon,spaced,specimen,stem,stigma,strongly,style,subcampanulate,subconical,subglobose,suborbicular,sulcate,surface,tall,time,tomentose-pubescent,tree,tube,vein,velutinous,wavy,white,whitish,x,yellow,yellowish-tan,young	.5,/14-1/6,0.6-2.2-6.1,1.1-4,1/2-2/3,2.2-3.3,2.3-3.8,3.6-5.7,8-14,accrescent,adaxiall,ag,apparently,around,axe,axillary,ba,becoming,blade,capitat,chartaceous,completely,coriaceous,covering,cylindrical,dendritic-echinoid,dendritic-multangulate,directed,distally,eaf,edge,eed,enveloping,farinose,fourth,free,furfuraceou,hair,indument,inserted,lackin,lacking,lengthening,lobed,long-stalked,longitudinal,m.,main,matted,minute,mixed,multangulat,multangulate,nearly,nflorescence,obscured,often,older,orolla,perfect,persistent,plurifoliate,pore,poricidal,porrect-stellate,pubescence,rachi,rather,ruit,runk,semi-ovate,sessile,short-,short-stalked,slit,somewhat,sparsely,splitting,stalked,stamen,stellate,suture,tamen,thin-walled,tip,tomentu,touching,translucent,transparent,ud,unarme,unarmed,unevenly,unit,upper,vary,way,wide,ympodial	appearance,arrangement,border,capitate,characteristic,colour,corrugation,distal,drying,exertion,form,giving,glabrousnes,growth,height,history,inflorescence,interjected,leaflet,life,lobing,midpoint,na,new,number,ovary,per,perennial,plant,prickle,primary,pseudostipule,ray,seed,shape,size,terminal,texture,thicknes,trunk,type,variation,width	-5.5,0-240,0.2-0.3,0.2-0.5,0.8-1.2,0.8-1.5,0.8-2.8-4.4,0.9-1.9,0.9-2,1-2.2-3.1,1-5,1.5-3,10-15,12,14-32,2.5-3,2.7-4,2.9-6,2/3-3/4,3-4.6,3.1-3.8,4,4.2-12,4.5-5.5,5-6.5,5.3-6.4,6-10,6-8,6.1-9.8-15.4,7-16,abaxially,acute,adaxially,anthesi,apart,apex,appearing,articulated,attenuate,base,berry,blunt-tipped,branch,branched,brown,calyx,closely,cm,crisped,cuneate,dark,densely,diameter,entire,exserted,fleshy,flower,fruit,glabrate,glabrous,globose,golden,grayish,green,herbarium,lanceolate,long,lower,many,midrib,mm,oblong,obtuse,occasionally,ovate,ovate-elliptic,ovate-lanceolate,pale,pseudo-terminal,pubescent,reddish,reticulate-punctate,shrub,side,simple,slightly,small,softly,soon,spaced,specimen,strongly,subcampanulate,subconical,subglobose,suborbicular,sulcate,tall,time,tomentose-pubescent,tree,velutinous,wavy,white,whitish,x,yellow,yellowish-tan,young	capitate,na,perennial,trunk
73	wfo-0001026707	success	194	146	92	109	85	37	89	3	.5,/3,0.05-0.15,0.3-0.8,0.5-1,0.5-3,0.6-0.7,0.6-0.8,0.7-1,0.7-1.4,1-1.7,1.5-1.8,1.6-2,1/3,11-16,2-2.3,2.5-4,2.5-6,3-4,3-4.5,3-7,4,5-25,8-15,?,acute,anther,apex,apically,apparently,articulated,attenuate,bark,base,berry,branched,broad-deltate,calyx,clustered,cm,concolorous,connivent,decurrent,diameter,discolorous,drying,entire,erect,eye,filament,flattened-reniform,fruit,fruiting,glabrescent,glabrous,gray,green,lateral,leaf,length,lobed,long,lower,margin,mauve,midpoint,mm,moderately,naked,narrow-deltate,narrow-oblong,obtuse,orange-brown,pedicel,peduncle,per,petiole,poricidal,prickle,pubescent,ray,red-brown,rounded,shrub,simple,small,sometimes,sparsely,spherical,stellate-pubescent,stem,straight,style,surface,tapering,terete,terminal,tip,tree,tube,unarmed,upper,visible,way,weakly,white,wide,yellow-green,¼	.8,0-20,0-3,0-5,0.05,0.1-0.2,0.7-1.5,1-3,1-5,1/3-1/2,1/3-3/4,1/4-1/3,1/8-1/4-1/3,2-10,2-6,2.5-3,3-8,5-10,5-7,5-8,5-merous,abaxially,alyx,apar,apart,blade,branche,broadly,chartaceous,color,curved,cuspidat,densely,eaf,eed,elongating,equal,flower,foliaceous,free,fused,gently,glabrou,inflated,infructescence,juvenil,known,less,lobe,longer,mature,nflorescence,older,one,open,orolla,oung,perfec,pericarp,plurifoliat,porrect,porrect-lepidote,portion,prickly,reflexed,ruit,scar,sessile,shorter,slender,smooth,spaced,spreading,stalk,stalked,stellate,stout,tamen,time,trichome,unit,variously,vary,venation,ympodial	arrangement,branch,bud,characteristic,colour,corolla,corrugation,cuspidate,distal,exertion,form,glabrousnes,growth,height,history,inflorescence,interjected,leaflet,life,lobing,na,new,number,ovary,plant,primary,pseudostipule,seed,shape,size,stigma,texture,thicknes,type,variation,vein,width	.5,/3,0.05-0.15,0.3-0.8,0.5-1,0.5-3,0.6-0.7,0.6-0.8,0.7-1,0.7-1.4,1-1.7,1.5-1.8,1.6-2,1/3,11-16,2-2.3,2.5-4,2.5-6,3-4,3-4.5,3-7,4,5-25,8-15,?,acute,apically,apparently,articulated,attenuate,base,berry,branched,broad-deltate,clustered,cm,concolorous,connivent,decurrent,diameter,discolorous,entire,erect,eye,flattened-reniform,glabrescent,glabrous,gray,green,lateral,lobed,long,lower,mauve,mm,moderately,naked,narrow-deltate,narrow-oblong,obtuse,orange-brown,per,poricidal,pubescent,red-brown,rounded,shrub,simple,small,sometimes,sparsely,spherical,stellate-pubescent,straight,surface,tapering,terete,terminal,tip,tree,unarmed,upper,visible,way,weakly,white,wide,yellow-green,¼	branch,cuspidate,na
74	wfo-0001026711	success	207	198	145	158	49	40	141	4	-5,-7,.8,0-0.2,0-25,0-4,0-5,0-6,0.15,0.2-0.3,0.3-1,0.5-1.5,0.7-0.9,0.7-0.9-1.1,0.7-1.4,0.75-1,0.8,0.8-2.2,0.9-1.5,1-2,1-2-4-6,1-30,1.5-2.2,1.7-4,1/2-2/3,1/3,1/4,2-2.2,2-3.5,2-6,2.1-2.5,3-4,3-4.5,3-5,3-7,3.5-5.2,4-8,4.5-7,7-8,abaxially,acicular,acute,ame,anther,apart,apex,apically,apparently,articulated,bark,base,berry,branched,c.,calyx,cell,cm,concolorous,connivent,cuneate,curved,deltate,densely,diameter,discolorous,distance,drying,dull,elliptic,erect,evenly,extending,filament,flattened-reniform,flower,fruit,fruiting,glabrous,green,infructescence,lateral,leaf,length,less,lobe,lobed,long,lower,margin,maturity,mauve,midpoint,midvein,mm,narrow-deltate,obtuse,occasionally,one,open,orange,orange-brown,outline,pair,pale,pedicel,peduncle,per,perpendicular,petiole,pit,poricidal,porrect,prickle,prickly,primary,purple,raised,ray,red,reduced,reflexed,rounded,shallowly,shrub,side,slender,small,smooth,sometimes,somewhat,spaced,spherical,spreading,stalk,stalked,stellate,stellate-pubescent,stem,straight,style,surface,tapering,terminal,time,tip,trichome,tube,unarmed,uniform,upper,variously,vein,way,weakly,wide,yellow,yellow-green,young	-15,.2,.5,0-2,0-7,0.1,1.5-2-2.5,1/,1/4-1/3,5-merous,acuminat,alyx,apar,blade,brow,difoliate,eaf,eed,elongating,equal,faint,free,geminat,longer,mature,moderately,nflorescence,older,orolla,oung,pendulous,perfec,pericarp,portion,prickl,ruit,scar,sessile,shorter,tamen,terete,tertiary,thick-chartaceous,unit,vary,venation,visible,woody,ympodial	acuminate,appearance,arrangement,border,branch,brown,bud,characteristic,colour,corolla,corrugation,distal,exertion,form,giving,glabrousnes,growth,height,history,inflorescence,interjected,leaflet,life,lobing,na,new,number,ovary,perennial,plant,pseudostipule,seed,shape,size,stigma,texture,thicknes,type,variation,width	-5,-7,.8,0-0.2,0-25,0-4,0-5,0-6,0.15,0.2-0.3,0.3-1,0.5-1.5,0.7-0.9,0.7-0.9-1.1,0.7-1.4,0.75-1,0.8,0.8-2.2,0.9-1.5,1-2,1-2-4-6,1-30,1.5-2.2,1.7-4,1/2-2/3,1/3,1/4,2-2.2,2-3.5,2-6,2.1-2.5,3-4,3-4.5,3-5,3-7,3.5-5.2,4-8,4.5-7,7-8,abaxially,acicular,acute,ame,apart,apically,apparently,articulated,base,berry,branched,c.,cell,cm,concolorous,connivent,cuneate,curved,deltate,densely,diameter,discolorous,distance,dull,elliptic,erect,evenly,extending,flattened-reniform,flower,glabrous,green,infructescence,lateral,length,less,lobe,lobed,long,lower,maturity,mauve,midpoint,midvein,mm,narrow-deltate,obtuse,occasionally,one,open,orange,orange-brown,outline,pair,pale,per,perpendicular,pit,poricidal,porrect,prickle,prickly,purple,raised,ray,red,reduced,reflexed,rounded,shallowly,shrub,side,slender,small,smooth,sometimes,somewhat,spaced,spherical,spreading,stalk,stalked,stellate,stellate-pubescent,stem,straight,surface,tapering,terminal,time,tip,trichome,unarmed,uniform,upper,variously,way,weakly,wide,yellow,yellow-green,young	acuminate,brown,na,perennial
75	wfo-0001026717	success	207	156	100	115	92	41	97	3	0.3-0.6,0.6-1.5,0.8,1-2,1-2.5,1.3-2.5,1.4-2.2,1.8-3,13-28,14-22,15-34,2.5-4.5,2.5-5.5,3-4,3-6,3.3-11,4-8,4-9,5,5-11,5.3-9,7-11,abaxially,acuminate,adaxially,anther,apex,apparently,attenuate,axe,axillary,base,berry,brownish,bud,cell,chartaceous,cm,condition,conical,connivent,corolla,covering,dark,diameter,distal,drying,elliptic,filament,flower,forked,fresh,fruit,generally,glabrous,green,green-white,greenish,hair,hair-like,half,herb,interjected,lanceolate,lateral,leaf,leaflet,light,like,lobe,long,make,margin,medium,membranous,minute,mm,mottled,mucilaginous,narrow,obtuse,odd-pinnate,orbicular,ovate,ovoid,pedicel,peduncle,perfect,petiole,plant,pubescent,purple,ripe,round,seed,sessile,size,sparsely,stigma,straight,style,subtending,terminal,testal,thick,throughout,tube,usually,violet,wall,wet,whitish,wide,wing,x	0.3-2.5,0.3-5,1-10,1-3,2.2-5,3-5,4-6,5-13.5,5-6,5-merou,acumen,ag,along,alyx,apart,articulated,blade,borne,capitat,ciliate,darker,decreasing,decurrent,digestion,dorsally,eaf,edge,eed,end,enzyme,equal,erec,especially,exceeding,flat,folded,geminat,glabrou,gradually,homostylous,honeycomb-shaped,larger,lengthening,living,lower,middle,midrib,minutely,nflorescence,often,one-quarte,orolla,pair,pentagonal,petiolule,plurifoliate,pore,poricidal,present,puberulent,pubescen,removed,rotate,ruit,secondary,semierect,seudostipule,singly,slightly,slit,spaced,specimen,stamen,ste,stolo,stripe,subequal,subglabrous,subsessile,symmetrical,tall,tamen,tem,tip,toward,tri-,tuber,typically,unit,vary,yellow,ympodial	appearance,arrangement,bark,border,branch,calyx,capitate,characteristic,colour,corrugation,exertion,form,fruiting,giving,glabrousnes,growth,height,history,inflorescence,length,life,lobing,midpoint,na,new,number,ovary,per,prickle,primary,pseudostipule,ray,shape,stem,surface,texture,thicknes,type,variation,vein,width	0.3-0.6,0.6-1.5,0.8,1-2,1-2.5,1.3-2.5,1.4-2.2,1.8-3,13-28,14-22,15-34,2.5-4.5,2.5-5.5,3-4,3-6,3.3-11,4-8,4-9,5,5-11,5.3-9,7-11,abaxially,acuminate,adaxially,apparently,attenuate,axe,axillary,berry,brownish,bud,cell,chartaceous,cm,condition,conical,connivent,covering,dark,distal,drying,elliptic,flower,forked,fresh,fruit,generally,glabrous,green,green-white,greenish,hair,hair-like,half,herb,lanceolate,lateral,light,like,long,make,medium,membranous,minute,mm,mottled,mucilaginous,narrow,obtuse,odd-pinnate,orbicular,ovate,ovoid,perfect,plant,pubescent,purple,ripe,round,seed,sessile,sparsely,straight,subtending,terminal,testal,thick,throughout,usually,violet,wall,wet,whitish,wide,wing,x	capitate,na,stem
76	wfo-0001026725	success	166	141	81	96	70	45	77	4	.3,.5,/4,0.2,0.7-1.2,1-1.2,1-1.5,1-4.5,1-5,1.2-1.7,1.5,1.6-2,2,3.6-7.7,5-20-flowered,5-6,8-18.6,8-9,acute,anther,apex,bark,base,beneath,berry,black,bluish,broadly,calyx,capitate,cm,corolla,cup-shaped,dark,dia,difoliate,drying,ellipsoid,elliptic,extremely,filament,flattened-reniform,fruit,fruiting,glabrous,glandular-papillose,globose,green,greenish-white,large,lateral,leaf,less,lobe,lobed,long,main,margin,minutely,mm,ovary,ovate,ovoid,pair,paler,papillose,pedicel,petiole,pitted,planar,pubescent,reddish-brown,reflexed,rounded,shaped,short,shrub,simple,size,slender,slightly,stem,stigma,stretching,style,subshrub,surface,tapering,tear-drop,tube,unit,vein,way,white,woody,x	1.5-2,1/2,2.2-4,3.5-4,5-5.5,accrescent,anthesi,apart,attenuate,axil,becoming,brownish-papillose,character,crackin,deflexed,differing,dry,eaf,edicel,eed,evenly,free,geminat,geographically,incrassate,inflorescenc,interpetalar,lon,lower,major,margine,material,middle,minor,nflorescence,occasionally,often,older,one,onto,open,opposite,pale,papillo,pore,poricidal,portion,prominent,proximal,ruit,scar,scarious,sinus,spaced,split,straight,tall,tan,tip,triangular,trichome,tuft,ud,uniseriate,upper,varying,widest,winged,ympodial,young	appearance,arrangement,border,branch,bud,characteristic,colour,corrugation,cracking,diameter,distal,exertion,form,geminate,giving,glabrousnes,growth,height,history,inflorescence,interjected,leaflet,length,life,lobing,midpoint,na,new,number,peduncle,per,plant,prickle,primary,pseudostipule,ray,seed,shape,sympodial,terminal,texture,thicknes,type,variation,width	.3,.5,/4,0.2,0.7-1.2,1-1.2,1-1.5,1-4.5,1-5,1.2-1.7,1.5,1.6-2,2,3.6-7.7,5-20-flowered,5-6,8-18.6,8-9,acute,base,beneath,berry,black,bluish,broadly,calyx,capitate,cm,cup-shaped,dark,dia,difoliate,drying,ellipsoid,elliptic,extremely,flattened-reniform,glabrous,glandular-papillose,globose,green,greenish-white,large,lateral,less,lobed,long,main,minutely,mm,ovate,ovoid,pair,paler,papillose,pitted,planar,pubescent,reddish-brown,reflexed,rounded,shaped,short,shrub,simple,slender,slightly,stretching,subshrub,tapering,tear-drop,unit,vein,way,white,woody,x	cracking,geminate,na,sympodial
77	wfo-0001026733	success	183	152	90	98	85	54	87	3	0.3-0.5,0.3-2,0.5-2,1-3,1-7,1.5-14,10-20,15-20-50,2-2.5,2.5-7.5,25-40,3-15,3-3.5,4,4-23,4-5,5-8,abaxially,acuminate,acute,acute-acuminate,adaxially,apex,axe,basal,base,calyx,chartaceous,cm,color,connivent,cordate,deltate,densely,diameter,eglandular-pubescent,eglandular-villous,ellipsoidal,elliptic-ovate,entire,especially,flattened,flower,forked,fruit,fusiform,glabrate,glabrous,glandular-,glandular-puberulent,glandular-tomentose,green,greyish,hair,hirsute,immature,lanceolate,lobe,long,longitudinal,margin,midrib,mm,moderately,narrowly,oblique,ovate,ovoid,pedicel,peduncle,perfect,petiole,pilose,pubescent,pubescent-pilose,ripe,shining,simple,sometimes,sparsely,stigma,stripe,style,submarginally,toward,tree,triangular,truncate,tube,unbranched,unknown,vein,white,white-puberulent,wide,x,yellow,yellowish	-11,-13,-4,-7,-8,.5-3,0.3-0.5-1,0.5,0.5-1,0.5-4,1-1.5,1-2,1.5-2,1.5-2.5,2-3,2-4,2-6,3-4-foliat,3-7,4.5-5,7-10-14,8-12-15,aggregate,apart,ape,articulated,beyond,blade,capitat,cell,ciliat,connective,curled,cylindrical,dense,dia,directed,distally,eaf,eed,eglandular-pilose,equal,exceeding,exserted,gland-tipped,glandula,leaving,linear-triangular,lon,lower,membranaceous,near,nflorescence,nther,orolla,ovum,pedicellar,pore,present,pubescent-pilo,rachi,radiu,remnant,round,ruit,shorter,slightly,small,smooth,spaced,stamen,stellate,stone,swelling,tal,tem,thecae,time,ud,unit,unknow,usually,vary,villous,ympodial	anther,appearance,arrangement,bark,border,branch,bud,capitate,characteristic,colour,corolla,corrugation,distal,drying,exertion,filament,form,fruiting,giving,glabrousnes,glandular,growth,height,history,inflorescence,interjected,lateral,leaf,leaflet,length,life,lobing,midpoint,na,new,number,ovary,per,plant,prickle,primary,pseudostipule,ray,seed,shape,size,stem,surface,terminal,texture,thicknes,type,variation,width	0.3-0.5,0.3-2,0.5-2,1-3,1-7,1.5-14,10-20,15-20-50,2-2.5,2.5-7.5,25-40,3-15,3-3.5,4,4-23,4-5,5-8,abaxially,acuminate,acute,acute-acuminate,adaxially,apex,axe,basal,chartaceous,cm,color,connivent,cordate,deltate,densely,eglandular-pubescent,eglandular-villous,ellipsoidal,elliptic-ovate,entire,especially,flattened,flower,forked,fruit,fusiform,glabrate,glabrous,glandular-,glandular-puberulent,glandular-tomentose,green,greyish,hair,hirsute,immature,lanceolate,lobe,long,longitudinal,midrib,mm,moderately,narrowly,oblique,ovate,ovoid,perfect,pilose,pubescent,pubescent-pilose,ripe,shining,simple,sometimes,sparsely,stripe,submarginally,toward,tree,triangular,truncate,unbranched,unknown,white,white-puberulent,wide,x,yellow,yellowish	capitate,glandular,na
78	wfo-0001026734	success	266	152	95	103	163	49	80	15	0.5,0.6,1,3,abaxial,absent,acuminate,anther,anthesi,apex,base,becoming,berry,bright,broadly,brown,calyx,camptodromous,chartaceous,clavate,cm,congested,corolla,cuneate,cylindrical,cyme,dark,densely,diameter,distally,drying,elliptic,emergent,entire,flattened,flower,fruit,glabrescent,glabrous,globose,green,growth,immature,irregular,lanceolate,lateral,leaf,length,less,lobe,lobed,long,long-attenuate,margin,mature,maturity,membranaceous,midpoint,mm,moderately,narrow,new,oblong,observed,obtuse,ovary,ovate,pale,pedicel,peduncle,petiole,pit,plane,porrect-stellate,pubescent,purple,purplish,ray,reniform,scandent,sessile,shape,short-stalked,shrub,simple,size,slightly,sparsely,spreading,stem,stigma,style,subsessile,surface,terminal,trichome,tube,unbranched,vein,white,wide,yellowish,¾	0.1,0.2,0.3,0.7–0.9,0.7–1,0.8–1,1.6–2,1.6–2.5,1.8–2.2,1.8–3,1/4,1–1.2,1–3,2.2–7,2.3–5,2.5–3,2–2.4,2–3,3.2–3.8,3–4,3–4-celled,3–8,4–6,4–7,4–8,4–9,5-merou,5–9,8,abaxially,accrescent,acute,adaxial,adaxiall,adaxially,ag,also,always,alyx,apical,apice,archin,ark,articulated,associated,asymmetric,axi,barely,beneat,beneath,blade,branch,branched,caly,capitate,celled,central,closely,commonly,connivent,covered,covering,dense,denser,differing,directed,discolorous,downward,dried,due,eaf,eed,eglandular,erect,f.,fewer,flat,foliate,forked,found,free,frequently,geminate,glabrescen,glandular,gray,hair,held,ilament,initially,internodal,introrsely,j,lamina,large,longer,longitudinal,lower,lying,material,maturit,midri,minute,mostly,much,multiseriate,near,nflorescence,normally,obovate,often,old,older,one,one-celled,opening,orolla,other,oung,pair,paired,papillose,perfect,pointing,pore,poricidal,porrect,portion,pubescence,rachi,raised,rarely,rayed,reaching,rounded,ruit,secondary,shiny,shorter,slit,smaller,sometimes,spaced,sparse,spread,stalk,stellate,still,subopposite,surfac,tuft,ud,unequal,uniseriate,unit,upward,vary,venation,vestiture,visible,whole,yellow,ympodial	0.7-0.9,0.8-1,1-1.2,1-3,1.6-2,1.8-3,2-2.4,2-3,2.2-7,2.3-5,2.5-3,3-8,5-9,appearance,arrangement,bark,border,bud,characteristic,colour,corrugation,distal,exertion,filament,form,fruiting,giving,glabrousnes,height,history,inflorescence,interjected,leaflet,life,lobing,midrib,na,number,per,plant,prickle,primary,pseudostipule,seed,texture,thicknes,type,variation,width	0.5,0.6,1,3,abaxial,absent,acuminate,anthesi,base,becoming,berry,bright,broadly,brown,calyx,camptodromous,chartaceous,clavate,cm,congested,cuneate,cylindrical,cyme,dark,densely,diameter,distally,elliptic,emergent,entire,flattened,flower,fruit,glabrescent,glabrous,globose,green,immature,irregular,lanceolate,length,less,lobe,lobed,long,long-attenuate,mature,maturity,membranaceous,mm,moderately,narrow,oblong,observed,obtuse,ovate,pale,pit,plane,porrect-stellate,pubescent,purple,purplish,reniform,scandent,sessile,short-stalked,shrub,simple,slightly,sparsely,spreading,stem,subsessile,trichome,unbranched,white,wide,yellowish,¾	0.7-0.9,0.8-1,1-1.2,1-3,1.6-2,1.8-3,2-2.4,2-3,2.2-7,2.3-5,2.5-3,3-8,5-9,midrib,na
79	wfo-0001026740	success	171	144	80	90	81	54	78	2	0-10,0.5-1,1-2,1-5,10-20,10-30,2-3,2.5-27,2.5-4.5,2.5-6,3-15,3-3.5,3.5-40,4-5,4.5-10,5-40,6-10,abaxially,acuminate,acute,acute-acuminate,adaxially,also,apex,apiculate,basal,base,beyond,branched,calyx,cm,connivent,cordate,curled,darker,deltate,densely,diameter,eglandular,ellipsoidal,elliptic,entire,exserted,flattened,fleshy,flower,fruit,glabrate,glabrous,greenish,hair,immature,lanceolate,lobe,long,margin,mature,mm,moderately,narrowly,oblong,obtuse,often,ovate,ovoid,pedicel,peduncle,petiole,pilose,present,puberulent,purple,reticulate,simple,sparsely,stamen,stigma,stripe,style,tree,triangular,truncate,tube,unbranched,vein,violet,white-puberulent,whitish,x,yellow	-17,-2,1-10,1-12,1-3,1-4,2-4,2.5-3,20-50,3-5,3-foliat,5-8,8-19,absen,absent,aggregate,apart,ape,articulated,axe,blade,browni,cell,ciliate,connective,corky,cylindrical,directed,distally,eaf,eed,equal,especially,exceeding,glandular-puberulent,leaving,lon,lower,near,nearly,nflorescence,nther,orange,orolla,pedicellar,perfect,pilo,pore,pubescent,rachi,radiu,rarely,remnant,ruit,scar,sessile,shorter,slightly,small,sometimes,spaced,stellate,stone,subcoriaceous,swelling,tal,tems,thecae,time,tomentose,toward,truncat,ud,unit,unlobed,vary,villous,wide,woody,ympodial,young	anther,appearance,arrangement,bark,border,branch,bud,caylx,characteristic,colour,corolla,corrugation,distal,drying,exertion,filament,form,fruiting,giving,glabrousnes,growth,height,history,inflorescence,interjected,lateral,leaf,leaflet,length,life,lobing,midpoint,na,new,number,ovary,per,perennial,plant,prickle,primary,pseudostipule,ray,seed,shape,size,stem,surface,terminal,texture,thicknes,type,variation,width	0-10,0.5-1,1-2,1-5,10-20,10-30,2-3,2.5-27,2.5-4.5,2.5-6,3-15,3-3.5,3.5-40,4-5,4.5-10,5-40,6-10,abaxially,acuminate,acute,acute-acuminate,adaxially,also,apex,apiculate,basal,beyond,branched,cm,connivent,cordate,curled,darker,deltate,densely,eglandular,ellipsoidal,elliptic,entire,exserted,flattened,fleshy,flower,glabrate,glabrous,greenish,hair,immature,lanceolate,lobe,long,mature,mm,moderately,narrowly,oblong,obtuse,often,ovate,ovoid,pilose,present,puberulent,purple,reticulate,simple,sparsely,stamen,stripe,tree,triangular,truncate,unbranched,violet,white-puberulent,whitish,x,yellow	na,perennial
80	wfo-0001026752	success	166	139	76	85	81	54	73	3	-4,1,1-12,1-5,1-6,1.5-2.5,10-20-25,2,2-2.5,2.5-20,2.5-5,3.5-4,4-45,4-5,abaxially,abruptly,acute,adaxially,apex,apiculate,basal,base,beyond,black,branched,calyx,chartaceous,cm,connivent,cordate,cuneate,darker,deltate,densely,diameter,ellipsoidal,elliptic-oblong,elliptic-ovate,entire,exserted,finely,flattened,fleshy,forked,fruit,glabrous,globose,green,greenish-brown,immature,lanceolate,lobe,margin,mm,narrowly,obtuse,ovoid,pedicel,peduncle,petiole,pilose,possibly,pubescent,pubescent-pilose,purplish,rarely,rather,ripe,short-acuminate,simple,stamen,stigma,stripe,style,tree,triangular,truncate,tube,unbranched,vein,violet,white,whitish,x,yellow	0-1-2-3,1-1.5,1-2,1-3,1.5-12,1.5-2,15-35-50,2-3,2-4,20-30,3,3-18,3-4,3-5,3-foliat,7-15,8-16,absent,aggregate,also,apart,ape,articulated,axe,blade,campanulate,capitat,cell,connective,coriaceous,cylindrical,dilated,directed,distally,eaf,eed,equal,exceeding,flower,hair,laterally,leaving,less,lon,long,lower,moderately,near,nearly,nflorescence,nther,orolla,papillose,pedicellar,perfect,pilo,pore,presence,present,rachi,radiu,remnant,ruit,slightly,small,somewhat,spaced,stellate,stone,tal,tem,thecae,time,tomento,ud,unit,unknow,vary,wide,yello,ympodial	anther,appearance,arrangement,bark,border,branch,bud,capitate,characteristic,colour,corolla,corrugation,distal,drying,exertion,filament,form,fruiting,giving,glabrousnes,growth,height,history,inflorescence,interjected,lateral,leaf,leaflet,length,life,lobing,midpoint,na,new,number,ovary,per,perennial,plant,prickle,primary,pseudostipule,ray,seed,shape,size,stem,surface,terminal,texture,thicknes,type,variation,width	-4,1,1-12,1-5,1-6,1.5-2.5,10-20-25,2,2-2.5,2.5-20,2.5-5,3.5-4,4-45,4-5,abaxially,abruptly,acute,adaxially,apex,apiculate,basal,beyond,black,branched,chartaceous,cm,connivent,cordate,cuneate,darker,deltate,densely,ellipsoidal,elliptic-oblong,elliptic-ovate,entire,exserted,finely,flattened,fleshy,forked,glabrous,globose,green,greenish-brown,immature,lanceolate,lobe,mm,narrowly,obtuse,ovoid,pilose,possibly,pubescent,pubescent-pilose,purplish,rarely,rather,ripe,short-acuminate,simple,stamen,stripe,tree,triangular,truncate,unbranched,violet,white,whitish,x,yellow	capitate,na,perennial
81	wfo-0001026754	success	175	102	57	73	102	29	54	3	0.5-1,0.9-1.1,1/2,10,2-2.5,2.5-3.5,2/3,5-lobed,5.5-9,7-9,acute,anther,anthesi,apex,asymmetric,base,berry,broadly,calyx,clavate,cm,corolla,deeply,densely,diameter,ellipsoid,elliptic,entire,exerted,filament,glabrous,globose,growth,halfway,inflorescence,later,lateral,leaf,lobed,margin,membranous,minute,minutely,mm,narrowly,new,oblique,pair,pedicel,peduncle,petiole,primary,puberulent,pubescent,scandent,simple,slender,sparsely,spreading,stem,stigma,style,surface,terminal,truncate,tube,vein,vine,way,white,woody,x,yellowish	-6+,.5,0.5,1,1-1.5-3,198.,2,2-3,2-4,3-4-celled,30+,4-5,5,5-merou,9,9-11,abaxially,adaxially,ag,along,alyx,apar,apparently,ark,articulated,axi,basal,branched,brow,cabrera,complete,conical,connivent,cucullat,dendritic,denser,distal,divided,eaf,ed,especially,extending,fide,flower,free,half,ilament,irregularly,lamina,leaving,lengthening,like,lobe,long,loosely,lower,many,mature,midvein,mixture,mostly,nflorescence,older,orolla,outline,papillo,peg,perfect,pinnate,planar,plurifoliat,pore,poricidal,portion,ruit,scar,seen,sleeve,slit,small,sometimes,spaced,splitting,stellate-rotate,tangled,tem,time,tip,transparent,trichome,tub,twinin,twining,ud,uniseriate,unit,upper,vary,weak,within,yellow,ympodial	1-6,arrangement,bark,branch,brown,bud,characteristic,colour,corrugation,drying,exertion,form,fruit,glabrousnes,height,history,length,life,lobing,na,number,ovary,per,plant,seed,shape,size,texture,type	0.5-1,0.9-1.1,1/2,10,2-2.5,2.5-3.5,2/3,5-lobed,5.5-9,7-9,acute,anthesi,asymmetric,base,berry,broadly,calyx,clavate,cm,deeply,densely,diameter,ellipsoid,elliptic,entire,exerted,glabrous,globose,halfway,later,lateral,lobed,membranous,minute,minutely,mm,narrowly,oblique,pair,puberulent,pubescent,scandent,simple,slender,sparsely,spreading,terminal,truncate,vine,way,white,woody,x,yellowish	1-6,brown,na
82	wfo-0001026756	success	147	136	79	90	57	46	75	4	.25,.5,0-7-1.2,0.5-1,0.5-3,1.5-1.7,1.5-10,1.5-2,1.5-3,1.8-3,3-4,3.5-8.5,5-10,5-10-flowered,5-5.5,6-10,6-16,acute,anther,apex,attenuate,bark,base,berry,bilobed,broadly,brown,calyx,cm,conical,corolla,corresponding,dark,dendritic,densely,dia,difoliate,distal,elliptic,erect,exserted,filament,fruiting,glabrous,globose,green,lateral,lax,leaf,like,lobe,lobed,long,main,minutely,mm,nearly,occasionally,ovary,ovate,ovoid-reniform,pair,pale,pedicel,petiole,pinkish-white,pitted,pubescence,pubescent,rest,shape,shaped,shrub,simple,sparsely,stem,stigma,strongly,style,surface,tear-drop,thick,tree,trichome,tube,unifoliate,uniseriate,vein,white,wide	0.25-0.5,1-1.5,1-2,abaxial,abaxially,adaxially,along,anthesi,apiculate,ba,closely,deflexed,deltate,denser,differing,eaf,edicel,eed,fleshy,free,geminat,glabrescent,grayish-brow,hard,inflorescenc,irregular,lamina,lower,major,middle,minor,nflorescence,older,opposite,overlappin,papillo,perhaps,pericarp,planar,pore,poricidal,portion,present,ruit,scar,somewhat,soon,spaced,tall,tip,tub,ud,unit,widest,woody,ympodial,young	appearance,arrangement,border,branch,bud,characteristic,colour,corrugation,diameter,drying,exertion,form,fruit,geminate,giving,glabrousnes,grayish-brown,growth,height,history,inflorescence,interjected,leaflet,length,life,lobing,margin,midpoint,na,new,number,peduncle,per,plant,prickle,primary,pseudostipule,ray,seed,size,terminal,texture,thicknes,type,variation,width	.25,.5,0-7-1.2,0.5-1,0.5-3,1.5-1.7,1.5-10,1.5-2,1.5-3,1.8-3,3-4,3.5-8.5,5-10,5-10-flowered,5-5.5,6-10,6-16,acute,attenuate,base,berry,bilobed,broadly,brown,calyx,cm,conical,corresponding,dark,dendritic,densely,dia,difoliate,elliptic,erect,exserted,glabrous,globose,green,lateral,lax,like,lobed,long,main,minutely,mm,nearly,occasionally,ovary,ovate,ovoid-reniform,pair,pale,pinkish-white,pitted,pubescence,pubescent,rest,shaped,shrub,simple,sparsely,stem,strongly,tear-drop,thick,tree,trichome,tube,unifoliate,uniseriate,vein,white,wide	geminate,grayish-brown,inflorescence,na
83	wfo-0001026777	success	168	152	98	107	61	45	93	5	.5,0.25-0.5,0.5-1,0.5-1.5,1-1.3,1-10,1-2,1-4,1.2-1.8,1.5-3,2-4,2-4.5,3-3.5,4-8,5-14,5-50-flowered,5-7,acuminate,acute,anther,apex,axil,base,beneath,berry,blue,branching,brown,calyx,capitate,cm,corolla,cup,decurrent,deflexed,dense,dia,difoliate,distal,elliptic,end,exserted,fide,filament,filiform,flattened,flattened-reniform,flexuous,fruiting,glabrate,glabrous,globose,green,growth,lateral,leaf,lobe,lobed,long,main,margin,minutely,mm,narrowly,near,nearly,new,occasionally,often,older,onto,opposite,ovary,overtopping,pair,papillose,pedicel,petiole,pubescent,quadrate-deltoid,russet,seed,shaped,shiny,shrub,size,slightly,smooth,soon,sparsely,stem,stigma,straight,style,surface,tear-drop,trichome,tube,tuft,uniseriate,unit,vein,vellozo,white,x,yellowish,young	.25,/3,0.5-5,0.9-3,1-1.5,1.5-5,2-5,anthesi,apart,apiculate,ba,beginning,body,campanulate,cell,differing,eaf,edicel,eed,free,geminat,greyi,hyaline,incrassate,inflorescenc,irregularly,like,lon,lower,major,matted,middle,minor,nflorescence,one,outline,papillo,pitted,planar,pore,poricidal,portion,prominent,quite,rest,ruit,scar,sinuate,somewhat,spaced,tall,tapering,testa,thread-like,tip,ud,wall,way,widest,woody,ympodial	alternate,appearance,arrangement,bark,border,branch,bud,characteristic,colour,corrugation,diameter,drying,exertion,form,fruit,geminate,giving,glabrousnes,greyish,height,history,inflorescence,interjected,leaflet,length,life,lobing,midpoint,na,number,peduncle,per,plant,prickle,primary,pseudostipule,ray,shape,sympodial,terminal,texture,thicknes,type,variation,width	.5,0.25-0.5,0.5-1,0.5-1.5,1-1.3,1-10,1-2,1-4,1.2-1.8,1.5-3,2-4,2-4.5,3-3.5,4-8,5-14,5-50-flowered,5-7,acuminate,acute,axil,base,beneath,berry,blue,branching,brown,calyx,capitate,cm,cup,decurrent,deflexed,dense,dia,difoliate,distal,elliptic,end,exserted,fide,filiform,flattened,flattened-reniform,flexuous,glabrate,glabrous,globose,green,growth,lateral,leaf,lobed,long,main,minutely,mm,narrowly,near,nearly,new,occasionally,often,older,onto,opposite,overtopping,pair,papillose,petiole,pubescent,quadrate-deltoid,russet,shaped,shiny,shrub,slightly,smooth,soon,sparsely,stem,straight,tear-drop,trichome,tube,tuft,uniseriate,unit,vein,vellozo,white,x,yellowish,young	alternate,geminate,greyish,na,sympodial
84	wfo-0001026819	success	218	167	116	126	92	41	114	2	0-27,0.3-4.7,0.5-1.5,1-2,1.2-36,1.5-10,1.5-12,1.5-3.0,1.5-3.3,1.6-3.5,10-26,2-5,2.5-5,3-120,3-18,3-20,3-35,3-38,4,4-10,4-7,5-30,6-11,abaxially,acuminate,acute,anther,apex,articulated,attenuate,base,blue,borne,brownish,bud,capitate,cell,chartaceous,cm,condition,connate,connivent,corolla,covering,cuneate,dark,densely,diameter,distal,dot,drying,especially,filament,flower,forked,fresh,fruit,generally,glabrous,glaucous,globose,green,green-white,greenish,greenish-yellow,hair,hair-like,half,herb,interjected,lanceolate,lateral,leaflet,light,like,lobe,long,make,margin,membranous,middle,mm,moderately,mottled,mucilaginous,non-glandular,oblique,odd-pinnate,often,ovoid,pedicel,peduncle,petiole,plant,pubescent,purple,scattered,seed,short,slightly,sometimes,somewhat,star,stem,stigma,stripe,style,subglabrous,subtending,symmetrical,terminal,testal,thick,throughout,tinged,truncate,tube,unwinged,violet,wall,wet,white,whitish,wide,wing,within	1-10,1-2.3,1-5,1.5-3.5,10,2-6,5-merou,7,absent,acumen,adaxially,ag,along,alyx,apart,ascending,bearing,blade,broadly,ciliate,clavat,curved,decurrent,digestion,dorsally,eaf,edge,eed,elliptic,end,enzyme,erec,exceeding,flat,folded,geminat,glabrou,greatly,homostylous,honeycomb-shaped,larger,lengthening,living,lower,lunate,midvein,minutely,narrowly,nflorescence,orolla,ovate,pair,pedice,pentagonal,petiolule,plurifoliate,pore,poricidal,puberulent,rachi,ranging,removed,rotate-pentagonal,ruit,scale-like,seudostipule,singly,slit,spaced,specimen,stamen,ste,stolo,straight,subequal,suborbicular,subrosette,tall,tamen,tem,tertiary,therefore,tip,tri-,tuber,typically,unit,usually,vary,without,yellow,ympodial	appearance,arrangement,bark,border,branch,calyx,characteristic,clavate,colour,corrugation,exertion,form,giving,glabrousnes,growth,height,history,inflorescence,leaf,length,life,lobing,midpoint,na,new,number,ovary,per,prickle,primary,pseudostipule,ray,shape,size,surface,texture,thicknes,type,variation,vein,width	0-27,0.3-4.7,0.5-1.5,1-2,1.2-36,1.5-10,1.5-12,1.5-3.0,1.5-3.3,1.6-3.5,10-26,2-5,2.5-5,3-120,3-18,3-20,3-35,3-38,4,4-10,4-7,5-30,6-11,abaxially,acuminate,acute,apex,articulated,attenuate,blue,borne,brownish,bud,capitate,cell,chartaceous,cm,condition,connate,connivent,covering,cuneate,dark,densely,diameter,distal,dot,drying,especially,flower,forked,fresh,generally,glabrous,glaucous,globose,green,green-white,greenish,greenish-yellow,hair,hair-like,half,herb,lanceolate,lateral,light,like,lobe,long,make,membranous,middle,mm,moderately,mottled,mucilaginous,non-glandular,oblique,odd-pinnate,often,ovoid,pedicel,plant,pubescent,purple,scattered,seed,short,slightly,sometimes,somewhat,star,stem,stripe,subglabrous,subtending,symmetrical,terminal,testal,thick,throughout,tinged,truncate,tube,unwinged,violet,wall,wet,white,whitish,wide,wing,within	clavate,na
85	wfo-0001026821	success	204	155	94	109	95	46	91	3	.2,0.2-1.5,0.3-1.2,0.3-2.5,0.4-1.5,0.5-3.5,0.7-1.8,0.8-1,1-1.5,1-2,1-3,1.5-2.5,10-15,2-3.5,2-6,2-celled,2.5-18,3-11,3-18,3-6,3-7,3-branched,4-4.5,5-12,5-20,5-34,acuminate,angular,anther,apex,apically,appressed,base,bayonet,berry,broadly,brown,cm,cordate,dark,deltate,diameter,distal,due,ellipsoidal,elliptic,filament,flattened,flower,forked,frequent,fruit,gglobose,glabrous,green,hair,herb,incurved,interjected,lanceolate,lateral,leaf-opposed,leaflet,length,light,lobe,long,long-attenuate,many,margin,mature,membranous,mm,moderately,narrowly,oblique,oblong,obtuse,odd-pinnate,pale,pedicel,peduncle,per,petiole,pilose,puberulent,pubescent,rarely,remnant,rounded,scandent,short,slender,small,somewhat,sparsely,stigma,stripe,style,subglabrous,surface,terminal,thickening,tube,unbranched,wall,white,winged,x	/3,0-20,0.5-1.2,1-20,1-5,1.2-1.5,17,1977,2-15,3-celled,5-10,5-merou,abaxially,acut,adaxial,adaxially,ag,alyx,anderson,apart,apical,apiculate,articulated,auriculate,axe,ba,basal,blade,bract,cell,chartaceous,ciliat,cuneate,directed,distally,eaf,eed,equal,especially,exceeding,fused,geminat,glabrou,gland-tipped,greatly,homostylous,interstaminal,large,longitudinal,lower,lowermost,mean,membrane,minute,minutely,much,nflorescence,obliquely,occasional,occasionally,one-celled,opening,orolla,pair,paired,perfect,petiolule,plurifoliate,pore,present,pseudostipular,pubescen,rachi,reduced,reniform,ruit,seudostipule,slightly,slit,smaller,spaced,stamen,stellate,substellate,subtended,tamen,tem,time,tri-,truncat,unit,vary,wide,yellow,ympodial	appearance,arrangement,bark,border,branch,bud,calyx,characteristic,ciliate,colour,corolla,corrugation,drying,exertion,form,fruiting,giving,glabrousnes,growth,height,history,inflorescence,leaf,life,lobing,midpoint,na,new,number,ovary,plant,prickle,primary,pseudostipule,ray,seed,shape,size,stem,texture,thicknes,truncate,type,variation,vein,width	.2,0.2-1.5,0.3-1.2,0.3-2.5,0.4-1.5,0.5-3.5,0.7-1.8,0.8-1,1-1.5,1-2,1-3,1.5-2.5,10-15,2-3.5,2-6,2-celled,2.5-18,3-11,3-18,3-6,3-7,3-branched,4-4.5,5-12,5-20,5-34,acuminate,angular,apically,appressed,base,bayonet,berry,broadly,brown,cm,cordate,dark,deltate,diameter,due,ellipsoidal,elliptic,flattened,flower,forked,frequent,fruit,gglobose,glabrous,green,hair,herb,incurved,lanceolate,lateral,leaf-opposed,light,long,long-attenuate,many,mature,membranous,mm,moderately,narrowly,oblique,oblong,obtuse,odd-pinnate,pale,pilose,puberulent,pubescent,rarely,remnant,rounded,scandent,short,slender,small,somewhat,sparsely,stripe,subglabrous,thickening,unbranched,wall,white,winged,x	ciliate,na,truncate
86	wfo-0001026827	success	142	138	78	98	44	40	75	3	/3,0.2-0.5,0.4-0.6,0.5-2,0.6-1,1-1.1,1-1.5,1-2.1,1.3-1.6,1.5-2,2-2.2,2-4,3-9,5-6,7-9,acute,age,and/or,anther,anthesi,apex,appearing,arachnoid,attenuate,bark,base,branch,branched,broadly,calyx,clavate,cm,conical,corolla,deltate,dendritic,densely,diameter,drying,ellipsoid,erect,exerted,filament,flower,glabrescent,glabrous,growth,inflorescence,internodal,irregularly,lamina,lanceolate,leaf,lengthening,less,like,lobe,margin,minutely,mm,narrowly,new,nodding,oblanceolate,ovary,pair,paler,papillate,pedicel,peduncle,petiole,pore,poricidal,primary,pubescent,reddish,revolute,shrub,simple,slender,slit,soon,sparsely,stem,stigma,stout,strongly,style,surface,terminal,tip,trichome,tube,uniseriate,vein,way,white,x	.5,1-2,1-2-2.5,?,abaxially,adaxiall,apart,crowded,deciduou,dense,distally,dry,eaf,especially,fleshy,free,know,known,lobed,lower,near,nflorescence,ot,papillat,perfect,planar,plane,plurifoliat,portion,rachi,scar,sinus,small,straight,surfac,thick,thickened,third,tub,ud,unit,upper,widest,ympodial	adaxially,appearance,arrangement,border,bud,characteristic,colour,corrugation,deciduous,distal,exertion,form,fruit,fruiting,giving,glabrousnes,height,history,interjected,lateral,leaflet,length,life,lobing,midpoint,na,number,per,plant,prickle,pseudostipule,ray,seed,shape,size,texture,thicknes,type,variation,width	/3,0.2-0.5,0.4-0.6,0.5-2,0.6-1,1-1.1,1-1.5,1-2.1,1.3-1.6,1.5-2,2-2.2,2-4,3-9,5-6,7-9,acute,age,and/or,anthesi,appearing,arachnoid,attenuate,base,branched,broadly,calyx,clavate,cm,conical,deltate,dendritic,densely,ellipsoid,erect,exerted,flower,glabrescent,glabrous,inflorescence,internodal,irregularly,lamina,lanceolate,lengthening,less,like,minutely,mm,narrowly,nodding,oblanceolate,pair,paler,papillate,pore,poricidal,pubescent,reddish,revolute,shrub,simple,slender,slit,soon,sparsely,stout,strongly,terminal,tip,trichome,tube,uniseriate,way,white,x	adaxially,deciduous,na
87	wfo-0001026830	success	198	143	83	102	96	41	81	2	0-10,0.3-1.3,0.4-1,0.5-1.0,0.9-1.9,1-11,1-2,1.1-2.7,1.4-4,10-57,2.5-5,2.7-8,3.5-8.5,4-14.5,4-7,4.4-14.5,6-13,abaxially,acuminate,acute,adaxially,anther,apex,attenuate,axillary,base,berry,brownish,bud,ciliate,clavate,cm,condition,connivent,coriaceous,corolla,deep,diameter,distal,drying,elliptic,filament,finely,forked,fresh,fruit,generally,glabrescent,glabrous,globose,green,green-white,greenish,hair,half,herb,interjected,lanceolate,lateral,leaf,leaflet,light,linear,lobe,long,margin,medium,mm,moderately,mucilaginous,odd-pinnate,ovate,ovoid,pedicel,peduncle,petiole,plant,puberulent,pubescent,purple,rounded,seed,sessile,short,simple,size,stigma,stripe,style,subglabrous,subtending,terminal,throughout,tube,typically,unwinged,usually,wet,white,whitish,x,yellowish	0.5-1.2,1-10,1.5-4,2-4,2-6,2.5-4.4,4-10,4.5-17.5,5-11,5-merou,7-18,acumen,adaxiall,ag,along,alyx,apart,apparently,arranged,articulated,asymmetric,axe,basiscopic,bead,blade,brown,capitat,cell,covering,decreasing,digestion,dorsally,eaf,edge,eed,enzyme,erec,exceeding,flat,flower,folded,geminat,glabrou,hair-like,hal,high,homostylous,honeycomb,lengthening,like,living,lower,make,moniliform,multiple,necklace,nflorescence,orbicular,orolla,pair,pentagonal,perfect,petiolulate,plurifoliate,pore,poricidal,removed,ripe,rotate,ruit,seudostipule,shaped,side,slit,spaced,specimen,stamen,stolon,straight,subequal,subglabrou,tall,tamen,tem,testal,thick,tip,tissue,toward,tri-,tuber,unit,vary,wall,yellow,ympodial	appearance,arrangement,bark,border,branch,calyx,capitate,characteristic,colour,corrugation,exertion,form,fruiting,giving,glabrousnes,growth,height,history,inflorescence,length,life,lobing,midpoint,na,new,number,ovary,per,prickle,primary,pseudostipule,ray,shape,stem,surface,texture,thicknes,type,variation,vein,width	0-10,0.3-1.3,0.4-1,0.5-1.0,0.9-1.9,1-11,1-2,1.1-2.7,1.4-4,10-57,2.5-5,2.7-8,3.5-8.5,4-14.5,4-7,4.4-14.5,6-13,abaxially,acuminate,acute,adaxially,attenuate,axillary,berry,brownish,bud,ciliate,clavate,cm,condition,connivent,coriaceous,deep,distal,drying,elliptic,finely,forked,fresh,generally,glabrescent,glabrous,globose,green,green-white,greenish,hair,half,herb,lanceolate,light,linear,long,medium,mm,moderately,mucilaginous,odd-pinnate,ovate,ovoid,plant,puberulent,pubescent,purple,rounded,sessile,short,simple,stripe,subglabrous,subtending,terminal,throughout,typically,unwinged,usually,wet,white,whitish,x,yellowish	capitate,na
88	wfo-0001026831	success	205	148	91	108	97	40	85	6	-6.5,.5,/4,0-6,0.1-0.2-0.25,0.2-1,0.3-0.65,0.5-1.2,0.6,0.6-2,0.65-1,1-10,1-2.2,1.5-2.5-9,1/3,2-2.5,2-4,2.3-2.9,3-5,3-6,acute,anther,apart,apex,apically,articulated,attenuate,bark,base,berry,bright,calyx,cell,chartaceous,cm,cream,curved,dark,deltate,densely,diameter,dull,elliptic,erect,filament,flattened-reniform,fruit,glabrous,gray-brown,green,lateral,leaf,length,lobe,lobed,long,lower,margin,marking,maturity,mauve,membranous,midpoint,mm,moderately,narrow-cuneate,orange,orange-brown,outline,pair,pale,pedicel,peduncle,per,petiole,poricidal,prickle,prickly,primary,raised,ray,red-brown,rounded,shiny,shrub,slender,smooth,sometimes,spaced,sparsely,spherical,stellate-pubescent,stem,style,surface,tapering,tip,tube,upper,usually,vein,way,white,white-gray,wide,yellow,yellow-green,young	-5,0-10,0-20,0-3,0.1,0.1-0.25,0.15-0.25,0.2-0.4,0.3-0.6,0.7-1.1,0.7-2,1-2,1-2.5,1-3,1-4,1-6,1.2-2,1/3-1/,1/3-2/3,1/5-1/4,2-3,2.5-4.5,3.5-10,5-merous,7-10,7-8,abaxially,alyx,apar,apparently,blade,branched,broad-deltate,brow,caudat,concolorous,connivent,difoliate,distance,drying,eaf,eed,elongating,equal,extending,eye,flower,free,fruiting,fully,geminat,glabrescent,herbaceous,infructescence,less,longer,mature,midvein,multangulate,naked,nflorescence,oblong,occasionally,older,one,open,opening,orolla,oung,ovate,pendulous,perfec,pericarp,porrect,portion,prickl,reduced,ruit,scandent,scar,sessile,shorter,side,spreading,stalk,stellate,subsessile,tamen,terete,tertiary,time,trichome,unit,vary,venation,visible,ympodial	1/3-1/2,10-20,appearance,arrangement,border,branch,brown,caudate,characteristic,colour,corolla,distal,exertion,form,giving,glabrousnes,growth,height,history,inflorescence,interjected,leaflet,life,lobing,na,new,number,ovary,perennial,plant,pseudostipule,seed,shape,size,terminal,texture,thicknes,type,variation,width	-6.5,.5,/4,0-6,0.1-0.2-0.25,0.2-1,0.3-0.65,0.5-1.2,0.6,0.6-2,0.65-1,1-10,1-2.2,1.5-2.5-9,1/3,2-2.5,2-4,2.3-2.9,3-5,3-6,acute,apart,apically,articulated,attenuate,base,berry,bright,cell,chartaceous,cm,cream,curved,dark,deltate,densely,diameter,dull,elliptic,erect,flattened-reniform,glabrous,gray-brown,green,lateral,lobed,long,lower,marking,maturity,mauve,membranous,mm,moderately,narrow-cuneate,orange,orange-brown,outline,pair,pale,poricidal,prickly,raised,red-brown,rounded,shiny,shrub,slender,smooth,sometimes,spaced,sparsely,spherical,stellate-pubescent,tapering,tip,upper,usually,way,white,white-gray,wide,yellow,yellow-green,young	1/3-1/2,10-20,brown,caudate,na,perennial
89	wfo-0001026841	success	139	105	59	73	66	32	56	3	/4,0.25-0.3,0.5-0.75,0.6-1,0.8-1,0.8-3,1.5,2-2.5,3-6.5,3.5-5,4-8,5-8-flowered,6-8,7-9,9.2-18,acute,anther,apex,bark,base,berry,bi-lobed,broadly,calyx,clavate,cm,conical,corolla,curly-tipped,decurrent,dia,ellipsoid,elliptic,filament,filiform,fruiting,glabrate,glabrous,globose,green,inflorescence,later,lateral,leaf,lobed,long,main,margin,mm,ovary,pair,pedicel,petiole,poricidal,pubescent,reddish,shining,shrub,simple,slightly,sparsely,stem,stigma,style,tip,trichome,tube,uniseriate,vein,way,white,x,young	.25,.5,0.05,0.25-0.5,0.5-1,0.5-2,0.75-1,1.5-2,along,anthesi,apart,arch,axi,ba,beneath,coroll,deflexed,deltoid,eaf,edicel,eed,exsertion,free,greyish-gree,hyaline,immature,joined,known,like,lobe,lon,lower,middle,minutely,nflorescence,older,opposite,paler,papillo,papillose,pore,portion,prominent,raised,reflexed,rest,ruit,scar,series,shaped,slender,spaced,straight,tall,tapering,tear-drop,terminal,thickened,ud,unevenly,unifoliat,unit,widest,winged,woody,ympodial	arrangement,bud,characteristic,colour,corrugation,diameter,drying,exertion,form,fruit,glabrousnes,greyish-green,growth,height,history,length,life,lobing,na,new,number,peduncle,per,plant,primary,seed,shape,size,surface,texture,type,unifoliate	/4,0.25-0.3,0.5-0.75,0.6-1,0.8-1,0.8-3,1.5,2-2.5,3-6.5,3.5-5,4-8,5-8-flowered,6-8,7-9,9.2-18,acute,base,berry,bi-lobed,broadly,clavate,cm,conical,curly-tipped,decurrent,dia,ellipsoid,elliptic,filiform,glabrate,glabrous,globose,green,later,lateral,lobed,long,main,mm,pair,poricidal,pubescent,reddish,shining,shrub,simple,slightly,sparsely,tip,trichome,uniseriate,vein,way,white,x,young	greyish-green,na,unifoliate
90	wfo-0001026849	success	177	117	52	71	106	46	48	4	0-10,0.5-1,1,1-2,1.5-2.5,1.75-2,2-3,38/2,5-10,637/2,7-8,acute,anther,apex,aster,base,berry,brown,calyx,capitate,cm,colour,conical,corolla,cyme,deflexed,discoidal,distinctly,ellipsoid,entire,exerted,expanded,filament,fruiting,glabrous,globose,green,grey-brown,growth,inflorescence,lavender,leaf,lobe,long,long-cuneate,margin,minutely,mm,oblong,oblong-lanceolate,ovary,pedicel,peduncle,petiole,reticulate,rh,rounded,sea,seed,short-lived,shrub,slightly,soft-wooded,soon,stem,stigma,style,surface,tube,violet,x	1-1.5,1-6,11,2,30-40-50,5,80-100-130,adherent,adult,amongst,appearing,aspect,australian,axil,cell,composed,conspicuous,curved,cut,developed,dia,distinct,eed,emarginate,enlarge,erect,exceeding,except,facetted,filled,flesh,floral,flower,flowered,fork,free,general,glandular,globular,granule,greater,gree,hair,half,interacuminal,large,leave,lengthening,less,linear-lanceolate,little,lon,loosely,lower,mature,maturity,mid-vein,minute,native,nflorescence,occasionally,often,pal,pale,pedicellate,petal,plurifoliat,pore,poricidal,preparation,pruinose,purple,rarely,relatively,reproducing,rhachi,rotate,ruit,ruiting,shallow,shed,simple,sinus,slende,slit,solanum,solitary,sometimes,somewhat,stone,stony,stout,thus,tip,tissue,tub,ud,unarmed,undulate,unit,uvenile,vegetatively,way,well,ympodial,young	appearance,arrangement,bark,border,branch,bud,characteristic,corrugation,diameter,distal,drying,enlarged,exertion,form,fruit,giving,glabrousnes,height,history,interjected,lateral,leaflet,length,life,lobing,midpoint,na,new,number,per,plant,plurifoliate,prickle,primary,pseudostipule,ray,shape,size,slender,terminal,texture,thicknes,type,variation,vein,width	0-10,0.5-1,1,1-2,1.5-2.5,1.75-2,2-3,38/2,5-10,637/2,7-8,acute,aster,berry,brown,capitate,cm,conical,cyme,deflexed,discoidal,distinctly,ellipsoid,entire,exerted,expanded,glabrous,globose,green,grey-brown,lavender,long,long-cuneate,minutely,mm,oblong,oblong-lanceolate,reticulate,rh,rounded,sea,short-lived,shrub,slightly,soft-wooded,soon,violet,x	enlarged,na,plurifoliate,slender
91	wfo-0001026858	success	150	119	54	70	80	49	50	4	0.8,0.8-1,1-10,1-11.5,1-4,1-5,1.3-1.5,1.5-4,2-4,2.5-3,3-4,4.5-10.5,6-10,6-18,6-7,abaxially,acute,adaxially,apex,base,branched,calyx,cm,cordate,corolla,cuneate,cyme,diameter,dichasial,dichasially,distal,ebracteate,filament,glabrescent,glabrous,globose,green,green-white,herbaceous,interjected,lateral,leaf,leaflet,light,lobe,long,mm,monochasial,oblique,oblong,obtuse,odd-pinnate,ovate,ovate-lanceolate,ovoid,pedicel,peduncle,perennial,petiole,plant,rounded,seed,shiny,size,slightly,stigma,style,throughout,triangular,wide	0-.,0.5,1-2-3-4,2-2.5,2-3,3-5-15-30,3-6-foliat,4-24,abruptly,acumen,apical,apically,articulate,cell,connate,covering,dehiscent,digestion,diminishing,dorsally,eaf,edge,eed,emoval,enzyme,exceeding,flat,flower,folded,forked,generally,globo,hair-like,half,honeycomb,introrse,living,lon,lower,lunat,make,maturing,minute,mucilaginous,mucronate,nflorescence,nther,often,orolla,pair,pattern,perfect,plan,poricidally,proximal,reveal,ruit,seudostipule,short,slit,specimen,stamen,stellate,straight,tal,tem,testal,thick,throughou,toward,tuber-bearing,typically,unit,vary,wall,white-crea,without,yellow,ympodial,¼	0-2,3-15-30,anther,appearance,arrangement,bark,border,branch,bud,characteristic,colour,corrugation,drying,exertion,form,fruit,fruiting,giving,glabrousnes,growth,height,history,inflorescence,length,life,lobing,margin,midpoint,na,new,number,ovary,per,prickle,primary,pseudostipule,ray,shape,stem,surface,terminal,texture,thicknes,tube,type,variation,vein,white-cream,width	0.8,0.8-1,1-10,1-11.5,1-4,1-5,1.3-1.5,1.5-4,2-4,2.5-3,3-4,4.5-10.5,6-10,6-18,6-7,abaxially,acute,adaxially,branched,cm,cordate,cuneate,cyme,dichasial,dichasially,ebracteate,glabrescent,glabrous,globose,green,green-white,herbaceous,light,long,mm,monochasial,oblique,oblong,obtuse,odd-pinnate,ovate,ovate-lanceolate,ovoid,perennial,rounded,shiny,slightly,throughout,triangular,wide	0-2,3-15-30,na,white-cream
92	wfo-0001026895	success	166	161	106	116	50	45	101	5	0-0.5,0.5-1,0.5-1.2,0.5-1.5,0.5-2,0.8-1,1-1.5,1-5,1.4-2.1,2-2.3,2-2.5,2-3,2.5-3.2,2/3,3-12,4.5-5,5-6,5-8-flowered,acute,anther,apex,apically,appearing,attenuate,bark,base,berry,borne,broadly,brown,calyx,capitate,cm,conical,contracted,corolla,dark,deflexed,dendritic,dia,drying,ellipsoid,elliptic,erect,filament,filiform,flattened,fruiting,glabrate,glabrous,globose,green,incrassate,internodal,lamina,lateral,leaf,like,lobe,lobed,long,long-exserted,main,margin,minute,minutely,mm,mustard,narrowly,obovate,often,ovary,pair,pale,pedicel,petiole,pitted,pointed,pore,poricidal,pubescent,reddish,reniform,scattered,shape,shaped,shoot,short,shrub,shrublet,side,simple,size,small,somewhat,soon,sparsely,stem,stigma,style,surface,swollen,swollen-based,tan,tear-drop,tip,toothed,trichome,tube,type,uniseriate,vein,way,white,x,yellow	.5,1.5-2,abaxial,adaxial,along,anthesi,apical,ba,broad,campanulate,closely,deltoid,denser,differing,difoliate,eaf,edicel,eed,elongate,free,geminat,hard,lon,lower,major,middle,minor,nflorescence,older,overlappin,papillo,pericarp,portion,present,projection,reddish-brow,ruit,scar,spaced,tall,thin,tub,tuft,ud,unit,usually,widest,woody,ympodial,young	alternate,appearance,arrangement,border,branch,bud,characteristic,colour,corrugation,diameter,distal,exertion,form,fruit,giving,glabrousnes,growth,height,history,inflorescence,interjected,leaflet,length,life,lobing,midpoint,na,new,number,papillose,peduncle,per,perennial,plant,prickle,primary,pseudostipule,ray,reddish-brown,seed,terminal,texture,thicknes,variation,width	0-0.5,0.5-1,0.5-1.2,0.5-1.5,0.5-2,0.8-1,1-1.5,1-5,1.4-2.1,2-2.3,2-2.5,2-3,2.5-3.2,2/3,3-12,4.5-5,5-6,5-8-flowered,acute,apically,appearing,attenuate,base,berry,borne,broadly,brown,calyx,capitate,cm,conical,contracted,dark,deflexed,dendritic,dia,drying,ellipsoid,elliptic,erect,filiform,flattened,glabrate,glabrous,globose,green,incrassate,internodal,lamina,lateral,like,lobed,long,long-exserted,main,margin,minute,minutely,mm,mustard,narrowly,obovate,often,pair,pale,pitted,pointed,pore,poricidal,pubescent,reddish,reniform,scattered,shaped,shoot,short,shrub,shrublet,side,simple,small,somewhat,soon,sparsely,stem,surface,swollen,swollen-based,tan,tear-drop,tip,toothed,trichome,tube,type,uniseriate,vein,way,white,x,yellow	alternate,na,papillose,perennial,reddish-brown
93	wfo-0001026905	success	199	153	94	113	86	40	89	5	.5,0-2,0-25,0.2-0.5,0.4-0.9,0.4-1,0.5-0.7,0.5-1.5,0.6-0.7,0.7-1.4,0.75-1.1,0.9-1.3,1-2.5,1-20,1-3.7,1-6,1.9-2.5,1/2-3/4,2.5-2.9,2.5-3.5,3-5,3-8,5-6,acute,anther,apart,apex,articulated,attenuate,bark,base,berry,branched,calyx,cell,chartaceous,cm,cream,curved,dark,densely,diameter,dull,erect,filament,flattened-reniform,fruit,fruiting,gray-green,green,inflorescence,lateral,leaf,length,lobe,lobed,long,lower,margin,marking,maturity,mauve,midpoint,mm,moderately,oblong,orange,orange-brown,outline,ovate,pair,pale,pedicel,peduncle,per,petiole,pit,poricidal,prickle,prickly,primary,raised,ray,red,rounded,shallowly,shrub,small,smooth,sometimes,spaced,sparsely,spherical,stellate,stellate-pubescent,stem,straight,style,surface,tapering,terete,tip,tube,unarmed,usually,vein,way,weakly,white,wide,yellow,yellow-green,young	-4,.2,0-10,0-20,0-3,0.1,0.15,0.2-0.3,0.3-0.4,0.4-1.5,1-2,1-4,1/3,1/4-2/3,1/5-1/3,2-3,2/3-3/,5-merous,6-8,7-8,abaxially,acuminat,alyx,ame,apar,apically,apparently,blade,brow,c.,connivent,deltate,difoliate,discolorous,distance,drying,eaf,eed,elongating,equal,extending,eye,flower,free,geminat,glabrous,infructescence,longer,mature,midvein,naked,older,one,open,orolla,oung,pendulous,perfec,pericarp,porrect,portion,prickl,reduced,ruit,scar,sessile,shorter,side,slender,somewhat,spreading,stalk,stalked,subentire,tamen,tertiary,time,trichome,unit,upper,variously,vary,venation,visible,woody,ympodial	2/3-3/4,alternate,appearance,arrangement,border,branch,brown,bud,characteristic,colour,corolla,distal,exertion,form,giving,glabrousnes,growth,height,history,interjected,leaflet,life,lobing,na,new,number,ovary,perennial,plant,pseudostipule,seed,shape,size,stigma,terminal,texture,thicknes,type,variation,width	.5,0-2,0-25,0.2-0.5,0.4-0.9,0.4-1,0.5-0.7,0.5-1.5,0.6-0.7,0.7-1.4,0.75-1.1,0.9-1.3,1-2.5,1-20,1-3.7,1-6,1.9-2.5,1/2-3/4,2.5-2.9,2.5-3.5,3-5,3-8,5-6,acute,apart,articulated,attenuate,base,berry,branched,cell,chartaceous,cm,cream,curved,dark,densely,diameter,dull,erect,flattened-reniform,gray-green,green,lateral,lobed,long,lower,marking,maturity,mauve,mm,moderately,oblong,orange,orange-brown,outline,ovate,pair,pale,per,pit,poricidal,prickly,raised,red,rounded,shallowly,shrub,small,smooth,sometimes,spaced,sparsely,spherical,stellate,stellate-pubescent,straight,tapering,terete,tip,unarmed,usually,way,weakly,white,wide,yellow,yellow-green,young	2/3-3/4,alternate,brown,na,perennial
94	wfo-0001026923	success	177	143	84	97	80	46	81	3	.5,0.25-0.5,0.5-1,0.6-0.8,0.8-1,1,1-1.5,1-7,2,2-2.5,2-6,20-50,3-5,4-18,5-10,5-15,5-6,5-9,abaxially,acuminate,acute,adaxially,anther,apex,base,black,branched,brown,calyx,chartaceous,cm,connivent,cuneate,curved,cylindrical,deltate,densely,diameter,elliptic,elliptic-ovate,entire,filament,flattened,flower,forked,fruit,glabrous,globose,green,hair,intermediate,lateral,leaf,leaf-opposed,light,like,lobe,long,margin,midpoint,mm,oblong,orange,pedicel,peduncle,peltate,petiole,possibly,pubescent,purple,ray,red,ripening,rounded,rugulose,scale,sessile,shrub,simple,small,sparsely,stellate,stem,stigma,straight,strongly,style,surface,tip,tree,trichome,tube,usually,white,x,yellow,yellowish	-5,.1-0.3,0-5,0.5,1-3,1-4,1.5-2,1.5-4,10,2-3,3-4,4-5-,absent,accrescent,adaxiall,ag,apart,apparently,articulated,axe,ba,blade,capitat,center,covering,denser,directed,distally,eaf,eed,eglandular,equal,erect,frui,fruiting,fused,geminate,glabrescent,gland-tippe,glandular,held,lanceolate,large,longitudinal,lower,many-foliate,midvein,moderately,much,multangulate,nearly,nflorescence,opening,orolla,paired,perfect,pore,pubescence,rachi,relatively,ruit,short,slightly,slit,smaller,sometimes,somewhat,spaced,ste,subtending,tal,tamen,tem,time,unit,uprigh,vary,whitish,wide,ympodial	appearance,arrangement,bark,border,branch,bud,capitate,characteristic,colour,corolla,corrugation,distal,drying,exertion,form,giving,glabrousnes,growth,height,history,inflorescence,interjected,leaflet,length,life,lobing,na,new,number,ovary,per,perennial,plant,prickle,primary,pseudostipule,seed,shape,size,terminal,texture,thicknes,type,variation,vein,width	.5,0.25-0.5,0.5-1,0.6-0.8,0.8-1,1,1-1.5,1-7,2,2-2.5,2-6,20-50,3-5,4-18,5-10,5-15,5-6,5-9,abaxially,acuminate,acute,adaxially,black,branched,brown,chartaceous,cm,connivent,cuneate,curved,cylindrical,deltate,densely,diameter,elliptic,elliptic-ovate,entire,flattened,flower,forked,fruit,glabrous,globose,green,hair,intermediate,leaf-opposed,light,like,lobe,long,mm,oblong,orange,peltate,possibly,pubescent,purple,red,ripening,rounded,rugulose,scale,sessile,shrub,simple,small,sparsely,stellate,stem,straight,strongly,tip,tree,trichome,tube,usually,white,x,yellow,yellowish	capitate,na,perennial
95	wfo-0001026925	success	215	142	83	105	110	37	79	4	.5,0-7,0.1-0.3,0.5-1.5,0.9-1.8,00-200,1-1.3,1-1.4,1-25,1-3.5,1.5-2,1.8-2,1/3,1/3-1/2,2.4-2.6,2.4-3,3-20,3-7,4-14,4-5,6-10,6-17,acute,anther,apart,apex,apparently,attenuate,bark,base,berry,calyx,chartaceous,cm,concolorous,connivent,cream,dark,deltate,diameter,distal,drying,elliptic,erect,filament,flattened,flattened-reniform,fruit,fruiting,glabrescent,glabrous,green,green-brown,lateral,leaf,length,lobe,lobed,lobing,long,lower,margin,marking,maturity,mauve,membranous,midpoint,mm,moderately,narrow-deltate,orange-brown,ovate,pair,pale,pedicel,peduncle,pendent,per,petiole,plant,poricidal,prickle,prickly,primary,ray,red-brown,shrub,spaced,spherical,stellate-pubescent,stem,style,surface,tapering,terminal,tip,tube,upper,vein,way,white,wide,yellow,yellow-orange,young	/6,0,0-10,0-2,0-20,0-5,0.1,0.1-0.2,0.2,0.5-4,0.7-1.8,1-3,1-4,1.5-2.5,1.5-4.5,1.8-2.5,1/4-2/3,1/6-1/3,2-4,2-5,2.5-6,2/,4-10,4-7,5-6,5-8,5-merous,5.5-10,6-8,7-12,abaxially,acuminat,alyx,ame,andromonoecious,apar,apically,articulated,blade,branched,broad-deltate,brow,c.,curved,distance,eaf,eed,elongating,equal,extending,flower,free,gently,hair,hermaphrodite,heterostylous,infructescence,long-styled,longer,lowermost,mature,midvein,minute,nflorescence,oblong,older,one,open,orolla,oung,pendulous,pericarp,plurifoliat,porrect,portion,prickl,rarely,reduced,reflexed,rounded,ruit,scar,secondary,sessile,short-styled,side,simple,smooth,sometimes,sparsely,spreading,stalk,stalked,staminat,stellate,stout,straight,tamen,terete,tertiary,time,translucent,trichome,unarmed,unit,vary,venation,visible,woody,ympodial	2/3,appearance,arrangement,border,branch,brown,bud,characteristic,colour,corolla,corrugation,exertion,form,giving,glabrousnes,growth,height,history,inflorescence,interjected,leaflet,life,na,new,number,ovary,perennial,pseudostipule,seed,shape,size,stigma,texture,thicknes,type,variation,width	.5,0-7,0.1-0.3,0.5-1.5,0.9-1.8,00-200,1-1.3,1-1.4,1-25,1-3.5,1.5-2,1.8-2,1/3,1/3-1/2,2.4-2.6,2.4-3,3-20,3-7,4-14,4-5,6-10,6-17,acute,apart,apparently,attenuate,base,berry,chartaceous,cm,concolorous,connivent,cream,dark,deltate,diameter,elliptic,erect,flattened,flattened-reniform,glabrescent,glabrous,green,green-brown,lateral,lobed,long,lower,marking,maturity,mauve,membranous,mm,moderately,narrow-deltate,orange-brown,ovate,pair,pale,pendent,per,poricidal,prickle,prickly,red-brown,shrub,spaced,spherical,stellate-pubescent,tapering,terminal,tip,upper,way,white,wide,yellow,yellow-orange,young	2/3,brown,na,perennial
96	wfo-0001026946	success	205	156	102	114	91	42	99	3	0-20,0-5,0.5-2,0.9-3.5,0.9-4.3,1-2,1-4,1.5-2,1.6-3.7,10-39,12-23,2,2-15,2.5-10.5,2.7-9,3-20,3-5,3.5-10,4.1-9.4,5-7,6-24,8-15,8-25,acuminate,acute,anther,apex,apparently,attenuate,axillary,base,berry,brownish,bud,cell,chartaceous,clavate,cm,condition,connivent,corolla,covering,creamy,densely,diameter,distal,drying,elliptic,filament,flower,forked,fresh,fruit,generally,glabrous,globose,green,greenish,hair,hair-like,half,herb,interjected,lanceolate,lateral,leaflet,like,lobe,long,margin,membranous,mm,mottled,oblique,odd-pinnate,orbicular,ovate,ovoid,pedicel,peduncle,perfect,petiole,petiolulate,plant,pubescent,pure,purple,ripe,rounded,seed,sessile,short,short-pubescent,size,slightly,stem,stigma,streak,style,subtending,terminal,testal,thick,truncate,tube,typically,unwinged,usually,wall,white,whitish,wing,x,yellow-white	1,1-10,2-5,3-6,4-7,5-merou,abaxially,acumen,adaxially,ag,along,alyx,apart,articulation,axe,blade,borne,broadly,capitat,ciliate,deeply,digestion,dorsally,dot,eaf,edge,eed,end,enzyme,erec,especially,exceeding,except,extremely,flat,folded,geminat,glabrou,greatly,green-white,homostylous,honeycomb-shaped,lengthening,living,lower,make,midrib,minutely,mucilaginous,narrowly,nflorescence,often,orolla,pair,pentagonal,petiolule,plurifoliate,pore,poricidal,proximal,puberulent,pubescen,reduced,removed,ruit,scattered,seudostipule,singly,slit,spaced,specimen,stamen,ste,stellate,stolo,straight,subequal,tall,tamen,tem,thir,throughout,tip,tri-,tuber,unit,variable,vary,wet,yellow,ympodial	appearance,arrangement,bark,border,branch,calyx,capitate,characteristic,colour,corrugation,erect,exertion,form,fruiting,giving,glabrousnes,growth,height,history,inflorescence,leaf,length,life,lobing,midpoint,na,new,number,ovary,per,prickle,primary,pseudostipule,ray,shape,surface,texture,thicknes,type,variation,vein,width	0-20,0-5,0.5-2,0.9-3.5,0.9-4.3,1-2,1-4,1.5-2,1.6-3.7,10-39,12-23,2,2-15,2.5-10.5,2.7-9,3-20,3-5,3.5-10,4.1-9.4,5-7,6-24,8-15,8-25,acuminate,acute,apparently,attenuate,axillary,base,berry,brownish,bud,cell,chartaceous,clavate,cm,condition,connivent,covering,creamy,densely,diameter,distal,drying,elliptic,flower,forked,fresh,generally,glabrous,globose,green,greenish,hair,hair-like,half,herb,lanceolate,lateral,like,lobe,long,membranous,mm,mottled,oblique,odd-pinnate,orbicular,ovate,ovoid,perfect,petiolulate,plant,pubescent,pure,purple,ripe,rounded,sessile,short,short-pubescent,slightly,stem,streak,subtending,terminal,testal,thick,truncate,tube,typically,unwinged,usually,wall,white,whitish,wing,x,yellow-white	capitate,erect,na
97	wfo-0001026962	invalid_json	205	107	NA	81	124	26	NA	NA	.05,0.3-0.7,0.8-1,1-1.2,1-2,1-3,1-4.5,1.5-2,10-12,10-20,2-2.5,2-6,2/3-3/4,3-3.5,6-7,acute,anther,apex,bark,base,calyx,chartaceous,cm,corolla,densely,diameter,difoliate,dry,elliptic,entire,exerted,filament,flattened-reniform,flower,fruit,glabrate,glabrous,globose,green,inflorescence,leaf,lobe,margin,material,minutely,mm,narrowly,obconic,oblong,pale,pedicel,peduncle,petiole,pitted,pubescent,purplish,rachi,rounded,sagittate,shrub,size,slightly,small,sometimes,soon,stem,stigma,style,surface,tinged,tip,tree,tube,unarmed,unbranched,unifoliate,way,white,x,yellow,yellowish	.5,0,0.5,0.5-0.8,0.5-1,0.5-1.5,1,1-1.5,1-6,1.5-17,1.5-3,1.5-5,15-22,2-5,3-6,4-5,9-12,9-17,abaxially,abrupt,abruptly,accrescent,adaxially,ag,alyx,anthesi,apparently,appearing,arising,articulated,axe,basebud,becoming,beneath,blade,brittle,broadly,bud,capitat,cell,closely,composed,connivent,constricted,cucullat,cylindrical,darker,deflexed,deltate,denser,differing,dimorphic,eaf,eed,elongate,evenly,except,free,fruiting,geminat,glabrou,ilament,incrassate,internodal,later,lateral,like,lobed,long,longitudinal,main,major,minor,nflorescence,obovoid,occasionally,often,older,one,opening,opposite,orolla,oung,outline,ovate-lanceolate,overlapping,packed,pair,papillose,paten,pendent,perfect,pore,portion,prominent,pubescen,raised,reflexed,remaining,rest,rounder,ruit,shaped,simple,slender,slit,somewhat,stellate,straight,tal,tapering,tear-drop,tooth,triangular,trichome,trunk,uniseriate,unit,vary,vein,whit,woody,ympodial,young	abaxial,adaxial,arrangement,branch,capitate,characteristic,colour,exertion,form,geminate,glabrousnes,growth,height,history,length,life,lobing,new,ovary,perennial,plant,seed,shape,texture,type,value	NA	NA
98	wfo-0001026964	success	128	140	83	94	34	46	78	5	.2,.5,0,0.5-1,1-1.2,1-2.5,10,10-30,2-2.5,3-5,3.5-7,4.5-8.5,7-8,?,acuminate,acute,along,anther,anthesi,apex,attenuate,axillary,base,bearing,berry,calyx,cm,conical,conspicuously,corolla,diameter,distinct,elliptic,filament,filiform,fleshy,flower,free,fruiting,glabrous,globose,green,greenish,herb,horizontal,lateral,leaflet,lenticellate,line,lobe,long,margin,minutely,mm,nearly,obovate,one,open,ovary,pair,papillate,pedicel,petiole,pinnate,poricidal,portion,primary,pubescent,purple,rachi,reflexed,rugose,scar,shape,side,simple,size,slender,small,smooth,somewhat,sparsely,stigma,style,surface,terminal,time,tip,trichome,tube,uniseriate,vein,x,yellow	0.5,2-4,basal,beak,capitat,differentiated,eaf,edicel,equal,erec,exserted,glabrou,immature,known,lightly,lobed,long-attenuate,lower,nflorescence,noddin,often,onto,ot,petiolule,purpli,ruit,tal,tem,tub,ud,unifoliat,unit,winged,ympodial	appearance,arrangement,bark,border,branch,bud,capitate,characteristic,colour,corrugation,distal,drying,erect,exertion,form,fruit,giving,glabrousnes,growth,height,history,inflorescence,interjected,leaf,length,life,lobing,midpoint,na,new,nodding,number,peduncle,per,plant,prickle,pseudostipule,purplish,ray,seed,stem,texture,thicknes,type,variation,width	.2,.5,0,0.5-1,1-1.2,1-2.5,10,10-30,2-2.5,3-5,3.5-7,4.5-8.5,7-8,?,acuminate,acute,along,anthesi,attenuate,axillary,base,bearing,berry,cm,conical,conspicuously,diameter,distinct,elliptic,filament,filiform,fleshy,flower,free,glabrous,globose,green,greenish,herb,horizontal,lenticellate,line,lobe,long,margin,minutely,mm,nearly,obovate,one,open,pair,papillate,petiole,pinnate,poricidal,portion,pubescent,purple,rachi,reflexed,rugose,scar,side,simple,slender,small,smooth,somewhat,sparsely,time,tip,trichome,tube,uniseriate,vein,x,yellow	capitate,erect,na,nodding,purplish
99	wfo-0001026981	success	249	136	75	103	146	33	74	1	-2.5,0.3-0.5,0.3.6-0.8,0.4-0.5,0.45-1.3,0.5-0.3,0.5-30-35,0.6-1.4,0.6-2,0.8-1.2,0.8-6,0.9-1.5,1-2,1-3.3,1-4,1.5-2.0,1.5-8.5,1.8-2.8,1/3,2-3-branched,3.5-14,4,6-10,7.5,accrescent,anther,apex,appearance,articulated,asymmetric,base,brown,calyx,capitate,cm,conical,cordate,corolla,dark,deltate,diameter,distal,entire,exserted,filament,fruit,fruiting,giving,glabrescent,globose,green,hair-like,halfway,herb,imparipinnate,interjected,interrupted,irregularly,lateral,leaf,leaflet,like,lime,lobe,lobed,long,margin,minutely,mm,narrowly,obovate,orange,orbicular,outgrowth,ovary,ovate,pale,pedicel,peduncle,per,perennial,petiole,plant,present,primary,pseudostipule,pubescent,rounded,silky,simple,sometimes,sparsely,stem,stigma,style,surface,terminal,tube,type,usually,variously,wide,yellow	-0.4,-14,-4,-8,.2,.2-0.2,0-5,0.05-0.1,0.1-0.2,0.1-0.3,0.15-0.2,0.2,0.2-0.4,0.2-2,0.25-0.4,0.4-0.7,0.4-2,0.5,0.7-0.8,0.9-1.4,1,1-2-cellular,1-3,1-3-celled,1.5-5,11,196.,2-3,2-locular,3-foliate,4-8,4-celled,<,abaxially,absen,absent,abundant,academy,acute,adaxially,adpressed,along,amongst,angled,anthesi,apical,appendage,appressed,articulation,axi,basiscopically,bay,beak,becoming,bract,bracteole-like,cell,citrus-like,coastal,column,composed,cone,d,densely,eaf,ebracteate,edicel,eed,erect,flower,glandular,gree,half,head,included,initially,internode,jointles,larger,later,less,linear,lon,lower,mainly,maturity,mixed,much,multicellular,nflorescence,occasionally,pair,patent,pentagonal,petiolule,population,procumbent,pronounced,proximal,pubescence,rachi,reflexed,rick,robust,ruit,scen,secondary,see,sessile,several,shaggy,shaped,short,shorter,slender,smaller,sparser,specimen,spreadin,staminal,sterile,straight,strong,tangled,tem,tertiary,testa,thick,tightly,transparent,trichome,tub,uni-,unicellular,uniseriate,unit,upto,velvety,villous,viny,wall,winged,without,ympodial,‘,’	arrangement,bark,border,branch,bud,characteristic,colour,corrugation,drying,exertion,form,glabrousnes,growth,height,history,inflorescence,length,life,lobing,midpoint,na,new,number,prickle,ray,seed,shape,size,texture,thicknes,variation,vein,width	-2.5,0.3-0.5,0.3.6-0.8,0.4-0.5,0.45-1.3,0.5-0.3,0.5-30-35,0.6-1.4,0.6-2,0.8-1.2,0.8-6,0.9-1.5,1-2,1-3.3,1-4,1.5-2.0,1.5-8.5,1.8-2.8,1/3,2-3-branched,3.5-14,4,6-10,7.5,accrescent,articulated,asymmetric,brown,calyx,capitate,cm,conical,cordate,dark,deltate,diameter,distal,entire,exserted,glabrescent,globose,green,hair-like,halfway,herb,imparipinnate,interrupted,irregularly,like,lime,lobed,long,minutely,mm,narrowly,obovate,orange,orbicular,outgrowth,ovate,pale,perennial,present,pubescent,rounded,silky,simple,sometimes,sparsely,stem,usually,variously,wide,yellow	na
100	wfo-0001026992	success	243	154	94	114	129	40	90	4	0.2-0.5,0.8-3.4,1-4,1.2-1.4,1.2-1.7,1.4-1.6,1.4-1.9,1.7-2.4,1.7-4.3,1/2,10-12,12-33,2-10,2.8-4.7,3-4,5-15,5.3-12.1,6-10,8,abaxially,abruptly,acuminate,acute,adaxially,angled,anther,anthesi,apex,attenuate,bark,base,berry,blunt-tipped,branch,branched,broadly,brown,calyx,cm,corolla,cylindrical,deltoid,diameter,drying,elliptic,entire,exserted,filament,fleshy,flower,fruit,fruiting,glabrous,globose,granular-tomentose,greenish,grooved,hair,lance-ovate,lanceolate,lateral,leaf,length,lobe,lobed,longitudinally,many,margin,midrib,mm,oblong,occasional,orange-tan,ovate,pedicel,peduncle,petiole,plant,pubescent,reniform,reticulate-punctate,ripe,scabridulous-,short,shrub,side,simple,size,small,sometimes,stellate,stem,stigma,style,subcampanulate,subglobose,surface,terete,terminal,time,tomentose,tree,tube,unarmed,vein,velutinous,violet,way,weakly,white,whitish,x,yellow,yellowish	-2.5,/7,0.25-0.45,0.5-1.2,0.6-1.5,00-170,1.3-2.6,1.3-4.3,1.5-3.4,1.7-1.9,2-5.6,2.3-3.3,2.6-4.6,2.8-4.6,3.3-5.5,3.3-5.6,4-8,5-merou,8-11,8-14,abaxial,accrescent,adaxiall,ag,along,alyx,apart,apparently,appressed,approximately,around,articulated,axe,axillary,ba,blade,capitat,chartaceous,completely,coriaceous,covering,crown,dark,densely,directed,distally,eaf,echinoi,echinoid,edge,eed,enveloping,equal,evident,farinose,flat-topped,forming,free,geminate,glabrescen,high,homostylous,immature,inserted,lacking,lengthening,less,line,long,long-stalked,longitudinal,lower,m.,main,mature,maturity,minute,moderately,mostly,multangulate,nearly,nflorescence,obtuse,occasionally,often,older,orolla,ovate-lanceolate,overlapping,perfect,plurifoliate,pore,poricidal,porrect-stellate,pubescence,rachi,rare,rather,ruit,runk,semi-ovate,sessile,short-,short-stalked,shorter,slit,somewhat,spaced,sparingly,split,spreading,stalked,stamen,stout-stalked,suture,tamen,tan,thin-textured,tip,ud,unarme,unequal,unit,usually,vary,wide,ympodial,young,½	appearance,arrangement,border,bud,capitate,characteristic,colour,corrugation,distal,exertion,form,giving,glabrousnes,green,growth,height,history,inflorescence,interjected,leaflet,life,lobing,midpoint,na,new,number,ovary,per,perennial,prickle,primary,pseudostipule,ray,seed,shape,texture,thicknes,type,variation,width	0.2-0.5,0.8-3.4,1-4,1.2-1.4,1.2-1.7,1.4-1.6,1.4-1.9,1.7-2.4,1.7-4.3,1/2,10-12,12-33,2-10,2.8-4.7,3-4,5-15,5.3-12.1,6-10,8,abaxially,abruptly,acuminate,acute,adaxially,angled,anthesi,attenuate,base,berry,blunt-tipped,branched,broadly,brown,calyx,cm,cylindrical,deltoid,diameter,elliptic,entire,exserted,fleshy,flower,fruit,glabrous,globose,granular-tomentose,greenish,grooved,hair,lance-ovate,lanceolate,lobed,longitudinally,many,midrib,mm,oblong,occasional,orange-tan,ovate,pubescent,reniform,reticulate-punctate,ripe,scabridulous-,short,shrub,side,simple,small,sometimes,stellate,subcampanulate,subglobose,terete,terminal,time,tomentose,tree,unarmed,velutinous,violet,way,weakly,white,whitish,x,yellow,yellowish	capitate,green,na,perennial
101	wfo-0001026994	success	260	155	97	117	143	38	92	5	0.15-0.2,0.5,0.5-0.7,0.5-0.8,0.5-0.9,0.5-1.3,0.5-2,0.7-2.5,1,1-1.4,1-1.5,1-1.6,1.2-1.6,1.2-3.5,1.4-2.1,10-20,2,2-2.6,2-4,2-5-locular,2.2-3.2,4-15,acuminate,acute,anther,anthesi,apex,appearance,basal,base,bifurcate,branched,bright,broadly,brown,calyx,capitate,cell,cm,conical,corolla,crenate,dark,darker,deeply,densely,diameter,distal,elliptic,exserted,filament,fruit,fruiting,giving,globose,grayish,green,greenish,hair-like,half,halfway,herb,imparipinnate,inflorescence,interjected,interrupted,irregularly,lateral,leaf,leaflet,less,lobe,lobed,locule,long,margin,medial,midvein,mm,narrowly,obovate,often,outgrowth,ovary,pair,pedicel,peduncle,perennial,petiole,primary,pseudostipule,pubescent,purple,rachi,regularly,ripe,set,silky,size,slightly,stem,stigma,straight,stripe,style,surface,terminal,testa,thick,tube,usually,velvety,wall,white,wide,woody,yellow	-foliate,.2,.5,0.05-0.1,0.05-0.2,0.1,0.1-0.2,0.1-0.3,0.2-0.4,0.2-0.5,0.25,0.3-0.4,0.4-0.5-0.7,0.4-1.2,0.5-0.6,0.5-0.6-0.7,0.5-1.2,0.9-1.2,0.9-1.3,1-1.2,1-2,12-20-50,2-2.5-6.5-10,3,3-branched,4,4-celled,5,5-7,5-7-13-20,6-20-30,8,8-12,abaxially,absent,abundant,acroscopically,additional,adpressed,along,also,amongst,andscattered,apical,apically,appendage,articulate,articulation,basally,basiscopically,becoming,beneath,bent,berry,bifurcation,bract,bracteate,broader,celled,column,crenat,crowded,decreasing,decumbent,decurrent,developed,eaf,ebracteate,edicel,eed,eglandular,erect,especially,essentially,fewer,flower,glabrous,glandular,gree,habitat,hal,head,internode,investing,lamina,lanceolate,large,larger,largest,leave,like,lon,loosely,lower,markedly,minutely,moderately,much,narrower,narrowing,nearly,nflorescence,node,oblique,occasionally,paler,papillate,petiolule,present,puberulent,rarely,reflexed,robust,rocky,rotate-stellate,secondary,sessile,shaggy,short,simple,sinus,sometimes,sparsely,specimen,spreadin,spreading,staminal,sterile,tall,tem,tertiary,tip,toward,trichome,ud,unicellular,uniseriate,unit,weak-walled,well,winged,ympodial,young	2.5-6.5,5-13,6-20,arrangement,bark,border,branch,bud,characteristic,colour,corrugation,decurren,drying,exertion,form,glabrousnes,growth,height,history,length,life,lobing,midpoint,na,new,number,per,plant,prickle,ray,seed,shape,texture,thicknes,type,variation,vein,width	0.15-0.2,0.5,0.5-0.7,0.5-0.8,0.5-0.9,0.5-1.3,0.5-2,0.7-2.5,1,1-1.4,1-1.5,1-1.6,1.2-1.6,1.2-3.5,1.4-2.1,10-20,2,2-2.6,2-4,2-5-locular,2.2-3.2,4-15,acuminate,acute,anthesi,basal,base,bifurcate,branched,bright,broadly,brown,calyx,capitate,cell,cm,conical,crenate,dark,darker,deeply,densely,diameter,elliptic,exserted,globose,grayish,green,greenish,hair-like,half,halfway,herb,imparipinnate,interrupted,irregularly,lateral,leaflet,less,lobe,lobed,locule,long,margin,medial,midvein,mm,narrowly,obovate,often,outgrowth,pair,perennial,pubescent,purple,rachi,regularly,ripe,set,silky,slightly,straight,stripe,testa,thick,usually,velvety,wall,white,wide,woody,yellow	2.5-6.5,5-13,6-20,decurren,na
102	wfo-0001026996	success	188	131	72	88	100	43	69	3	0-6,0.6-1,0.9-2.7,1-2,1.2-1.8,1.3-7.7,1.8-4.4,15-28,3-10,3.3-6,3.8-14.1,4-4.4,5-8,6-8,6.9-10.9,8.7-18.6,acumen,acuminate,acute,anther,apex,attenuate,axillary,base,berry,blue,brownish,bud,clavate,cm,condition,connivent,coriaceous,corolla,dark,deep,diameter,distal,drying,elliptic,filament,forked,fresh,fruit,generally,glabrous,globose,green,green-white,greenish,half,herb,interjected,lanceolate,lateral,leaf,leaflet,lilac,lobe,long,medium,mm,mucilaginous,odd-pinnate,ovate,ovoid,pedicel,peduncle,petiole,petiolulate,plant,ripe,rounded,seed,size,stigma,stripe,style,subtending,terminal,throughout,tube,unwinged,usually,wet,white,whitish,x	1-3,1-4,1-5,14-33,2-3,3-5,3-7,4-8,4.5-10.5,5-merou,abaxiall,abaxially,adaxially,ag,along,alyx,apart,apparently,arranged,articulated,asymmetric,axe,basiscopic,bead,blade,capitat,cell,considerably,covering,decreasing,digestion,dorsally,eaf,edge,eed,enzyme,erec,exceeding,flat,flower,folded,geminat,glabrou,hair-like,homostylous,honeycomb-shaped,larger,lengthening,like,linear,living,lower,make,middl,moniliform,mottled,multiple,necklace,nflorescence,orbicular,orolla,pair,pentagonal,perfect,plurifoliate,pore,poricidal,purple,removed,rotate,ruit,sessile,seudostipule,side,slightly,slit,sometimes,spaced,specimen,stamen,stolon,straight,subglabrou,symmetric,tall,tamen,tem,testal,thick,tip,tissue,toward,tri-,tuber,typically,unit,vary,wall,yellow,ympodial	appearance,arrangement,bark,border,branch,calyx,capitate,characteristic,colour,corrugation,erect,exertion,form,fruiting,giving,glabrousnes,growth,height,history,inflorescence,length,life,lobing,margin,midpoint,na,new,number,ovary,per,prickle,primary,pseudostipule,ray,shape,stem,surface,texture,thicknes,type,variation,vein,width	0-6,0.6-1,0.9-2.7,1-2,1.2-1.8,1.3-7.7,1.8-4.4,15-28,3-10,3.3-6,3.8-14.1,4-4.4,5-8,6-8,6.9-10.9,8.7-18.6,acumen,acuminate,acute,attenuate,axillary,berry,blue,brownish,bud,clavate,cm,condition,connivent,coriaceous,dark,deep,diameter,distal,drying,elliptic,forked,fresh,generally,glabrous,globose,green,green-white,greenish,half,herb,lanceolate,lilac,long,medium,mm,mucilaginous,odd-pinnate,ovate,ovoid,petiolulate,plant,ripe,rounded,stripe,subtending,terminal,throughout,unwinged,usually,wet,white,whitish,x	capitate,erect,na
103	wfo-0001027010	success	198	146	85	103	95	43	83	2	0-2,0-2.5,0.4-5.1,0.5-1.5,1-10,1-2,1.2-1.7,1.2-1.9,1.4-6.9,10-60,14-46,2-9.4,2.1-15.3,2.1-4.3,2.2-12.9,3-10,3-8,3.5-13.6,4-8,4.4-29,4.9-31,abaxially,acuminate,acute,adaxially,anther,apex,apparently,attenuate,axillary,base,brownish,bud,clavate,cm,coloration,condition,coriaceous,corolla,deep,diameter,distal,drying,elliptic,filament,flower,forked,fresh,fruit,generally,glabrescent,glabrous,green,green-white,greenish,hair,half,herb,interjected,lanceolate,lateral,leaf,leaflet,light,lobe,long,mm,mucilaginous,narrow,odd-pinnate,ovate,ovoid,pedicel,peduncle,perfect,petiole,petiolulate,plant,purple,ripe,rounded,scabrous,seed,sessile,short,size,sometimes,spot,stigma,stripe,style,subtending,terminal,throughout,tube,usually,wet,white,whitish,wide,wing,winged,x	0-3,1-4,1-7,2-6,3-5,3-6,4-12,5-13,5-14,5-merou,acumen,adaxiall,ag,along,alyx,apart,arranged,articulated,asymmetric,axe,basiscopic,bead,blade,capitat,cell,connivent,covering,decreasing,digestion,dorsally,eaf,edge,eed,enzyme,erec,exceeding,flat,folded,geminat,glabrescen,glabrou,hair-like,hal,high,homostylous,honeycomb-shaped,larger,lengthening,like,living,lower,make,moniliform,multiple,necklace,nflorescence,occasionally,orbicular,orolla,pair,pentagonal,plurifoliate,pore,poricidal,present,removed,rotate,ruit,scabrou,seudostipule,side,slightly,slit,spaced,specimen,stamen,stolon,straight,subequal,tall,tamen,tem,testal,thick,tip,tissue,toward,tri-,tuber,typically,unit,vary,wall,yellow,ympodial	appearance,arrangement,bark,border,branch,calyx,capitate,cayx,characteristic,colour,corrugation,exertion,form,fruiting,giving,glabrousnes,growth,height,history,inflorescence,length,life,lobing,margin,midpoint,na,new,number,ovary,per,prickle,primary,pseudostipule,ray,shape,stem,surface,texture,thicknes,type,variation,vein,width	0-2,0-2.5,0.4-5.1,0.5-1.5,1-10,1-2,1.2-1.7,1.2-1.9,1.4-6.9,10-60,14-46,2-9.4,2.1-15.3,2.1-4.3,2.2-12.9,3-10,3-8,3.5-13.6,4-8,4.4-29,4.9-31,abaxially,acuminate,acute,adaxially,apparently,attenuate,axillary,brownish,bud,clavate,cm,coloration,condition,coriaceous,deep,distal,drying,elliptic,flower,forked,fresh,generally,glabrescent,glabrous,green,green-white,greenish,hair,half,herb,lanceolate,light,long,mm,mucilaginous,narrow,odd-pinnate,ovate,ovoid,perfect,petiolulate,plant,purple,ripe,rounded,scabrous,sessile,short,sometimes,spot,stripe,subtending,terminal,throughout,usually,wet,white,whitish,wide,wing,winged,x	capitate,na
104	wfo-0001027019	success	142	121	83	90	52	31	80	3	.5,/4,0-0.5,0.5-1,1-1.5,1.5-2,1.5-3,10,10-40-flowered,12-30,2-3,2-8,7-14,abaxially,acute,adaxially,along,anther,apex,apparent,attenuate,bark,base,berry,branched,bright,calyx,capitate,cm,constriction,corolla,cyathiform,densely,dia,ellipsoid,even,exserted,filament,flattened,fruiting,glabrate,glabrous,globose,golden,green,inflorescence,later,leaf,like,live,lobed,long,midrib,minutely,mm,obovate,older,onto,opposite,ovary,ovoid-reniform,pale,papillose,pedicel,petiole,pitted,plant,pubescent,shaped,shrub,small,somewhat,stem,stigma,straight,strongly,style,surface,tan,tapering,tear-drop,tree,trichome,tube,way,white,wing,winged,x,young	1-2,1/2,2-5,4-5,4-8.5,abaxial,abruptly,anthesi,ba,deflexed,deltoid,difoliate,distal,eaf,edicel,eed,elliptic,erect,fleshy,free,geminat,inflorescenc,largely,lobe,lon,lower,major,minor,narrowed,nflorescence,overlapping,papillo,planar,pore,poricidal,portion,reddish-brow,rest,ruit,scar,spaced,sparsely,tall,third,tip,tub,ud,unit,waxy,widest,woody,ympodial	alternate,arrangement,branch,bud,characteristic,colour,corrugation,diameter,drying,exertion,form,fruit,glabrousnes,growth,height,history,length,life,lobing,margin,na,new,peduncle,primary,reddish-brown,seed,shape,size,texture,type,vein	.5,/4,0-0.5,0.5-1,1-1.5,1.5-2,1.5-3,10,10-40-flowered,12-30,2-3,2-8,7-14,abaxially,acute,adaxially,along,apparent,attenuate,bark,base,berry,branched,bright,calyx,capitate,cm,constriction,cyathiform,densely,dia,ellipsoid,even,exserted,flattened,glabrate,glabrous,globose,golden,green,later,leaf,like,live,lobed,long,midrib,minutely,mm,obovate,older,onto,opposite,ovary,ovoid-reniform,pale,papillose,petiole,pitted,plant,pubescent,shaped,shrub,small,somewhat,stem,straight,strongly,tan,tapering,tear-drop,tree,trichome,tube,way,white,wing,winged,x,young	alternate,na,reddish-brown
105	wfo-0001027030	success	228	196	146	161	67	35	143	3	-15,.5,0-4,0.2,0.2-0.3,0.3-0.4-1.5,0.5-0.6-1.8,0.5-1,0.5-1-3.4,0.6-0.7,0.6-0.8,0.7-1,0.8-0.9,0.8-1,1,1-1.3,1-2-4-11,1-3,1.2-1.6,1.5-2-4.8,1.6-2,2-6,2-7,2-foliate,2-locular,2.2-3.2,3-4-celled,3-8,4-celled,5-12,8-celled,abaxial,abaxially,abundant,acute,adpressed,anther,anthesi,apex,appearance,articulated,axi,basal,base,basiscopically,beneath,berry,bract,branched,bright,brown,calyx,capitate,cell,cm,conical,corolla,crenate,crenation,dark,darker,decurrent,deeper,deeply,densely,denser,diameter,distal,due,eglandular,elliptic,entire,evenly,exserted,filament,flower,fruit,fruiting,giving,gland,glandular,globose,grayish,green,hair-like,half,halfway,herb,imparipinnate,inflorescence,interjected,internode,interrupted,interspersed,lamina,lanceolate,lateral,leaflet,less,like,lobe,long,longer,margin,minutely,mm,multicellular,narrowly,near,node,oblique,obovate,occasionally,often,outgrowth,ovary,pale,paler,papillate,pedicel,peduncle,perennial,petiole,primary,pseudostipule,pubescence,pubescent,robust,rotate-stellate,silky,similar,simple,size,small,soft,sometimes,sparsely,spread,stem,stigma,stripe,style,surface,terminal,testa,thick,tiny,trichome,truncate,tube,unicellular,uniseriate,unit,vein,velvety,wall,white,wide,woody,yellow,young	.2,0.05-0.1,0.1-0.7,0.1-0.9,0.15-0.2,0.2-1,0.3-0.5,0.3-0.7,0.4-0.5,0.4-0.8,0.5,0.5-0.7,0.5-0.8,0.9-1.1,1-1.2,2-3,2-3-9,absent,acuminate,adaxially,angled,apical,appendage,articulation,beyond,column,crenat,diamete,eaf,edicel,eed,extremely,gree,growt,hal,investing,irregularly,larger,lon,loosely,lower,nflorescence,pair,petiolule,present,reflexed,ruit,secondary,sessile,slender,slightly,smaller,somewhat,spreadin,spreading,staminal,sterile,straight,tall,tem,tertiary,trailing,ud,usually,weak,winged,ympodial	arrangement,bark,border,branch,bud,characteristic,colour,corrugation,drying,exertion,form,glabrousnes,growth,height,history,leaf,length,life,lobing,midpoint,na,new,number,per,plant,prickle,ray,seed,shape,sympodial,texture,thicknes,type,variation,width	-15,.5,0-4,0.2,0.2-0.3,0.3-0.4-1.5,0.5-0.6-1.8,0.5-1,0.5-1-3.4,0.6-0.7,0.6-0.8,0.7-1,0.8-0.9,0.8-1,1,1-1.3,1-2-4-11,1-3,1.2-1.6,1.5-2-4.8,1.6-2,2-6,2-7,2-foliate,2-locular,2.2-3.2,3-4-celled,3-8,4-celled,5-12,8-celled,abaxial,abaxially,abundant,acute,adpressed,anthesi,apex,appearance,articulated,axi,basal,base,basiscopically,beneath,berry,bract,branched,bright,brown,calyx,capitate,cell,cm,conical,crenate,crenation,dark,darker,decurrent,deeper,deeply,densely,denser,diameter,distal,due,eglandular,elliptic,entire,evenly,exserted,flower,giving,gland,glandular,globose,grayish,green,hair-like,half,halfway,herb,imparipinnate,inflorescence,internode,interrupted,interspersed,lamina,lanceolate,lateral,leaflet,less,like,lobe,long,longer,minutely,mm,multicellular,narrowly,near,node,oblique,obovate,occasionally,often,outgrowth,pale,paler,papillate,perennial,pubescence,pubescent,robust,rotate-stellate,silky,similar,simple,small,soft,sometimes,sparsely,spread,stem,stripe,surface,testa,thick,tiny,trichome,truncate,unicellular,uniseriate,unit,vein,velvety,wall,white,wide,woody,yellow,young	growth,na,sympodial
106	wfo-0001027035	success	199	131	68	89	110	42	65	3	0-36,0.1-0.9,0.3-2.3,0.4-12.8,0.5-3.4,0.5-7,0.8-4.2,0.9-3.1,1-2,1-3.4,1-8,1.5-5.9,1.7-8,1.8-5.2,10-80,2.8-10.3,3-10,4.9-23.5,acuminate,acute,anther,apex,attenuate,base,blue,brownish,bud,cell,clavate,cm,completely,condition,connivent,corolla,covering,deep,diameter,distal,drying,elliptic,filament,fresh,fruit,glabrescent,glabrous,globose,green,greenish,hair,hair-like,herb,interjected,lanceolate,lateral,leaf,leaflet,light,lilac,lobe,long,medium,mm,odd-pinnate,ovate,ovoid,pedicel,peduncle,petiole,petiolulate,plant,rounded,seed,sessile,shape,short,size,stigma,style,subglabrous,terminal,testal,thick,tube,variable,wall,white,whitish,wide,x	0-7,0.5-5,0.8-3,1-3,2-38,2-7,3-5,4-18,4-18.5,5-merou,abaxially,acumen,adaxiall,adaxially,ag,along,alyx,apart,apparently,arranged,articulated,asymmetric,axe,axillary,basiscopic,bead,blade,capitat,coloration,decreasing,digestion,dorsally,eaf,edge,eed,enzyme,erec,exceeding,flat,flower,folded,forked,geminat,generally,glabrescen,glabrou,green-white,hal,half,high,homostylous,honeycomb,larger,lengthening,like,living,lower,make,moniliform,mucilaginous,multiple,necklace,nflorescence,orbicular,orolla,pair,pentagonal,perfect,plurifoliate,pore,poricidal,present,purple,removed,ripe,rotate,ruit,second,seudostipule,shaped,side,slightly,slit,smaller,sometimes,spaced,specimen,stamen,stolon,straight,stripe,subequal,subtending,tall,tamen,tem,throughout,tip,tissue,toward,tri-,tuber,typically,unit,unwinged,usually,vary,wet,yellow,ympodial	appearance,arrangement,bark,border,branch,calyx,capitate,characteristic,colour,corrugation,erect,exertion,form,fruiting,giving,glabrousnes,growth,height,history,inflorescence,length,life,lobing,margin,midpoint,na,new,number,ovary,per,prickle,primary,pseudostipule,ray,stem,surface,texture,thicknes,type,variation,vein,width	0-36,0.1-0.9,0.3-2.3,0.4-12.8,0.5-3.4,0.5-7,0.8-4.2,0.9-3.1,1-2,1-3.4,1-8,1.5-5.9,1.7-8,1.8-5.2,10-80,2.8-10.3,3-10,4.9-23.5,acuminate,acute,attenuate,blue,brownish,cell,clavate,cm,completely,condition,connivent,covering,deep,drying,elliptic,fresh,glabrescent,glabrous,globose,green,greenish,hair,hair-like,herb,lanceolate,lateral,light,lilac,long,medium,mm,odd-pinnate,ovate,ovoid,petiolulate,rounded,sessile,short,subglabrous,testal,thick,variable,wall,white,whitish,wide,x	capitate,erect,na
107	wfo-0001027050	success	244	163	104	125	119	38	99	5	-12,-9,/3,0-0.2,0.1-0.3,0.3-1.5,0.5-3,0.9-2.1,1-1.5,1-2,1.5-6,10-13.5,2-2.5,2-5,2.5-3,4-20,5-7,5-9,8-26,absent,abundant,acuminate,acute,adult,anther,apex,bark,base,berry,branch,branched,broad-based,broadly,brown,calyx,capitate,chartaceous,cm,coarsely,conical,cordate,cuneate,curved,densely,diameter,distal,distally,drying,elliptic,entire,erect,ferruginous,filament,flattened-reniform,fruit,fruiting,glabrous,glandular-puberulent,green,growth,inflorescence,lanceolate,lateral,leaf,leaf-opposed,length,lobe,lobed,long,margin,markedly,midpoint,minute,minutely,mm,moderately,narrowly,numerous,oblique,obtuse,often,ovate,pale,pedicel,peduncle,per,petiole,plant,present,prickle,pubescent,ray,ripe,rounded,scattered,several,shallowly,shiny,shrub,slightly,small,spherical,stellate-pubescent,stem,stigma,straight,style,surface,terete,thicker,time,toothed,tree,triangular,truncate,tube,unbranched,usually,way,white,wide,woody,yellow,yellowish-green,younger	.2,.5,0-3,0.1-3,0.2-0.5,0.2-1,0.8,1,1.5-2,12-15,15-50+,2-3,2-4,2-8,3-5,4-8,5,5-10,5-6,5-merous,50,6-8,7-30+,abaxial,abaxially,absen,adaxial,adaxiall,alyx,andromonoeciou,apar,arme,articulated,axe,basal,blade,broad,brow,closely,connivent,deeply,difoliate,directed,distall,eaf,eed,eglandular,equal,erec,except,flattened,flower,free,geminat,hair,half,heterostylous,infructescence,inside,interpetalar,juicy,juvenile,larger,least,less,like,long-styled,longer,lower,mature,mid-way,midrib,midvein,moist,mucilaginous,multiseriate,near,nflorescence,occasionally,older,orolla,oung,ovate-lanceolate,papillat,pericarp,pore,poricidal,porrect,portion,pricklier,prickly,rest,ruit,scar,secondary,sessile,short-stalked,short-styled,shorter,side,somewhat,spaced,sparsely,stalk,stalked,stellate,tall,tamen,tip,tissue,touching,trichome,unarmed,unit,vary,weakly,whitish,ympodial,young	alternate,appearance,armed,arrangement,border,bud,characteristic,colour,corolla,corrugation,exertion,form,giving,glabrousnes,height,history,interjected,leaflet,life,lobing,na,new,number,ovary,papillate,perennial,primary,pseudostipule,seed,shape,size,terminal,texture,thicknes,type,variation,vein,width	-12,-9,/3,0-0.2,0.1-0.3,0.3-1.5,0.5-3,0.9-2.1,1-1.5,1-2,1.5-6,10-13.5,2-2.5,2-5,2.5-3,4-20,5-7,5-9,8-26,absent,abundant,acuminate,acute,adult,base,berry,branch,branched,broad-based,broadly,brown,capitate,chartaceous,cm,coarsely,conical,cordate,cuneate,curved,densely,diameter,distally,drying,elliptic,entire,erect,ferruginous,flattened-reniform,glabrous,glandular-puberulent,green,growth,lanceolate,lateral,leaf-opposed,lobed,long,markedly,minute,minutely,mm,moderately,narrowly,numerous,oblique,obtuse,often,ovate,pale,present,pubescent,ripe,rounded,scattered,several,shallowly,shiny,shrub,slightly,small,spherical,stellate-pubescent,straight,terete,thicker,time,toothed,tree,triangular,truncate,unbranched,usually,way,white,wide,woody,yellow,yellowish-green,younger	alternate,armed,na,papillate,perennial
108	wfo-0001027050	success	234	135	98	112	122	23	95	3	0-0.2,0.5-1,0.5-3,1-1.5,1-2,1.5-2,1.5-6,10-13.5,11-21,14-20,2-10,2-2.5,2-3,2-4,2-5,2-8,2.5-3,3-15,3-5,5-10,5-9,6-8,absent,abundant,acuminate,acute,adult,anther,apex,base,branched,broad-based,broadly,brown,calyx,chartaceous,cm,coarsely,connivent,cordate,cuneate,curved,densely,diameter,drying,elliptic,entire,extra-axillary,ferruginous,filament,flattened,flower,forked,fruit,glabrous,glandular-puberulent,globose,green,growth,hair,inflorescence,lanceolate,lateral,leaf,leaf-opposed,length,like,lobed,long,margin,midpoint,minutely,mm,moderately,oblique,obtuse,often,ovate,pale,pedicel,peduncle,petiole,pitted,plant,present,prickle,ray,rounded,scattered,shallowly,shrub,simple,small,somewhat,sparsely,stellate-pubescent,stem,stigma,straight,style,surface,toothed,tree,truncate,unbranched,usually,white,whitish,x,yellow,yellowish-green,younger	.2,0-0.5,0-1,0-3,0.1-3,0.2-0.6,0.2-1,0.3-0.6,0.4-1,0.5-0.8,0.8,1-5,10-30,12-15,15-50+,16-40,2-3-locular,2-6,2-foliate,23-40+,4-19,4-40,4-8,5,5-6,5-7,5-merous,7-30+,8-26,8-40+,abaxially,absen,accrescent,across,adaxiall,adaxially,andromonoecious,anvil-shape,apart,armed,articulated,axe,ba,blade,branche,capitat,contiguous,cross-section,cylindrical,deeply,directed,distall,distally,distributed,eaf,eed,eglandular,erect,except,exocarp,fruiting,functional,geminat,half,held,interpetalar,juicy,juvenile,less,lobe,longer,lower,markedly,mature,mesocarp,midvein,minute,moist,mucilaginous,multiseriate,narrowly,nearly,nflorescence,orolla,ovate-lanceolate,pair,per,pinnatifid,placenta,pore,porrect,rachi,ruit,sessile,shorter,side,slightly,spaced,stalk,stalked,stellae,stellate,tal,tamen,tem,thick,thicker,throughout,time,tip,tissue,triangular,tube,unarme,unarmed,unit,upper,upright,vary,weakly,wide,ympodial	abaxial,adaxial,arrangement,branch,capitate,characteristic,colour,corolla,form,glabrousnes,height,history,life,lobing,new,ovary,perennial,seed,shape,size,staman,texture,type	0-0.2,0.5-1,0.5-3,1-1.5,1-2,1.5-2,1.5-6,10-13.5,11-21,14-20,2-10,2-2.5,2-3,2-4,2-5,2-8,2.5-3,3-15,3-5,5-10,5-9,6-8,absent,abundant,acuminate,acute,adult,anther,base,branched,broad-based,broadly,brown,chartaceous,cm,coarsely,connivent,cordate,cuneate,curved,densely,diameter,drying,elliptic,entire,extra-axillary,ferruginous,filament,flattened,flower,forked,fruit,glabrous,glandular-puberulent,globose,green,growth,hair,lanceolate,leaf-opposed,like,lobed,long,minutely,mm,moderately,oblique,obtuse,often,ovate,pale,pitted,present,rounded,scattered,shallowly,shrub,simple,small,somewhat,sparsely,stellate-pubescent,stem,straight,toothed,tree,truncate,unbranched,usually,white,whitish,x,yellow,yellowish-green,younger	branch,capitate,perennial
109	wfo-0001027091	success	142	137	91	93	49	44	86	5	0.8,1-1.6,1.1-1.6,1/2-2/3,2.3-2.9,2.5-3.5,3-8,3-9,30-60,4-10,5-11,8.5-11.5,9-13,across,acute-tipped,along,annual,anther,arcuate,armed,base,beneath,berry,blade,blue,branched,bristly,broadly,brown,calyx,cm,dark,deltoid,densely,dia,dm,extended,few-rayed,fully,glabrous,gland,glandular,green,hair,herb,internodal,lenticular,linear-lanceolate,lobe,long,low,main,mm,narrowly,near,obtuse,oriented,ovate,pedicel,per,petiole,pinnatifid,pinnatisect,prickly,radially,reticulately,ridge,rounded,scattered,sessile,short-stipitate,simple,sometimes,sparsely,spherical,spreadingly,stellae,stellate-pentagonal,stem,strait,suffused,surface,tapering,terete,terminally,tube,twice,undulate,usually,variously,vein,violet,wrinkled	.3,0.7,1.8-2.6,6-10,6-10-flowere,accrescent,alyx,anthesi,campanulate,capitate-glandular,cauline,developing,difoliate,divided,dry,eaf,eed,enveloped,geminat,high,invested,lon,longer,maturity,mostly,nflorescence,occasionally,orolla,ruit,short,slende,somewhat,splitting,ste,tamen,taprooted,tightly,tigma,tub,tyle,unexpande,uniseriate,unit,vary,vestiture,wholly,yello,ympodial,younger	6-10-flowered,alternate,apex,arrangement,bark,branch,bud,characteristic,colour,corolla,corrugation,diameter,drying,exertion,filament,form,fruit,fruiting,glabrousnes,growth,height,history,inflorescence,leaf,length,life,lobing,margin,na,new,number,ovary,peduncle,plant,primary,seed,shape,size,slender,stigma,style,texture,type,unexpanded	0.8,1-1.6,1.1-1.6,1/2-2/3,2.3-2.9,2.5-3.5,3-8,3-9,30-60,4-10,5-11,8.5-11.5,9-13,across,acute-tipped,along,annual,arcuate,armed,base,beneath,berry,blade,blue,branched,bristly,broadly,brown,cm,dark,deltoid,densely,dia,dm,extended,few-rayed,fully,glabrous,gland,glandular,green,hair,herb,internodal,lenticular,linear-lanceolate,lobe,long,low,main,mm,narrowly,near,obtuse,oriented,ovate,per,pinnatifid,pinnatisect,prickly,radially,reticulately,ridge,rounded,scattered,sessile,short-stipitate,simple,sometimes,sparsely,spherical,spreadingly,stellae,stellate-pentagonal,strait,suffused,tapering,terete,terminally,twice,undulate,usually,variously,vein,violet,wrinkled	6-10-flowered,alternate,na,slender,unexpanded
110	wfo-0001027102	success	167	132	71	88	79	44	68	3	.5,0.2-2,0.5,0.5-1,0.5-2,0.5-3,1-1.5,1-2.5,10-20,15,15-35,3,3-12,4-5,<,abaxially,absent,acuman,acuminate,acute,adaxially,almost,anther,apex,appearance,base,broadly,calyx,ciliate,cm,connivent,cuneate,curved,deltate,densely,diameter,elliptic,entire,few-,filament,flattened,flower,forked,fruit,fruiting,giving,glabrous,globose,lanceolate,leaf,leaf-opposed,lobe,long-tapered,margin,mm,moderately,narrowly,oblong,obtuse,orange,ovate,pedicel,peduncle,per,petiole,pubescent,rarely,ripe,rugulose,shrub,simple,size,slender,small,somewhat,stem,stigma,style,subcoriaceous,surface,tip,triangular,truncate,tube,unbranched,white,x,yellow-brown	.5-6,1-2,1-3,1-4,1-6,1.5-2,2-2.5,2-3,3-4,3-5,4-7,5-12,absen,accrescent,adaxial,adaxiall,ag,aggregate,alyx,apart,articulated,axe,ba,blade,broad,cell,channe,chartaceous,congested,corky,cylindrical,differing,difoliate,dimorphic,directed,distally,eaf,eed,free,geminat,hair,ilament,long,longitudinal,m.,major,minor,multiseriate,nflorescence,often,one,opening,orolla,perfect,pore,portion,rachi,roughened,ruit,short,slit,spaced,sparsely,stellate,stone,straight,tal,tem,time,tomentose,truncat,unarme,unit,usually,vary,wide,yellow,ympodial,young	arrangement,border,branch,bud,characteristic,colour,corolla,corrugation,distal,drying,exertion,form,glabrousnes,growth,height,history,inflorescence,interjected,lateral,leaflet,length,life,lobing,midpoint,na,new,number,ovary,perennial,plant,prickle,primary,pseudostipule,ray,seed,shape,terminal,texture,thicknes,type,unarmed,variation,vein,width	.5,0.2-2,0.5,0.5-1,0.5-2,0.5-3,1-1.5,1-2.5,10-20,15,15-35,3,3-12,4-5,<,abaxially,absent,acuman,acuminate,acute,adaxially,almost,apex,broadly,ciliate,cm,connivent,cuneate,curved,deltate,densely,diameter,elliptic,entire,few-,flattened,flower,forked,fruit,glabrous,globose,lanceolate,leaf-opposed,long-tapered,mm,moderately,narrowly,oblong,obtuse,orange,ovate,pubescent,rarely,ripe,rugulose,shrub,simple,slender,small,somewhat,subcoriaceous,tip,triangular,truncate,unbranched,white,x,yellow-brown	na,perennial,unarmed
111	wfo-0001027104	success	141	116	54	64	77	52	51	3	0.15-0.35,0.5-0.8,1-3,1-4,1.2-6,1.5-2.3,1.5-4.2,10-15,2-6,3-5.5,5-15,6-7.5,acuminate,acute,apex,articulate,attenuate,base,branched,calyx,cm,cordate,corolla,cyme,diameter,dichasial,dichasially,distal,ebracteate,filament,finely,globose,green,green-white,herbaceous,honeycomb,lateral,lobe,long,mm,monochasial,mucilaginous,odd-pinnate,ovate,ovoid,pattern,pedicel,peduncle,perennial,petiole,plant,proximal,pubescent,seed,stigma,style,throughout,tone,truncate,tuber-bearing,white,wide,yellow-green,¼	1-1.5,2-3,2.2-5,3-6-foliat,4-15,abaxially,acumen,adaxially,apical,apically,cell,condition,connate,covering,dehiscent,digestion,dorsally,eaf,edge,eed,emoval,enzyme,epiphyti,epiphytic-like,exceeding,flat,flower,folded,forked,generally,globo,growing,hair-like,half,introrse,linear,living,lon,lower,make,maturing,mos,mucronate,narrowly,nflorescence,nther,often,orolla,ovat,perfect,plan,poricidally,rarely,reveal,ruit,seudostipule,short,simple,slit,specimen,stamen,stellate,straight,tall,tem,terrestrial,testal,thick,throughou,typically,unit,vary,viole,wall,without,yellow,ympodial	anther,appearance,arrangement,bark,border,branch,bud,characteristic,colour,corrugation,drying,exertion,form,fruit,fruiting,giving,glabrousnes,growth,height,history,inflorescence,interjected,leaf,leaflet,length,life,lobing,margin,midpoint,na,new,number,ovary,per,prickle,primary,pseudostipule,ray,shape,size,stem,surface,terminal,texture,thicknes,tube,type,variation,vein,violet,wet,width	0.15-0.35,0.5-0.8,1-3,1-4,1.2-6,1.5-2.3,1.5-4.2,10-15,2-6,3-5.5,5-15,6-7.5,acuminate,acute,articulate,attenuate,base,branched,cm,cordate,cyme,diameter,dichasial,dichasially,distal,ebracteate,finely,globose,green,green-white,herbaceous,honeycomb,long,mm,monochasial,mucilaginous,odd-pinnate,ovate,ovoid,pattern,perennial,proximal,pubescent,throughout,tone,truncate,tuber-bearing,white,wide,yellow-green,¼	na,violet,wet
112	wfo-0001027114	success	152	109	68	81	71	28	65	3	-17,.5,1-1.1-2,1-1.2,1.5-1.7,1/2,13-21-30,2-3,20-40,3-4,3-7,6-8,6-9,7-9,acute,anther,apex,appearing,bark,base,berry,branched,calyx,capitate,cm,conical,corolla,dark,dendritic,densely,dia,drying,elliptic,exserted,filament,flattened-reniform,flowered,fruiting,glabrous,globose,green,halfway,inflorescence,lateral,leaf,lobed,long,main,many,margin,minutely,mm,opposite,ovary,pair,pedicel,petiole,pitted,poricidal,pubescent,reddish,reddish-brown,shoot-terminal,shrub,size,soft,stem,stigma,style,surface,tapering,thickened,time,tip,trichome,tube,vein,way,white,wide,yellowish	0.5-1,1-1.5,1-2,1.5-2,2-2.5,5,7-10,abaxial,abaxially,adaxially,along,alternating,anthesi,apar,axillary,ba,bushy,closely,commonly,deltate,differing,difoliate,due,eaf,edicel,eed,erect,free,geminate,glabrou,growt,inflorescenc,investing,lamina,like,lobe,lon,lower,major,minor,minute,nflorescence,occasionally,older,opening,papillo,planar,plurifoliate,pore,portion,projection,rapid,rest,ruit,scar,scattered,several,shoot,simple,slit,spaced,tall,triangular,tub,ud,unevenly,uniseriate,unit,woody,ympodial,young	alternate,arrangement,branch,bud,characteristic,colour,corrugation,diameter,exertion,form,fruit,glabrousnes,growth,height,history,length,life,lobing,na,new,peduncle,perennial,plant,primary,seed,shape,texture,type	-17,.5,1-1.1-2,1-1.2,1.5-1.7,1/2,13-21-30,2-3,20-40,3-4,3-7,6-8,6-9,7-9,acute,appearing,base,berry,branched,calyx,capitate,cm,conical,dark,dendritic,densely,dia,elliptic,exserted,flattened-reniform,flowered,glabrous,globose,green,halfway,lateral,leaf,lobed,long,main,many,margin,minutely,mm,opposite,pair,pitted,poricidal,pubescent,reddish,reddish-brown,shoot-terminal,shrub,soft,tapering,thickened,time,tip,trichome,tube,vein,way,white,wide,yellowish	alternate,na,perennial
113	wfo-0001027117	success	229	153	113	127	102	26	111	2	-11,-12,.5,/3,0-10,0-20,0-25,0-40,0-5,0.1-0.7,0.5,0.5-1.5,0.6-0.9,0.7-1.3,0.7-1.5,0.8-1.5-6.5,1-2,1-6,1.5-2.3,1.5-5-14,1.7-2.5,1/3,2-3,2-8,2.3-2.8,3-6,4-6.5,4-7,4-8,4.5-8,5-11,acicular,acute,almost,anther,apart,apex,apparently,articulated,attenuate,bark,base,berry,black,branched,brown,calyx,cell,chartaceous,cm,concolorous,cordate,dark,deltate,densely,diameter,discolorous,drying,erect,evenly,filament,fine,flattened-reniform,fruit,glabrous,green,herb,lateral,leaf,length,less,lobe,lobed,long,lower,margin,maturity,mauve,mm,narrow-deltate,narrow-elliptic,narrow-lanceolate,oblong,outline,ovate,pair,pale,pedicel,peduncle,per,perpendicular,petiole,pit,poricidal,prickle,prickly,primary,raised,red-brown,reflexed,rounded,shallowly,shiny,side,small,smooth,sometimes,spaced,sparsely,spherical,stellate-pubescent,stem,straight,style,surface,tapering,tip,trichome,tube,upper,vein,way,weakly,wide,yellow,yellow-green,young	-2.8,0-15,0.1,0.1-0.2-0.45,0.15-0.25,0.15-0.35,0.2,0.7-0.9-1.5,1-4,1.2,1.8-2.5,1/,1/4-3/4,1/8-1/2,10-20,2-6,25-100,3-10,3-15,4.5-6.5,5-merous,6-10,6-9,7-8,abaxially,accrescent,alyx,ame,apar,apically,beyond,blade,brittle,c.,connivent,curved,distance,eaf,eed,elongating,enclosing,extending,fifth,flower,four,free,fruiting,gently,glabrescent,gra,herbarium,infructescence,irregularly,lon,long-acuminat,longer,mature,membranous,midpoint,midvein,moderately,nflorescence,obovate,older,one,open,orolla,oung,pendulous,perfec,pericarp,plurifoliat,porrect,portion,prickl,ray,reduced,ruit,scar,sessile,shorter,specimen,spreading,stalk,stalked,staman,stellate,tamen,tearing,terete,tertiary,time,tissue,translucent,unequal,unit,variously,vary,venation,visible,woody,ympodial	arrangement,branch,characteristic,colour,corolla,exertion,form,glabrousnes,gray,growth,height,history,inflorescence,life,lobing,new,number,ovary,perennial,plant,seed,shape,size,texture,type,width	-11,-12,.5,/3,0-10,0-20,0-25,0-40,0-5,0.1-0.7,0.5,0.5-1.5,0.6-0.9,0.7-1.3,0.7-1.5,0.8-1.5-6.5,1-2,1-6,1.5-2.3,1.5-5-14,1.7-2.5,1/3,2-3,2-8,2.3-2.8,3-6,4-6.5,4-7,4-8,4.5-8,5-11,acicular,acute,almost,apart,apparently,articulated,attenuate,base,berry,black,branched,brown,cell,chartaceous,cm,concolorous,cordate,dark,deltate,densely,diameter,discolorous,drying,erect,evenly,fine,flattened-reniform,glabrous,green,herb,lateral,less,lobe,lobed,long,lower,maturity,mauve,mm,narrow-deltate,narrow-elliptic,narrow-lanceolate,oblong,outline,ovate,pair,pale,per,perpendicular,pit,poricidal,prickle,prickly,raised,red-brown,reflexed,rounded,shallowly,shiny,side,small,smooth,sometimes,spaced,sparsely,spherical,stellate-pubescent,stem,straight,surface,tapering,tip,trichome,upper,way,weakly,wide,yellow,yellow-green,young	gray,perennial
114	wfo-0001027123	success	180	125	82	98	82	27	79	3	-10,.3,0.5,0.7-3.5,0.8-1.3,1,1-1.2,1.5-2,2-2.2,2-2.5,2-2.6,2-3,2-5.5,2-lobed,2.5-10.4,2.5-6,3-4,4-5,4-6,5-10,5-6,acute,anther,apex,attenuate,bark,base,branched,brown,calyx,clavate,cm,commonly,completely,conical,corolla,cup-shaped,dark,darker,diameter,drying,elliptic,exerted,filament,flattened,fruiting,glabrous,globose,inflorescence,lamina,leaf,less,long,loose,loosely,margin,mauve-purple,minutely,mm,narrowly,ovary,pair,papillate,pedicel,peduncle,petiole,pitted,primary,pubescent,reddish,reniform,revolute,scattered,shining,shiny,simple,sometimes,soon,sparsely,stellate,stem,stigma,stoutish,strongly,style,subshrub,surface,terminal,time,trichome,tube,vein,violet,way,white,x,young,¾	.5,0.3-1.6cm,0.5-0.8,0.9-1.3,1-1.5,2.5-4,3-15-20,abaxial,adaxial,adaxially,along,anthesi,appearing,axe,axi,bright,broadly,campanulate,cell,constricted,coriaceous,deltate,dendritic,densely,denser,eaf,edge,eed,enlarged,erect,fide,flower,free,glandular,green,inserted,lax,lewi,like,lobe,lobed,lon,lower,midvein,minute,monopodia,nflorescence,nodding,older,outline,papillae,perfect,perhaps,petal,planar,plurifoliate,portion,prominent,scar,scatted,shin,shinin,short,sinuate,sleeve,slightly,spaced,straight,testal,thick,tip,trailing,tub,turned,ud,unit,upper,usually,warty,widely,wood,ympodial	0.3-1.6,arrangement,branch,bud,characteristic,colour,corrugation,exertion,form,fruit,glabrousnes,growth,height,history,length,life,lobing,na,new,number,per,plant,seed,shape,size,texture,type	-10,.3,0.5,0.7-3.5,0.8-1.3,1,1-1.2,1.5-2,2-2.2,2-2.5,2-2.6,2-3,2-5.5,2-lobed,2.5-10.4,2.5-6,3-4,4-5,4-6,5-10,5-6,acute,apex,attenuate,base,branched,brown,calyx,clavate,cm,commonly,completely,conical,cup-shaped,dark,darker,diameter,elliptic,exerted,flattened,glabrous,globose,lamina,less,long,loose,loosely,mauve-purple,minutely,mm,narrowly,pair,papillate,pitted,pubescent,reddish,reniform,revolute,scattered,shining,shiny,simple,sometimes,soon,sparsely,stellate,stoutish,strongly,subshrub,terminal,time,trichome,tube,violet,way,white,x,young,¾	0.3-1.6,na,seed
115	wfo-0001027146	success	213	156	101	117	96	39	99	2	0-11,0.3-2.2,0.5-3.2,0.7-2.4,0.8,0.8-5.8,1-2,1-2.5,1-9.5,1.9-10,10,13-36,2-12.2,2-13,2-4.2,3.3-6.1,3.5-22,4-11,4-12.5,4-38,4-8,6,6-10,6.5-52,abaxially,acuminate,adaxially,anther,apex,attenuate,axillary,base,berry,brownish,bud,cell,clavate,cm,coarsely,condition,conical,corolla,covering,dark,deep,diameter,distal,drying,elliptic,filament,finely,flower,forked,fresh,fruit,generally,glabrous,green,green-white,greenish,hair,hair-like,half,herb,interjected,lanceolate,lateral,leaf,leaflet,like,lobe,long,make,margin,medium,minute,mm,mottled,mucilaginous,odd-pinnate,ovate,ovoid,pedicel,peduncle,petiole,petiolule,plant,puberulent,pubescent,purple,ray,ripe,seed,simple,size,stem,stigma,style,subglabrous,subsessile,subtending,terminal,testal,thick,throughout,tinged,tube,unwinged,usually,violet,wall,wet,white,whitish,wide,wing,x	0.6-3.3,0.8-3.1,1-10,2-5,5-merou,6-17.5,acumen,ag,along,alyx,apart,apparently,arranged,articulated,asymmetrical,axe,basiscopic,bead,blade,capitat,chartaceous,ciliate,commonly,connivent,darker,decreasing,digestion,dorsally,eaf,edge,eed,enzyme,erec,especially,exceeding,flat,folded,fourt,fourth,geminat,glabrou,gradually,homostylous,honeycomb-shaped,lengthening,living,lower,membranous,midrib,minutely,moniliform,multiple,necklace,nflorescence,orbicular,orolla,pair,pentagonal,perfect,plurifoliate,pore,poricidal,proximal,rarely,removed,rotate,ruit,secondary,semierect,sessile,seudostipule,side,slit,sometimes,spaced,specimen,stamen,ste,stolon,straight,subequal,subglabrou,symmetrical,tall,tamen,tem,tip,tissue,toward,tri-,tuber,typically,unit,vary,yellow,ympodial	appearance,arrangement,bark,border,branch,calyx,capitate,characteristic,colour,corrugation,exertion,form,fruiting,giving,glabrousnes,growth,height,history,inflorescence,length,life,lobing,midpoint,na,new,number,ovary,per,prickle,primary,pseudostipule,shape,surface,texture,thicknes,type,variation,vein,width	0-11,0.3-2.2,0.5-3.2,0.7-2.4,0.8,0.8-5.8,1-2,1-2.5,1-9.5,1.9-10,10,13-36,2-12.2,2-13,2-4.2,3.3-6.1,3.5-22,4-11,4-12.5,4-38,4-8,6,6-10,6.5-52,abaxially,acuminate,adaxially,attenuate,axillary,berry,brownish,bud,cell,clavate,cm,coarsely,condition,conical,covering,dark,deep,distal,drying,elliptic,finely,flower,forked,fresh,generally,glabrous,green,green-white,greenish,hair,hair-like,half,herb,lanceolate,lateral,like,lobe,long,make,medium,minute,mm,mottled,mucilaginous,odd-pinnate,ovate,ovoid,petiolule,plant,puberulent,pubescent,purple,ripe,seed,simple,stem,subglabrous,subsessile,subtending,terminal,testal,thick,throughout,tinged,tube,unwinged,usually,violet,wall,wet,white,whitish,wide,wing,x	capitate,na
116	wfo-0001027157	success	207	151	93	110	97	41	90	3	0-3,0.15-0.3,0.7-2,0.9-2.8,1,1-2,1-3,1-3.8,1.5-6.5,10-30,2-2.5,2-3,2.3-4,2.5-3,3.3-7.8,3.8-8.3,4-5,6.5-14.5,9-12,absent,acuminate,acute,anther,apex,articulated,attenuate,axillary,base,berry,brownish,bud,cell,chartaceous,clavate,cm,condition,conical,connivent,cordate,corolla,covering,decurrent,densely,diameter,distal,dorsally,drying,filament,flat,folded,forked,fresh,fruit,generally,glabrous,green,green-white,greenish,hair-like,half,herb,interjected,lanceolate,lateral,leaf,leaflet,lobe,long,make,margin,membranous,mm,mucilaginous,oblique,odd-pinnate,orbicular,ovate,ovoid,pedicel,peduncle,petiole,plant,puberulent,pubescent,ripe,rounded,seed,size,slightly,sometimes,stem,stigma,style,subsessile,subtending,terminal,testal,thick,throughout,tinged,tube,unwinged,usually,violet,wall,wet,white,whitish,wide,x	1-10,1-6,2,2-15,2-5,3-12,3-7,5-merou,abaxially,acumen,adaxially,ag,along,alyx,among,apart,apparently,axe,blade,broadly,capitat,ciliate,cuneate,decreasing,deeply,digestion,eaf,edge,eed,elliptic,end,enzyme,erec,especially,exceeding,flower,geminat,glabrou,grassland,greatly,hair,homostylous,honeycomb-shaped,lengthening,like,living,low-growing,lower,markedly,middl,midrib,minutely,narrowly,nflorescence,obtuse,one,orolla,pair,perfect,petiolulate,petiolule,placed,plurifoliate,pore,poricidal,rarely,removed,ruit,semi-rosette,sessile,seudostipule,shady,short,situation,slit,spaced,specimen,stamen,ste,stellate,stolo,straight,sunny,tall,tamen,tem,tip,toward,tri-,tuber,typically,unequal,unit,vary,woodland,yellow,ympodial	appearance,arrangement,bark,border,branch,calyx,capitate,characteristic,colour,corrugation,exertion,form,fruiting,giving,glabrousnes,growth,height,history,inflorescence,length,life,lobing,middle,midpoint,na,new,number,ovary,per,prickle,primary,pseudostipule,ray,shape,surface,texture,thicknes,type,variation,vein,width	0-3,0.15-0.3,0.7-2,0.9-2.8,1,1-2,1-3,1-3.8,1.5-6.5,10-30,2-2.5,2-3,2.3-4,2.5-3,3.3-7.8,3.8-8.3,4-5,6.5-14.5,9-12,absent,acuminate,acute,articulated,attenuate,axillary,berry,brownish,bud,cell,chartaceous,clavate,cm,condition,conical,connivent,cordate,covering,decurrent,densely,distal,dorsally,drying,flat,folded,forked,fresh,generally,glabrous,green,green-white,greenish,hair-like,half,herb,lanceolate,lateral,long,make,membranous,mm,mucilaginous,oblique,odd-pinnate,orbicular,ovate,ovoid,plant,puberulent,pubescent,ripe,rounded,seed,slightly,sometimes,subsessile,subtending,terminal,testal,thick,throughout,tinged,unwinged,usually,violet,wall,wet,white,whitish,wide,x	capitate,middle,na
117	wfo-0001027184	success	218	154	95	106	112	48	84	11	.3,.5,.7,0.2-0.4,0.4-2,0.8,1-2,1.5-5,19,2,4,5,absent,acute,along,anther,apex,axi,axillary,base,blue,borne,bract-like,branch,brown,calyx,cm,connivent,covered,diameter,entire,epidermal,extension,filament,flattened,fleshy,flower,fruit,fruiting,glabrescent,glabrous,globose,hairlike,half,herbaceous,imparipinnate,lanceolate,lateral,leaf,leaflet,leafy,least,light,lobe,long,lower,margin,membranous,meter,midrib,mm,oblong,obtuse,older,orange,pedicel,peduncle,per,petiole,pilose,prominently,pseudostipule,pubescent,raised,red,reticulate,revolute,ripe,several,shape,shoot,short,size,slightly,small,soft-woody,somewhat,sparsely,stem,stigma,style,sulcate,surface,terminal,tertiary,truncate,tube,unbranched,unequal,vein,vine,wall,white,x,yellow,young	.8,0-0.2,0-0.5-2,0.4–0.9,0.8–1.6,0–3,1.5,1.8–3.5,13–18,1–2,1–2.5,1–4,2.8–4.1,2–4-celled,3-4-,3-foliolate,3.5–8,3–,3–4-celled,4–12,5-7,7,9,abaxially,accrescent,adaxiall,adaxially,adventitious,ag,always,alyx,apart,appressed,articulated,axe,ba,basal,blade,broad,broadly,cell,chartaceous,clavat,cluster,cordat,cylindrical,densely,directed,eaf,eed,elliptic,especially,fasciculate,foliaceous,free,geminat,generally,glabrou,grading,hair,ilament,introrsely,larger,largest,less,like,longitudinal,m.,minutely,mostly,much,narrowly,nearly,nflorescence,node,often,opening,opposite,orolla,ovate,ower,petiolule,plurifoliate,pore,portion,prominent,puberulent,rachi,rarely,root,ruit,scarcely,secondary,simple,slit,spaced,stellate,straight,subopposite,tightly,tip,tree,trunk,unarme,uniform,unit,usually,vary,visible,weak,ympodial,–9	0.8-1.6,1-2.5,1-4,1.8-3.5,13-18,2.8-4.1,3.5-8,4-12,appearance,arrangement,bark,border,bud,characteristic,clavate,colour,corolla,corrugation,distal,drying,exertion,form,giving,glabrousnes,growth,height,history,inflorescence,interjected,length,life,lobing,midpoint,na,new,number,ovary,plant,prickle,primary,ray,seed,texture,thicknes,type,unarmed,variation,width	.3,.5,.7,0.2-0.4,0.4-2,0.8,1-2,1.5-5,19,2,4,5,absent,acute,along,apex,axi,axillary,blue,borne,bract-like,brown,cm,connivent,covered,diameter,entire,epidermal,extension,flattened,fleshy,flower,fruit,glabrescent,glabrous,globose,hairlike,half,herbaceous,imparipinnate,lanceolate,leaf,leafy,least,light,long,lower,membranous,meter,midrib,mm,oblong,obtuse,older,orange,pilose,prominently,pubescent,raised,red,reticulate,revolute,ripe,several,shoot,short,slightly,small,soft-woody,somewhat,sparsely,sulcate,surface,tertiary,truncate,unbranched,unequal,vein,vine,wall,white,x,yellow,young	0.8-1.6,1-2.5,1-4,1.8-3.5,13-18,2.8-4.1,3.5-8,4-12,clavate,na,unarmed
118	wfo-0001027186	success	168	121	82	100	68	21	81	1	.4,.5,0.5-1,1-1.5,1-2.5,1.4-1.6,1.5,1.5-2,1.6-5,15,2-6,2-lobed,2.5-3,4-15,5-10,6-7,9-10,?,acute,adaxially,anther,apex,attenuate,bark,base,berry,branch,broadly,brown,calyx,clavate,cm,conical,corolla,dark,dendritic,diameter,ellipsoid,elliptic,entire,exerted,filament,filiform,fruit,fruiting,glabrescent,glabrous,globose,golden,green,growth,immature,less,longer,loose,margin,maturity,minutely,mm,much,narrowly,new,ovary,ovoid,pair,pale,pedicel,peduncle,petiole,pitted,pointed,poridical,primary,pubescent,reddish,reniform,seed,shiny,simple,slightly,soon,sparsely,spreading,stem,stigma,strongly,style,surface,terminal,tip,tree,treelet,trichome,tube,uniseriate,vein,way,white,x,yellow	-6,1.5-2.5,3-4,3.5-4,30-40,4-9,abaxial,abaxially,age,always,anthesi,apart,apparently,axil,branched,dbh,deflexed,deltate,denditic,densely,denser,dry,eaf,enlarging,flower,free,incrassat,irregularly,keeled,lamina,lengthening,like,lobe,lobed,lower,m.,midrib,nflorescence,occasionally,papillat,papillate,pendent,perfect,pericarp,planar,plane,plurifoliat,pore,portion,pubescen,rachi,rough,ruit,scar,scattered,short,slit,small,spaced,stalk,straight,time,tub,ud,unit,variably,woody,ympodial	arrangement,bud,characteristic,colour,drying,exertion,form,glabrousnes,height,history,inflorescence,leaf,length,life,lobing,na,plant,shape,size,texture,type	.4,.5,0.5-1,1-1.5,1-2.5,1.4-1.6,1.5,1.5-2,1.6-5,15,2-6,2-lobed,2.5-3,4-15,5-10,6-7,9-10,?,acute,adaxially,apex,attenuate,base,berry,broadly,brown,calyx,clavate,cm,conical,dark,dendritic,diameter,ellipsoid,elliptic,entire,exerted,filiform,glabrescent,glabrous,globose,golden,green,growth,immature,less,longer,loose,maturity,minutely,mm,much,narrowly,new,ovoid,pair,pale,pitted,pointed,poridical,pubescent,reddish,reniform,shiny,simple,slightly,soon,sparsely,spreading,strongly,terminal,tip,tree,treelet,trichome,tube,uniseriate,way,white,x,yellow	na
119	wfo-0001027198	success	191	156	106	112	79	44	101	5	.4,.5,0.05-1.0,0.8-1,1-1.5,1-10,1.5-10,1.5-2,10-11,11-20,3/4,5-120-flowered,5-6,7.5-9,abruptly,acuminate,acute,anther,apex,attenuate,axil,base,beneath,berry,broadening,bushy,calyx,channeled,clavate,cm,complex,corolla,cyathiform,decurrent,dendritic,dia,elliptic,entire,exserted,extremely,filament,flower,fruiting,furcate,glabrate,glabrous,globose,golden,green,inflorescence,large,lateral,leaf,like,lobe,lobed,long,main,many,margin,medium,minute,minutely,mm,obovate,often,older,opposite,ovary,ovoid,ovoid-reniform,pale,paler,papillose,pedicel,petiole,pitted,plant,puberulent,pubescent,rest,set,shaped,shining,short,shrub,size,slender,slightly,small,soon,speciman,stem,stigma,style,styled,surface,tannish-yellow,tear-drop,time,tree,trichome,tube,two,type,uniseriate,vein,way,white,x,yellowish,young	0.5-0.75,0.5-1,0.7-1,1-5,2-5.5,4-9,always,anthesi,apart,ba,beginning,caly,closely,constriction,corky,corresponding,deltoid,densely,differing,difoliate,dry,eaf,edge,edicel,eed,erect,evenly,eye,female,found,free,geminat,impressed,inflorescenc,invisible,live,lon,lower,major,male,meet,middle,minor,naked,nearly,nflorescence,overlapping,papillo,pendan,planar,pore,poricidal,portion,pubescence,rather,reddi,reflexed,rounded,ruit,scar,sessile,simple,spaced,specimen,straight,strong,tall,testae,thickened,thin,tip,top,ud,undersurface,unit,usually,widest,woody,ympodial	alternate,appearance,arrangement,bark,border,branch,bud,characteristic,colour,corrugation,diameter,distal,drying,exertion,form,fruit,giving,glabrousnes,growth,height,history,interjected,leaflet,length,life,lobing,midpoint,na,new,number,peduncle,per,prickle,primary,pseudostipule,ray,reddish,seed,shape,terminal,texture,thicknes,variation,width	.4,.5,0.05-1.0,0.8-1,1-1.5,1-10,1.5-10,1.5-2,10-11,11-20,3/4,5-120-flowered,5-6,7.5-9,abruptly,acuminate,acute,attenuate,axil,base,beneath,berry,broadening,bushy,calyx,channeled,clavate,cm,complex,cyathiform,decurrent,dendritic,dia,elliptic,entire,exserted,extremely,flower,furcate,glabrate,glabrous,globose,golden,green,inflorescence,large,lateral,leaf,like,lobed,long,main,many,medium,minute,minutely,mm,obovate,often,older,opposite,ovoid,ovoid-reniform,pale,paler,papillose,petiole,pitted,puberulent,pubescent,rest,set,shaped,shining,short,shrub,size,slender,slightly,small,soon,speciman,stem,style,styled,surface,tannish-yellow,tear-drop,time,tree,trichome,tube,two,type,uniseriate,vein,way,white,x,yellowish,young	-1.5,alternate,di,na,reddish
120	wfo-0001027200	success	139	136	78	94	45	42	76	2	0.05-0.25,0.25-0.5,0.5-0.75,0.5-1,0.6-1,0.7-2.5,1-1.4,1.2-1.5,1.5-2,1.5-5,1.6-6,2-3,2.5-3,3-3.5,3.5-6,6-8,8-15,9-11,acute,anther,apex,bark,base,beneath,berry,branch,broadly,brown,calyx,capitate,cm,conical,corolla,dark,decurrent,deeply,deltoid,densely,dia,elliptic,except,filament,flattened,fruiting,giving,glabrous,globose,golden,green,grey-brown,horizontally,inflorescence,lateral,leaf,lobe,lobed,long,main,major,margin,minor,minute,mm,nearly,non-reproductive,onto,ovary,ovoid-reniform,pedicel,petiole,pitted,puberulent,shaped,shrub,size,slightly,small,sparsely,spreading,stem,stigma,style,surface,tear-drop,tree,trichome,tube,unicellular,unifoliate,uniseriate,vein,white,x,yellowish	1-1.5,across,anthesi,aspec,ba,branche,converging,deflexed,differing,eaf,eed,free,geminate,impressed,lightly,like,lon,lower,middle,minutely,near,node,occasionally,older,papillo,papillose,planar,pore,poricidal,portion,prominent,reflexed,rest,ruit,sparse,straight,tall,tip,unit,widened,widest,winged,woody,ympodial,young	appearance,arrangement,aspect,border,bud,characteristic,colour,corrugation,diameter,distal,drying,exertion,form,fruit,glabrousnes,growth,height,history,interjected,leaflet,length,life,lobing,midpoint,na,new,number,peduncle,per,plant,prickle,primary,pseudostipule,ray,seed,shape,terminal,texture,thicknes,type,variation,width	0.05-0.25,0.25-0.5,0.5-0.75,0.5-1,0.6-1,0.7-2.5,1-1.4,1.2-1.5,1.5-2,1.5-5,1.6-6,2-3,2.5-3,3-3.5,3.5-6,6-8,8-15,9-11,acute,base,beneath,berry,branch,broadly,brown,capitate,cm,conical,dark,decurrent,deeply,deltoid,densely,dia,elliptic,except,flattened,giving,glabrous,globose,golden,green,grey-brown,horizontally,lateral,leaf,lobed,long,main,major,minor,minute,mm,nearly,non-reproductive,onto,ovoid-reniform,petiole,pitted,puberulent,shaped,shrub,slightly,small,sparsely,spreading,tear-drop,tree,trichome,unicellular,unifoliate,uniseriate,vein,white,x,yellowish	aspect,na
121	wfo-0001027213	invalid_json	227	112	NA	86	141	26	NA	NA	0-2.5-3.3,0.2-0.4,1-2,1-5,1.1-1.7,1.2-2.5,12.3-16.3-19,2-5,2.5-5.1,4-9.5,5-7.5,5.7-6.2,abaxially,acute,adaxially,anther,anthesi,apex,attenuate,base,blunt-tipped,branch,branched,broadly,brown,cm,conical,corolla,cuneate,dark,deltoid,diameter,early,elliptic,entire,eventually,exserted,filament,flower,fruit,glabrescent,globose,granular,grayish-brown,green,lanceolate,leaf,length,many,margin,mm,moderately,oblanceolate,obovate,orbicular,ovate,ovate-lanceolate,pale,pedicel,peduncle,petiole,pubescent,relatively,reniform,reticulate-punctate,scabrous,short-attenuate,shrub,simple,stem,stigma,style,surface,terete,time,tomentose,tree,unarmed,violet,white,whitish,whitish-green,x,yellow-green,yellow-tan,yellowish	/10,0-160-230,0.2-0.5,0.7-2.3-4.5,0.8-1.8,1.2-1.6,1.2-1.7,1.3-2.2,1.7-3.6,1.7-3.9,1.8-2.8,1.8-3.2,1/2-2/3,10-24,2.4-4.7,2.9-3.8,2.9-4.8,2/3,3.5-5,3.5-8,4.2-5.9,5-8,5-merou,8-24,8.2-10.5,9-13,accrescent,acuminate,ag,along,alyx,apart,apparently,ark,around,articulated,axe,axillary,ba,basal,blade,calyx,capitat,cell,completely,covering,cylindrical,decurrent,directed,distally,drying,eaf,edge,eed,enveloping,epidermal,farinose,few-rayed,free,fruiting,glabrescen,glabrous,group,hair,high,homostylous,immature,inserted,lackin,lateral,lengthening,lobe,lobed,long,long-,long-stalked,longitudinal,lower,m.,main,midrib,mixed,mostly,multangulat,multangulate,nearly,nflorescence,obscured,obtuse,often,older,orolla,partly,perfect,plurifoliate,pore,poricidal,porrect-stellat,porrect-stellate,prominent,pseudo-terminal,pubescence,rachi,rather,ruit,sessile,short,short-,short-stalked,side,slit,sometimes,somewhat,spaced,sparsely,stamen,stellate,subcampanulate,suture,tamen,thick,thick-stalked,thin-stalked,ti,tip,tomentose-pubescent,tomentu,touching,tube,ud,unarme,unit,unwinged,vary,vein,vestigial-rayed,way,wide,yellow,ympodial,young	arrangement,bark,bud,capitate,characteristic,colour,exertion,form,glabrousnes,growth,height,history,inflorescence,life,lobing,new,ovary,perennial,plant,pseudoterminal,seed,shape,size,texture,type,value	NA	NA
122	wfo-0001027214	success	175	131	67	89	86	42	62	5	.5,0,0.5-0.8,0.8-1,1-1.5,1-2.8,1.2-3,1.5-1.8,10-13,10-15-25-38,2,2-9,3-6,6-12,6-12-17-20,7-12,abaxially,absent,adaxially,anther,apex,base,berry,calyx,climbing,cm,conical,conspicuously,corolla,densely,diameter,drying,elliptic,erect,filament,finely,flattened-round,flower,fruit,fruiting,glabrous,globose,green,greenish,height,herb,inflorescence,lateral,leaflet,length,lobe,lobed,long-acuminate,long-conical,margin,minutely,mm,nearly,nodding,oblique,obovate,occasionally,once-branched,open,ovary,pedicel,per,petiole,pinnate,pointed,poricidal,pubescent,rugose,seed,sharply,simple,somewhat,stigma,style,surface,terminal,time,tip,truncate,tube,vein,white,white-lenticellate,x	..,.25,0-16,0.25,0.3-1.5,0.3-1.7,0.5-1,0.7-2,0.7-2.5,1.5,1.5-6,3-4-5-9,5-6,8-9,acuminate,acute,along,anthesi,anticlinal,apical,basal,broadly,capitat,cell,composed,decurrent,deltate,dr.,eaf,edicel,eed,epidermal,exserted,extending,free,groove,grown,horizontal,inflorescenc,irregular,lamina,lanceolate,less,like,lon,long,lower,markedly,midrib,narrowly,nflorescence,noddin,often,onto,opposite,pair,paired,papilla,papillate,perfectly,petiolule,portion,projection,rachi,reflexed,rest,rugosity,ruit,scar,scattered,scrambling,sinuous,smaller,tem,thickening,triangular,trichome,tub,ud,unevenly,unifoliat,uniseriate,unit,whitish,without,ympodial	.0,2.0,appearance,arrangement,bark,border,branch,bud,capitate,characteristic,colour,corrugation,distal,dry,exertion,form,giving,glabrousnes,growth,history,interjected,leaf,life,lobing,midpoint,na,new,number,peduncle,plant,prickle,primary,pseudostipule,ray,shape,size,stem,texture,thicknes,type,variation,width	.5,0,0.5-0.8,0.8-1,1-1.5,1-2.8,1.2-3,1.5-1.8,10-13,10-15-25-38,2,2-9,3-6,6-12,6-12-17-20,7-12,abaxially,absent,adaxially,base,berry,climbing,cm,conical,conspicuously,densely,elliptic,erect,finely,flattened-round,flower,glabrous,globose,green,greenish,herb,lobed,long-acuminate,long-conical,minutely,mm,nearly,nodding,oblique,obovate,occasionally,once-branched,open,pinnate,pointed,poricidal,pubescent,rugose,sharply,simple,somewhat,time,tip,truncate,white,white-lenticellate,x	.0,2.0,capitate,dry,na
123	wfo-0001027219	success	143	137	92	108	35	29	88	4	.5,/4,0.3,0.4-0.6,0.5,0.5-0.8,1-15,1-3,1.5-2,1.5-2.5,2,2-3,2-3.5,2-4,3-5,3-6,6-8,7-8,absent,acuminate,acute,age,anther,anthesi,apex,axillary,bark,base,berry,bright,broadly,brown,c.,calyx,capitate,cm,completely,conical,corolla,cup-shaped,densely,diameter,drying,edge,elliptic,entire,erect,filament,flower,fruiting,glabrescent,glabrous,globose,green,greyish,growth,hard,leaf-opposed,lengthening,less,long-conical,long-styled,margin,maturity,minutely,mm,new,ovary,pair,pale,pedicel,peduncle,pericarp,petiole,pointed,pore,poricidal,primary,pubescent,purple,sharply,shoot,short,short-styled,shrub,simple,slightly,slit,soon,stem,stigma,stout,style,surface,terminal,thickened,tip,trichome,tube,uniseriate,vein,violet,way,white,woody,x,yellowish,–1/3	1,1-2,2-2.5,berr,closely,deltate,eaf,eed,exerte,exfoliatin,free,glabrou,heterostylous,known,lobe,lobed,lower,nflorescence,overlappin,papillo,papillose-pubescent,pendent,planar,plurifoliat,portion,ruit,scar,sometimes,somewhat,spaced,tuft,ud,unit,weight,ympodial	arrangement,branch,bud,characteristic,colour,corrugation,exerted,exertion,form,fruit,glabrousnes,height,history,inflorescence,leaf,length,life,lobing,na,number,papillose,per,perennial,plant,seed,shape,size,texture,type	.5,/4,0.3,0.4-0.6,0.5,0.5-0.8,1-15,1-3,1.5-2,1.5-2.5,2,2-3,2-3.5,2-4,3-5,3-6,6-8,7-8,absent,acuminate,acute,age,anthesi,apex,axillary,base,berry,bright,broadly,brown,c.,capitate,cm,completely,conical,cup-shaped,densely,diameter,edge,elliptic,entire,erect,flower,glabrescent,glabrous,globose,green,greyish,hard,leaf-opposed,lengthening,less,long-conical,long-styled,maturity,minutely,mm,pair,pale,pericarp,pointed,pore,poricidal,pubescent,purple,sharply,shoot,short,short-styled,shrub,simple,slightly,slit,soon,stout,surface,terminal,thickened,tip,trichome,uniseriate,violet,way,white,woody,x,yellowish,–1/3	exerted,na,papillose,perennial
124	wfo-0001027223	success	189	137	75	94	95	43	72	3	.5,0.19-0.75,0.3-1.2,1-2,1.3-2,1.5-3.5,1.8-3.5,16-41,3-10,3-5.2,3.5-4,3.5-6,3.5-7,3.7-9.3,4-6,5-21,5-8,5.9-12.2,9-22,abaxially,acuminate,adaxially,anther,apex,attenuate,axillary,base,berry,brownish,bud,cell,clavate,cm,condition,conical,corolla,covering,deep,densely,diameter,distal,dot,drying,elliptic,filament,fresh,fruit,glabrous,green,green-white,greenish,hair,hair-like,herb,hyaline,interjected,lanceolate,lateral,leaf,leaflet,light,lobe,long,make,mm,mucilaginous,odd-pinnate,ovoid,pedicel,peduncle,petiole,plant,pubescent,purple,ripe,rounded,seed,size,sometimes,stigma,stripe,style,terminal,testal,thick,throughout,tube,unwinged,wall,wet,white,whitish,wide,x	1-3,2-4,2-7,3-11,3-5,5-10,5-merou,9-15,9-35,acumen,adaxiall,ag,alyx,apart,apparently,articulated,asymmetric,axe,basiscopic,blade,capitat,connivent,decreasing,digestion,dorsally,eaf,edge,eed,end,enzyme,erec,exceeding,flat,flower,folded,forked,geminat,generally,glabrou,hal,half,homostylous,honeycomb-shaped,larger,lengthening,like,living,lower,middle,nflorescence,one,orbicular,orolla,ovate,pair,pentagonal,perfect,petiolulate,placed,plurifoliate,pore,poricidal,present,removed,rotate,ruit,sessile,seudostipule,short,shortly,side,slightly,slit,spaced,specimen,stamen,ste,stolo,straight,subequal,subtending,tall,tamen,tem,tip,tissue,toward,tri-,tuber,typically,unit,usually,vary,yellow,ympodial	appearance,arrangement,bark,border,branch,calyx,capitate,characteristic,colour,corrugation,erect,exertion,form,fruiting,giving,glabrousnes,growth,height,history,inflorescence,length,life,lobing,margin,midpoint,na,new,number,ovary,per,prickle,primary,pseudostipule,ray,shape,stem,surface,texture,thicknes,type,variation,vein,width	.5,0.19-0.75,0.3-1.2,1-2,1.3-2,1.5-3.5,1.8-3.5,16-41,3-10,3-5.2,3.5-4,3.5-6,3.5-7,3.7-9.3,4-6,5-21,5-8,5.9-12.2,9-22,abaxially,acuminate,adaxially,attenuate,axillary,berry,brownish,cell,clavate,cm,condition,conical,covering,deep,densely,dot,drying,elliptic,fresh,glabrous,green,green-white,greenish,hair,hair-like,herb,hyaline,lanceolate,lateral,light,long,make,mm,mucilaginous,odd-pinnate,ovoid,pubescent,purple,ripe,rounded,seed,sometimes,stripe,testal,thick,throughout,unwinged,wall,wet,white,whitish,wide,x	capitate,erect,na
125	wfo-0001027237	success	122	125	70	78	44	47	66	4	.5,/4,1-1.2,1.5-2,1.5-2.5,2-3,3-3.5,3-4,30-100-flowered,6-11,6-8,8,anther,anthesi,bark,base,berry,black,branched,brown,calyx,clavate,cm,completely,corolla,cucullate,cup-shaped,dark,deflexed,dia,drying,ellipsoid,exsertion,filament,flattened,fruiting,glabrous,globose,green,greenish-white,inflorescence,internodal,later,leaf,lobe,lobed,long,many,margin,minutely,mm,ovary,paler,papillose,pedicel,pitted,reflexed,regularly,reniform,shaped,shining,shrub,slender,small,stem,stigma,style,surface,tapering,tear-drop,terminal,time,tip,tree,tube,way,white,x	0.5-1,5,apart,apiculae,apiculate,appearing,ba,blac,branc,broadly,deltoid,difoliate,edicel,eed,erect,free,geminate,greyi,lower,nflorescence,occasionally,older,papillate,papillo,part,plurifoliat,pore,poricidal,portion,regulary,ruit,scar,spaced,straight,tall,ud,unit,upper,usually,widely,woody,x.,ympodial,young	apex,appearance,arrangement,border,branch,bud,characteristic,colour,corrugation,diameter,distal,exertion,form,fruit,giving,glabrousnes,greyish,growth,height,history,interjected,lateral,leaflet,length,life,lobing,midpoint,na,new,number,peduncle,per,petiole,plant,prickle,primary,pseudostipule,ray,seed,shape,size,texture,thicknes,type,variation,vein,width	.5,/4,1-1.2,1.5-2,1.5-2.5,2-3,3-3.5,3-4,30-100-flowered,6-11,6-8,8,anthesi,base,berry,black,branched,brown,calyx,clavate,cm,completely,corolla,cucullate,cup-shaped,dark,deflexed,dia,drying,ellipsoid,exsertion,flattened,glabrous,globose,green,greenish-white,internodal,later,lobe,lobed,long,many,margin,minutely,mm,paler,papillose,pitted,reflexed,regularly,reniform,shaped,shining,shrub,slender,small,surface,tapering,tear-drop,time,tip,tree,tube,way,white,x	-1.2,di,greyish,na
126	wfo-0001027238	success	203	171	112	125	78	46	107	5	.3,.5,0-1,0-1.5,0.3-0.8,0.3-5,0.5-1,0.5-16,0.5-2,1-1.5,1-2,1.5-3,1.5-4,10,15-30,2-4,3-4,3-6,4-10,4-5,4-8,5-15,6-15-25,6-8,abaxially,acuminate,acute,adaxially,anther,apex,articulated,base,berry,black,blade,branch,brown,calyx,chartaceous,cm,connivent,contiguous,cuneate,dark,deltate,densely,diameter,elliptic,elliptic-ovate,entire,extra-axillary,filament,flattened,fleshy,flower,fruit,fruiting,glabrous,globose,green,greenish,hair,homostylous,lavender,leaf,light,lighter,like,lobe,long,major,margin,membranaceous,midpoint,minutely,mm,multangulate,narrowly,near,nearly,new,oblique,oblong,obtuse,outline,pale,pedicel,peduncle,petiole,pitted,porrect-stellate,pubescent,purple,ray,reniform,ripe,rounded,scandent,sessile,shiny,short-stalked,shrub,side,simple,small,sometimes,sprawling,stellate-pubescent,stem,stigma,strongly,style,surface,tip,tree,triangular,tube,unbranched,unequal,vein,white,whitish,x,yellow,yellowish	-5,0-0.7,0.3-0.5,0.3-1,1.5-7,2-3,3-5,4-,4-16,5-7,5-merou,accrescent,adaxiall,ag,alyx,apparently,axe,ba,capitat,covering,cylindrical,differentiated,directed,discolorous,distally,eaf,eed,equal,foliaceous,fork,free,frui,geminate,glabrescent,gland,gland-tipped,growt,interpetalar,introrsely,juic,large,longitudinal,lower,minor,mixed,nflorescence,often,one,opening,orolla,paired,part,perfect,pericarp,plurifoliate,pore,rachi,ruit,similar,slit,somewhat,sparse,sparsely,ste,stellate,straight,subtending,tamen,tem,time,tissue,toward,unarme,unit,vary,wide,without,ympodial	5-merous,appearance,arrangement,bark,border,bud,capitate,characteristic,colour,corolla,corrugation,distal,drying,exertion,form,giving,glabrousnes,growth,height,history,inflorescence,interjected,lateral,leaflet,length,life,lobing,na,number,ovary,per,perennial,plant,prickle,primary,pseudostipule,seed,shape,size,terminal,texture,thicknes,type,unarmed,variation,width	.3,.5,0-1,0-1.5,0.3-0.8,0.3-5,0.5-1,0.5-16,0.5-2,1-1.5,1-2,1.5-3,1.5-4,10,15-30,2-4,3-4,3-6,4-10,4-5,4-8,5-15,6-15-25,6-8,abaxially,acuminate,acute,adaxially,apex,articulated,base,berry,black,blade,brown,chartaceous,cm,connivent,contiguous,cuneate,dark,deltate,densely,diameter,elliptic,elliptic-ovate,entire,extra-axillary,flattened,fleshy,flower,fruit,glabrous,globose,green,greenish,hair,homostylous,lavender,leaf,light,lighter,like,long,major,membranaceous,minutely,mm,multangulate,narrowly,near,nearly,oblique,oblong,obtuse,outline,pale,pitted,porrect-stellate,pubescent,purple,reniform,ripe,rounded,scandent,sessile,shiny,short-stalked,shrub,side,simple,small,sometimes,sprawling,stellate-pubescent,stem,strongly,tip,tree,triangular,unbranched,unequal,white,whitish,x,yellow,yellowish	5-merous,capitate,na,perennial,unarmed
127	wfo-0001027244	invalid_json_followup	285	137	NA	108	177	29	NA	NA	-12,-2,0.05,0.2-1,0.45-0.6,0.5,0.5-0.8,0.7-1.5,0.9-1.3,1,1.1-1.3,1.2-1.6,1.5-2.1,1.5-2.4-3.2,1.5-6.5,1.7-3.0,1/2,2-4,2.1-8,3/4,4-12,acute,anther,anthesi,apex,articulated,base,berry,bifurcate,branched,broadly,brown,calyx,capitate,cell,cm,conical,cordate,corolla,crenate,curved,dark,densely,dentate,diameter,distal,elliptic,exserted,filament,fruit,fruiting,globose,green,greenish,hair-like,half,halfway,herb,imparipinnate,inflorescence,interjected,interrupted,irregularly,lateral,leaflet,length,lobed,lobing,long,margin,middle,minute,mm,obovate,often,orbicular,outgrowth,ovary,pedicel,peduncle,perennial,petiole,primary,pubescent,purple,rotate-stellate,rounded,simple,size,stem,stigma,stripe,strongly,style,surface,terminal,testa,thick,truncate,tube,vein,velvety,vivid,wall,white,wide,woody,yellow	.5,0-5-10,0.02-0.1-0.3,0.04-0.1-0.3,0.05-1,0.07-0.15,0.1-0.5,0.1-0.6,0.1-0.7-2,0.15-0.2,0.2,0.2-0.7-3,0.25-0.4,0.3,0.3-0.4,0.3-0.5,0.3-0.6,0.3-0.8,0.4-0.6,0.4-1,0.4-1-3.5,0.5-1,0.6-0.9-1.2,0.6-09,0.7-1,0.8-1.2,0.9-1.7,1-2-celled,1-2.5,1-celled,1.5-2,2-3.5-13,2-4-celled,2-9,2-foliate,2-locular,3-5,4-celled,5-8-16,5-9-celled,7-12,8-celled,abaxially,absent,abundance,abundant,acroscopically,acuminate,adaxially,adpressed,alfway,along,also,always,amongst,angled,apical,apparently,appearance,appendage,arequipa,around,articulatio,articulation,axi,basal,berr,bract,bracteate,c.,cage,column,common,deciduous,decumbent,decurrent,deeper,deltate,dense,density,developed,diamete,eaf,edicel,eed,eglandular,either,elliptical,erect,extremely,flower,flushed,forming,general,giving,glabrescent,glabrous,gland,glandular,gree,head,hyaline,internode,investing,lamina,lanceolate,larger,largest,leave,like,lobe,lon,longer,lower,midvein,mixed,mixture,multicellular,narrowly,near,node,oblique,occasionally,onto,pair,papillate-pubescent,patent,petiolule,population,present,pseudostipule,rachi,reflexed,rest,ripe,ruit,scattered,secondary,sessile,shaggy,short,shorter,silky,sinus,slender,small,sometimes,somewhat,sparse,sparsely,sparser,spreading,staminal,sterile,stout,straight,tall,tem,tertiary,tiny,tip,tipped,toward,trichome,two,ud,undulate,unicellular,uniseriate,unit,united,upper,usually,variable,variety,winged,ympodial	0,0.1-3.5,0.7-2.1,1-3.5,3.5-13,arrangement,bark,branch,bud,characteristic,colour,corrugation,drying,exertion,form,glabrousnes,growth,height,history,leaf,life,na,new,plant,seed,shape,texture,type,value	NA	NA
128	wfo-0001027248	success	158	136	93	107	51	29	91	2	.5,0,0.5-1,0.5-2.5,0.7-1.2,1-1.5,1-2,1-5,2-2.5,3-7,3-7-flowered,3.5-4,5-5.5,6-13,6.5-8,7-9,abaxially,acute,adaxially,anther,apex,appearing,arachnoid,arachnoid-pubescent,area,bark,base,beige,beneath,berry,broadened,broadly,brown,brownish,calyx,cm,conical,corolla,dark,deflexed,densely,dia,difoliate,dirty,ellipsoid,elliptic,exserted,felty,filament,fleshy,fruit,fruiting,geminate,glabrescent,glabrous,globose,grayish-green,green,later,lateral,leaf,lobed,long,main,margin,merely,minutely,mm,nearly,occasionally,ovary,ovoid-reniform,pair,pale,patch,pedicel,per,petiole,pitted,pubescence,pubescent,scattered,shaped,shoot,shrub,simple,size,small,somewhat,soon,sparsely,stem,stigma,strongly,style,surface,tear-drop,thick,top,tree,trichome,tube,unifoliate,vein,white,wide,young	1-3,2-4.5,3-4,4-8,abaxial,along,anthesi,ape,arachnoid-pubescen,brownish-gra,closely,deltate,denser,differing,eaf,edicel,eed,erect,free,impressed,lamina,lightly,lobe,lower,major,minor,nflorescence,node,older,opposite,overlappin,papillo,papillose,planar,pore,poricidal,portion,present,ruit,scar,spaced,specimen,tall,tip,tub,ud,unit,wid,winged,woody,ympodial	arrangement,branch,brownish-gray,bud,characteristic,colour,corrugation,diameter,drying,exertion,form,glabrousnes,growth,height,history,inflorescence,length,life,lobing,na,new,number,peduncle,plant,primary,seed,shape,texture,type	.5,0,0.5-1,0.5-2.5,0.7-1.2,1-1.5,1-2,1-5,2-2.5,3-7,3-7-flowered,3.5-4,5-5.5,6-13,6.5-8,7-9,abaxially,acute,adaxially,apex,appearing,arachnoid,arachnoid-pubescent,area,base,beige,beneath,berry,broadened,broadly,brown,brownish,calyx,cm,conical,dark,deflexed,densely,dia,difoliate,dirty,ellipsoid,elliptic,exserted,felty,fleshy,geminate,glabrescent,glabrous,globose,grayish-green,green,later,lateral,lobed,long,main,merely,minutely,mm,nearly,occasionally,ovoid-reniform,pair,pale,patch,pitted,pubescence,pubescent,scattered,shaped,shoot,shrub,simple,small,somewhat,soon,sparsely,strongly,style,tear-drop,thick,top,tree,trichome,tube,unifoliate,vein,white,wide,young	brownish-gray,na
129	wfo-0001027258	success	178	134	93	105	73	29	90	3	.5,/4,0.5-1,0.6-2,0.9-1.3,1-2.3,1.2-2,1.5-1.6,2-2.5,3-6,3.5-4,4-5,5-10-flowered,6-8,7-13,7-9,abaxially,abruptly,acuminate,acute,adaxially,age,along,anther,apex,attenuate,bark,base,berry,broadly,calyx,capitate,cm,corolla,decurrent,densely,dia,difoliate,drying,ellipsoid,elliptic,entire,filament,flattened-reniform,fruit,fruiting,glabrous,globose,green,greenish-yellow,large,lateral,leaf,length,lengthening,lenticel,lobed,long,main,margin,minutely,mm,onto,ovary,ovate,pair,pale,papillose,pedicel,petiole,pitted,pore,poricidal,pubescent,reddish,scattered,shrub,simple,size,slender,slightly,slit,small,sparsely,stem,stigma,style,surface,swollen,tip,treelet,trichome,tube,tuft,uniseriate,unit,urceolate,vein,way,white,widening,winged,x,yellowish,yellowish-tan	.25,0.25-0.5,1-1.5,1-4,2.5-8,3-4,4.5-5,anthesi,apar,apical,apiculae,axil,ba,beneath,crystal,darker,deflexed,deltate,dense,deposit,differing,dissecting,eaf,edicel,eed,enlarge,evenly,exserted,extending,fide,fragrant,free,geminat,glabrou,incrassate,internodal,lamina,lobe,lower,major,microscope,middle,minor,minute,nee,nflorescence,occasionally,often,older,opposite,papillo,planar,portion,projection,prominent,red-papillose,ruit,sand,scar,spaced,speck,straight,strongly,sweetly,tall,tiny,tub,ud,visible,widest,woody,ympodial,young	arrangement,branch,bud,characteristic,colour,corrugation,diameter,exertion,form,geminate,glabrousnes,growth,height,history,inflorescence,life,lobing,na,new,number,peduncle,per,plant,primary,seed,shape,sympodial,texture,type	.5,/4,0.5-1,0.6-2,0.9-1.3,1-2.3,1.2-2,1.5-1.6,2-2.5,3-6,3.5-4,4-5,5-10-flowered,6-8,7-13,7-9,abaxially,abruptly,acuminate,acute,adaxially,age,along,attenuate,base,berry,broadly,calyx,capitate,cm,decurrent,densely,dia,difoliate,ellipsoid,elliptic,entire,flattened-reniform,glabrous,globose,green,greenish-yellow,large,lateral,leaf,length,lengthening,lenticel,lobed,long,main,minutely,mm,onto,ovate,pair,pale,papillose,petiole,pitted,pore,poricidal,pubescent,reddish,scattered,shrub,simple,slender,slightly,slit,small,sparsely,stem,surface,swollen,tip,treelet,trichome,tuft,uniseriate,unit,urceolate,vein,way,white,widening,winged,x,yellowish,yellowish-tan	geminate,na,sympodial
130	wfo-0001027260	success	170	143	81	89	81	54	79	2	0.25-1,0.5-3,0.5-6.5,0.8-2,1-2,1-2.5-14,1-3,1-4,1.5-13,15-30,2-18,2-2.5,2.5-3.5,3-4.5,3-6,3.5-25,4-25,4-32,5-40-60,abaxially,acuminate,acute-,adaxially,age,also,apex,basal,base,berry,beyond,branched,clavate,cm,cordate,darker,densely,diameter,eglandular,ellipsoidal,elliptic,elliptic-ovate,entire,exserted,fading,flattened,flower,fruit,glabrate,glabrous,globose,greenish,hair,lanceolate,lavender,lobe,long,longitudinal,margin,mm,moderately,obtuse,often,ovate,pedicel,peduncle,petiole,pilose,pink,puberulent,pubescent,pubescent-pilose,purple,shrub,simple,small,sparsely,stamen,stigma,stripe,style,tree,truncate,tube,unbranched,vein,white,x,yellow-green,yellowish	-2,-7,0.5-1,0.75-1,1-3-10-17,1-4.5-14,1-6,1-7,1.5-2,2-10,2-6-20,3-11,3-4-6,4-5-foliat,5-10-25,5-25,5-merous,absent,acute,aggregate,alyx,apart,ape,articulated,axe,blade,cell,chartaceous,connective,connivent,cylindrical,diamete,directed,distally,eaf,eed,equal,exceeding,leaving,lon,lower,membranaceous,narrowly,nearly,nflorescence,nther,orolla,pedicellar,perfec,perfect,pilo,pore,presen,puberulent-pubescen,puberulent-pubescent,rachi,radiu,remnant,ruit,shorter,slightly,spaced,stellate,stone,strongly,subcoriaceous,tal,tapered,tem,thecae,time,tomento,triangular,ud,unit,usually,vary,wide,yellow,yellow-orang,ympodial	5-10,anther,appearance,arrangement,bark,border,branch,bud,calyx,characteristic,colour,corolla,corrugation,distal,drying,exertion,filament,form,fruiting,giving,glabrousnes,growth,height,history,inflorescence,interjected,lateral,leaf,leaflet,length,life,lobing,midpoint,na,new,number,ovary,per,plant,prickle,primary,pseudostipule,ray,seed,shape,size,stem,surface,terminal,texture,thicknes,type,variation,width	0.25-1,0.5-3,0.5-6.5,0.8-2,1-2,1-2.5-14,1-3,1-4,1.5-13,15-30,2-18,2-2.5,2.5-3.5,3-4.5,3-6,3.5-25,4-25,4-32,5-40-60,abaxially,acuminate,acute-,adaxially,age,also,apex,basal,berry,beyond,branched,clavate,cm,cordate,darker,densely,eglandular,ellipsoidal,elliptic,elliptic-ovate,entire,exserted,fading,flattened,flower,glabrate,glabrous,globose,greenish,hair,lanceolate,lavender,lobe,long,longitudinal,mm,moderately,obtuse,often,ovate,pilose,pink,puberulent,pubescent,pubescent-pilose,purple,shrub,simple,small,sparsely,stamen,stripe,tree,truncate,unbranched,vein,white,x,yellow-green,yellowish	5-10,na
131	wfo-0001027265	success	158	119	57	62	96	57	47	10	.2,0.2-0.4,0.5,0.5-1,1.2-2,2,2-3,2/3,acute,anther,apex,base,berry,calyx,chartaceous,cm,diameter,entire,filament,flattened-reniform,fruit,fruiting,glabrous,globose,herb,light,lobe,long,long-attenuate,lower,margin,minutely,mm,nearly,numerous,oblong,obtuse,orange,ovate-lanceolate,pedicel,peduncle,petiole,pitted,puberulent,pubescent,purple,recurved,red,ripe,rotate-stellate,seed,simple,sparsely,stigma,style,subcoriaceous,surface,triangular,tube,white,x,yellow	-2.5,.3,.5,0.1–2,0.5–0.6,1-1.3,1-2.5,1-3,1.2-1.3,1.2–1.4,1.5-2.5,1.5–1.8,1.5–2,1.5–4,2-3-,2-4,20-30,2–2.5,2–3,3-lobed,30–50,4-5,4.5–8,4–6,4–7-branched,5-merou,58409,abaxially,accrescent,adaxiall,adaxially,alyx,apart,apparently,articulated,axe,ba,blade,broad,capitat,ciliate,connivent,covering,croat,cylindrical,dehiscent,eaf,eed,erect,extra-axillary,flower,foliate,frui,geminat,granule,hair,hermaphroditic,juic,larger,leaf-opposed,lon,longitudinall,low,mesocarp,near,nflorescence,node,orolla,paired,partially,pore,present,prominent,rachi,rarely,rooting,ruit,scarcely,sclerotic,slightly,sometimes,somewhat,spaced,tall,tamen,tem,time,tip,unit,usually,vary,weak,white-puberulent,wide,winged,ympodial	0.1-2,1.2-1.4,1.5-1.8,1.5-4,2-2.5,30-50,4-6,4.5-8,appearance,arrangement,bark,border,branch,bud,capitate,characteristic,colour,corolla,corrugation,distal,drying,exertion,form,giving,glabrousnes,growth,height,history,inflorescence,interjected,lateral,leaf,leaflet,length,life,lobing,midpoint,na,new,number,ovary,per,plant,prickle,primary,pseudostipule,ray,shape,size,stem,terminal,texture,thicknes,type,variation,vein,width	.2,0.2-0.4,0.5,0.5-1,1.2-2,2,2-3,2/3,acute,apex,base,berry,chartaceous,cm,diameter,entire,flattened-reniform,glabrous,globose,herb,light,long,long-attenuate,lower,minutely,mm,nearly,numerous,oblong,obtuse,orange,ovate-lanceolate,pitted,puberulent,pubescent,purple,recurved,red,ripe,rotate-stellate,simple,sparsely,subcoriaceous,triangular,white,x,yellow	0.1-2,1.2-1.4,1.5-1.8,1.5-4,2-2.5,30-50,4-6,4.5-8,capitate,na
132	wfo-0001027265	success	155	121	60	66	89	55	51	9	.2,0.2-0.4,0.5,0.5-1,1-3,1.2-2,2,2-3,2/3,3-lobed,4-5,acute,anther,apart,apex,articulated,base,calyx,chartaceous,cm,diameter,entire,filament,flattened-reniform,fruit,glabrous,globose,herb,light,lobe,long,long-attenuate,lower,margin,minutely,mm,nearly,numerous,oblong,obtuse,orange,ovate-lanceolate,pedicel,peduncle,petiole,pitted,puberulent,pubescent,purple,rarely,recurved,red,ripe,rotate-stellate,seed,simple,slightly,sparsely,stigma,style,subcoriaceous,surface,tube,white,x,yellow	-2.5,.3,.5,0.1–2,0.5–0.6,1-1.3,1-2.5,1.2-1.3,1.2–1.4,1.5-2.5,1.5–1.8,1.5–2,1.5–4,2-3-,2-4,20-30,2–2.5,2–3,30–50,4.5–8,4–6,4–7-branched,5-merou,58409,abaxially,accrescent,adaxiall,adaxially,alyx,apparently,axe,ba,blade,broad,capitat,ciliate,connivent,covering,croat,cylindrical,dehiscent,eaf,eed,erect,extra-axillary,flower,foliate,frui,fruiting,geminat,granule,hair,hermaphroditic,juic,larger,leaf-opposed,lon,longitudinall,low,mesocarp,near,nflorescence,node,orolla,paired,partially,pore,prominent,rachi,rooting,ruit,scarcely,sclerotic,sometimes,somewhat,spaced,tall,tamen,tem,time,tip,triangular,unit,vary,weak,white-puberulent,wide,winged,ympodial	0.1-2,1.2-1.4,1.5-1.8,2-2.5,30-50,4-6,abaxial,adaxial,appearance,arrangement,articulation,bark,border,branch,bud,capitate,characteristic,colour,corolla,corrugation,drying,exertion,form,giving,glabrousnes,growth,height,history,inflorescence,lateral,leaf,length,life,lobing,midpoint,na,new,number,ovary,per,perennial,plant,prickle,primary,ray,shape,size,spacing,stem,texture,thicknes,type,variation,vein,width	.2,0.2-0.4,0.5,0.5-1,1-3,1.2-2,2,2-3,2/3,3-lobed,4-5,acute,apart,apex,articulated,base,chartaceous,cm,entire,flattened-reniform,glabrous,globose,herb,light,long,long-attenuate,lower,minutely,mm,nearly,numerous,oblong,obtuse,orange,ovate-lanceolate,pitted,puberulent,pubescent,purple,rarely,recurved,red,ripe,rotate-stellate,simple,slightly,sparsely,subcoriaceous,white,x,yellow	0.1-2,1.2-1.4,1.5-1.8,2-2.5,30-50,4-6,capitate,na,perennial
133	wfo-0001027284	success	172	152	89	104	68	48	85	4	.3,0.1–0.5,0.2–,0.7–0.9,0.7–1,1.2–1.5,1.5–2,1.5–8,1.8–2,1–1.5,2.5–3,2–16,2–2.2,3.5–14,3–4,4,4–12,4–6,5–8,9–18,abaxially,acuminate,acute,adaxially,anther,anthesi,apex,axillary,base,berry,branch,branched,brownish,calyx,cm,cordate,deltoid,densely,diameter,elliptic,entire,extra-axillary,filament,fine,flattened-reniform,fleshy,flower,fruit,fruiting,glabrous,globose,green,herbaceous,inflorescence,lobe,margin,maturity,midvein,minutely,mm,nearly,oblique,orangish,ovate,ovoid,pale,pedicel,peduncle,petiole,pinnate,planar,pubescence,pubescent,rarely,reticulate-rugulose,rounded,sand-punctate,scandent,scar,shortly,shrub,simple,size,sometimes,somewhat,soon,sparsely,spreading,stem-terminal,stigma,style,surface,tan,thickly,tip,truncate,tube,unbranched,vein,vine,weakly,white,woody,x	0.1–2,1.5–2.5,1.5–5.5,1–2,1–3,2.5–3.5,5-merous,5–7,accrescent,alyx,axe,blade,c.,capitat,ciliat,climbing,conspicuous,contiguousl,cylindrical,deflected,distally,eaf,eed,enlarged,flattened,glabrescen,glabrou,gradually,immature,leafy,long,lower,m.,near,nflorescence,nternode,one,orolla,pair,pendulou,perfec,pink,plurifoliate,pointed,prominent,rachi,reduced,ruit,sand-punctat,secondary,seen,side,slightly,spaced,stellate,tamen,tem,thickened,time,toward,tree,understory,unifoliat,unit,vary,venation,wide,ympodial	appearance,arrangement,bark,border,bud,capitate,characteristic,colour,corolla,corrugation,distal,drying,exertion,form,giving,glabrescent,glabrousnes,growth,height,history,interjected,lateral,leaf,leaflet,length,life,lobing,midpoint,na,new,number,ovary,pendulous,per,plant,prickle,primary,pseudostipule,ray,seed,shape,stem,terminal,texture,thicknes,type,variation,width	.3,0.1–0.5,0.2–,0.7–0.9,0.7–1,1.2–1.5,1.5–2,1.5–8,1.8–2,1–1.5,2.5–3,2–16,2–2.2,3.5–14,3–4,4,4–12,4–6,5–8,9–18,abaxially,acuminate,acute,adaxially,anthesi,apex,axillary,berry,branched,brownish,cm,cordate,deltoid,densely,elliptic,entire,extra-axillary,fine,flattened-reniform,fleshy,flower,fruit,glabrous,globose,green,herbaceous,maturity,midvein,minutely,mm,nearly,oblique,orangish,ovate,ovoid,pale,pinnate,planar,pubescence,pubescent,rarely,reticulate-rugulose,rounded,sand-punctate,scandent,scar,shortly,shrub,simple,sometimes,somewhat,soon,sparsely,spreading,stem-terminal,tan,thickly,tip,truncate,unbranched,vine,weakly,white,woody,x	capitate,glabrescent,na,pendulous
134	wfo-0001027302	success	188	156	120	128	60	28	118	2	.5,0.4-5,0.5,0.5-1,0.6-1,0.8-1,1,1-1.3,1-1.5,1-3,1.2-1.6,1.2-2.5,1.5-2,10,10-20,2-3,2-6,2.2,2.7-7.5,3/4,5-7,6-12,7,7/8,acuminate,acute,age,along,anther,apex,apical,appearing,bark,basal,base,becoming,berry,branching,bright,brownish-yellow,calyx,capitate,clavate,cm,conical,cordate,corolla,crispate,dendritic,densely,denser,diameter,elliptic,entire,especially,exserted,filament,fine,flat-topped,flattened,flower,fruiting,glabrous,globose,growth,later,lateral,leaf,length,lenticular,less,like,long,main,margin,minutely,mm,narrowly,occasionally,otherwise,ovary,ovate,overtopping,pair,pale,per,petiole,pitted,plant,plurifoliate,pore,poridical,puberulent,pubescent,pyramidal,red,reddish-brown,scattered,secondary,shoot,shrub,simple,slit-like,small,somewhat,sparsely,stem,stigma,strongly,style,surface,tapering,terminal,time,tiny,tip,tree,trichome,truncate,tube,undulate,usually,vein,violet,way,winged,x,young	1-2,2,3.5-5,abaxial,abaxially,adaxial,adaxially,anthesi,ba,blade,broader,cultivation,decurrent,deflexed,deltoid,dichasia,discussion,eaf,edicel,eed,ew,free,growing,inserted,juvenile,larger,lax,lobe,lobed,lon,long-triangular,lower,m.,monochasial,nflorescence,nodding,older,papillo,pedicle,pericarp,planar,portion,prominent,reflexed,ruit,scar,scrambling,see,shade,shin,sleeve,stamen,tall,thin,tub,ud,unit,wide,woody,ympodial	arrangement,branch,bud,characteristic,colour,corrugation,drying,exertion,form,fruit,glabrousnes,height,history,inflorescence,life,lobing,na,new,number,papillose,pedicel,peduncle,primary,seed,shape,size,texture,type	.5,0.4-5,0.5,0.5-1,0.6-1,0.8-1,1,1-1.3,1-1.5,1-3,1.2-1.6,1.2-2.5,1.5-2,10,10-20,2-3,2-6,2.2,2.7-7.5,3/4,5-7,6-12,7,7/8,acuminate,acute,age,along,apex,apical,appearing,basal,base,becoming,berry,branching,bright,brownish-yellow,calyx,capitate,clavate,cm,conical,cordate,crispate,dendritic,densely,denser,diameter,elliptic,entire,especially,exserted,fine,flat-topped,flattened,flower,glabrous,globose,later,lateral,leaf,length,lenticular,less,like,long,main,minutely,mm,narrowly,occasionally,otherwise,ovate,overtopping,pair,pale,per,petiole,pitted,plant,plurifoliate,pore,poridical,puberulent,pubescent,pyramidal,red,reddish-brown,scattered,secondary,shoot,shrub,simple,slit-like,small,somewhat,sparsely,stem,strongly,surface,tapering,terminal,time,tiny,tip,tree,trichome,truncate,tube,undulate,usually,vein,violet,way,winged,x,young	na,papillose
135	wfo-0001027310	success	213	162	105	125	88	37	102	3	.8,/3,0,0-20,0.15-0.3,0.6-1,0.7-2,0.9-0.17-2.2,1-1.2,1-1.7,1-6,1.1-1.5,1.5-2.2,1.5-5,2-3.1,2.2-2.5,2.8-3,20-60,22-30,4-10,4.5-5.5,4.5-7,5-10,5-7,8-10,9-13-20,abaxially,acute,anther,apex,apparently,articulated,bark,base,berry,broadly,calyx,chartaceous,cm,connivent,cuneate,dark,deltate,densely,diameter,discolorous,distal,drying,entire,erect,evenly,filament,flattened,flattened-reniform,flower,foliaceous,free,fruit,fruiting,glabrous,gray,green,green-brown,hair,lanceolate,lateral,leaf,length,lobe,lobed,long,long-styled,margin,maturity,mauve,midpoint,minutely,mm,moderately,orange-brown,pair,pale,pedicel,peduncle,per,petiole,pitted,plant,poricidal,prickle,prickly,primary,pubescent,purple,ray,red,reflexed,rounded,shallowly,shrub,simple,sometimes,sparse,sparsely,spherical,spreading,stellate-pubescent,stem,straight,strongly,style,surface,tapering,terminal,tip,toward,tree,truncate,tube,unarmed,vein,way,wide,yellow,young	0-5,0.05,0.05-0.15,0.1,0.1-0.2,1/10-1/6,1/3-1/2,1/3-3/4,11-16,2-10,2-4,2-5,2/3,3-15,4-9,5-20,5-merous,6-8,7-10,abaxial,acut,adaxial,alyx,andromonoecious,apar,apart,apically,blade,branched,branching,curved,eaf,eed,elongating,equal,faint,fused,gently,glabrescent,glabrou,glaucous,hermaphrodite,heterostylous,inflated,infructescence,less,longer,lower,lowermost,mature,nflorescence,older,one,open,orolla,oung,pendulous,pericarp,plurifoliat,porrect,porrect-lepidote,portion,reddi,ruit,scar,secondary,sessile,short-styled,shorter,smooth,spaced,stalk,stalked,staminat,stellate,stout,tamen,terete,tertiary,time,trichome,unarme,unit,vary,venation,visible,woody,ympodial	appearance,arrangement,border,branch,bud,characteristic,colour,corolla,corrugation,exertion,form,giving,glabrousnes,growth,height,history,inflorescence,interjected,leaflet,life,lobing,na,new,number,ovary,perennial,pseudostipule,reddish,seed,shape,size,stigma,texture,thicknes,type,variation,width	.8,/3,0,0-20,0.15-0.3,0.6-1,0.7-2,0.9-0.17-2.2,1-1.2,1-1.7,1-6,1.1-1.5,1.5-2.2,1.5-5,2-3.1,2.2-2.5,2.8-3,20-60,22-30,4-10,4.5-5.5,4.5-7,5-10,5-7,8-10,9-13-20,abaxially,acute,apex,apparently,articulated,base,berry,broadly,chartaceous,cm,connivent,cuneate,dark,deltate,densely,diameter,discolorous,entire,erect,evenly,flattened,flattened-reniform,flower,foliaceous,free,glabrous,gray,green,green-brown,hair,lanceolate,lateral,lobed,long,long-styled,maturity,mauve,minutely,mm,moderately,orange-brown,pair,pale,per,pitted,poricidal,prickle,prickly,pubescent,purple,red,reflexed,rounded,shallowly,shrub,simple,sometimes,sparse,sparsely,spherical,spreading,stellate-pubescent,straight,strongly,surface,tapering,terminal,tip,toward,tree,truncate,unarmed,way,wide,yellow,young	na,perennial,reddish
136	wfo-0001027317	success	144	115	72	83	61	32	67	5	.5,0.1-0.2,0.4-1.5,0.8-3.5,1,1-1.5,1-2,1.4-1.6,1.5-2,2-3-flowered,2-9,4.5-5,7-9,?,acuminate,acute,adaxially,along,anther,apex,apically,bark,base,beneath,berry,bilobed,broadly,calyx,cm,conical,corolla,deciduous,densely,dia,difoliate,drying,ellipsoid,elliptic,erect,filament,filiform,fruit,fruiting,glabrous,globose,golden,green,lateral,leaf,lobed,long,long-exserted,main,margin,mm,nearly,offset,opposite,ovary,pair,pale,pedicel,petiole,pointed,pubescent,shaped,shrub,simple,size,slightly,soon,sparsely,stem,stigma,style,surface,tear-drop,trichome,tube,uniseriate,vein,white,x	.25,0.3-1,0.5-1,0.5-3,1-5,3-3.5,abaxial,anthesi,apical,arch,ba,closely,cucullate,deflexed,deltoid,differing,eaf,edicel,eed,elongated,expanded,free,geminat,greyish-whit,immature,inflorescenc,joined,known,like,lobe,lon,lower,major,mature,minor,minute,minutely,nflorescence,older,overlappin,papillo,papillose,pore,poricidal,portion,projection,prominent,reflexed,rest,ruit,scar,series,spaced,strongly,tall,tip,tub,ud,woody,ympodia,young	0.25,arrangement,branch,bud,characteristic,colour,corrugation,diameter,exertion,form,geminate,glabrousnes,greyish-white,growth,height,history,inflorescence,length,life,lobing,na,new,number,peduncle,per,plant,primary,seed,shape,sympodia,texture,type	.5,0.1-0.2,0.4-1.5,0.8-3.5,1,1-1.5,1-2,1.4-1.6,1.5-2,2-3-flowered,2-9,4.5-5,7-9,?,acuminate,acute,adaxially,along,apically,base,beneath,berry,bilobed,broadly,calyx,cm,conical,deciduous,densely,dia,difoliate,drying,ellipsoid,elliptic,erect,filiform,glabrous,globose,golden,green,lateral,leaf,lobed,long,long-exserted,main,mm,nearly,offset,opposite,pair,pale,pointed,pubescent,shaped,shrub,simple,slightly,soon,sparsely,tear-drop,trichome,tube,uniseriate,vein,white,x	0.25,geminate,greyish-white,na,sympodia
137	wfo-0001027323	success	175	144	88	100	75	44	84	4	/3,0.5-1,1-1.5,1.2-1.5,14-21,2-3,2-6,2.5-3,20-45,5-20-flowered,5-7,7-9,acute,anther,apex,appearing,area,asymmetric,attenuate,bark,base,berry,broadened,bud,calyx,campanulate,closed,cm,corolla,decurrent,deflexed,densely,dia,difoliate,elliptic,elongate,erect,exserted,filament,fleshy,flopping,flower,fruit,fruiting,furcate,glabrate,glabrous,globose,grey,held,higher,hooded,immature,lateral,leaf,lobe,lobed,long,main,margin,matte,minutely,mm,occasionally,older,onto,opposite,ovary,ovoid,ovoid-reniform,pair,papillose,partially,pedicel,petiole,pinkish-grey,pitted,plant,red-papillose,reddish-grey,rest,size,slightly,soon,stem,stigma,style,surface,tan,tip,treelet,tube,two,unit,vein,way,white,winged,x,young	.75,1-2,10-15,3-5,6-11,adaxial,along,anthesi,apparent,arising,ba,character,closely,cork,differing,dried,dry,eaf,edicel,eed,entire,erose,five-pointed,free,geminat,growing,hood,interpetalar,like,live,lon,long-triangular-deltoid,lower,major,mature,measured,middle,minor,nflorescence,one,overlapping,papillae,papillo,persistent,planar,pore,poricidal,portion,prominent,proximal,rather,ridge,ruit,scar,secondary,seen,shaped,sinus,small,smoot,spaced,specimen,straight,tall,tear-drop,thickened,thin,tiny,trunk,ud,upper,visible,widest,woody,ympodial	appearance,arrangement,border,branch,characteristic,colour,corrugation,diameter,distal,drying,exertion,form,geminate,giving,glabrousnes,growth,height,history,inflorescence,interjected,leaflet,length,life,lobing,midpoint,na,new,number,peduncle,per,perennial,prickle,primary,pseudostipule,ray,seed,shape,sympodial,terminal,texture,thicknes,type,variation,width	/3,0.5-1,1-1.5,1.2-1.5,14-21,2-3,2-6,2.5-3,20-45,5-20-flowered,5-7,7-9,acute,appearing,area,asymmetric,attenuate,base,berry,broadened,bud,calyx,campanulate,closed,cm,decurrent,deflexed,densely,dia,difoliate,elliptic,elongate,erect,exserted,fleshy,flopping,flower,furcate,glabrate,glabrous,globose,grey,held,higher,hooded,immature,lateral,leaf,lobed,long,main,matte,minutely,mm,occasionally,older,onto,opposite,ovoid,ovoid-reniform,pair,papillose,partially,petiole,pinkish-grey,pitted,red-papillose,reddish-grey,rest,slightly,soon,stem,style,tan,tip,treelet,two,unit,vein,way,white,winged,x,young	geminate,na,perennial,sympodial
138	wfo-0001027340	success	189	142	85	102	87	40	83	2	0.5-0.9,1-2,1.5-2.7,16-22,2-3,2-4,2.5-4.5,2.7-4.5,3.5-5,3.5-9,4-6,4-7.5,5-6,7-18,7-8,8-14,8-9.5,abaxially,absent,acuminate,adaxially,anther,apex,apparently,axillary,base,berry,brownish,bud,cell,chartaceous,cm,condition,cordate,corolla,covering,dark,diameter,distal,drying,elliptic,filament,flower,forked,fresh,fruit,generally,glabrous,globose,green,green-white,greenish,hair-like,half,herb,interjected,lanceolate,lateral,leaflet,lilac-purple,lobe,long,margin,membranous,minute,mm,narrow,odd-pinnate,ovate,ovoid,papillose,pedicel,peduncle,perfect,petiole,plant,pubescent,purple,ripe,rotate,rounded,seed,shortly,size,sparsely,splotched,stem,stigma,style,subtending,terminal,testal,thick,throughout,tinged,truncate,tube,usually,wall,whitish,wing,x	1-10,1-3,10-16,2-3.5,3-4,5-11,5-merou,6-8.5,abruptly,acumen,ag,along,alyx,apart,articulated,articulation,auriculate,axe,blade,capitat,ciliate,connivent,decreasing,developing,digestion,distinct,dorsally,eaf,edge,eed,enzyme,especially,exceeding,flat,folded,geminat,glabrou,hair,hal,high,homostylous,honeycomb-shaped,indistinct,lengthening,like,living,lower,make,midrib,minutely,mucilaginous,narrowed,nflorescence,orolla,pair,petiolulate,plurifoliate,pointed,pore,poricidal,puberulent,purpl,removed,ruit,semi-erec,semi-rosette,sessile,seudostipule,short,slightly,slit,spaced,specimen,stamen,ste,straight,tall,tamen,tem,tip,tri-,unit,vary,wet,yellow,ympodial,young	appearance,arrangement,bark,border,branch,calyx,capitate,characteristic,colour,corrugation,exertion,form,giving,glabrousnes,growth,height,history,inflorescence,leaf,length,life,lobing,midpoint,na,new,number,ovary,per,prickle,primary,pseudostipule,ray,shape,surface,texture,thicknes,type,variation,vein,width	0.5-0.9,1-2,1.5-2.7,16-22,2-3,2-4,2.5-4.5,2.7-4.5,3.5-5,3.5-9,4-6,4-7.5,5-6,7-18,7-8,8-14,8-9.5,abaxially,absent,acuminate,adaxially,apparently,axillary,berry,brownish,bud,cell,chartaceous,cm,condition,cordate,covering,dark,diameter,distal,drying,elliptic,flower,forked,fresh,generally,glabrous,globose,green,green-white,greenish,hair-like,half,herb,lanceolate,lateral,lilac-purple,long,membranous,minute,mm,narrow,odd-pinnate,ovate,ovoid,papillose,perfect,plant,pubescent,purple,ripe,rotate,rounded,shortly,sparsely,splotched,subtending,terminal,testal,thick,throughout,tinged,truncate,usually,wall,whitish,wing,x	capitate,na
139	wfo-0001027354	success	166	147	112	121	45	26	109	3	0,0.5,0.5-2,0.7-1.3,1,1-1.2,1-1.5,1-7,1.5-1.8,1.5-2,1.7-5,10,10-20,2.5-3.5,3-4,3.4-4,3/4,4-10,5-7,6.5-13,8-12,absent,acute,age,along,anther,anthesi,apex,apical,appearing,bark,basal,base,becoming,berry,bi-lobed,branch,branching,calyx,cm,conical,corolla,covered,dark,dendritic,densely,diameter,drying,elliptic,entire,exserted,filament,flattened,flower,fork,fruit,fruiting,glabrate,glabrous,globose,golden,growth,later,lateral,leaf,length,lenticular,like,lobe,long,loose,loosely,minutely,mm,monochasial,mostly,narrowly,near,occasionally,ovary,pair,pedicel,per,petiole,pitted,planar,plurifoliate,pore,poricidal,pubescent,purplish-black,pyramidal,reddish-brown,secondary,shrub,slightly,slit-like,small,sparsely,stem,stigma,strongly,style,surface,tapering,terminal,time,tip,tree,tree-like,trichome,tube,type,vein,violet,way,white,wide,winged,x,young	.5,abaxial,abaxially,adaxial,ba,belo,blade,deltoid,denser,dichasia,eaf,edicel,eed,erect,ew,free,inserted,less,lobed,lower,m.,nflorescence,nodding,older,papillo,pericarp,portion,pubescen,raised,ruit,scar,side,simple,sleeve,somewhat,stamen,tall,thecalyx,thin,tiny,tub,ud,unit,woody,ympodial	arrangement,bud,characteristic,colour,corrugation,dichasial,exertion,form,glabrousnes,height,history,inflorescence,life,lobing,margin,na,new,number,papillose,peduncle,plant,primary,seed,shape,size,texture	0,0.5,0.5-2,0.7-1.3,1,1-1.2,1-1.5,1-7,1.5-1.8,1.5-2,1.7-5,10,10-20,2.5-3.5,3-4,3.4-4,3/4,4-10,5-7,6.5-13,8-12,absent,acute,age,along,anthesi,apex,apical,appearing,basal,base,becoming,berry,bi-lobed,branch,branching,calyx,cm,conical,corolla,covered,dark,dendritic,densely,diameter,elliptic,entire,exserted,flattened,flower,fork,fruit,glabrate,glabrous,globose,golden,later,lateral,length,lenticular,like,lobe,long,loose,loosely,minutely,mm,monochasial,mostly,narrowly,near,occasionally,pair,per,petiole,pitted,planar,plurifoliate,pore,poricidal,pubescent,purplish-black,pyramidal,reddish-brown,secondary,shrub,slightly,slit-like,small,sparsely,stem,strongly,surface,tapering,terminal,time,tip,tree,tree-like,trichome,tube,vein,violet,way,white,wide,winged,x,young	dichasial,na,papillose
140	wfo-0001027359	success	220	143	87	106	114	37	83	4	-20,.5,/3,0-3,0-9,0.3-1.2,0.5-2,0.6-1,1-1.2,1.2-1.5-2,1.2-2,1.5-2.5,1.8-3.2,2.5-3.5,2.5-5.5,4-5,6-8,acute,anther,apex,apparently,bark,base,berry,branched,bright,calyx,cell,chartaceous,cm,concolorous,cuneate,densely,diameter,distinctive,drying,dull,entire,filament,flattened-reniform,fruit,fruiting,glabrous,gray,lateral,leaf,length,lobe,lobed,long,margin,maturity,membranous,midpoint,minutely,mm,moderately,obtuse,occasional,orange-brown,outline,ovate,ovoid,pair,pedicel,peduncle,per,petiole,pit,poricidal,prickle,prickly,primary,purple,raised,ray,red,reflexed,reticulate,shallowly,shrub,small,smooth,sometimes,sparsely,spherical,spreading,stellate,stellate-pubescent,stem,style,surface,tapering,terminal,tinge,tip,trichome,tube,unarmed,undulate,vein,way,white,wide,yellow,yellow-brown	-3,-4,-7,.1,.2,/4,0-2,0-5,0.1,0.1-0.2,0.1-0.2-0.25,0.1-1.5,0.3-0.5,0.5,0.5-1,0.6-0.8,1-2,1-3,1-4,1-5,1.5-2,1/5-1/4,2-10,2-3,2-4,3-10,4-5-6.5,5-6-8-9,5-merous,7-8,abaxially,acut,alyx,apar,apart,apically,articulated,ba,blade,brow,coroll,cream,curved,dark,deltate,difoliate,eaf,eed,elongate,elongating,equal,erect,eye,filiform,flattened,flower,free,geminat,glabrescent,green,herbaceous,infructescence,less,like,longer,lower,marking,mature,naked,narrow-deltate,narrow-ovate,near,nflorescence,often,older,one,open,orolla,oung,pale,perfec,pericarp,porrect,portion,rachi,rarely,ruit,scandent,scar,sessile,shorter,simple,slender,slightly,spaced,stalk,stalked,stump,tamen,terete,tertiary,time,ud,unarme,unit,usually,variously,vary,venation,visible,weakly,woody,ympodial,young	alternate,appearance,arrangement,border,branch,brown,bud,characteristic,colour,corolla,distal,exertion,form,giving,glabrousnes,growth,height,history,inflorescence,leaflet,life,lobing,na,new,number,ovary,perennial,plant,pseudostipule,seed,shape,size,texture,thicknes,type,variation,width	-20,.5,/3,0-3,0-9,0.3-1.2,0.5-2,0.6-1,1-1.2,1.2-1.5-2,1.2-2,1.5-2.5,1.8-3.2,2.5-3.5,2.5-5.5,4-5,6-8,acute,apparently,base,berry,branched,bright,cell,chartaceous,cm,concolorous,cuneate,densely,diameter,distinctive,dull,entire,flattened-reniform,glabrous,gray,lateral,lobed,long,maturity,membranous,minutely,mm,moderately,obtuse,occasional,orange-brown,outline,ovate,ovoid,pair,per,pit,poricidal,prickle,prickly,purple,raised,red,reflexed,reticulate,shallowly,shrub,small,smooth,sometimes,sparsely,spherical,spreading,stellate,stellate-pubescent,tapering,terminal,tinge,tip,trichome,unarmed,undulate,way,white,wide,yellow,yellow-brown	alternate,brown,na,perennial
141	wfo-0001027366	success	136	134	75	88	48	46	70	5	/4,0.25-0.5,0.5-1,0.7-1,1-1.5,1-2,1-3,1.5-2,11-21,2-2.5,3-10-flowered,3-9,4-4.5,4-5,5-7,6-19,abaxially,acute,adaxially,anther,apex,axe,bark,base,berry,bright,broadly,brown,calyx,capitate,cm,conical,conspicuously,corolla,dark,deflexed,dia,drying,elliptic,except,filament,fruiting,glabrous,globose,golden,green,greenish-white,lateral,leaf,lobe,lobed,long,main,margin,minutely,mm,orbicular,ovary,ovoid,ovoid-reniform,pair,pale,papillose,parallel,pedicel,petiole,pitted,pointed,reddish,rounded,secondary,shaped,shining,shrub,simple,somewhat,stem,stigma,style,surface,tear-drop,tip,trichome,tube,vein,venation,way,wide	.5,/2,603,anthesi,ape,ba,closely,deltate,eaf,edicel,eed,erect,et,exserted,fide,free,internodal,lamina,less,lon,long-triangular,lower,middle,nflorescence,older,opposite,overlappin,packed,papillo,planar,pore,poridical,portion,ramo,ruit,scar,sometimes,straight,tall,tub,ud,unifoliat,unit,widest,woody,yellowish-gre,ympodial,young	appearance,arrangement,border,branch,bud,characteristic,colour,corrugation,diameter,distal,exertion,form,fruit,giving,glabrousnes,growth,height,history,inflorescence,interjected,leaflet,length,life,lobing,midpoint,na,new,number,peduncle,per,plant,prickle,primary,pseudostipule,ray,seed,shape,size,terminal,texture,thicknes,type,unifoliate,variation,width,yellowish-grey	/4,0.25-0.5,0.5-1,0.7-1,1-1.5,1-2,1-3,1.5-2,11-21,2-2.5,3-10-flowered,3-9,4-4.5,4-5,5-7,6-19,abaxially,acute,adaxially,axe,base,berry,bright,broadly,brown,capitate,cm,conical,conspicuously,dark,deflexed,dia,drying,elliptic,except,glabrous,globose,golden,green,greenish-white,lateral,lobed,long,main,minutely,mm,orbicular,ovoid,ovoid-reniform,pair,pale,papillose,parallel,pitted,pointed,reddish,rounded,secondary,shaped,shining,shrub,simple,somewhat,tear-drop,tip,trichome,vein,venation,way,wide	.7-1,di,na,unifoliate,yellowish-grey
142	wfo-0001027368	success	143	139	78	86	57	53	75	3	-15,.5,0.3-2.5,0.5-3.5,0.8-2,1-2,1.5-2,1.5-2.5,2,2-2.5,2-4,3-12.5,5-10,5-15-20,5-6,abaxially,abruptly,acuminate,acute,apart,apex,articulated,base,branched,calyx,chartaceous,cm,contiguous,cuneate,darker,decurrent,deltate,dendritically,densely,diameter,distally,ellipsiodal,elliptic,elliptic-ovate,entire,forked,glabrous,globose,hair,lanceolate,lenticular,lighter,lobe,margin,mm,moderately,narrowed,narrowly,nearly,oblong,obtuse,occasionally,often,otherwise,ovoid-fusiform,pedicel,peduncle,petiole,puberulent,pubescent,purple,ray,shrub,simple,small,spaced,sparsely,star,stigma,style,subcoriaceous,subhastate,terminal,triangular,truncate,tube,unbranched,unknown,vein,white,x	-10,-2-5,0.5-5,1-15-flower,1-6,2-3,2-9,3,4-6,4-many-foliat,8-13,absen,adaxiall,adaxially,aggregate,also,axe,ba,blade,cell,color,connivent,cylindrical,denser,directed,eaf,eed,except,gland,long,long-stalked,lower,midvein,nflorescence,nther,orolla,pore,pubescen,rachi,radiu,ruit,sometimes,stalked,stellate,stone,subcapitat,tal,tem,three,time,tip,unit,usually,vary,wide,yellow,ympodial	-5,anther,appearance,arrangement,bark,border,branch,bud,characteristic,colour,corolla,corrugation,distal,drying,exertion,filament,form,fruit,fruiting,giving,glabrousnes,growth,height,history,inflorescence,interjected,lateral,leaf,leaflet,length,life,lobing,midpoint,na,new,number,ovary,per,plant,prickle,primary,pseudostipule,seed,shape,size,stem,subcapitate,surface,texture,thicknes,type,variation,width	-15,.5,0.3-2.5,0.5-3.5,0.8-2,1-2,1.5-2,1.5-2.5,2,2-2.5,2-4,3-12.5,5-10,5-15-20,5-6,abaxially,abruptly,acuminate,acute,apart,apex,articulated,base,branched,chartaceous,cm,contiguous,cuneate,darker,decurrent,deltate,dendritically,densely,distally,ellipsiodal,elliptic,elliptic-ovate,entire,forked,glabrous,globose,hair,lanceolate,lenticular,lighter,lobe,margin,mm,moderately,narrowed,narrowly,nearly,oblong,obtuse,occasionally,often,otherwise,ovoid-fusiform,puberulent,pubescent,purple,shrub,simple,small,spaced,sparsely,star,subcoriaceous,subhastate,triangular,truncate,unbranched,unknown,white,x	-5,na,subcapitate
143	wfo-0001027369	success	188	133	80	97	91	36	76	4	-10,.4,.5,.7,/4,0-1,0.2-0.5-1,0.5,0.5-0.8,0.6-0.8,1-2.5,1-4,1.2-2.5,1.2-3,1.5-2,2-3,4-8,7-15,almost,anther,apart,apex,apically,apparently,articulated,bark,base,berry,calyx,cm,cordate,curved,densely,diameter,erect,eye,filament,filiform,fruit,fruiting,glabrous,glaucous,green,known,lanceolate,lateral,leaf,length,less,lobe,lobed,long,margin,mauve,membranous,mm,moderately,multangulate,naked,narrowly,orbicular,pale,pedicel,peduncle,per,petiole,poricidal,prickle,prickly,ray,reflexed,reniform,rounded,shrub,simple,slender,slightly,spaced,sparsely,spherical,spreading,stellate,stellate-pubescent,stem,straight,strongly,style,surface,tapering,terminal,tip,tube,visible,way,wide,winged,yellow	-11,.1,0-15,0-2,0-3,0-5,0-6,0.05-0.15,0.1,0.1-0.2,0.1-0.3,0.25-0.4,0.3-1.5,0.5-1.5,1-2,1-2-4,1-3,1/3,2-5,3,3-10,3-4,4-5,5,5-merous,abaxially,acut,alyx,ame,apar,blade,branched,broad-deltate,c.,color,concolorous,deltate,difoliate,distance,drying,eaf,eed,elongating,equal,extending,flower,free,geminat,glabrou,gra,hair,herbaceous,infructescence,know,lon,lower,mature,midpoint,midvein,nflorescence,older,one,open,orolla,oung,pendulous,perfec,pericarp,perpendicular,porrect,portion,prickl,ruit,scandent,scar,sessile,side,smooth,stalk,stalked,tamen,terete,time,trichome,unarmed,unequal,unit,vary,venation,wider,ympodial	acute,appearance,arrangement,border,branch,bud,characteristic,colour,corolla,corrugation,exertion,form,giving,glabrousnes,gray,growth,height,history,inflorescence,life,lobing,na,new,number,ovary,perennial,plant,primary,seed,shape,size,stigma,texture,type,vein,width	-10,.4,.5,.7,/4,0-1,0.2-0.5-1,0.5,0.5-0.8,0.6-0.8,1-2.5,1-4,1.2-2.5,1.2-3,1.5-2,2-3,4-8,7-15,almost,apart,apically,apparently,articulated,base,berry,cm,cordate,curved,densely,diameter,erect,eye,filiform,glabrous,glaucous,green,known,lanceolate,lateral,less,lobed,long,mauve,membranous,mm,moderately,multangulate,naked,narrowly,orbicular,pale,poricidal,prickly,reflexed,reniform,rounded,shrub,simple,slender,slightly,spaced,sparsely,spherical,spreading,stellate,stellate-pubescent,straight,strongly,tapering,terminal,tip,visible,way,wide,winged,yellow	acute,gray,na,perennial
144	wfo-0001027378	success	149	135	71	72	77	63	53	18	.2,acuminate,acute,anther,apex,base,berry,blue,broadly,calyx,chartaceous,cm,cordate,deeply,deltoid,diameter,extra-axillary,filament,flattened,fleshy,flower,fruit,fruiting,glabrous,half,herbaceous,lanceolate,leaf,light,lobe,long,lower,margin,markedly,minutely,mm,narrowly,ovate,ovoid,palmate,papillose,pedicel,peduncle,pentagonal,petiole,primary,pubescent,revolute,rotate-stellate,rounded,sand-punctate,simple,slender,slightly,small,somewhat,spaced,sparsely,stem,stigma,style,tip,tooth,trichome,tube,unbranched,unknown,vein,vine,white,widely,x	0.5–1,0.7–1,0.8–2.5,1.2–1.5,1.2–1.8,1.5–1.8,1.5–8,15–35,1–1.5,1–3,2.3–5,2.5–7,2–11,2–2.2,2–2.5,3–4.5,3–5,3–6,4–6,4–9,5-8,5-merous,5–10,5–13,5–7,6–10,6–7,abaxially,adaxial,adaxially,alyx,apar,apicall,axe,blade,c.,capitat,ciliate,clavate,climbin,color,cylindrical,densely,eaf,eed,glabrou,hair,hair-tipped,like,lon,longer,m.,membranous,moderately,nflorescence,nternode,obscure,often,orolla,perfec,plurifoliat,pointed,rachi,ruit,sand-punctat,scattered,short,side,tamen,tem,terrestrial,unit,unknow,vary,venation,wide,ympodial	0.5-1,0.7-1,1.2-1.8,1.5-1.8,1.5-8,15-35,2-11,2-2.2,2-2.5,2.3-5,2.5-7,3-5,3-6,4-6,5-10,6-7,appearance,arrangement,bark,border,branch,bud,capitate,characteristic,colour,corolla,corrugation,distal,drying,exertion,form,giving,glabrousnes,growth,height,history,inflorescence,interjected,lateral,leaflet,length,life,lobing,midpoint,na,new,number,ovary,per,plant,prickle,pseudostipule,ray,seed,shape,size,surface,terminal,texture,thicknes,type,variation,width	.2,acuminate,acute,berry,blue,broadly,chartaceous,cm,cordate,deeply,deltoid,extra-axillary,flattened,fleshy,flower,fruit,glabrous,half,herbaceous,lanceolate,light,long,lower,markedly,minutely,mm,narrowly,ovate,ovoid,palmate,papillose,pentagonal,pubescent,revolute,rotate-stellate,rounded,sand-punctate,simple,slender,slightly,small,somewhat,spaced,sparsely,tip,tooth,trichome,unbranched,unknown,vine,white,widely,x	0.5-1,0.7-1,1.2-1.8,1.5-1.8,1.5-8,15-35,2-11,2-2.2,2-2.5,2.3-5,2.5-7,3-5,3-6,4-6,5-10,6-7,capitate,na
145	wfo-0001027378	success	141	131	71	84	57	47	69	2	.2,0.7-1,1.5-1.8,1.5-8,15-35,2-11,2-2.2,2-4,2.5-7,3-5,3-6,4-6,5-13,abaxially,acuminate,acute,adaxially,anther,apex,basally,base,blade,blue,broadly,calyx,chartaceous,climbing,cm,connivent,cordate,deeply,deltoid,diameter,extra-axillary,filament,fleshy,flower,fruit,fruiting,glabrous,hair,hair-tipped,herb,lanceolate,leaf,light,lobe,margin,minutely,mm,moderately,multicellular,narrowly,oblong,obscure,often,ovate,pedicel,peduncle,petiole,pubescent,revolute,rotate-pentagonal,rounded,simple,slender,small,somewhat,spaced,sparsely,stigma,style,terrestrial,tip,tooth,trailing,tube,unbranched,unknown,vein,weakly,white,widely,x	0.8-2.5,1-1.5,1-3,1.2-1.5,2.3-5,3-4.5,4-9,5-8,5-merou,6-10,6-7,ag,alyx,apart,apicall,apparently,articulated,axe,ba,capitat,ciliate,clavate,cylindrical,densely,directed,distally,eaf,eed,equal,geminat,large,long,longer,longitudinal,lower,nflorescence,node,opening,orolla,perfect,plurifoliate,pore,pubescen,rachi,rooting,scattered,short,slightly,slit,tamen,tem,unit,unknow,vary,wide,yellow,ympodial	appearance,arrangement,border,bud,capitate,characteristic,colour,corolla,corrugation,distal,drying,exertion,form,giving,glabrousnes,growth,height,history,inflorescence,interjected,lateral,leaflet,length,life,lobing,midpoint,na,new,number,ovary,per,plant,prickle,primary,pseudostipule,ray,seed,shape,size,stem,surface,terminal,texture,thicknes,type,variation,width	.2,0.7-1,1.5-1.8,1.5-8,15-35,2-11,2-2.2,2-4,2.5-7,3-5,3-6,4-6,5-13,abaxially,acuminate,acute,adaxially,basally,blade,blue,broadly,chartaceous,climbing,cm,connivent,cordate,deeply,deltoid,extra-axillary,fleshy,flower,fruit,glabrous,hair,hair-tipped,herb,lanceolate,leaf,light,minutely,mm,moderately,multicellular,narrowly,oblong,obscure,often,ovate,pubescent,revolute,rotate-pentagonal,rounded,simple,slender,small,somewhat,spaced,sparsely,terrestrial,tip,tooth,trailing,unbranched,unknown,vein,weakly,white,widely,x	capitate,na
146	wfo-0001027384	success	155	137	79	94	61	43	77	2	.5,.75,0.4-1.1,0.5-1,0.9-1,1-1.3,1-1.5,1-3,1-4,1.5-2,2.5-6.5,3-3.5,3-4,3/4,4-7,5-15-flowered,5-5.5,7-14,7.5-8,acute,anther,apex,bark,base,berry,brown,bud,calyx,capitate,clavate,cm,corolla,cuneate,deep,dia,distal,drying,ellipsoid,filament,flattened-reniform,fruiting,glabrous,globose,green,hard,later,lateral,leaf,lobe,lobed,long,long-exserted,main,margin,minutely,mm,mustard,narrowly,obovate,opposite,ovary,pair,pale,papillose,pedicel,petiole,pitted,pore,poricidal,pseudo-terminal,reddish-purple,rounded,shaped,shining,shrub,simple,slender,small,stem,stigma,style,sulcate,surface,tapering,tear-drop,tip,tree,tube,vein,way,white,x,yellow,young	.25,/3,abov,anothe,anthesi,apart,ba,beginning,beneath,breaking,broadly,closely,difoliate,eaf,edicel,eed,equal,erect,free,geminate,herbarium,incrassate,inflorescenc,lower,member,middle,nflorescence,occasionally,older,overlapping,paler,papillo,peeling,planar,portion,prominent,rarely,ruit,scar,section,siz,spaced,specimen,straight,subcoriaceous-fleshy,tall,thick,transverse,triangular,trichome,tub,tuft,ud,uniseriate,unit,widely,widest,without,woody,yellowish,ympodial	alternate,appearance,arrangement,border,branch,characteristic,colour,corrugation,diameter,exertion,form,fruit,giving,glabrousnes,growth,height,history,inflorescence,interjected,leaflet,length,life,lobing,midpoint,na,new,number,peduncle,per,plant,prickle,primary,pseudostipule,ray,seed,shape,size,terminal,texture,thicknes,type,variation,width	.5,.75,0.4-1.1,0.5-1,0.9-1,1-1.3,1-1.5,1-3,1-4,1.5-2,2.5-6.5,3-3.5,3-4,3/4,4-7,5-15-flowered,5-5.5,7-14,7.5-8,acute,base,berry,brown,calyx,capitate,clavate,cm,cuneate,deep,dia,ellipsoid,flattened-reniform,glabrous,globose,green,hard,later,lateral,leaf,lobed,long,long-exserted,main,minutely,mm,mustard,narrowly,obovate,opposite,pair,pale,papillose,pitted,pore,poricidal,pseudo-terminal,reddish-purple,rounded,shaped,shining,shrub,simple,slender,small,sulcate,surface,tapering,tear-drop,tip,tree,tube,vein,way,white,x,yellow,young	alternate,na
147	wfo-0001027389	success	154	123	62	78	76	45	59	3	.1,.5,0.25-0.3,0.5-0.75,0.5-1.5,1-1.5,1.8-1.9,11-14,2-2.5,3-3.5,3-4.5,5-7,7-8,acuminate,acute,anther,apex,bark,base,berry,broadening,broadly,brown,bud,calyx,cm,conical,corolla,dark,dia,elliptic,exserted,filament,foetid,fruiting,glabrous,globose,green,inflorescence,lateral,leaf,lobe,lobed,main,margin,minutely,mm,nearly,ovary,ovate,ovoid-reniform,pair,pedicel,petiole,pitted,puberulent,reddish-golden,shaped,shrub,simple,slight,soon,sparsely,stem,stigma,straight,style,surface,tear-drop,thread-like,top,truncate,tube,vein,white,winged,x,yellowish	.25,0.25-0.5,0.6-1,1,1-2,4-5-flowered,along,anthesi,apart,ba,beneath,decurrent,deflexed,deltoid,dry,eaf,edicel,eed,ellipsoid,erect,evenly,except,expanded,filiform,foliage,free,geminate,hispidulous,like,lon,long,lower,making,material,middle,nflorescence,node,non-reproductive,obovoi,occasionally,often,older,one,opposite,paler,papillo,papillose,pore,poricidal,portion,prominent,prominently,proximal,raise,raised,reflexed,rest,ruit,scar,shin,side,slender,slightly,spaced,tall,tapering,tip,trichome,ud,unifoliat,uniseriate,unit,widest,woody,ympodial,young	appearance,arrangement,border,branch,characteristic,colour,corrugation,diameter,distal,drying,exertion,form,fruit,giving,glabrousnes,growth,height,history,interjected,leaflet,length,life,lobing,midpoint,na,new,number,peduncle,per,plant,prickle,primary,pseudostipule,ray,seed,shape,shiny,size,terminal,texture,thicknes,type,unifoliate,variation,width	.1,.5,0.25-0.3,0.5-0.75,0.5-1.5,1-1.5,1.8-1.9,11-14,2-2.5,3-3.5,3-4.5,5-7,7-8,acuminate,acute,base,berry,broadening,broadly,brown,cm,conical,dark,dia,elliptic,exserted,foetid,glabrous,globose,green,lateral,lobed,main,minutely,mm,nearly,ovate,ovoid-reniform,pair,pitted,puberulent,reddish-golden,shaped,shrub,simple,slight,soon,sparsely,straight,style,tear-drop,thread-like,top,truncate,vein,white,winged,x,yellowish	na,shiny,unifoliate
148	wfo-0001027395	success	153	119	76	90	63	29	74	2	.25,.5,0.25-0.5,0.75-1,1-1.5,1-5,1.1-1.5,1.5-1.9,10-20-flowered,12.5-17.3,2-3,5-6.5,8,acute,anther,apex,apically,attenuate,bark,base,beneath,berry,black,calyx,capitate,cm,conical,constricted,corolla,decurrent,deflexed,densely,dia,drying,erect,exserted,filament,fleshy,fruit,fruiting,glabrous,globose,green,immature,imperceptibly,large,leaf,lobe,lobed,long,margin,minutely,mm,narrowly,nearly,obovate,occasionally,once-furcate,ovary,ovoid,papillose,partially,pedicel,petiole,pointed,primary,pubescent,raised,robust,rusty-papillate,secondary,shaped,shining,shiny,shrub,simple,size,somewhat,stem,stigma,straight,style,tapering,tear-drop,trichome,tube,uniseriate,vein,white,x	0.6-1.1,1-2,1.5-2.5,1.6-2.9,11-15,2.2-7,3.5-4,4-6,anthesi,apiculate,becoming,beginning,caly,closely,cucullate,deltoid,depressed,differing,difoliate,eaf,edicel,eed,enlarging,exfoliating,free,geminat,inflorescenc,known,lateral,lon,lower,main,major,midrib,minor,nflorescence,older,opposite,overlapping,pair,papillo,piece,planar,pore,poricidal,portion,restricted,ruit,scar,small,spaced,tall,thick,thickened,tip,transverse,ud,unit,within,without,woody,ympodial,young	alternate,arrangement,branch,bud,characteristic,colour,corrugation,diameter,exertion,form,glabrousnes,growth,height,history,inflorescence,length,life,lobing,na,new,number,peduncle,per,plant,seed,shape,surface,texture,type	.25,.5,0.25-0.5,0.75-1,1-1.5,1-5,1.1-1.5,1.5-1.9,10-20-flowered,12.5-17.3,2-3,5-6.5,8,acute,apically,attenuate,base,beneath,berry,black,calyx,capitate,cm,conical,constricted,decurrent,deflexed,densely,dia,drying,erect,exserted,fleshy,glabrous,globose,green,immature,imperceptibly,large,lobe,lobed,long,minutely,mm,narrowly,nearly,obovate,occasionally,once-furcate,ovoid,papillose,partially,petiole,pointed,primary,pubescent,raised,robust,rusty-papillate,secondary,shaped,shining,shiny,shrub,simple,somewhat,straight,tapering,tear-drop,trichome,uniseriate,vein,white,x	alternate,na
149	wfo-0001027396	success	241	170	111	132	109	38	107	4	0-100,0-3,0-4,0.5-1,0.5-1.5,0.7-2.5,0.8-1.3,1.5-3,1.5-3.5,1.8-3,1/3,1/4-1/3,10-35,2-3,2-3.5,2-7,2.5-4,2.8-4.5,20-100,3.5-6,4-7,5-50,5-8,6-20,abaxially,acute,almost,anther,apart,apex,apparently,articulated,attenuate,bark,base,berry,black,brown,calyx,chartaceous,cm,concolorous,connivent,cream,cuneate,dark,densely,diameter,discolorous,distal,drying,elliptic,elongate,erect,filament,flattened,flattened-reniform,flower,fruit,fruiting,glabrous,glandular,green,hair,herb,lateral,leaf,length,lobe,lobed,lobing,long,long-styled,margin,marking,maturity,mauve,midpoint,mm,moderately,near,obtuse,often,orange,pair,pale,pedicel,peduncle,per,perpendicular,petiole,plant,poricidal,porrect,prickle,prickly,primary,pubescent,purple,ray,red-brown,rotate,short-styled,shrub,simple,sometimes,somewhat,spaced,sparsely,spherical,stalked,stellate-pubescent,stem,straight,style,surface,tapering,tearing,tip,trichome,tube,unbranched,upper,variously,vein,way,white,wide,yellow,yellow-green,yellowish,young	/3,0-30,0-5,0.1-0.5,0.1-1,0.4-0.7,0.5-2,0.5-2.5,0.8,1,1-2,1-4,1.2-2,1/2-2/3,1/6,10-15,10-25,10-30,12-25,15-40,3-4-5-6,3-9,4-5,4-6,5-10,5-20,5-30,5-merous,5.5-7.5,6.5-7.5,7-10,7-15,8-20,abaxial,adaxial,alyx,ame,andromonoecious,apar,apically,ba,blade,broad,broad-deltate,bulbous,c.,curved,decurrent,deltate,difoliate,distance,eaf,eed,elongating,equal,extending,extensive,fewer,free,fully,geminat,glabrescent,gray-brow,hermaphrodite,heterostylous,infructescence,less,lignified,lon,long-acuminat,longer,lower,lowermost,mature,midvein,nflorescence,older,one,open,opening,orolla,oung,pendulous,pericarp,portion,prickl,reflexed,ruit,scar,secondary,sessile,side,smooth,spreading,stalk,staminat,stout,tamen,terete,tertiary,time,unarmed,unit,usually,vary,venation,visible,woody,ympodial	appearance,arrangement,border,branch,bud,characteristic,colour,corolla,corrugation,decurren,exertion,form,giving,glabrousnes,gray-brown,growth,height,history,inflorescence,interjected,leaflet,life,na,new,number,ovary,perennial,pseudostipule,seed,shape,size,stigma,terminal,texture,thicknes,type,variation,width	0-100,0-3,0-4,0.5-1,0.5-1.5,0.7-2.5,0.8-1.3,1.5-3,1.5-3.5,1.8-3,1/3,1/4-1/3,10-35,2-3,2-3.5,2-7,2.5-4,2.8-4.5,20-100,3.5-6,4-7,5-50,5-8,6-20,abaxially,acute,almost,apart,apparently,articulated,attenuate,base,berry,black,brown,chartaceous,cm,concolorous,connivent,cream,cuneate,dark,densely,diameter,discolorous,elliptic,elongate,erect,flattened,flattened-reniform,flower,glabrous,glandular,green,hair,herb,lateral,lobed,long,long-styled,marking,maturity,mauve,mm,moderately,near,obtuse,often,orange,pair,pale,per,perpendicular,poricidal,porrect,prickle,prickly,pubescent,purple,red-brown,rotate,short-styled,shrub,simple,sometimes,somewhat,spaced,sparsely,spherical,stalked,stellate-pubescent,stem,straight,tapering,tearing,tip,trichome,unbranched,upper,variously,way,white,wide,yellow,yellow-green,yellowish,young	decurren,gray-brown,na,perennial
150	wfo-0001027449	success	160	117	74	86	74	31	68	6	/3,0.5-1,0.8-1.5,0.9-1.1,1.4-1.5,1.5-2.5,10-15-flowered,2-4,3-7,5-6,8-15,acute,anther,apex,area,bark,base,beneath,berry,brown,bud,calyx,cm,corolla,dark,densely,dia,difoliate,elliptic,exserted,filament,fruit,fruiting,glabrate,glabrous,globose,green,inflorescence,leaf,lobe,lobed,long,long-acuminate,minutely,mm,narrowly,older,orangish,ovary,ovoid-reniform,pale,papillose,pedicel,petiole,pitted,pointed,prominent,pubescent,raised,red-papillose,shaped,shrub,simple,size,slender,small,soon,sparsely,stem,stigma,straight,style,surface,tapering,tear-drop,tip,tree,trichome,tube,uniseriate,unit,vein,way,white,x,young	.4,.5,.75,0.5-1.5,1.2-1.5,2-3,3,3-3.5,4-6,acuminate,anthesi,appearing,arising,around,axil,becoming,beginning,closely,cup,deciduous,deflexed,dense,density,differing,dry,eaf,edicel,eed,ellipsoid,erect,extreme,forming,free,frui,geminat,inflorescenc,lamina,later,lateral,like,lon,long-triangular,lower,main,major,material,minor,nflorescence,obconic,oblique,often,one,opposite,overlapping,packed,pair,persistent,pore,poricidal,portion,reddish-brow,reflexed,rest,ruit,scar,sparse,styl,tall,trunk,tuft,ud,varying,woody,ympodial	0.4,0.75,arrangement,branch,characteristic,colour,corrugation,diameter,drying,exertion,form,geminate,glabrousnes,growth,height,history,length,life,lobing,margin,na,new,peduncle,plant,primary,reddish-brown,seed,shape,sympodial,texture,type	/3,0.5-1,0.8-1.5,0.9-1.1,1.4-1.5,1.5-2.5,10-15-flowered,2-4,3-7,5-6,8-15,acute,area,base,beneath,berry,brown,calyx,cm,dark,densely,dia,difoliate,elliptic,exserted,glabrate,glabrous,globose,green,lobe,lobed,long,long-acuminate,minutely,mm,narrowly,older,orangish,ovoid-reniform,pale,papillose,pitted,pointed,prominent,pubescent,raised,red-papillose,shaped,shrub,simple,slender,small,soon,sparsely,straight,style,tapering,tear-drop,tip,tree,trichome,tube,uniseriate,unit,way,white,x,young	0.4,0.75,geminate,na,reddish-brown,sympodial
151	wfo-0001027452	success	152	136	77	89	63	47	75	2	.5,0.5-1,0.5-1.5,0.5-2,0.5-2.5,1,1-3,1-4.5,1-5,1.5,1.5-3,10-20,2-foliate,4,4-6,5-12,5-20,absent,acute,anther,apex,base,berry,branched,brown,calyx,cell,center,chartaceous,ciliate,cm,connected,densely,diameter,dm,drying,elliptic,elliptic-ovoid,entire,filament,flower,fruit,glabrous,globose,herb,immature,large,linear-lanceolate,lobe,margin,maturing,membranaceous,mm,moderately,nearly,new,oblong,obtuse,outer,parallel,pedicel,peduncle,per,perpendicular,petiole,pubescent,raised,ridge,rotate,rounded,running,seed,semitransparent,short,single,slightly,smaller,smoother,sometimes,stigma,style,swollen,tube,vein,wall,white,woody,x,yellow	1-2,2-4,2-6,3-6,3-9,abaxially,abundant,adaxiall,adaxially,along,axe,beyond,blade,celled,cordate,decurrent,dehiscing,denser,eaf,eed,emarginat,equal,explosively,exserted,flat,frui,geminat,growt,hair,held,interpetalar,long,lower,lying,maturit,mesocarp,nfloresence,notched,often,one-,orolla,placenta,pressure,pubescen,rachi,ruit,significantly,sparsely,stamen,straight,tal,tamen,tem,tissue,triangular,two-celled,unbranched,unit,usually,vary,watery,wid,ympodial	appearance,arrangement,bark,border,branch,bud,characteristic,colour,corolla,corrugation,distal,exertion,form,fruiting,giving,glabrousnes,growth,height,history,inflorescence,interjected,lateral,leaf,leaflet,length,life,lobing,midpoint,na,number,ovary,plant,prickle,primary,pseudostipule,ray,shape,size,stem,surface,terminal,texture,thicknes,type,variation,wide,width	.5,0.5-1,0.5-1.5,0.5-2,0.5-2.5,1,1-3,1-4.5,1-5,1.5,1.5-3,10-20,2-foliate,4,4-6,5-12,5-20,absent,acute,base,berry,branched,brown,cell,center,chartaceous,ciliate,cm,connected,densely,diameter,dm,drying,elliptic,elliptic-ovoid,entire,flower,fruit,glabrous,globose,herb,immature,large,linear-lanceolate,margin,maturing,membranaceous,mm,moderately,nearly,oblong,obtuse,outer,parallel,perpendicular,pubescent,raised,ridge,rotate,rounded,running,seed,semitransparent,short,single,slightly,smaller,smoother,sometimes,swollen,wall,white,woody,x,yellow	na,wide
152	wfo-0001027471	success	165	136	78	100	65	36	77	1	.5,/4,0.1-0.2,0.2-0.5,0.4-1,0.5,0.5-0.6,0.5-0.7,0.5-1.5,0.9-1,1-1.2,1.4-3,2-2.5,2-3,2-lobed,3-4,3-7,4-5,6-7,acute,anther,anthesi,apex,bark,base,berry,bifid,calyx,cm,conical,corolla,dendritic,densely,desnsely,diameter,drying,elliptic,entire,erect,filament,flattened,flower,fruiting,glabrous,globose,growth,herb,included,inflorescence,internodal,lamina,leaf,leaf-opposed,less,like,lobe,long-triangular,margin,maturity,minutely,mm,new,nodding,open-conical,ovary,ovate,pair,pale,pedicel,peduncle,petiole,pitted,poridical,primary,pubescent,pubscent,red-orange,reniform,shape,shrub,simple,size,slender,small,somewhat,sparsely,stem,stigma,style,subshrub,surface,tan,tip,trichome,tube,vein,way,white,x,yellowish	0.2-0.4,0.7-0.9,1-1.5,1-1.6,1.5-2,abaxially,adaxially,age,along,appressed,ascending,branched,brittle,c.,closely,deltate,differing,difoliate,distant,eaf,eed,erec,especially,free,furcate-dendritic,geminate,lengthening,lobed,lower,major,midvein,minor,mixture,nflorescence,node,occasionally,orbicular,overlapping,papillat,perfect,pericarp,petal,planar,plane,pore,portion,rachi,reflexed,ruit,scar,scattered,similar,slightly,slit,spaced,straight,thickened,thin,trifoliat,ud,uniseriate,unit,usually,woody,ympodial	appearance,arrangement,border,bud,characteristic,colour,corrugation,distal,exertion,form,fruit,giving,glabrousnes,height,history,interjected,lateral,leaflet,length,life,lobing,midpoint,na,number,per,plant,prickle,pseudostipule,ray,seed,terminal,texture,thicknes,type,variation,width	.5,/4,0.1-0.2,0.2-0.5,0.4-1,0.5,0.5-0.6,0.5-0.7,0.5-1.5,0.9-1,1-1.2,1.4-3,2-2.5,2-3,2-lobed,3-4,3-7,4-5,6-7,acute,anthesi,base,berry,bifid,calyx,cm,conical,dendritic,densely,desnsely,diameter,elliptic,entire,erect,flattened,flower,glabrous,globose,herb,included,internodal,lamina,leaf-opposed,less,like,lobe,long-triangular,maturity,minutely,mm,nodding,open-conical,ovate,pair,pale,pitted,poridical,pubescent,pubscent,red-orange,reniform,shrub,simple,slender,small,somewhat,sparsely,stem,subshrub,tan,tip,trichome,vein,way,white,x,yellowish	na
153	wfo-0001027473	success	138	121	80	92	46	29	77	3	.25,/2,0.25-0.5,0.5-1,0.8-1,1.3-2,1.5-2,1.8-2,2-2.5,2.5-3,4.5-13,5,6-9,8.5-37,?,abaxially,acute,adaxially,along,anther,apex,bark,base,berry,brown,calyx,clavate,cm,conical,corolla,deccurent,decurrent,deep,dendritic,densely,denser,di-,dia,drying,erect,filament,flattened-reniform,fruiting,glabrous,globose,green,incrassate,later,lateral,leaf,like,long,main,margin,minutely,mm,near,obovate,occasionally,ovary,pair,pale,pedicel,petiole,pitted,pointed,pubescent,pubesent,rusty,sessile,shape,shrub,somewhat,sparsely,stem,stigma,strongly,style,subshrub,surface,thick,trichome,trifoliate,tube,vein,way,white,wide,wing,winged,yellowish,young	1-1.5,1-2,1/3,3.5-5,absen,anthesi,ape,apparently,deflexed,differing,eaf,eed,empty,free,geminat,giving,less,lobe,lobed,long-triangular,lower,major,middle,minor,minute,older,overall,papillo,planar,pore,poricidal,portion,rootstock,ruit,sac,shaped,sterile,tall,tear-drop,tip,unit,usually,widest,woody,yellowish-brow,ympodial	absent,arrangement,branch,bud,characteristic,colour,corrugation,diameter,exertion,form,fruit,glabrousnes,growth,height,history,inflorescence,length,life,lobing,na,new,peduncle,plant,primary,seed,size,texture,type,yellowish-brown	.25,/2,0.25-0.5,0.5-1,0.8-1,1.3-2,1.5-2,1.8-2,2-2.5,2.5-3,4.5-13,5,6-9,8.5-37,?,abaxially,acute,adaxially,along,apex,base,berry,brown,clavate,cm,conical,deccurent,decurrent,deep,dendritic,densely,denser,di-,dia,erect,flattened-reniform,glabrous,globose,green,incrassate,later,lateral,leaf,like,long,main,margin,minutely,mm,near,obovate,occasionally,pair,pale,pitted,pointed,pubescent,pubesent,rusty,sessile,shrub,somewhat,sparsely,stem,strongly,subshrub,thick,trichome,trifoliate,vein,way,white,wide,wing,winged,yellowish,young	absent,na,yellowish-brown
154	wfo-0001027483	success	164	124	61	79	85	45	59	2	0.2-1.9,0.6,1,1-2.5,1-4,1-5,1.2-2.5,1.5-10,1.5-2.6,1.5-3,2-4,2-4.5,3-15,3-6,3.5-20,5-6,acumen,acute,apex,apically,articulate,base,branched,calyx,cm,coarsely,connate,corolla,cuneate,cyme,dehiscent,diameter,dichasial,dichasially,distal,ebracteate,elliptical,filament,finely,globose,green,green-white,herbaceous,interjected,lateral,leaf,leaflet,light,lobe,long,medium,minute,mm,monochasial,mucilaginous,obtuse,odd-pinnate,ovate,ovoid,pedicel,peduncle,perennial,petiole,plant,poricidally,pubescent,ray,rotate,rounded,seed,size,stigma,straight,style,terminal,violet,violet-purple,wide,yellow	0-1.,1-2,2,2-3,3-6-foliat,4.5-8,5-10,abaxially,adaxially,apical,basal,cell,covering,decurrent,digestion,diminishing,dorsally,dot,eaf,edge,eed,emoval,enzyme,erec,exceeding,flat,flower,folded,forked,generally,globo,gradually,hair-like,half,honeycomb,interpetiolar,introrse,lighter,living,lon,lower,lunat,make,maturing,nflorescence,nther,often,orolla,pair,pattern,perfect,petiolule,plan,proximal,purple,rachi,reveal,rosette,ruit,sessile,seudostipule,short,slit,smooth,sometimes,specimen,stamen,subsessile,tall,tem,testal,thick,throughout,tissu,toward,tuber-bearing,typically,uniform,unit,vary,varying,wall,white,ympodial,¼	0-10,anther,appearance,arrangement,bark,border,branch,bud,characteristic,colour,corrugation,drying,exertion,form,fruit,fruiting,giving,glabrousnes,growth,height,history,inflorescence,length,life,lobing,margin,midpoint,na,new,number,ovary,per,prickle,primary,pseudostipule,shape,stem,surface,texture,thicknes,tube,type,variation,vein,width	0.2-1.9,0.6,1,1-2.5,1-4,1-5,1.2-2.5,1.5-10,1.5-2.6,1.5-3,2-4,2-4.5,3-15,3-6,3.5-20,5-6,acumen,acute,apically,articulate,branched,cm,coarsely,connate,cuneate,cyme,dehiscent,diameter,dichasial,dichasially,ebracteate,elliptical,finely,globose,green,green-white,herbaceous,light,lobe,long,medium,minute,mm,monochasial,mucilaginous,obtuse,odd-pinnate,ovate,ovoid,perennial,poricidally,pubescent,rotate,rounded,straight,violet,violet-purple,wide,yellow	0-10,na
155	wfo-0001027506	success	213	159	100	122	91	37	97	3	-7,-7.5,.2,.5,/6,0-10,0-60,0.1-0.3,0.5-1.5,0.5-6,0.7-1.3,0.8-1.5,1-2,1.2-1.5,1.5-2.2,1.8,1/3,10-40,2-3.2,2.2-3.5,2.5-5,3-6,5-10,5-7,6-13,acuminate,acute,ame,anther,apart,apex,apically,apparently,articulated,bark,base,becoming,berry,brown,c.,calyx,cell,chartaceous,cm,concolorous,cordate,cream,cuneate,curved,dark,densely,diameter,distal,drying,entire,erect,filament,fine,flattened,flattened-reniform,fruit,fruiting,green,lateral,leaf,length,lobe,lobed,long,margin,marking,maturity,mauve,midpoint,mm,narrow-deltate,occasionally,orange,orange-brown,outline,ovate,pair,pale,pedicel,peduncle,per,petiole,pit,plant,poricidal,prickle,prickly,primary,purple,raised,ray,reddish,shrub,simple,small,smooth,sometimes,spaced,spherical,stellate-pubescent,stem,style,subentire,surface,tapering,terminal,tip,tree,truncate,tube,upper,vein,way,wide,yellow,yellow-green,young	-20,-3,/2,0-1,0-2,0-6,0.1-0.2-0.3-0.35,0.2,0.2-0.3,0.25,1-3,1-4,1/6-1/4,2.5-8,3-10,3-5,3.5-5,5-merous,6.5-10,7-8,7-9,8-10,9-13,abaxially,acuminat,alyx,andromonoecious,apar,blade,branched,brow,connivent,dry,eaf,eed,elongating,equal,flower,free,glabrescent,glabrous,hard,hermaphrodite,heterostylous,infructescence,lengt,long-styled,longer,lower,lowermost,mature,moderately,multangulate,nflorescence,older,one,open,orolla,oung,pendulous,pericarp,plurifoliat,porrect,portion,prickl,reduced,reflexed,ruit,scar,sessile,short-styled,spreading,stalk,stalked,staminat,stellate,stout,tamen,terete,tertiary,time,trichome,twice,unarmed,unit,variously,vary,venation,visible,woody,ympodial	.8,appearance,arrangement,border,branch,bud,characteristic,colour,corolla,corrugation,exertion,form,giving,glabrousnes,growth,height,history,inflorescence,interjected,leaflet,life,lobing,na,new,number,ovary,pseudostipule,seed,shape,size,stelate-pubescent,stigma,texture,thicknes,type,variation,width	-7,-7.5,.2,.5,/6,0-10,0-60,0.1-0.3,0.5-1.5,0.5-6,0.7-1.3,0.8-1.5,1-2,1.2-1.5,1.5-2.2,1.8,1/3,10-40,2-3.2,2.2-3.5,2.5-5,3-6,5-10,5-7,6-13,acuminate,acute,ame,apart,apically,apparently,articulated,base,becoming,berry,brown,c.,cell,chartaceous,cm,concolorous,cordate,cream,cuneate,curved,dark,densely,diameter,entire,erect,fine,flattened,flattened-reniform,green,lateral,length,lobed,long,marking,maturity,mauve,mm,narrow-deltate,occasionally,orange,orange-brown,outline,ovate,pair,pale,pit,poricidal,prickly,purple,raised,ray,reddish,shrub,simple,small,smooth,sometimes,spaced,spherical,stellate-pubescent,subentire,tapering,terminal,tip,tree,truncate,upper,way,wide,yellow,yellow-green,young	.8,na,stelate-pubescent
156	wfo-0001027548	success	216	110	69	88	128	22	66	3	-11.5,0.3-1.2,0.5-2,1-1.5,1-3.5,1.5-2,10-12,3-7,4.5,6-9,8-9,acuminate,acute,almost,anther,apex,attenuate,base,berry,black,brown,c.,calyx,capitate,cm,conical,corolla,dark,densely,depressed-elliptic,diameter,ellipsoid,elliptic,entire,exserted,filament,flattened-reniform,flexuous,fruiting,glabrous,globose,green,growth,immature,inflorescence,leaf,like,lilac,lobed,loosely,margin,membranous,minute,minutely,mm,narrowly,new,pair,pedicel,peduncle,per,petiole,pitted,primary,puberulent,pubescent,revolute,ripe,simple,size,slender,sparsely,stem,stigma,strongly,style,surface,terminal,tinged,tube,type,vein,vine,warty,way,white,woody,x	.3,0.2,0.5,1,1-10,1-2.5,1.2,1.5,1.5-2.5,10-50,4-6,4-8,5-merou,7-10,abaxiall,adaxially,ag,along,also,although,alyx,anthesi,apart,apical,apparently,appearing,area,ark,articulated,articulation,axi,basal,beneath,bent,branch,branched,branching,bu,cell,connivent,darker,deflexe,deltate,dendritic,denser,drying,dull,eaf,early,eed,elongate,em,extending,flower,free,geminat,glabrescen,glandular,half,herbarium,ilament,irregularly,lamina,leaving,lengthening,less,lobe,lon,long,long-styled,loose,lower,many,matte,mixed,near,nflorescence,occasionally,older,orolla,outline,pale,papillae,papillate,papillo,perfect,pericarp,planar,plurifoliate,point,pore,poricidal,portion,prominent,rachi,rectangular,reddish,ruit,scar,scattered,slit,small,sometimes,somewhat,spaced,sparse,specimen,spreading,stellate,swollen,tapering,testal,thickened,thin,time,tiny,tip,transparent,trichome,twinin,ud,uniseriate,unit,upper,usually,vary,yellow,ympodial	1.2-2.5,8,arrangement,bud,characteristic,colour,exertion,form,fruit,glabrousnes,height,history,length,life,lobing,na,number,ovary,plant,seed,shape,texture	-11.5,0.3-1.2,0.5-2,1-1.5,1-3.5,1.5-2,10-12,3-7,4.5,6-9,8-9,acuminate,acute,almost,attenuate,base,berry,black,brown,c.,capitate,cm,conical,dark,densely,depressed-elliptic,diameter,ellipsoid,elliptic,entire,exserted,flattened-reniform,flexuous,glabrous,globose,green,immature,like,lilac,lobed,loosely,membranous,minute,minutely,mm,narrowly,pair,per,pitted,puberulent,pubescent,revolute,ripe,simple,slender,sparsely,stem,strongly,terminal,tinged,vine,warty,way,white,woody,x	1.2-2.5,8,na
157	wfo-0001027581	success	200	128	93	92	108	36	77	16	100+,200,>,abaxial,acute,adaxial,along,anther,anthesi,apex,axe,base,berry,branched,broadly,brown,c.,calyx,clavate,cm,corolla,cup-shaped,dark,densely,diameter,echinoid,ellipsoidal,elliptic,entire,evenly,exserted,filament,flattened-reniform,flower,fruiting,glabrous,globose,golden,gradually,green,greyish,growth,inflorescence,leaf,length,like,lobed,long,many,margin,minute,minutely,mm,moderately,multangulate,multiseriate,narrowing,new,nodding,pedicel,peduncle,per,petiole,pitted,plane,pubescent,purple,ray,reddish,ripe,scarcely,sessile,shrub,simple,size,small,sparsely,stalk,stellate,stem,stigma,stout,style,surface,terminal,time,tree,trichome,tube,undersurface,way,wide	0.2–0.3,0.3,0.3–1,0.5–1,0.5–1.5,1,1.2–1.5,1.3–1.5,1.5,1.5–2,1.5–3,10,10–16,12,12–30,15–20,1–1.5,1–3-rayed,2.5–3,3.5–4.5,3–3.5,4.5–16,4–8,5-merou,6–7,7–10,7–9,8,8–10,9–11,9–9.5,abaxially,ag,alyx,apar,ark,articulated,beneath,branching,brow,bulbous,clearly,closely,connivent,deltate,dichasia,discolorous,distally,drying,eaf,eed,erec,free,glabrescent,ilament,lamina,largest,lengthening,less,lobe,longest,loosely,lower,midvei,mixed,near,nflorescence,older,orolla,pair,papillo,part,perfect,pericarp,plurifoliate,pore,poricidal,porrect-stellate,portion,primary,reflexed,rhachi,ruit,scar,shiny,short-stalked,slit,smaller,spaced,spreading,tall,tem,thin,tip,ud,unevenly,unit,upper,vary,varying,vein,visible,weak,whit,woody,yellow,yellowish,ympodial	0.5-1,0.5-1.5,1-1.5,1-3-rayed,1.2-1.5,1.3-1.5,1.5-2,1.5-3,15-20,2.5-3,4-8,7-10,7-9,9-9.5,arrangement,bark,bud,characteristic,colour,exertion,form,fruit,glabrousnes,height,history,life,lobing,number,ovary,perennial,plant,seed,shape,texture,type,white	100+,200,>,acute,along,anthesi,axe,base,berry,branched,broadly,brown,c.,calyx,clavate,cm,cup-shaped,dark,densely,diameter,echinoid,ellipsoidal,elliptic,entire,evenly,exserted,flattened-reniform,flower,glabrous,globose,golden,gradually,green,greyish,inflorescence,leaf,length,like,lobed,long,many,minute,minutely,mm,moderately,multangulate,multiseriate,narrowing,nodding,pedicel,per,pitted,plane,pubescent,purple,ray,reddish,ripe,scarcely,sessile,shrub,simple,size,small,sparsely,stalk,stellate,stem,stout,terminal,time,tree,trichome,tube,undersurface,way,wide	0.5-1,0.5-1.5,1-1.5,1-3-rayed,1.2-1.5,1.3-1.5,1.5-2,1.5-3,15-20,2.5-3,4-8,7-10,7-9,9-9.5,perennial,white
158	wfo-0001027584	success	142	140	82	95	47	45	77	5	..,.5,0.5-1.5-2,0.9-1,0.9-2.5,1-1.2,1.2-1.4,1.5-2,1.6-1.9,10-15,11.5-45,2,2-10,2.5-3,3,3-.,4-6,4-7,4.5-20,7-10-16,abruptly,absent,acuminate,anther,anthesi,apex,attenuate,bark,base,becoming,beneath,branch,branched,calyx,cell,cm,conical,corolla,darker,diameter,ellipsoid,elliptic,filament,flattened,four,fruit,fruiting,glabrous,green,herb,lamina,lobe,long,margin,minutely,mm,nearly,outer,outline,ovary,ovate,pair,pale,papillate,pedicel,peduncle,per,petiole,pointed,primary,reddish,regularly,reniform,scattered,shrub,sinuate,small,sparsely,stem,stigma,striate,stripe,style,suffruticose,surface,tan,time,trichome,tube,uniseriate,vein,wall,white,without,x	0.5-1,1.5-8,100,8-9,apical,beginning,brittle,broadly,brow,c.,capitat,cucullate,deflexe,deltate,densely,dry,eaf,edicel,eed,erec,flower,irregular,lobed,lower,markedly,narrowly,nflorescence,open,pericarp,planar,plurifoliat,present,ruit,scar,single,single-stemmed,smooth,sparse,testal,thickening,thin,tip,triangular,tuft,ud,unit,ympdoial	appearance,arrangement,border,brown,bud,capitate,characteristic,colour,corrugation,deflexed,distal,drying,exertion,form,giving,glabrousnes,growth,height,history,inflorescence,interjected,lateral,leaf,leaflet,length,life,lobing,midpoint,na,new,number,plant,plurifoliate,prickle,pseudostipule,ray,seed,shape,size,terminal,texture,thicknes,type,variation,width	..,.5,0.5-1.5-2,0.9-1,0.9-2.5,1-1.2,1.2-1.4,1.5-2,1.6-1.9,10-15,11.5-45,2,2-10,2.5-3,3,3-.,4-6,4-7,4.5-20,7-10-16,abruptly,absent,acuminate,anther,anthesi,attenuate,base,becoming,beneath,branched,cell,cm,conical,darker,ellipsoid,elliptic,filament,flattened,four,fruit,glabrous,green,herb,lamina,long,minutely,mm,nearly,outer,outline,ovate,pair,pale,papillate,per,pointed,reddish,regularly,reniform,scattered,shrub,sinuate,small,sparsely,striate,stripe,suffruticose,surface,tan,time,trichome,uniseriate,vein,wall,white,without,x	brown,capitate,deflexed,na,plurifoliate
159	wfo-0001027600	success	183	122	74	81	102	41	72	2	0.5-1.5,1,1-14,1-4,1-5,1.5-2,10-15-25,10-20,2-18,2-3,2-4,2-4.5,2-6,2.5-21,20-30,3-15,3-5-lobed,acuminate,acute,adpressed,apex,apical,apiculate,basal,base,calyx,cm,concave,cordate,cuneate,deltate,densely,diameter,ellipsoidal,entire,fading,flattened,flower,forked,fruit,glabrous,gland,greenish-white,leaf,lobe,lobed,margin,mature,minutely,mm,moderately,oblong,obtuse,occasionally,orange,ovoid,pedicel,peduncle,petiole,pilose,pinnately,puberulent,purple,purplish,rarely,rounded,simple,stigma,style,surface,tip,tree,truncate,two,unbranched,unlobed,vein,white,x,yellow,yellow-green	-10,0.5-1,1-2,1.5-2.5-3,1/2-3/4,2-11,2-3.5,2-5,2.5-6,3-5,3-6,4-6,4-foliat,5-13,8-17,abaxially,abruptly,absen,absent,adaxial,adaxially,aggregate,along,apart,ape,articulated,axe,beyond,blade,brow,campanulate,cell,channe,collection,connective,coriaceous,cream,dilated,directed,distally,divided,eaf,eed,elliptic,especially,exceeding,except,exserted,fleshy,glabrescent,glandular-puberulent,laterally,leaving,lon,long,lower,main,midrib,narrowed,nflorescence,nther,obconical,older,orolla,ovate,papillose,pedicellar,perfect,pilo,pore,puberulen,puberulence,pubescent,rachi,radiu,remnant,ruit,shorter,sinus,slightly,small,somewhat,spaced,sparsely,stamen,stone,strongly,subcoriaceous,tal,tem,thecae,time,tomento,triangular,tube,ud,unit,vary,wide,yellowish,ympodial,young	anther,appearance,arrangement,bark,border,branch,bud,characteristic,colour,corolla,corrugation,drying,filament,form,giving,glabrousnes,growth,height,history,inflorescence,lateral,length,life,midpoint,na,new,ovary,perennial,plant,prickle,primary,ray,seed,shape,size,stem,texture,thicknes,type,variation,width	0.5-1.5,1,1-14,1-4,1-5,1.5-2,10-15-25,10-20,2-18,2-3,2-4,2-4.5,2-6,2.5-21,20-30,3-15,3-5-lobed,acuminate,acute,adpressed,apex,apical,apiculate,basal,base,cm,concave,cordate,cuneate,deltate,densely,diameter,ellipsoidal,entire,fading,flattened,flower,forked,fruit,glabrous,gland,greenish-white,lobe,lobed,mature,minutely,mm,moderately,oblong,obtuse,occasionally,orange,ovoid,pilose,pinnately,puberulent,purple,purplish,rarely,rounded,simple,style,tip,tree,truncate,two,unbranched,unlobed,white,x,yellow,yellow-green	na,perennial
160	wfo-0001027607	success	167	155	102	110	57	45	99	3	.1,.5,0.25-0.5,0.5,0.8-1,1-4,1.2-1.5,1.5-3,2-2.5,2-3,2-4,2.5-3,3-3.5,3/4,4-10-flowered,5-10,5-7,8-9,acuminate,acute,anther,anthesi,apex,arching,area,aspect,bark,basal,base,berry,branch,brown,calyx,cm,corolla,curling,dark,decurrent,deltoid,densely,dia,dry,elliptic,erect,exserted,f,filament,filiform,flattened,fruiting,gently,giving,glabrous,globose,golden,green,lateral,leaf,less,like,lobe,long,main,material,minute,minutely,mm,narrow,narrowly,obovoid,occasionally,older,ovary,ovoid-reniform,pagoda-like,pair,papillose,pedicel,petiole,pitted,plant,pubescent,reddish-brown,reflexed,shaped,shrub,simple,slender,soon,stem,stigma,straight,strongly,style,surface,tan,tapering,tear-drop,tip,trichome,tube,unifoliate,uniseriate,vein,way,white,widened,winged,x,zig-zag	.25,0.5-1,1,age,apar,ba,becoming,branche,corky,deflexed,eaf,edicel,eed,ellipsoid,elongate,evenly,except,free,geminate,glabrate,lamina,lenticellat,lobed,lon,lower,m.,middle,midrib,nflorescence,non-reproductive,opposite,pore,poricidal,portion,present,prominent,raised,rarely,ruit,scar,short,slight,slightly,small,spaced,styl,tall,treelet,tub,ud,unit,widening,widest,woody,yellowish,ympodial,young	0.25,appearance,arrangement,border,bud,characteristic,colour,corrugation,diameter,distal,drying,exertion,form,fruit,glabrousnes,growth,height,history,inflorescence,interjected,leaflet,length,life,lobing,margin,midpoint,na,new,number,peduncle,per,perennial,prickle,primary,pseudostipule,ray,seed,shape,size,terminal,texture,thicknes,type,variation,width	.1,.5,0.25-0.5,0.5,0.8-1,1-4,1.2-1.5,1.5-3,2-2.5,2-3,2-4,2.5-3,3-3.5,3/4,4-10-flowered,5-10,5-7,8-9,acuminate,acute,anthesi,arching,area,aspect,basal,base,berry,branch,brown,calyx,cm,curling,dark,decurrent,deltoid,densely,dia,dry,elliptic,erect,exserted,f,filiform,flattened,gently,giving,glabrous,globose,golden,green,lateral,less,like,lobe,long,main,material,minute,minutely,mm,narrow,narrowly,obovoid,occasionally,older,ovoid-reniform,pagoda-like,pair,papillose,petiole,pitted,plant,pubescent,reddish-brown,reflexed,shaped,shrub,simple,slender,soon,stem,straight,strongly,style,tan,tapering,tear-drop,tip,trichome,tube,unifoliate,uniseriate,vein,way,white,widened,winged,x,zig-zag	0.25,na,perennial
161	wfo-0001027618	success	201	122	91	96	105	26	88	3	-10,-pubescent,0.5,1,1-23,1-3,1-5,11-16,11-pinnate,15-35,2-12,2-27,2-5,2.5-6,3-30,3-7,3-7-pinnate,4,5-20,5-30,5-7.5,5.5-12,6-40,8-16,8-35,abaxially,adaxially,also,apex,articulated,basal,base,branched,bud,campanulate,capitate,chartaceous,cm,compound,cordate,cuneate,densely,diameter,ellipsoidal,elliptic-ovate,entire,flower,fruit,fusiform,glabrous,globose,greenish,leaf,leaving,length,less,lobe,long,margin,membranaceous,minutely,mm,near,oblong,obtuse,orange,pedicel,pedicellar,peduncle,per,pilose,pinnately,puberulent,puberulent-pubescent,pubescent-pilose,purple,remnant,reticulate,ripe,shallowly,shrub,simple,sometimes,sparsely,stigma,style,sympodial,tree,truncate,unbranched,unit,urceolate,white,wide,x,yellow	0-10,0.5-1,0.5-6,1-1.5,1-13,1-14,1-2-8.5,1-9,1.4-4,1.5-13,1.5-3,1.5-7,1.5-8.5,11-22,12-27,15-30,2-11,2-11.5,2-9,3-18,3-5,3.5-6,4-8,5-18,5-merous,6-25,7-25,acuminat,acut,acute,aggregate,alyx,apart,ape,ascending,axe,beyond,blade,cell,connective,cylindrical,darker,deltate,dia,diamete,dilated,directed,distally,eaf,eed,elliptic,exceeding,exserted,fleshy,lateral,laterally,leaflet,lon,longitudinal,lower,mesocarp,moderately,nflorescence,nther,obovate,obtu,often,orolla,ovate,papillose,perfec,perfect,petiole,petiolule,pilo,pore,presen,puberulent-pilo,pubescent,rachi,radiu,ranch,ratio,rown,ruit,runk,shorter,slightly,small,somewhat,spaced,spreading,stamen,stone,stripe,tal,terminal,thecae,tomentose,triangular,tube,uni,vary,width,without	2-8.5,acuminate,anther,arrangement,branch,characteristic,colour,corolla,crown,form,growth,height,history,inflorescence,life,lobing,ovary,perennial,plant,seed,shape,size,surface,texture,trunk,type	-10,-pubescent,0.5,1,1-23,1-3,1-5,11-16,11-pinnate,15-35,2-12,2-27,2-5,2.5-6,3-30,3-7,3-7-pinnate,4,5-20,5-30,5-7.5,5.5-12,6-40,8-16,8-35,abaxially,adaxially,also,apex,articulated,basal,base,branched,campanulate,capitate,chartaceous,cm,compound,cordate,cuneate,densely,diameter,ellipsoidal,elliptic-ovate,entire,flower,fruit,fusiform,glabrous,globose,greenish,leaving,less,lobe,long,membranaceous,minutely,mm,near,oblong,obtuse,orange,pedicellar,per,pilose,pinnately,puberulent,puberulent-pubescent,pubescent-pilose,purple,remnant,reticulate,ripe,shallowly,shrub,simple,sometimes,sparsely,sympodial,tree,truncate,unbranched,unit,urceolate,white,wide,x,yellow	2-8.5,acuminate,perennial
162	wfo-0001027622	success	203	156	101	116	87	40	99	2	.5,0-14,0-16,0.3-10,1,1.5-3.5,1.5-4.2,1.6-4.5,12-23,2-25,2.5-3.5,3-4.5,3.5-11,4-9.5,5-11,6-7,8-16,8-20,abaxially,acuminate,acute,adaxially,anther,apex,axillary,base,berry,blue,blue-purple,broadly,brownish,bud,cell,chartaceous,clavate,cm,condition,connivent,corolla,covering,diameter,distal,drying,elliptical,filament,flower,forked,fresh,fruit,generally,glabrescent,glabrous,globose,green,green-white,greenish,hair-like,half,herb,interjected,lanceolate,lateral,leaflet,light,lobe,long,make,margin,membranous,middle,mm,mottled,mucilaginous,narrowly,oblique,odd-pinnate,ovate,ovate-lanceolate,ovoid,pale,pedicel,peduncle,petal,petiole,plant,poricidal,pubescent,purple,rounded,seed,shortly,size,slightly,star,stem,stigma,striped,style,subglabrous,subtending,terminal,testal,thick,throughout,tip,truncate,tube,unwinged,usually,wall,wet,whitish,wide,wing,x,yellow	1-10,1-2,1/,2-3,2-6,3-16,3-4,4-5,5-merou,6-17,acumen,ag,along,alyx,apart,apparently,articulated,axe,blade,borne,capitat,ciliate,decumben,different,digestion,dorsally,eaf,edge,eed,elliptic,end,enzyme,erect,especially,exceeding,except,flat,folded,geminat,glabrou,greatly,hair,homostylous,honeycomb-shaped,lengthening,like,living,lower,midrib,minutely,nflorescence,often,orolla,pair,pentagonal,perfect,petiolule,plurifoliate,population,pore,proximal,puberulent,reduced,removed,ruit,seudostipule,singly,slit,sometimes,spaced,specimen,stamen,ste,stellate,stolo,straight,subequal,tall,tamen,tem,tri-,tuber,typically,unit,vary,varying,ympodial	appearance,arrangement,bark,border,branch,calyx,capitate,characteristic,colour,corrugation,exertion,form,giving,glabrousnes,growth,height,history,inflorescence,leaf,length,life,lobing,midpoint,na,new,number,ovary,per,prickle,primary,pseudostipule,ray,shape,surface,texture,thicknes,type,variation,vein,width	.5,0-14,0-16,0.3-10,1,1.5-3.5,1.5-4.2,1.6-4.5,12-23,2-25,2.5-3.5,3-4.5,3.5-11,4-9.5,5-11,6-7,8-16,8-20,abaxially,acuminate,acute,adaxially,axillary,berry,blue,blue-purple,broadly,brownish,bud,cell,chartaceous,clavate,cm,condition,connivent,covering,diameter,distal,drying,elliptical,flower,forked,fresh,generally,glabrescent,glabrous,globose,green,green-white,greenish,hair-like,half,herb,lanceolate,lateral,light,long,make,membranous,middle,mm,mottled,mucilaginous,narrowly,oblique,odd-pinnate,ovate,ovate-lanceolate,ovoid,pale,petal,plant,poricidal,pubescent,purple,rounded,seed,shortly,slightly,star,stem,striped,subglabrous,subtending,terminal,testal,thick,throughout,tip,truncate,unwinged,usually,wall,wet,whitish,wide,wing,x,yellow	capitate,na
163	wfo-0001027624	success	189	150	92	106	83	44	88	4	0-7,0.1-0.9,0.3-1,0.4-3,0.5-1.5,0.8-5.6,1-2,1.1-8.4,1.2-2.6,1.3-2.9,1.5-6.6,2-20,2.4-4.8,2.9-12,3-10,3-11,4-8,5-9,6-18.5,9-41,abaxially,acute,adaxially,anther,apex,articulated,axillary,base,berry,brownish,bud,cell,clavate,cm,condition,connivent,corolla,covering,cuneate,deep,densely,diameter,distal,drying,elliptic,entirely,erect,filament,flower,forked,fresh,fruit,glabrous,globose,green,green-white,greenish,hair,hair-like,half,herb,interjected,lanceolate,lateral,leaf,leaflet,light,lobe,long,make,mm,mottled,mucilaginous,odd-pinnate,ovate,ovoid,pedicel,peduncle,petiole,plant,poricidal,pubescent,purple,seed,short,size,slightly,sometimes,stigma,style,subtending,terminal,testal,thick,throughout,tip,tube,unwinged,usually,wall,wet,white,whitish,wide,x,yellow	0-3,1-3,1-5,2-5,2-7,3-4,3-5,4-15.2,4-7,5-merou,acuman,acumen,acuminate,ag,along,alyx,apart,apparently,arranged,axe,bead,blade,capitat,considerably,decreasing,decumben,decurrent,digestion,dorsally,eaf,edge,eed,enzyme,exceeding,flat,folded,geminat,glabrou,homostylous,honeycomb-shaped,larger,leave,lengthening,like,living,lower,middl,moniliform,multiple,necklace,nflorescence,onto,orbicular,orolla,pair,pentagonal,perfect,plurifoliate,pore,present,rachi,removed,rotate,ruit,sessile,seudostipule,slit,spaced,specimen,stamen,stolon,straight,tall,tamen,tem,toward,tri-,tuber,typically,unit,vary,widely,ympodial	appearance,arrangement,bark,border,branch,calyx,capitate,characteristic,colour,corrugation,decumbent,exertion,form,fruiting,giving,glabrousnes,growth,height,history,inflorescence,length,life,lobing,margin,middle,midpoint,na,new,number,ovary,per,prickle,primary,pseudostipule,ray,shape,stem,surface,texture,thicknes,type,variation,vein,width	0-7,0.1-0.9,0.3-1,0.4-3,0.5-1.5,0.8-5.6,1-2,1.1-8.4,1.2-2.6,1.3-2.9,1.5-6.6,2-20,2.4-4.8,2.9-12,3-10,3-11,4-8,5-9,6-18.5,9-41,abaxially,acute,adaxially,articulated,axillary,berry,brownish,bud,cell,clavate,cm,condition,connivent,covering,cuneate,deep,densely,distal,drying,elliptic,entirely,erect,flower,forked,fresh,glabrous,globose,green,green-white,greenish,hair,hair-like,half,herb,lanceolate,lateral,light,long,make,mm,mottled,mucilaginous,odd-pinnate,ovate,ovoid,plant,poricidal,pubescent,purple,seed,short,slightly,sometimes,subtending,terminal,testal,thick,throughout,tip,unwinged,usually,wall,wet,white,whitish,wide,x,yellow	capitate,decumbent,middle,na
164	wfo-0001027626	success	152	111	71	83	69	28	69	2	.3,.5,0.1–0.2,0.2–0.6,0.5–1,0.7–1,0.7–2.8,1,1.5–2,13–14,14–116,2–49,2–5,3–4,3–4.5,4–6,5–6,8,9–18,acuminate,acute,adaxially,anther,apex,arrangement,base,berry,calyx,chartaceous,cm,cordate,coriaceous,diameter,distant,distichous,elliptical,entire,extra-axillary,filament,fleshy,flower,fruit,glabrous,greenish-white,lamina,lanceolate,leaf-opposed,liana,long,margin,membranous,minutely,mm,moderately,nearly,oblique,ovate,pedicel,peduncle,petiole,pinnate,possibly,pubescent,rachi,sand-punctate,shrub,side,slender,somewhat,sparsely,spindle-shaped,stellate,stigma,style,terminal,tip,trichome,unbranched,unknown,venation,white,wiry-woody,x	0.5-1,1.3–4.5,1.5–8,2–3,3–5,3–55,4.4–11,5-merous,abaxially,accrescen,along,alyx,apar,axe,blade,broadly,c.,capitat,center,ciliat,clavate,climbing,color,densely,distinct,eaf,eed,frequently,fruiting,glabrou,immature,line,lobe,lower,m.,maturity,midvein,mor,nflorescence,nternode,orolla,pair,perfec,petal,plurifoliat,pointed,reflexed,rounded,ruit,sand-punctat,scandent,scar,secondary,seen,shortly,simple,spaced,ste,tamen,tem,time,truncate,tube,two,unit,vary,vein,wide,ympodial	abaxial,adaxial,capitate,characteristic,colour,corolla,form,growth,height,history,inflorescence,internode,leaf,length,life,lobing,number,ovary,perennial,plant,seed,shape,size,staman,stem,surface,texture,type	.3,.5,0.1–0.2,0.2–0.6,0.5–1,0.7–1,0.7–2.8,1,1.5–2,13–14,14–116,2–49,2–5,3–4,3–4.5,4–6,5–6,8,9–18,acuminate,acute,adaxially,berry,chartaceous,cm,cordate,coriaceous,distant,distichous,elliptical,entire,extra-axillary,fleshy,flower,fruit,glabrous,greenish-white,lamina,lanceolate,leaf-opposed,liana,long,membranous,minutely,mm,moderately,nearly,oblique,ovate,petiole,pinnate,possibly,pubescent,sand-punctate,shrub,side,slender,somewhat,sparsely,spindle-shaped,stellate,terminal,tip,trichome,unbranched,unknown,white,wiry-woody,x	capitate,perennial
165	wfo-0001027630	success	149	93	47	59	90	34	41	6	0.5-1,0.5-1.2,0.5-2,1-5,1.4-1.7,3/4,5.5-11.2,6-10,8-9,acute,anther,apex,bark,base,berry,calyx,climbing,cm,corolla,deflexed,erose,filament,fruit,fruiting,glabrous,globose,golden,green,hirsute,lanceolate,leaf,linear,long-acuminate,margin,minutely,mm,ovary,pair,papillose,pedicel,petiole,pubescent,reflexed,shaped,shrub,simple,slender,sparsely,stem,stigma,straight,style,tear-drop,tube,vein,way,white,winged,x	.1,.2,.5,0.05-0.1,1-1.5,1.5-2,2-3,2-6-flowered,4-6,also,anthesi,apart,arising,beginning,blunt,branchlet,broadly,ciliate,de,decurrent,deltoid,densely,dia,distinguishable,eaf,edicel,eed,elongat,except,extreme,free,glabrate,globo,immature,indistinct,inflorescenc,internodal,irregularly,knob-like,known,lateral,lobe,lobed,lon,long,lower,main,middle,midrib,near,nflorescence,novo,occasionally,older,opposite,paler,partially,pore,poricidal,portion,prominent,proximal,puberulent,raised,rest,rounded,ruit,scar,seen,spaced,strongly,swollen,tall,tapering,terminal,thickened,ti,tip,trichome,ud,ultimate,unifoliat,uniseriate,unit,wide,widest,wing,yellowish,ympodial,young	1,4,alternate,arrangement,branch,bud,characteristic,colour,corrugation,diameter,drying,elongate,exertion,form,glabrousnes,growth,height,history,inflorescence,length,life,lobing,na,new,peduncle,perennial,plant,primary,seed,shape,size,surface,texture,type	0.5-1,0.5-1.2,0.5-2,1-5,1.4-1.7,3/4,5.5-11.2,6-10,8-9,acute,base,berry,climbing,cm,deflexed,erose,glabrous,globose,golden,green,hirsute,lanceolate,linear,long-acuminate,minutely,mm,pair,papillose,pubescent,reflexed,shaped,shrub,simple,slender,sparsely,straight,tear-drop,way,white,winged,x	1,4,alternate,elongate,na,perennial
166	wfo-0001027661	success	220	186	135	149	71	37	133	2	+,0.5,0.5-1-7,0.5-2,0.6-1.1,0.6-1.5,1-1.5,1-4-15,1.2-6,1.3,1.5,1.5-2,2,2.5-7,30,4.5-6,40,5-9,6-12,6-9,8-10,>,acuminate,acute,along,anther,anthesi,apex,basal,base,berry,branch,branched,bright,broadly,calyx,capitate,cell,cm,column,commonly,conical,connivent,cordate,corolla,creeping,deeply,dendritic,densely,denser,diameter,ellipsoid,entire,even,extremely,filament,flattened,flower,fruiting,fused,glabrous,globose,green,grey,growth,herbaceous,hue,lamina,lateral,leaf,leaf-opposed,like,lobe,lobed,long,long-exserted,lower,many,margin,membraneous,minute,minutely,mm,moderately,narrowing,near,new,often,open,pair,pale,pedicel,peduncle,pentagonal,per,petiole,pinnatifid,pitted,poricidal,primary,pubescent,purple,purplish,rachi,rarely,red,reniform,ripe,shape,simple,single,sinus,size,slender,sparsely,spreading,stellate,stem,stigma,style,surface,tan,terminal,ternately,testa,tightly,time,tip,trailing,trichome,truncate,tube,turbinate,type,underground,uniseriate,upper,usually,variable,vein,vine,violet,way,white,wide,woody,yellow,yellowish,¾	-10,1-5,2.5-3,4-8-celled,5-merou,6-8,<,abaxially,adaxiall,ag,alyx,apart,ark,articulate,axi,density,eaf,eed,elliptic,free,gre,ground,ilament,irregularly,leaving,lengthening,markedly,mixture,nflorescence,occasionally,older,orolla,outline,ovate,papillat,papillate,papillo,peg,perfect,pericarp,plurifoliat,pointed,pore,portion,prominent,pubescen,pubescence,reflexed,ruit,scar,shiny,short,sleeve,slit,small,spaced,spot,spreadin,strongly,swollen,tangled,tem,thin,triangular,two,ud,unieriate,unit,vary,ympodial,zig-za	appearance,arrangement,bark,border,bud,characteristic,colour,corrugation,distal,drying,exertion,form,fruit,giving,glabrousnes,height,history,inflorescence,interjected,leaflet,length,life,lobing,midpoint,na,number,ovary,papillose,plant,prickle,pseudostipule,ray,seed,texture,thicknes,variation,width	+,0.5,0.5-1-7,0.5-2,0.6-1.1,0.6-1.5,1-1.5,1-4-15,1.2-6,1.3,1.5,1.5-2,2,2.5-7,30,4.5-6,40,5-9,6-12,6-9,8-10,>,acuminate,acute,along,anthesi,basal,base,berry,branched,bright,broadly,calyx,capitate,cell,cm,column,commonly,conical,connivent,cordate,creeping,deeply,dendritic,densely,denser,diameter,ellipsoid,entire,even,extremely,flattened,flower,fused,glabrous,globose,green,grey,herbaceous,hue,lamina,lateral,leaf,leaf-opposed,like,lobe,lobed,long,long-exserted,lower,many,membraneous,minute,minutely,mm,moderately,narrowing,near,often,open,pair,pale,pentagonal,per,pinnatifid,pitted,poricidal,pubescent,purple,purplish,rachi,rarely,red,reniform,ripe,shape,simple,single,sinus,size,slender,sparsely,spreading,stellate,stem,surface,tan,terminal,ternately,testa,tightly,time,tip,trailing,trichome,truncate,tube,turbinate,underground,uniseriate,upper,usually,variable,vein,vine,violet,way,white,wide,woody,yellow,yellowish,¾	na,papillose
167	wfo-0001027714	success	248	135	75	102	146	33	74	1	.5,/3,0,1-1.5,1-1.6,1-2,1-2-8,1.5-2.5,1.5-3,1.5-5,14-16,2-2.5,2-2.5-4,2.5-4-10,3-3.5,4-5,4.5-5,5,5-6,6-7,acuminate,acute,almost,anther,apex,appearance,basal,base,berry,bright,brown,calyx,capitate,cm,conical,cordate,corolla,deep,densely,diameter,drying,ellipsoid,elliptic,entire,exserted,filament,flattened,fruit,fruiting,giving,glabrous,globose,growth,hairy,inflated,inflorescence,juicy,lateral,leaf,lobe,margin,minutely,mm,new,obovate,occasionally,ovary,pair,pale,pedicel,peduncle,per,petiole,pitted,primary,pubescent,purple,red,reddish,reniform,seed,shiny,simple,slender,small,somewhat,sparsely,stem,stigma,strongly,style,surface,terminal,truncate,tube,vein,vine,violet,way,woody,x,yellowish	+,0.4,0.5,0.5-0.7,0.6-0.7,0.9-1.5,1,1.5-2,2373.,5-10,5-merou,7-20,80,<,abaxial,abaxially,adaxial,adaxially,age,aid,along,alyx,angle,anthesi,apar,apice,ark,around,articulated,axi,branched,canop,cell,channelled,climbin,confined,connected,connivent,corky,creating,cucullate,cupped,deflexed,dendritic,denser,eaf,eed,elongate,enlarged,especially,fide,fleshy,flower,free,furcate,glabrate,glabrou,groove,hanging,ilament,immature,individual,irregularly,lamina,large,leaving,lengthening,like,lobed,lon,long,longer,loosely,lower,many,marginal,mature,mere,minute,mpodial,nee,nflorescence,nodding,often,older,orolla,otherwise,outline,papillate,papillo,peg,perfect,pericarp,petal,petiolule,pinnatifid,plat,plurifoliat,pore,poricidal,portion,prominent,pubescence,reaching,rectangular,rim,ripe,ruit,scar,showy,similar,sleeve,slightly,slit,spaced,spreading,stellate-rotate,tangled,tem,testa,testal,thecae,thick,thickened,thin,third,time,tiny,tip,tooth,trichome,twining,ud,uniformly,uniseriate,unit,upper,usually,visible,wall,weak,weight,widest,wing,yellow,younger	arrangement,bark,border,branch,bud,characteristic,colour,corrugation,distal,exertion,form,glabrousnes,height,history,interjected,leaflet,length,life,lobing,midpoint,na,number,plant,prickle,pseudostipule,ray,shape,size,texture,thicknes,type,variation,width	.5,/3,0,1-1.5,1-1.6,1-2,1-2-8,1.5-2.5,1.5-3,1.5-5,14-16,2-2.5,2-2.5-4,2.5-4-10,3-3.5,4-5,4.5-5,5,5-6,6-7,acuminate,acute,almost,basal,base,berry,bright,brown,capitate,cm,conical,cordate,deep,densely,diameter,ellipsoid,elliptic,entire,exserted,flattened,glabrous,globose,hairy,inflated,juicy,lateral,lobe,minutely,mm,obovate,occasionally,pair,pale,pitted,pubescent,purple,red,reddish,reniform,shiny,simple,slender,small,somewhat,sparsely,strongly,terminal,truncate,vine,violet,way,woody,x,yellowish	na
168	wfo-0001027720	success	184	112	60	76	108	36	55	5	0.25-0.35,0.5-0.8,0.8-1,1-1.5,1-2,13-35,15-25,2-3,2-4,2-branched,4-5.5,4-7,4.3-15,6,7-8,8-16,acute,anther,apex,base,berry,brown,calyx,chartaceous,cm,cuneate,deltate,diameter,distally,elliptic,entire,extra-axillary,filament,flower,fruit,glabrous,globose,green,inflorescence,lanceolate,lateral,leaf,length,lilac,lobe,long,margin,markedly,midpoint,mm,narrowly,ovate,pale,pedicel,peduncle,per,perennial,petiole,prickle,pubescent,ray,red,shrub,simple,sparsely,stellae,stellate,stigma,straight,style,subreniform,surface,thicker,triangular,x,yellow	%,.25-0.3,0,0-15,0.15-0.25,0.3-5,0.4-0.7,0.4-0.8,0.5-1,0.6-1.2,1-3.5,1-locular,1.5-2,13-23,2-7,2-foliate,2.8-3.1,23-35,3-13,4-,4.3-7.5,5-merous,7-10,7-9,8-11,9-15,abaxially,absen,absent,adaxiall,adaxially,adult,alyx,apparently,articulated,axe,ba,blade,capitat,confined,connivent,cylindrical,densely,directed,distall,eaf,eed,eglandular,erect,finger,flattened,fruiting,geminat,gland-tipped,hair,half,hig,homostylous,incomplete,intepetalar,juicy,juvenile,lamina,less,loosely,lower,mature,mesocarp,mid-point,midrib,minute,nflorescence,notched,oblique,orolla,part,perfec,perfect,pore,porrect,present,rachi,rhizomatous,ruit,scarce,septum,sessile,short,slightly,stellate-pubescent,succulen,tamen,tem,thick,time,tissue,toward,tube,unarme,unarmed,unit,upper,vary,white,wide,without,yellowi,ympodial	40,5,appearance,arrangement,border,capitate,characteristic,colour,corolla,distal,form,giving,glabrousnes,growth,height,history,leaflet,life,lobing,na,new,number,ovary,plant,pseudostipule,seed,shape,size,stem,terminal,texture,thicknes,type,variation,width,yellowish	0.25-0.35,0.5-0.8,0.8-1,1-1.5,1-2,13-35,15-25,2-3,2-4,2-branched,4-5.5,4-7,4.3-15,6,7-8,8-16,acute,berry,brown,chartaceous,cm,cuneate,deltate,diameter,distally,elliptic,entire,extra-axillary,flower,fruit,glabrous,globose,green,lanceolate,lilac,long,markedly,mm,narrowly,ovate,pale,perennial,pubescent,red,shrub,simple,sparsely,stellae,stellate,straight,subreniform,thicker,triangular,x,yellow	40,5,capitate,na,yellowish
169	wfo-0001027720	success	272	197	145	158	114	39	140	5	.2,0,0.8–1.9,1.4–1.9,1.5–1.7,1.5–3.3,1.5–9.0,1.7–2.5,1.8–2.0,1.9–2.2,1/3,12–16,19.7–30.0,2.0,2.5–2.8,2.5–2.9,2–3,3.2,3.6,4.0–12.6,5.1–18.6,6.5–9.5,6–8,8.0–11.9,8.2–10.5,9.5–16.0,acuminate,acute,aequilateral,anther,apex,apical,apparently,appearing,attachment,attenuate,base,berry,bilobed,branch,broad,broad-based,bud,calyx,cancellate,capitate,channel,channeled,cm,concave,conical,connivent,corolla,cream,crisped,curved,deciduous,developed,diameter,distally,dry,either,elliptic,entire,erect,especially,extra-axillary,fertile,filament,flattened-irregular,flattened-orbicular,flattened-reniform,flower,fruit,glabrous,glandular,globose,gradually,growth,hair,heavily,increasing,internode,interpetalar,juvenile,lateral,lavender,leaf,lobe,long,margin,mature,midpoint,midvein,minute,mm,moderately,narrowly,notched,oblique,oblong,often,orange,ovate,pedicel,peduncle,per,petiole,point,poorly,pore,porrect,portion,potentially,prickle,pubescent,ray,red,reflexed,scattered,sessile,short,shorter,shrub,side,simple,slightly,small,soon,stellae,stellate,stem,stigma,straight,style,subacute,subcoriaceous,surface,tall,tissue,tree,triangular,tube,twice-branched,unarmed,upper,vein,violet,wavy,white,wide,yellow,yellow-ferruginous,yellow-tan,young,±equal,×,–4	.0,.04,.3,.5,.9,0.1–0.6,0.2–0.4,0.3–0.4,0.7–0.9,0.7–1.1,0.7–1.2,0.8–1.3,0.8–2.0,0.9,1.5–2.0,1.5–2.5,1.7–1.8,1.7–2.0,1/2,1/3–1/2,10.0,10.8–18.2,13.0,2.5,3.7–5.7,3.9,4.0–18.0,4–5-merou,8.0,8.5–9.4,abaxially,adaxially,adnate,alyx,anthesi,apiculate,armed,articulated,axe,ba,becoming,blade,brochidodromous,colore,congested,dehiscence,densely,dentate,difoliate,dorsally,eaf,eed,emerging,endocarp,exocarp,filiform,free,geminat,glossy,homostylous,hooked,inclined,intersepalar,juic,lamina,large,least,like,line,lon,longer,lower,m.,major,midrib,minor,nearly,nflorescence,occasionally,orolla,part,perforate,porrect-stellate,presumably,proximal,raised,rigid,rip,row,ruit,sinus,sparsely,splitting,spread,stamen,stellate-pubescen,stellate-pubescent,suture,tamen,tem,thin,time,tip,toward,translucent,truncate,two,ud,vary,way,weakly,yellow-ferruginou,ympodia,youngest	40,arrangement,bark,characteristic,colored,colour,corrugation,distal,drying,exertion,form,fruiting,glabrousnes,green,height,history,inflorescence,interjected,leaflet,length,life,lobing,na,new,number,ovary,plant,primary,pseudostipule,ripe,seed,shape,size,terminal,texture,thicknes,type,variation,width	.2,0,0.8–1.9,1.4–1.9,1.5–1.7,1.5–3.3,1.5–9.0,1.7–2.5,1.8–2.0,1.9–2.2,1/3,12–16,19.7–30.0,2.0,2.5–2.8,2.5–2.9,2–3,3.2,3.6,4.0–12.6,5.1–18.6,6.5–9.5,6–8,8.0–11.9,8.2–10.5,9.5–16.0,acuminate,acute,aequilateral,apical,apparently,appearing,attachment,attenuate,base,berry,bilobed,broad,broad-based,cancellate,capitate,channel,channeled,cm,concave,conical,connivent,cream,crisped,curved,deciduous,developed,diameter,distally,dry,either,elliptic,entire,erect,especially,extra-axillary,fertile,flattened-irregular,flattened-orbicular,flattened-reniform,flower,fruit,glabrous,glandular,globose,gradually,growth,hair,heavily,increasing,internode,interpetalar,juvenile,lateral,lavender,long,mature,midpoint,midvein,minute,mm,moderately,narrowly,notched,oblique,oblong,often,orange,ovate,point,poorly,pore,porrect,portion,potentially,prickle,pubescent,ray,red,reflexed,scattered,sessile,short,shorter,shrub,side,simple,slightly,small,soon,stellae,stellate,stem,straight,subacute,subcoriaceous,tall,tissue,tree,triangular,twice-branched,unarmed,upper,vein,violet,wavy,white,wide,yellow,yellow-ferruginous,yellow-tan,young,±equal,×,–4	40,colored,green,na,ripe
170	wfo-0001027757	success	186	110	72	67	119	43	52	20	0.5,abaxially,acute,anther,anthesi,apex,axillary,base,blue,borne,brown,calyx,clavate,cm,colour,dark,decurrent,deeply,diameter,elliptic,erect,filament,flattened,fruit,glabrous,globose,hair,irregularly,lanceolate,leaf,leafy,lilac,lobed,long,margin,mm,moderately,multicellular,narrowly,oblong,obtuse,occasionally,often,ovate,pale,pedicel,peduncle,perennial,petiole,pitted,primary,pubescent,regularly,shoot,shrub,simple,sparsely,stigma,style,surface,unicellular,uniseriate,unknown,violet,white,woody,x	0.2,0.2–0.3,0.3–2.0,0.6,0.6–1.0,0.7,0–1.4,1.0–1.1,1.0–2.5,1.2–4.0,1.5–1.6,1.5–2.5,1.6–2.4,1.9–2.7,12,1–1.5,1–11,1–2,1–3,2,2.5,2.5–4,2.5–5.5,2.5–7,2–,2–10,3–12,3–5,4–9,5,5–,60–100,6–9,7–8,8–16,absen,accrescent,adaxiall,adaxially,ag,along,apart,apical,arising,articulated,axe,ba,basal,blade,branching,campanulate,cell,chartaceous,concave,connivent,convex,cylindrical,densely,directed,distally,eaf,eed,entire,equal,erose,fleshy,flower,geminat,glabrescen,glabrou,lobe,lon,longitudinal,lower,m.,nflorescence,opening,opposed,orolla,pair,perfect,plurifoliate,pore,poricidal,probably,rootstock,rotate,ruit,secondary,serrate,side,slit,smaller,sometimes,spaced,stone,straight,tall,tamen,tem,thic,thickened,time,tip,toward,tube,unbranched,unit,vary,wide,yellow,ympodial,–19,–2.7,–3.2,–4.0,–5.5,–6,–9	0-1.4,0.2-0.3,0.3-2.0,1.0-1.1,1.2-4.0,1.5-1.6,1.5-2.5,19,2-10,2.5-4,2.7,3.2,4-9,5.5,6,6-9,60-100,8-16,arrangement,characteristic,corolla,drying,form,glabrescent,glabrousnes,growth,height,history,inflorescence,length,life,lobing,na,new,ovary,plant,seed,shape,size,stem,texture,type,vein	0.5,abaxially,acute,anthesi,axillary,blue,borne,brown,clavate,cm,dark,decurrent,deeply,diameter,elliptic,erect,flattened,fruit,glabrous,globose,hair,irregularly,lanceolate,leafy,lilac,lobed,long,mm,moderately,multicellular,narrowly,oblong,obtuse,occasionally,often,ovate,pale,perennial,pitted,pubescent,regularly,shoot,shrub,simple,sparsely,unicellular,uniseriate,unknown,violet,white,woody,x	0-1.4,0.2-0.3,0.3-2.0,1.0-1.1,1.2-4.0,1.5-1.6,1.5-2.5,19,2-10,2.5-4,2.7,3.2,4-9,5.5,6,6-9,60-100,8-16,glabrescent,na
171	wfo-0001027765	success	163	144	86	98	65	46	83	3	0.8,1,1-10,1-11.5,1-2,1-4,1-5,1.5-6,10-13,2-2.5,2-4,2.5-4,2.5-4.2,20-30-44,3-12,3-5-15-30,5-6,5-8,7-20,acumen,acute,apex,apical,apically,apiculate,articulate,base,branched,calyx,cell,cm,connate,cordate,corolla,covering,cyme,dehiscent,diameter,dichasial,dichasially,distal,ebracteate,elliptic,exceeding,filament,globose,green,green-white,hair-like,herbaceous,interjected,introrse,lateral,leaf,leaflet,light,lobe,long,make,maturing,mm,monochasial,mucilaginous,oblique,obtuse,odd-pinnate,often,ovate,ovate-lanceolate,ovoid,pedicel,peduncle,perennial,petiole,pilose,plant,poricidally,rounded,seed,short,size,slightly,slit,stamen,stigma,straight,style,terminal,testal,thick,throughout,tone,truncate,violet,wall,white,wide,yellow	0-.,1-2-3-4,2-3,3-20,3-6-foliat,5,abaxial,abaxially,abruptly,acuminate,cuneate,digestion,diminishing,dorsally,eaf,edge,eed,elliptic-lanceolate,emoval,enzyme,flat,flower,folded,forked,generally,glandular,globo,hair,half,honeycomb,living,lon,lower,lunat,nflorescence,nther,orolla,ovate-elliptic,pair,pattern,perfect,petiolate,petiolule,plan,proximal,reveal,ruit,sessile,seudostipule,side,simple,specimen,stellate,tal,tem,throughou,tip,toward,tuber-bearing,typically,unit,vary,without,ympodial,¼	0-2,anther,appearance,arrangement,bark,border,branch,bud,characteristic,colour,corrugation,drying,exertion,form,fruit,giving,glabrousnes,growth,height,history,inflorescence,length,life,lobing,margin,midpoint,na,new,number,ovary,per,prickle,primary,pseudostipule,ray,shape,stem,surface,texture,thicknes,tube,type,variation,vein,wet,width	0.8,1,1-10,1-11.5,1-2,1-4,1-5,1.5-6,10-13,2-2.5,2-4,2.5-4,2.5-4.2,20-30-44,3-12,3-5-15-30,5-6,5-8,7-20,acumen,acute,apical,apically,apiculate,articulate,branched,cell,cm,connate,cordate,covering,cyme,dehiscent,diameter,dichasial,dichasially,ebracteate,elliptic,exceeding,globose,green,green-white,hair-like,herbaceous,introrse,lateral,light,lobe,long,make,maturing,mm,monochasial,mucilaginous,oblique,obtuse,odd-pinnate,often,ovate,ovate-lanceolate,ovoid,perennial,pilose,poricidally,rounded,seed,short,slightly,slit,stamen,stigma,straight,style,testal,thick,throughout,tone,truncate,violet,wall,white,wide,yellow	0-2,na,wet
172	wfo-0001027807	success	116	126	66	78	38	48	65	1	.5,0-0.2,0.1-1,0.2-0.3,0.2-0.9,0.3-0.4,0.9-1,0.9-2.5,1-1.5,15-30,2-5,2-6,3.5-9,acuminate,acute,apex,attenuate,bark,base,berry,brittle,brown,bud,closely,cm,decurrent,diameter,dry,drying,elliptic,flattened,flower,fruiting,glabrous,globose,gray,grayish,green,growth,internodal,lanceolate,leaf,leaf-opposed,margin,material,maturity,minutely,mm,narrowly,new,occasionally,pair,pale,papillate,parallel,pedicel,peduncle,petiole,pitted,primary,reddish,reniform,revolute,seemingly,shrub,simple,slender,slightly,small,spaced,sparsely,stem,surface,tree,vein,winged,x,yellowish	abaxially,adaxially,almost,barely,deflexe,deflexed,difoliate,eaf,eed,ellipti,geminat,know,known,midrib,nflorescence,older,ot,overlapping,paler,papillae,plane,prominent,rachi,reddi,reproductive,ruit,scar,shoot,somewhat,thickened,ud,unifoliate,unit,usually,visible,white,ympodial,young	anther,appearance,arrangement,border,branch,calyx,characteristic,colour,corolla,corrugation,distal,exertion,filament,form,fruit,giving,glabrousnes,height,history,inflorescence,interjected,lateral,leaflet,length,life,lobe,lobing,midpoint,na,number,ovary,per,plant,prickle,pseudostipule,ray,seed,shape,size,stigma,style,terminal,texture,thicknes,tube,type,variation,width	.5,0-0.2,0.1-1,0.2-0.3,0.2-0.9,0.3-0.4,0.9-1,0.9-2.5,1-1.5,15-30,2-5,2-6,3.5-9,acuminate,acute,apex,attenuate,base,berry,brittle,brown,closely,cm,decurrent,diameter,dry,elliptic,flattened,flower,glabrous,globose,gray,grayish,green,internodal,lanceolate,leaf,leaf-opposed,material,maturity,minutely,mm,narrowly,occasionally,pair,pale,papillate,parallel,pitted,reddish,reniform,revolute,seemingly,shrub,simple,slender,slightly,small,spaced,sparsely,surface,tree,winged,x,yellowish	na
173	wfo-0001027816	success	187	155	99	116	71	39	97	2	.5,0.5-1,0.5-2,0.6-0.8,0.7-1,1,1-1.5,1-3,1.2-2,1.5-2,1.8-6,12-14,2-4,2/3,3-3.5,3.5-4,4-5,5-30,6-9,acuminate,acute,anther,anthesi,apex,attenuate,base,becoming,berry,bluish,branched,brown,calyx,capitate,cm,conical,corolla,dark,dense,densely,diameter,drying,ellipsoid,entire,erect,exserted,filament,filiform,flattened,flower,fruiting,glabrous,gland-tipped,glandular,globose,growth,half,inflorescence,lanceolate,lateral,leaf,less,like,linear,lobe,lobed,lower,margin,minute,minutely,mm,new,occasionally,often,orange,pair,patent,pedicel,peduncle,per,petiole,pitted,plant,primary,pubescent,purple,red,reddish,reniform,ripe,rounded,several,shrub,simple,slightly,sometimes,sparse,sparsely,stem,stigma,style,surface,terminal,time,tip,triangular,trichome,tube,ultimate,uniformly,uniseriate,vein,viscous,way,x,yellowish,½	..,0.2,0.5,1-1,1-4,2-2.5,5-merou,<,ag,almost,along,alyx,apar,ark,articulated,axi,cell,confined,connivent,cupped,eaf,eed,em,fleshy,free,ilament,irregularly,leaving,lengthening,loosely,m.,markedly,nflorescence,nodding,older,orolla,papillo,peg,perfect,perhaps,pericarp,plurifoliat,pore,poricidal,portion,prominen,pubescen,rectangular,ruit,scar,shiny,sleeve,slit,small,somewhat,spaced,spreadin,spreading,square,stellate,testal,thin,twinin,ud,unit,upper,usually,variable,vary,woody,ympodial	appearance,arrangement,bark,border,branch,bud,caylx,characteristic,colour,corrugation,distal,exertion,form,fruit,giving,glabrousnes,height,history,interjected,leaflet,length,life,lobing,midpoint,na,number,ovary,papillose,prickle,pseudostipule,ray,seed,shape,size,texture,thicknes,type,variation,width	.5,0.5-1,0.5-2,0.6-0.8,0.7-1,1,1-1.5,1-3,1.2-2,1.5-2,1.8-6,12-14,2-4,2/3,3-3.5,3.5-4,4-5,5-30,6-9,acuminate,acute,anthesi,attenuate,base,becoming,berry,bluish,branched,brown,calyx,capitate,cm,conical,dark,dense,densely,diameter,ellipsoid,entire,erect,exserted,filiform,flattened,flower,glabrous,gland-tipped,glandular,globose,half,lanceolate,lateral,less,like,linear,lobed,lower,minute,minutely,mm,occasionally,often,orange,pair,patent,per,pitted,plant,pubescent,purple,red,reddish,reniform,ripe,rounded,several,shrub,simple,slightly,sometimes,sparse,sparsely,stem,surface,terminal,time,tip,triangular,trichome,tube,ultimate,uniformly,uniseriate,viscous,way,x,yellowish,½	na,papillose
174	wfo-0001027819	success	198	134	73	83	115	51	70	3	10-20,10-50,12-21,16-25,2-15,20-35,22-35,25-35,3-5,4,4-10,4-5,5-6,8-10,9-12,abaxially,acute,adaxially,apex,apical,base,branched,cm,concave,cordate,cuneate,densely,diameter,ellipsoidal,entire,especially,fading,finely,fleshy,forked,fruit,glabrous,globose,green,leaf,length,lobe,lobed,long,margin,mm,narrowly,oblong,obtuse,occasionally,pedicel,peduncle,per,petiole,pilose,probably,protuberance,puberulent,purple,rarely,rugose,simple,sometimes,sparsely,stigma,style,sympodial,tree,triangular,tube,two,umbrella-shaped,unbranched,unit,unknown,unlobed,usually,vein,whitish,wide,width,x,yellow	0.5-1,1,1-2,1-4-10,1-5,1.5-2,15-22,2,2-3,2-3-5-lobed,20-25,20-40,20-40-100,3-40,4-15,4-25,5,5-merous,aggregate,also,alyx,apart,ape,apiculat,articulated,axe,ba,basal,beyond,blade,cell,ciliate,color,connective,cylindrical,deeply,denser,dia,diamete,dilated,directed,distally,divided,eaf,eed,eglandular,eglandular-pilose,elliptic,elliptic-ovate,equal,exceeding,except,exserted,flower,hair,halfway,leaving,lon,lower,main,mesocarp,midrib,moderately,narrow,near,nflorescence,nther,oblique,obtu,often,orolla,ovate,pedicellar,perfec,perfect,pinnately,pore,present,prominent,puberulen,puberulence,purplish,rachi,radiu,ranch,ratio,remnant,ripe,rounded,rown,ruit,runk,shallowly,short-acuminat,shorter,sinus,slightly,small,spaced,stamen,stellate,stone,strongly,subcoriaceous,swelling,tal,thecae,toward,truncate,ud,uni,vary,villous,without,young	anther,appearance,arrangement,bark,border,branch,bud,calyx,characteristic,colour,corolla,corrugation,distal,drying,exertion,filament,form,fruiting,giving,glabrousnes,growth,height,history,inflorescence,interjected,lateral,leaflet,life,lobing,midpoint,na,new,number,ovary,perennial,plant,prickle,primary,pseudostipule,ray,seed,shape,short-acuminate,size,stem,surface,terminal,texture,thicknes,type,variation	10-20,10-50,12-21,16-25,2-15,20-35,22-35,25-35,3-5,4,4-10,4-5,5-6,8-10,9-12,abaxially,acute,adaxially,apex,apical,branched,cm,concave,cordate,cuneate,densely,diameter,ellipsoidal,entire,especially,fading,finely,fleshy,forked,glabrous,globose,green,lobed,long,margin,mm,narrowly,oblong,obtuse,occasionally,per,pilose,probably,protuberance,puberulent,purple,rarely,rugose,simple,sometimes,sparsely,sympodial,tree,triangular,two,umbrella-shaped,unbranched,unit,unknown,unlobed,usually,whitish,wide,x,yellow	na,perennial,short-acuminate
175	wfo-0001027834	success	235	124	59	81	154	43	54	5	0.2-0.6,0.4-1.1,0.9-1.8,1-1.9,1-10,1.1-1.6,1.1-1.8,1.4-2,2-8,2.3-3.4,25,4-5.2-6.1,5-20,5-merous,6.9-18.1,9-13,abaxial,acuminate,acute,adaxial,anther,anthesi,apex,attenuate,bark,base,berry,branch,brown,bud,calyx,cm,corolla,deltoid,diameter,drying,ellipsoid,entire,filament,finely,fruit,fruiting,globose,granular-tomentose,gray,included,leaf,lenticular,lobe,margin,mm,numerous,obtuse,ovate,ovate-elliptic,pair,pedicel,peduncle,petiole,primary,ray,reticulate-punctate,rounded,scabridulous,semi-spherical,short,shrub,simple,soft,stem,stigma,style,subcampanulate,surface,turbinoid,vein,velutinous-tomentose,white,whitish-tomentose,yellow,yellowish-tan	.5-3,0-110,0.2-0.3,0.2-0.4,0.5-2,1-1.6,1-2.5,1.6-2.7,1.8-4.9,1/2,10-25,2-3.8,2.2-4.3,2.4-6.2,2.7-7.3,2.9-4.2,3-15,3-4.3,4-6,4.8-6.9,5.1-8,9-11.9,abaxially,absent,accrescent,adaxially,ag,alyx,angled,apar,apical,around,articulated,axillary,ba,becoming,blade,blunt-tipped,branched,branching,capitat,closely,completely,concentrated,connivent,coriaceous,covering,crown,cylindrical,dendritic-echinoi,dendritic-echinoid,densely,dichasia,directed,discolorous,distally,eaf,echinoi,echinoid,edge,eed,enclosing,enveloping,equal,erec,exserted,farinose,flat-topped,fleshy,flower,forming,glabrescent,glabrous,grooved,hair,high,inserted,lengthening,less,light,lobed,long,long-stalked,longitudinal,longitudinally,lower,many,mostly,multangulat,multangulate,near,nflorescence,obovate,obscured,older,orbicular,orolla,ovate-lanceolate,perfec,persistent,plurifoliate,pore,poricidal,porrect-stellate,pseudo-terminal,pubescence,pubescent,rachi,rarely,ripe,ruit,runk,scar,semi-ovate,sessile,short-stalked,slit,small,sometimes,somewhat,spaced,sparsely,spreading,stalked,stamen,stellate,stellate-pubescent,subcoriaceous,suture,tamen,though,time,tip,tomentose,tomentu,tomentum,toward,tree,trichome,tube,ud,unarme,unit,usually,vary,villous,way,whitish,wide,x,yellowish,yellowish-tomentose,ympodial,young	appearance,arrangement,border,capitate,characteristic,colour,corrugation,distal,exertion,form,giving,glabrousnes,growth,height,history,inflorescence,interjected,lateral,leaflet,length,life,lobing,midpoint,na,new,number,ovary,per,perennial,plant,prickle,pseud-terminal,pseudostipule,seed,shape,size,terminal,texture,thicknes,type,unarmed,variation,width	0.2-0.6,0.4-1.1,0.9-1.8,1-1.9,1-10,1.1-1.6,1.1-1.8,1.4-2,2-8,2.3-3.4,25,4-5.2-6.1,5-20,5-merous,6.9-18.1,9-13,acuminate,acute,anthesi,attenuate,berry,brown,calyx,cm,deltoid,ellipsoid,entire,finely,globose,granular-tomentose,gray,included,lenticular,mm,numerous,obtuse,ovate,ovate-elliptic,pair,reticulate-punctate,rounded,scabridulous,semi-spherical,short,shrub,simple,soft,subcampanulate,turbinoid,velutinous-tomentose,white,whitish-tomentose,yellow,yellowish-tan	capitate,na,perennial,pseud-terminal,unarmed
176	wfo-0001027843	success	154	149	97	104	50	45	92	5	.5,.75,0.5-0.75,0.5-1,0.8-3.5,1-1.2,1-1.3,1-1.5,1.2-1.5,3-15-flowered,3-6,5-6,6-13,6-9,acute,along,anther,anthesi,apex,bark,base,bearing,becoming,beneath,berry,broadly,calyx,clavate,cm,conical,corolla,curly,densely,dia,distally,ellipsoid,erose,exsertion,filament,flower,fruiting,glabrate,glabrous,globose,green,lamina,later,lateral,leaf,like,lobe,lobed,long,long-acuminate,main,margin,minutely,mm,near,nearly,older,one,ovary,ovate,pair,papillose,pedicel,petiole,pleated,pore,poricidal,pubescent,reflexed,shape,shaped,shrub,simple,sinus,size,slender,slightly,somewhat,sparser,stem,stiff,stigma,straight,strongly,style,surface,tapering,tear-drop,time,tip,tipped,trichome,tube,two,uniseriate,vein,white,winged,x,young	/3,1.2-2.5,2-2.5,2-4,apart,apiculate,ba,beginning,coroll,deflexed,deltoid,denser,differing,difoliate,eaf,edicel,eed,free,geminat,hairy,impressed,irregularly,known,larger,lon,lower,major,middle,minor,nflorescence,occasionally,opposite,orbicular,papillo,portion,prominent,proximal,reddish-gre,rounded,ruit,scar,spaced,sparsely,tall,ud,unit,way,widest,woody,ympodial	appearance,arrangement,border,branch,bud,characteristic,colour,corrugation,diameter,distal,drying,exertion,form,fruit,giving,glabrousnes,growth,height,history,inflorescence,interjected,leaflet,length,life,lobing,midpoint,na,new,number,peduncle,per,perennial,plant,prickle,primary,pseudostipule,ray,reddish-grey,seed,terminal,texture,thicknes,type,variation,width	.5,.75,0.5-0.75,0.5-1,0.8-3.5,1-1.2,1-1.3,1-1.5,1.2-1.5,3-15-flowered,3-6,5-6,6-13,6-9,acute,along,anthesi,bark,base,bearing,becoming,beneath,berry,broadly,calyx,clavate,cm,conical,corolla,curly,densely,dia,distally,ellipsoid,erose,exsertion,flower,glabrate,glabrous,globose,green,lamina,later,lateral,leaf,like,lobe,lobed,long,long-acuminate,main,minutely,mm,near,nearly,older,one,ovate,pair,papillose,pleated,pore,poricidal,pubescent,reflexed,shaped,shrub,simple,sinus,slender,slightly,somewhat,sparser,stem,stiff,straight,strongly,surface,tapering,tear-drop,time,tip,tipped,trichome,tube,two,uniseriate,vein,white,winged,x,young	-1.2,di,na,perennial,reddish-grey
177	wfo-0001027847	success	215	130	93	110	105	20	91	2	-2.5,-6,0-2,0.4-1,0.8-0.9,0.8-1.2,1-2.5-4,1.5-2,1.5-5,1.9-2.3,1/4,2-2.8,2-3,2-4,2-5,2.2-3,3-5,5-25,abaxially,acute,almost,anther,apex,apparently,articulated,bark,base,berry,calyx,chartaceous,cm,connivent,cordate,deltate,densely,diameter,discolorous,drying,dull,elliptic,erect,evenly,filament,finely,flattened,flattened-reniform,fruit,glabrescent,glabrous,gray,green,lateral,leaf,length,lobe,lobed,long,margin,maturity,mauve,middle,mm,moderately,narrow-deltate,orange,orange-brown,ovate,pair,pedicel,peduncle,per,perpendicular,petiole,pitted,poricidal,prickle,prickly,primary,purple,red,red-brown,reddish,retrorse,rounded,seed,shrub,side,simple,size,smooth,sometimes,sparsely,spherical,stellate-pubescent,stem,strongly,style,surface,tapering,terete,terminal,tip,tube,upper,vein,weakly,white,wide,yellow,young	-3,-5,.35,.7,/2,/3,0-7,0.1-0.4,0.15-0.2,0.2,0.5,0.5-0.8,0.5-1,0.8,1-2,1.5-2.5,1/2,1/6-1/3,2.5-3.5,2/,3-15,3-6,3.5-6,4-5-merous,5-6,5.5-8,6-11,6-8,7-10,alyx,ame,apar,apart,apically,blade,branched,broadly,brow,c.,curved,dimorphic,distance,eaf,edge,eed,elongating,equal,extending,faint,filiform,filiform-acuminat,flower,free,fruiting,geminate,increasing,infructescence,lon,longer,lower,mature,midpoint,midvein,minor,nflorescence,older,one,open,orbicular,orolla,oung,pendulous,perfec,pericarp,pit,plurifoliat,porrect,portion,prickl,ray,ruit,scandent,scar,sessile,slender,spaced,spreading,stalk,stalked,stellate,straight,tamen,tertiary,time,toward,trichome,unarmed,unit,usually,variously,vary,venation,visible,way,ympodial	arrangement,brown,characteristic,colour,corolla,form,growth,height,history,inflorescence,life,lobing,number,ovary,perennial,plant,shape,texture,type,width	-2.5,-6,0-2,0.4-1,0.8-0.9,0.8-1.2,1-2.5-4,1.5-2,1.5-5,1.9-2.3,1/4,2-2.8,2-3,2-4,2-5,2.2-3,3-5,5-25,abaxially,acute,almost,apparently,articulated,base,berry,chartaceous,cm,connivent,cordate,deltate,densely,diameter,discolorous,drying,dull,elliptic,erect,evenly,finely,flattened,flattened-reniform,glabrescent,glabrous,gray,green,lateral,lobe,lobed,long,maturity,mauve,middle,mm,moderately,narrow-deltate,orange,orange-brown,ovate,pair,per,perpendicular,pitted,poricidal,prickly,purple,red,red-brown,reddish,retrorse,rounded,seed,shrub,side,simple,smooth,sometimes,sparsely,spherical,stellate-pubescent,stem,strongly,tapering,terete,terminal,tip,upper,weakly,white,wide,yellow,young	brown,perennial
178	wfo-0001027872	success	190	154	97	106	84	48	93	4	1,1-4,1-8,1.0-1.3,10,15,2,2.2-3.5,20,35,5-7,5-lobed,6-20,8-11,acuminate,acute,angular,apex,apical,apically,apiculate,articulate,base,branched,ca,calyx,caudate,cm,commonly,connate,cordate,cuneate,cyme,deep,dehiscent,densely,diameter,dichasial,dichasially,distal,ebracteate,elliptic,externally,filament,glabrescent,glandular-pubescent,globose,gray-green,green,green-white,homogeneously,interjected,introrse,lanceolate,lateral,leaflet,light,lobe,long,maturing,middle,mm,moderately,monochasial,mottled,narrowly,nearly,obliquely,oblong,odd-pinnate,often,ovate,ovoid,pedicel,peduncle,perennial,petiolulate,plant,poricidally,purple,rarely,rhizomatous,rotate,rounded,seed,sessile,shape,short,size,slightly,slit,sometimes,stigma,style,symmetrically,terete,terminal,tinged,type,typically,uniformly,usually,wide,wider,yellow,yellowish-green	0.5,1-1.2,1.5-4,12-35,2-3,2.8,3-6-foliat,4-6,5-10,5-8,abaxially,acumen,adaxially,b,ba,basal,becoming,cell,celled,clasping,covering,decreasing,digestion,eaf,eed,emoval,enzyme,erect,exceeding,flower,forked,four-celled,generally,gland,glandular,globo,hair-like,half,herbaceous,honeycomb,living,lon,longer,lower,make,mucilaginous,nflorescence,nther,orolla,pair,pattern,pentagonal,perfect,petiolate,petiolule,puberulent,pubescent,purpl,reduced,reveal,rhizome,rotate-,ruit,semi-lunate,seudostipule,single,somewhat,specimen,stamen,ste,straight,subequal,tem,testal,thick,tip,trailing,unbranched,unit,vary,viole,wall,wid,ympodial	anther,appearance,arrangement,bark,border,branch,bud,characteristic,colour,corolla,corrugation,drying,exertion,form,fruit,giving,glabrousnes,growth,height,herb,history,inflorescence,leaf,length,life,lobing,margin,midpoint,na,new,number,ovary,per,petiole,prickle,primary,pseudostipule,ray,rotate-pentagonal,stem,surface,texture,thicknes,tube,variation,vein,violet,width	1,1-4,1-8,1.0-1.3,10,15,2,2.2-3.5,20,35,5-7,5-lobed,6-20,8-11,acuminate,acute,angular,apical,apically,apiculate,articulate,base,branched,ca,caudate,cm,commonly,connate,cordate,cuneate,cyme,deep,dehiscent,densely,diameter,dichasial,dichasially,ebracteate,elliptic,externally,glabrescent,glandular-pubescent,globose,gray-green,green,green-white,homogeneously,introrse,lanceolate,lateral,leaflet,light,lobe,long,maturing,middle,mm,moderately,monochasial,mottled,narrowly,nearly,obliquely,oblong,odd-pinnate,often,ovate,ovoid,perennial,petiolulate,poricidally,purple,rarely,rhizomatous,rotate,rounded,sessile,shape,short,size,slightly,slit,sometimes,symmetrically,terete,tinged,typically,uniformly,usually,wide,wider,yellow,yellowish-green	herb,na,rotate-pentagonal,violet
179	wfo-0001027880	success	185	136	75	91	94	45	73	2	.25,0.3-3,0.5-5,0.6-1,0.6-1.5,0.8-1.5,1-15,1-2,1-3,1.5-2,10-15,2-3,3-4,4-10,4-6,5-11,acute,anther,apex,apiculate,base,branch,calyx,clavate,cm,conical,cordate,coriaceous,cylindrical,densely,diameter,discolorous,entire,extra-axillary,filament,flattened,flower,fruit,fruiting,glabrous,globose,green,greenish,inflorescence,leaf,leaf-opposed,lobe,lower,margin,minutely,mm,nearly,oblique,oblong,oblong-ovate,often,ovate,ovoid,pair,papillose,pedicel,peduncle,petiole,pink,pubescent,purple,red-brown,reddish,revolute,ripe,rounded,rugulose,secondary,shrub,simple,size,slender,slightly,somewhat,stigma,style,surface,tan,truncate,tube,unbranched,undulate,vein,vine,white,x	-3,0.5-1.5,0.5-1.5-3.5,1-14,1-2.5,1.5-3,2-80,2/,5-8,5-merou,8,abaxially,absen,accrescen,acuminate,adaxially,ag,aggregate,along,alyx,apart,apparently,articulated,axe,ba,blade,branching,cell,chartaceous,ciliat,connivent,contiguously,curled,deltate,dense,diminishing,directed,distally,distichous,distinct,distinctly,eaf,eed,epiphytic,equal,geminat,growing,hair,increasing,internode,line,long,longer,longitudinal,midvein,multicellular,nflorescence,node,occasionally,opening,orolla,pale,perfect,plurifoliate,point,pore,pubescen,rachi,rooting,ruit,scar,slit,sometimes,spaced,sparsely,ste,stellate,stone,tamen,tem,thickened,time,tip,trailing,tree,trunk,typically,uniseriate,unit,usually,vary,wide,yellow,ympodial	2/3,appearance,arrangement,bark,border,bud,characteristic,colour,corolla,corrugation,distal,drying,exertion,form,giving,glabrousnes,growth,height,history,interjected,lateral,leaflet,length,life,lobing,midpoint,na,new,number,ovary,per,plant,prickle,primary,pseudostipule,ray,seed,shape,stem,terminal,texture,thicknes,type,variation,width	.25,0.3-3,0.5-5,0.6-1,0.6-1.5,0.8-1.5,1-15,1-2,1-3,1.5-2,10-15,2-3,3-4,4-10,4-6,5-11,acute,apex,apiculate,clavate,cm,conical,cordate,coriaceous,cylindrical,densely,diameter,discolorous,entire,extra-axillary,flattened,flower,fruit,glabrous,globose,green,greenish,leaf-opposed,lower,minutely,mm,nearly,oblique,oblong,oblong-ovate,often,ovate,ovoid,pair,papillose,pink,pubescent,purple,red-brown,reddish,revolute,ripe,rounded,rugulose,secondary,shrub,simple,slender,slightly,somewhat,tan,truncate,unbranched,undulate,vein,vine,white,x	2/3,na
180	wfo-0001027880	success	170	142	80	94	76	48	77	3	.25,0.3–3,0.5,0.5–1.5,0.5–5,0.6–1,0.6–1.5,0.8–1.5,1.5–2,10–15,1–2,2/3,2–3,4–10,4–6,5–11,absent,acuminate,acute,anther,apex,apiculate,arrangement,base,berry,bluish-purple,calyx,chartaceous,clavate,cm,conical,cordate,coriaceous,cylindrical,densely,diameter,distichous,distinctly,entire,extra-axillary,filament,flattened,flower,fruit,fruiting,glabrous,globose,greenish,lanceolate,leaf,leaf-opposed,lobe,lower,margin,minutely,mm,mottled,nearly,oblique,oblong-ovate,often,ovate,ovoid,papillose,pedicel,peduncle,petiole,pink,pinnate,pubescent,red,reddish-brown,revolute,rounded,rugulose,shrubby,slender,slightly,sometimes,somewhat,stigma,style,surface,tan,truncate,tube,unbranched,undulate,vein,vine,white,woody,x,–3.5	0.2-0.5,1.5–3,1–14,1–15,1–2.5,1–3,2-80,3–4,5-merous,5–8,8,abaxially,accrescen,adaxially,along,alyx,apar,axe,blade,c.,capitat,ciliat,climbing,contiguously,curled,deltate,dense,discolored,distinct,eaf,eed,green,hair,line,long,longer,m.,membranous,midvein,nflorescence,nternode,occasionally,orolla,pair,pale,perfec,plurifoliat,rachi,reddish,rip,ruit,sand-punctat,sand-punctate,scar,secondary,simple,spaced,sparsely,ste,stellate,tamen,tem,thickened,time,tip,tree,trichome,trunk,typically,uniseriate,unit,vary,vegetatio,venation,wide,ympodial	appearance,bark,border,branch,bud,capitate,characteristic,colour,corolla,corrugation,distal,drying,exertion,form,giving,glabrousnes,growth,height,history,inflorescence,interjected,lateral,leaflet,length,life,lobing,midpoint,na,new,number,ovary,per,plant,prickle,primary,pseudostipule,ray,ripe,seed,shape,size,stem,terminal,texture,thicknes,type,variation,width	.25,0.3–3,0.5,0.5–1.5,0.5–5,0.6–1,0.6–1.5,0.8–1.5,1.5–2,10–15,1–2,2/3,2–3,4–10,4–6,5–11,absent,acuminate,acute,apex,apiculate,berry,bluish-purple,chartaceous,clavate,cm,conical,cordate,coriaceous,cylindrical,densely,diameter,distichous,distinctly,entire,extra-axillary,flattened,flower,fruit,glabrous,globose,greenish,lanceolate,leaf-opposed,lower,minutely,mm,mottled,nearly,oblique,oblong-ovate,often,ovate,ovoid,papillose,pink,pinnate,pubescent,red,reddish-brown,revolute,rounded,rugulose,shrubby,slender,slightly,sometimes,somewhat,tan,truncate,unbranched,undulate,vine,white,woody,x,–3.5	capitate,na,ripe
181	wfo-0001027881	success	214	130	73	76	138	54	58	15	acute,almost,anther,apex,articulated,attenuate,base,berry,blackish,calyx,camptodromous,chartaceous,ciliate,cm,connivent,contiguous,cordate,cordiform,densely,diameter,drying,entire,extra-axillary,few-,filament,flattened,flower,fruit,giving,glabrous,globose,greenish,groove,herb,immature,impression,lateral,leaf,light-brown,lobe,many-branched,margin,maturity,membranaceous,mm,moderately,netlike,ovate-elliptic,parallel,pedicel,peduncle,per,petiole,primary,projection,pubescent,raised,reniform,rotate,seed,sessile,simple,size,stem,stigma,style,subopposite,surface,translucent,triangular,tube,vein,white,woody,yellow,×	.3–0.5,0.5–2.2,0.8–1.5,1-celled,1.3–2,1.8–2.9,10–25,1–2,1–2-celled,1–2.5-3,1–2.6,1–3,1–3-celled,1–4,2.5–3.6,20–40,2–4,2–6,2–7,4–6,4–9.5,5,5-merous,6–10,7–14,7–9,8,abaxially,absent,abundant,accrescent,acuminate,adaxiall,adaxially,alyx,appressed,asymmetric,axe,ba,barely,blade,bulge,capitat,case,central,closely,commonly,connected,curved,cylindrical,decurrent,dehiscing,denser,difoliate,directed,dorsally,eaf,ed,eglandular,emarginate,emerging,equal,erect,exceeding,exclusively,explosively,eye,fewer,forming,frequent,geminate,glandular,hair,half,held,hollow,interpetalar,introrsely,larger,less,like,long,longer,longitudinal,lower,mainly,maturit,mesocarp,mixed,much,multicelled,multicellular,naked,near,nflorescence,normally,one,opening,orolla,other,pair,part,perfec,placenta,pore,pressure,prominent,pubescence,rachi,ruit,secondary,short,side,similar,slightly,slit,small,smaller,solitary,sometimes,sparsely,stalk,staman,stamen,subapically,tal,tamen,tem,tissue,two,unbranched,unit,vary,venation,visible,watery,winged,ympodial	0.5-2.2,0.8-1.5,1-2,1-2.5-3,1-3,1-4,1.8-2.9,10-25,2.5-3.6,20-40,6-10,7-14,7-9,appearance,arrangement,bark,border,branch,bud,capitate,characteristic,colour,corolla,corrugation,distal,exertion,form,fruiting,glabrousnes,growth,height,history,inflorescence,interjected,leaflet,length,life,lobing,midpoint,na,new,number,ovary,plant,prickle,pseudostipule,ray,shape,terminal,texture,thicknes,type,variation,width	acute,almost,apex,articulated,attenuate,base,berry,blackish,camptodromous,chartaceous,ciliate,cm,connivent,contiguous,cordate,cordiform,densely,diameter,drying,entire,extra-axillary,few-,flattened,flower,fruit,giving,glabrous,globose,greenish,groove,herb,immature,impression,lateral,light-brown,many-branched,margin,maturity,membranaceous,mm,moderately,netlike,ovate-elliptic,parallel,projection,pubescent,raised,reniform,rotate,sessile,simple,subopposite,translucent,triangular,white,woody,yellow,×	0.5-2.2,0.8-1.5,1-2,1-2.5-3,1-3,1-4,1.8-2.9,10-25,2.5-3.6,20-40,6-10,7-14,7-9,capitate,na
182	wfo-0001027882	success	183	176	119	136	47	40	117	2	.25,.5,0.1,0.5-1,1,1-5,1.5-2,1.5-2.2,1.5-3-4,1.5-3.2-6,1.5-6,10-40,2-3,2-lobed,2.1-2.6,2.5-3,3-4,3.5-4,3.5-5,4-5,6-9,7-10-25,9-13,abaxially,absent,acuminate,adaxially,age,along,anther,anthesi,apex,apparently,appearing,attenuate,axil,bark,base,berry,branch,branched,branching,broadly,brown,c.,calyx,clavate,cm,completely,conical,corolla,dark,diameter,dry,drying,elliptic,entire,erect,exerted,filament,flattened,flower,fork,fruiting,fusiform,glabrous,globose,green,growth,hairy,hollow,inflorescence,junction,lamina,leaf-opposed,lengthening,less,lobe,lobed,margin,maturity,midrib,minutely,mm,new,nodding,occasionally,ovary,ovoid,pair,pale,paulo,pedicel,peduncle,petiole,pitted,pointed,population,pore,poricidal,primary,rarely,reddish,reniform,shattering,shiny,shrub,simple,slender,slit,small,sometimes,sparse,sparsely,specimen,stem,stigma,stout,strongly,structurally,style,surface,são,time,tip,tree,trichome,tube,uniseriate,usually,vein,way,white,x,yellow,yellowish	06a,1-1.5,1.6-2.2,2-6,apart,caly,cucullate,deltate,dense,densely,difoliate,eaf,eed,et,fide,free,geminat,glabrou,hooked,irregularly,kallunki,lower,markedly,nflorescence,papillat,papillate,penden,perfect,planar,plane,portion,pulp,rachi,red-papillat,ruit,scar,spaced,sticky,straight,sweet-scented,swollen,thickened,tuft,ud,unit,woody,ympodial	appearance,arrangement,border,bud,characteristic,colour,corrugation,distal,exertion,form,fruit,giving,glabrousnes,height,history,interjected,lateral,leaf,leaflet,length,life,lobing,midpoint,na,number,per,plant,prickle,pseudostipule,ray,red-papillate,seed,shape,size,terminal,texture,thicknes,type,variation,width	.25,.5,0.1,0.5-1,1,1-5,1.5-2,1.5-2.2,1.5-3-4,1.5-3.2-6,1.5-6,10-40,2-3,2-lobed,2.1-2.6,2.5-3,3-4,3.5-4,3.5-5,4-5,6-9,7-10-25,9-13,abaxially,absent,acuminate,adaxially,age,along,anthesi,apex,apparently,appearing,attenuate,axil,base,berry,branch,branched,branching,broadly,brown,c.,calyx,clavate,cm,completely,conical,dark,diameter,dry,elliptic,entire,erect,exerted,flattened,flower,fork,fusiform,glabrous,globose,green,hairy,hollow,inflorescence,junction,lamina,leaf-opposed,lengthening,less,lobed,maturity,midrib,minutely,mm,nodding,occasionally,ovoid,pair,pale,paulo,peduncle,pitted,pointed,population,pore,poricidal,rarely,reddish,reniform,shattering,shiny,shrub,simple,slender,slit,small,sometimes,sparse,sparsely,specimen,stout,strongly,structurally,são,time,tip,tree,trichome,uniseriate,usually,vein,way,white,x,yellow,yellowish	na,red-papillate
183	wfo-0001027889	success	151	128	66	74	77	54	63	3	-pubescent,0.5-1,0.5-11,0.7-2,1,1-10,1-3.5,1.5,10-12,10-20,10-30,2-20,3-4,acuminate,acute,acute-acuminate,apex,apiculate,articulated,basal,base,calyx,chartaceous,cm,connivent,darker,deltate,densely,diameter,eglandular-puberulent,elliptic,entire,flower,fruit,glabrous,glandular-,green,greenish,immature,leaving,length,light,lobe,long,longitudinal,margin,mm,ovate,ovoid,pedicel,pedicellar,peduncle,petiole,probably,puberulent,remnant,ripe,shrub,simple,somewhat,stigma,stripe,style,subcordate,tip,tree,triangular,truncate,tube,unbranched,violet,white,x,yellowish	-2.5,.5,.5-2,0,1-3,1.5-2,2-3,3-8,3-9,4-foliat,5-10,abaxially,adaxially,aggregate,apart,ape,axe,beyond,blade,capitat,cell,color,connective,cylindrical,dilated,directed,distally,eaf,eed,eglandular-pubescent,equal,exceeding,exserted,extending,finely,introrse,laterally,lon,lower,moderately,narrow,nflorescence,nther,oblong,orolla,perfect,pore,presen,present,puberulen,puberulent-pubescen,puberulent-pubescent,rachi,radiu,ruit,slightly,small,spaced,sparsely,stamen,stellate,stone,subcoriaceous,swelling,tal,tem,thecae,time,tomento,tomentose,ud,unit,unknown,vary,wide,yello,ympodial	1-2.5,anther,appearance,arrangement,bark,border,branch,bud,capitate,characteristic,colour,corolla,corrugation,distal,drying,exertion,filament,form,fruiting,giving,glabrousnes,growth,height,history,inflorescence,interjected,lateral,leaf,leaflet,life,lobing,midpoint,na,new,number,ovary,per,plant,prickle,primary,pseudostipule,ray,seed,shape,size,stem,surface,terminal,texture,thicknes,type,variation,vein,width	-pubescent,0.5-1,0.5-11,0.7-2,1,1-10,1-3.5,1.5,10-12,10-20,10-30,2-20,3-4,acuminate,acute,acute-acuminate,apex,apiculate,articulated,basal,base,chartaceous,cm,connivent,darker,deltate,densely,eglandular-puberulent,elliptic,entire,flower,glabrous,glandular-,green,greenish,immature,leaving,light,lobe,long,longitudinal,mm,ovate,ovoid,pedicellar,probably,puberulent,remnant,ripe,shrub,simple,somewhat,stripe,subcordate,tip,tree,triangular,truncate,unbranched,violet,white,x,yellowish	1-2.5,capitate,na
184	wfo-0001027901	success	156	137	80	94	62	43	78	2	.25,.5,0.3-1.2,0.8-1,1-1.5,1-2.5,1.5-1.8,1.8-4.5,2.5-3,3-5,4-10-flowered,4-5,4.7-12,6-7,abaxially,acuminate,acute,adaxially,anther,apex,area,attenuate,bark,base,berry,bright,broadened,brown,calyx,cm,conical,corolla,curled,dark,densely,dia,dry,drying,ellipsoid,elliptic,filament,fresh,fruiting,glabrous,globose,green,immature,inflorescence,later,lateral,leaf,like,lobe,lobed,long,main,material,minutely,mm,nearly,ovary,ovoid-reniform,pair,papillose,pedicel,petiole,pitted,pubescent,reddish,ripe,shape,shaped,shiny,shrub,simple,size,slender,sparsely,stem,stigma,style,surface,tear-drop,tip,translucent,triangular,trichome,tube,uniseriate,vein,white,x,yellow,young	0.5-1,0.8-2,0.9-2.3,1-2,?,abaxial,anthesi,ba,beneath,brow,closely,deflexed,differing,difoliate,direction,eaf,edicel,eed,exserted,firm,fleshy,free,geminat,imbedded,keeled,lon,lower,major,matrix,middle,midrib,minor,nflorescence,older,opposite,orbicular,oriented,overlappin,papillo,planar,pore,poricidal,portion,prominently,reflexed,rest,rounded,ruit,scar,single,spaced,straight,strongly,swollen,tall,tub,ud,unit,usually,widest,woody,ympodial	alternate,appearance,arrangement,border,branch,bud,characteristic,colour,corrugation,diameter,distal,exertion,form,fruit,giving,glabrousnes,growth,height,history,interjected,leaflet,length,life,lobing,margin,midpoint,na,new,number,peduncle,per,plant,prickle,primary,pseudostipule,ray,seed,terminal,texture,thicknes,type,variation,width	.25,.5,0.3-1.2,0.8-1,1-1.5,1-2.5,1.5-1.8,1.8-4.5,2.5-3,3-5,4-10-flowered,4-5,4.7-12,6-7,abaxially,acuminate,acute,adaxially,apex,area,attenuate,base,berry,bright,broadened,brown,cm,conical,curled,dark,densely,dia,dry,drying,ellipsoid,elliptic,fresh,glabrous,globose,green,immature,later,lateral,leaf,like,lobed,long,main,material,minutely,mm,nearly,ovoid-reniform,pair,papillose,pitted,pubescent,reddish,ripe,shaped,shiny,shrub,simple,slender,sparsely,stem,style,tear-drop,tip,translucent,triangular,trichome,uniseriate,vein,white,x,yellow,young	alternate,na
185	wfo-0001027902	success	128	119	58	66	62	53	56	2	-2.5,0.5-1,1-1.5,10-20,15-30,2-15,2-8,3-4,3-5,4-25,4-5,5-20,6-37,7-9,abaxially,acute,adaxially,angled,apex,base,branched,calyx,chartaceous,cm,cordate,cylindrical,deeply,densely,diameter,eglandular,entire,forked,fruit,glandular,globose,hair,like,lobe,margin,mm,moderately,narrowly,obtuse,ovate,pedicel,peduncle,petiole,puberulent,pubescent,purple,reticulate,shrub,simple,small,sparsely,stigma,style,tree,triangular,truncate,tube,unbranched,unknown,usually,whitish,x	1-2,1-6,1.5-3,10-15,2,2-12,2-3,2-9,20-50,3-foliat,8-13,absen,acuminate,adaxiall,aggregate,apart,articulated,axe,blade,cell,color,connivent,directed,distall,distally,eaf,eed,flower,glabrous,inflated,leaving,lon,long,lower,nearly,nflorescence,nther,orolla,pedicellar,pore,pubescen,purplish,rachi,radiu,remnant,ripe,ruit,spaced,ste,stellate,stone,subcoriaceous,tal,tem,time,tip,truncat,unit,vary,wide,yellow,ympodial	anther,appearance,arrangement,bark,border,branch,bud,characteristic,colour,corolla,corrugation,distal,drying,exertion,filament,form,fruiting,giving,glabrousnes,growth,height,history,inflorescence,interjected,lateral,leaf,leaflet,length,life,lobing,midpoint,na,new,number,ovary,per,plant,prickle,primary,pseudostipule,ray,seed,shape,size,stem,surface,terminal,texture,thicknes,type,variation,vein,width	-2.5,0.5-1,1-1.5,10-20,15-30,2-15,2-8,3-4,3-5,4-25,4-5,5-20,6-37,7-9,abaxially,acute,adaxially,angled,apex,branched,chartaceous,cm,cordate,cylindrical,deeply,densely,diameter,eglandular,entire,forked,glandular,globose,hair,like,margin,mm,moderately,narrowly,obtuse,ovate,puberulent,pubescent,purple,reticulate,shrub,simple,small,sparsely,tree,triangular,truncate,unbranched,unknown,usually,whitish,x	na,stem
186	wfo-0001027929	success	193	174	121	129	64	45	119	2	1,1-10,1-4,1-8,1.0-1.3,10,15,2,2-3,2.0-3.0,20,3.5-5,35,4-30,4-5,5-lobed,6-15,abaxially,acuminate,acute,adaxially,along,angular,apex,apical,apically,apiculate,articulate,base,beyond,branched,calyx,caudate,cell,center,cm,connate,cordate,corolla,covering,cuneate,cyme,dark,darker-violet-blue,deep,dehiscent,diameter,dichasial,dichasially,distal,ebracteate,elliptic,except,filament,flower,forked,generally,glabrous,globose,green,green-white,hair,hair-like,half,herbaceous,interjected,introrse,lanceolate,lateral,leaflet,light,lobe,long,make,maturing,middle,mm,monochasial,mucilaginous,narrowly,nearly,obliquely,oblong,occasional,odd-pinnate,often,ovate,ovoid,pedicel,peduncle,pentagonal,perennial,plant,poricidally,puberulent,purple,rarely,rhizomatous,rotate,rotate-,rounded,seed,shape,short,size,slightly,slit,sometimes,spot,star,stigma,straight,style,symmetrically,terete,terminal,testal,thick,tinged,usually,vein,violet,violet-blue,wall,white,wide,wider,without,yellow	0.2-0.9,1.5-4,3-6-foliat,4-6,5-10,5-6,acumen,ba,basal,becoming,cente,clasping,coat,color,decreasing,digestion,eaf,eed,embryo,emoval,enzyme,erect,exceeding,formed,globo,honeycomb,included,living,lon,lower,mostly,nflorescence,nther,orolla,pair,pattern,perfect,petiolate,petiolulate,petiolule,purpl,radiating,reduced,reveal,rhizome,ruit,semi-lunate,sessile,seudostipule,somewhat,specimen,stamen,ste,subequal,tem,tip,trailing,typically,unbranched,unit,vary,visible,wid,ympodial	anther,appearance,arrangement,bark,border,branch,bud,characteristic,colour,corrugation,drying,exertion,form,fruit,giving,glabrousnes,growth,height,history,inflorescence,leaf,length,life,lobing,margin,midpoint,na,new,number,ovary,per,petiole,prickle,primary,pseudostipule,ray,stem,surface,texture,thicknes,tube,type,variation,wet,width	1,1-10,1-4,1-8,1.0-1.3,10,15,2,2-3,2.0-3.0,20,3.5-5,35,4-30,4-5,5-lobed,6-15,abaxially,acuminate,acute,adaxially,along,angular,apical,apically,apiculate,articulate,base,beyond,branched,caudate,cell,center,cm,connate,cordate,covering,cuneate,cyme,dark,darker-violet-blue,deep,dehiscent,diameter,dichasial,dichasially,distal,ebracteate,elliptic,except,flower,forked,generally,glabrous,globose,green,green-white,hair,hair-like,half,herbaceous,introrse,lanceolate,lateral,leaflet,light,lobe,long,make,maturing,middle,mm,monochasial,mucilaginous,narrowly,nearly,obliquely,oblong,occasional,odd-pinnate,often,ovate,ovoid,pentagonal,perennial,plant,poricidally,puberulent,purple,rarely,rhizomatous,rotate,rotate-,rounded,seed,shape,short,size,slightly,slit,sometimes,spot,star,straight,symmetrically,terete,testal,thick,tinged,usually,vein,violet,violet-blue,wall,white,wide,wider,without,yellow	na,wet
187	wfo-0001027948	success	180	98	63	72	108	26	57	6	.5,0-,0.5-0.7,0.5-2,1-2,1.3-1.8,1.5-4.5,10-14,13-15,14,7,7.5-10,acuminate,aggregate,anther,apex,berry,branch,calyx,cm,corolla,diameter,directed,dorsally,edentate,ellipsoidal,elliptical,erect,filament,glabrous,globose,herb,herbaceous,hollow,ill-smelling,leaf,length,light,longer,longitudinally,margin,mm,narrowly,ovate,ovoid,pair,papillate,pericarp,petiole,pubescent,purple,ridged,seed,serrulate,shorter,simple,slightly,small,stem,stigma,straight,style,sub-shrub,thickened,tooth,triangular,tube,unequal,upward,violet,viscid-pubescent,x	0.4,0.6,0.8-1.2-2.2,1-1.2,1.6,1/10,2-,2.2-3-8.2,2.5-3.2-5.2-6,3.5,3.7-4,5,5-,5-7-15-16,6-celled,8-celled,abaxially,abundant,accrescen,adaxially,ag,antrorse,ape,articulate,attenuate,ature,basal,base,bicellular,c.,campanulate,cell,connectival,crushed,cuticle,dark,delicate,diamete,difoliate,eaf,finely,flexuous,fragrance,free,fruiting,generally,glandular,head,hig,inconspicuous,inserted,lamina,lobe,long,long-stalked,longitudinal,lower,many-,midvein,narrow,near,non-glandular,occasionally,odorles,opening,orolla,patent,pore,poricidal,portion,prolongation,pubescence,reduced,ree,ruit,saddle-shape,scarce,scarcely,secondary,seeded,seen,separated,short-stalked,single-celled,sinus,slit,smooth,solitary,spur-like,stalk,stone,striat,striate,sub-opposite,tem,thecae,time,tip,trichome,twice,unit,vary,vein,ventrifixed,verrucate,ympodial,¼,½	2.2-8.2,2.5-5.2-6,7-15-16,abaxial,adaxial,arrangement,characteristic,colour,form,fruit,growth,height,history,life,na,number,ovary,per,perennial,plant,saddle-shaped,shape,size,surface,texture,type	.5,0-,0.5-0.7,0.5-2,1-2,1.3-1.8,1.5-4.5,10-14,13-15,14,7,7.5-10,acuminate,berry,cm,diameter,directed,dorsally,edentate,ellipsoidal,elliptical,erect,filament,glabrous,globose,herb,herbaceous,hollow,ill-smelling,light,longer,longitudinally,mm,narrowly,ovate,ovoid,pair,papillate,pubescent,purple,ridged,serrulate,shorter,simple,slightly,small,straight,sub-shrub,thickened,tooth,triangular,tube,unequal,upward,violet,viscid-pubescent,x	2.2-8.2,2.5-5.2-6,7-15-16,na,perennial,saddle-shaped
188	wfo-0001027961	success	177	110	66	81	96	29	64	2	0.9-1,1-1.5,1-4,1-5,2-2.5,2.3-2.5,2.5-9,3-3.5,7-9,8-10,?,acute,anther,anthesi,apex,asymmetric,base,berry,c.,calyx,clavate,cm,cordate,corolla,densely,diameter,ellipsoid,elliptic,entire,exserted,fading,filament,fruiting,fusiform,glabrous,globose,green,growth,immature,inflorescence,lateral,lobed,margin,membranous,minute,mm,new,obovate,occasionally,often,one,other,pair,pedicel,peduncle,petiole,pinnatifid,primary,pubescent,purple,reddish,simple,slender,slightly,sparsely,stem,stigma,style,surface,terminal,triangular,truncate,tube,vein,vine,violet,way,white,white-pubescent,woody,x	.5,0.25,0.25-0.5,0.5-1,1,1-3,1-9,10-50,4.5-5,5-8,5-merou,6-9,<,abaxially,adaxiall,adaxially,age,always,alyx,apar,ark,articulated,axil,branched,broadly,brow,clear,conical,connivent,curling,deltate,distributed,eaf,early,eed,equalling,flower,free,geminat,ilament,irregularly,lamina,lengthening,lobe,lon,long,loosely,lower,many,mature,maturity,midrib,minutely,nflorescence,observed,older,orolla,papillo,pendan,perfect,pericarp,pinched,planar,plurifoliate,pore,poricidal,portion,present,probably,pubescen,rotate-stellate,ruit,scar,shiny,sleeve,slit,small,spaced,spreading,tem,thin,time,tip,transition,trichome,tuft,twinin,twining,ud,unequal,uniseriate,unit,upper,vary,yellow,ympodial	arrangement,bark,branch,brown,bud,characteristic,colour,corrugation,drying,exertion,form,fruit,glabrousnes,height,history,leaf,length,life,lobing,na,number,ovary,per,plant,seed,shape,size,texture,type	0.9-1,1-1.5,1-4,1-5,2-2.5,2.3-2.5,2.5-9,3-3.5,7-9,8-10,?,acute,anthesi,asymmetric,base,berry,c.,calyx,clavate,cm,cordate,densely,diameter,ellipsoid,elliptic,entire,exserted,fading,filament,fusiform,glabrous,globose,green,immature,lateral,lobed,membranous,minute,mm,obovate,occasionally,often,one,other,pair,pinnatifid,pubescent,purple,reddish,simple,slender,slightly,sparsely,terminal,triangular,truncate,tube,vine,violet,way,white,white-pubescent,woody,x	brown,na
189	wfo-0001027966	success	207	132	72	92	115	40	70	2	0.8-2.5,1-1.8,1-2,1-4.2,1-5,1.2-4.5,1.3-2.2,1.5-5.2,10,10-30,2.2-2.9,2.5-10.5,2.8-9,3-4,3-5,4,40-80,5-6,5.5-14,absent,acuminate,anther,apex,attenuate,axillary,base,berry,blue-violet,brownish,bud,chartaceous,cm,condition,conical,corolla,densely,diameter,distal,drying,elliptic,filament,forked,fresh,fruit,generally,glabrous,green,greenish,half,herb,interjected,lanceolate,lateral,leaf,leaflet,light,lobe,long,margin,medium,membranous,minute,mm,mottled,mucilaginous,odd-pinnate,ovate,ovoid,pedicel,peduncle,petiole,plant,pubescent,purple,rarely,ray,ripe,seed,sessile,size,slightly,stem,stigma,subsessile,subtending,terminal,tube,usually,wet,whitish,wide,x	0.4-0.5,0.7-3,0.8,1-10,1-3,1.5-3,3-7,5-10,5-9.5,5-merou,6-11,abaxially,acumen,adaxially,ag,along,alyx,apart,apparently,arranged,articulated,asymmetrical,axe,basiscopic,bead,blade,capitat,cell,ciliate,commonly,connivent,covering,decreasing,digestion,dorsally,eaf,edge,eed,enzyme,erec,especially,exceeding,flat,flower,folded,geminat,glabrou,gradually,green-white,hair,hair-like,homostylous,honeycomb-shaped,larger,lengthening,less,like,living,lower,make,middle,moniliform,multiple,narrow,necklace,nflorescence,orbicular,orolla,pair,pale,pentagonal,perfect,petiolule,plurifoliate,pore,poricidal,proximal,removed,rotate,ruit,secondary,semierect,seudostipule,shorter,side,slit,somewhat,spaced,sparsely,specimen,stamen,ste,stolon,straight,subequal,symmetrical,tall,tamen,tem,testal,thick,throughout,tip,tissue,tri-,tuber,tyle,typically,unit,violet,wall,white,wing,yellow,ympodial	appearance,arrangement,bark,border,branch,calyx,capitate,characteristic,colour,corrugation,exertion,form,fruiting,giving,glabrousnes,growth,height,history,inflorescence,length,life,lobing,midpoint,na,new,number,ovary,per,prickle,primary,pseudostipule,shape,style,surface,texture,thicknes,type,variation,vein,width	0.8-2.5,1-1.8,1-2,1-4.2,1-5,1.2-4.5,1.3-2.2,1.5-5.2,10,10-30,2.2-2.9,2.5-10.5,2.8-9,3-4,3-5,4,40-80,5-6,5.5-14,absent,acuminate,attenuate,axillary,berry,blue-violet,brownish,bud,chartaceous,cm,condition,conical,densely,distal,drying,elliptic,forked,fresh,generally,glabrous,green,greenish,half,herb,lanceolate,light,long,medium,membranous,minute,mm,mottled,mucilaginous,odd-pinnate,ovate,ovoid,plant,pubescent,purple,rarely,ripe,sessile,slightly,subsessile,subtending,terminal,usually,wet,whitish,wide,x	capitate,na
190	wfo-0001028014	success	218	136	92	108	110	28	89	3	-15,-4,-6,.5,/5,0.2-1,0.2-1.6-2.5,0.5-1,0.5-3,0.6-0.9,0.7-1,0.9-1.2,1-10,1-3,1-4,1.3-2.4,1.5-2,1/4-1/2,2-3,2-4.5,3-10,6-11,almost,anther,apart,apex,apparently,articulated,bark,base,berry,black,brown,brown-green,calyx,cell,chartaceous,cm,cordate,curved,densely,diameter,elongating,erect,filament,flattened,flattened-reniform,fruit,glabrous,gray,gray-green,lateral,leaf,length,lobe,lobed,long,margin,mature,maturity,mauve,membranous,mm,moderately,obtuse,occasionally,orange,outline,ovate,pair,pale,pedicel,peduncle,petiole,pit,poricidal,prickle,prickly,primary,purple,raised,red,reflexed,rough,rounded,seed,shiny,shrub,simple,spaced,spherical,stellate-pubescent,stem,straight,strongly,style,surface,tapering,terminal,tip,tube,vein,visibly,way,weakly,wide,yellow,yellow-green	0-10,0-3,0-5,0-6,0.1-0.2,0.15,0.15-0.3-0.5,0.2,0.2-0.4,0.2-0.4-1,0.25,0.3-0.4,0.5,0.5-1.5,0.5-2,0.7-1.6,1-2,1-2-20,1.5,1.8-3,1/4,1/4-2/3,2-6.5,2.5-4,4-10,4.5-7,5-merous,6-10,abaxially,acuminat,alyx,ame,apar,apically,around,blade,branched,broad-deltate,c.,concolorous,connivent,decurrent,deltate,difoliate,discolorous,distance,drying,eaf,edge,eed,equal,extending,eye,flower,free,fruiting,geminat,glabrescent,glabrou,gland,globular,herbaceous,infructescence,lon,longer,lower,midpoint,midvein,naked,nflorescence,older,one,open,orange-gra,orolla,oung,outer,pendulous,per,perfec,pericarp,porrect,portion,prickl,ray,reduced,ruit,scandent,scar,sessile,shorter,side,slender,smooth,sometimes,spreading,stalk,stalked,stellate,tamen,terete,tertiary,time,trichome,unit,vary,venation,visible,winged,ympodial	appearance,arrangement,border,branch,characteristic,colour,corolla,exertion,form,giving,glabrousnes,growth,height,history,inflorescence,life,lobing,na,new,orange-gray,ovary,perennial,plant,shape,size,texture,type,width	-15,-4,-6,.5,/5,0.2-1,0.2-1.6-2.5,0.5-1,0.5-3,0.6-0.9,0.7-1,0.9-1.2,1-10,1-3,1-4,1.3-2.4,1.5-2,1/4-1/2,2-3,2-4.5,3-10,6-11,almost,apart,apparently,articulated,base,berry,black,brown,brown-green,cell,chartaceous,cm,cordate,curved,densely,diameter,elongating,erect,flattened,flattened-reniform,fruit,glabrous,gray,gray-green,lateral,length,lobed,long,mature,maturity,mauve,membranous,mm,moderately,obtuse,occasionally,orange,outline,ovate,pair,pale,pit,poricidal,prickly,purple,raised,red,reflexed,rough,rounded,shiny,shrub,simple,spaced,spherical,stellate-pubescent,straight,strongly,tapering,terminal,tip,visibly,way,weakly,wide,yellow,yellow-green	na,orange-gray,perennial
191	wfo-0001028017	success	158	155	94	101	57	54	91	3	-2.5,0.3-1,1.5-2,10-22,13-40,15-35,15-50-flower,2,2-3,2-4,2.5-5,3,3-12,3-4,40-50,5-7,5-9,6-8,9-11,abaxially,acuminate,acute,adaxially,apex,apiculate,articulated,axe,basal,base,beyond,brown,calyx,clavate,cm,connivent,cuneate,densely,diameter,eglandular,eglandular-puberulent,eglandular-pubescent,ellipsoidal,elliptic,entire,exserted,flattened,fleshy,flower,forked,fruit,fusiform,glabrous,glandular,glandular-,glandular-puberulent,green,greenish,hair,immature,lanceolate,leaving,lobe,long,margin,mm,moderately,narrowly,near,oblique,obtuse,ovate,ovoid,pedicel,pedicellar,peduncle,perfect,petiole,pointed,pubescent,purplish,rarely,remnant,ripe,short-acuminate,simple,sometimes,sparsely,stamen,stigma,style,tip,tree,triangular,truncate,tube,unbranched,vein,white,without,x,yellow	1,1-10,1-2,1-3,3-14,3-foliat,5,6-7,absen,absent,aggregate,apart,ape,blade,cell,chartaceous,ciliat,connective,cream,cylindrical,directed,distally,eaf,eed,exceeding,introrse,lon,lower,nflorescence,nther,orolla,pore,puberulen,purple,rachi,radiu,ruit,shorter,slightly,small,spaced,stellate,stellate-campanulate,stone,subcoriaceous,tal,tan,tem,thecae,time,tomentose,truncat,ud,unit,vary,wide,ympodial	anther,appearance,arrangement,bark,border,branch,bud,characteristic,colour,corolla,corrugation,distal,drying,exertion,filament,form,fruiting,giving,glabrousnes,growth,height,history,inflorescence,interjected,lateral,leaf,leaflet,length,life,lobing,midpoint,na,new,number,ovary,per,perennial,plant,prickle,primary,pseudostipule,puberulent,ray,seed,shape,size,stem,surface,terminal,texture,thicknes,type,variation,width	-2.5,0.3-1,1.5-2,10-22,13-40,15-35,15-50-flower,2,2-3,2-4,2.5-5,3,3-12,3-4,40-50,5-7,5-9,6-8,9-11,abaxially,acuminate,acute,adaxially,apex,apiculate,articulated,axe,basal,base,beyond,brown,clavate,cm,connivent,cuneate,densely,eglandular,eglandular-puberulent,eglandular-pubescent,ellipsoidal,elliptic,entire,exserted,flattened,fleshy,flower,forked,fruit,fusiform,glabrous,glandular,glandular-,glandular-puberulent,green,greenish,hair,immature,lanceolate,leaving,lobe,long,mm,moderately,narrowly,near,oblique,obtuse,ovate,ovoid,pedicellar,perfect,pointed,pubescent,purplish,rarely,remnant,ripe,short-acuminate,simple,sometimes,sparsely,stamen,tip,tree,triangular,truncate,unbranched,white,without,x,yellow	na,perennial,puberulent
192	wfo-0001028033	success	157	131	90	99	58	32	86	4	1.4–1.8,1–4,1–5,2–3,3–11,4–12,4–5,50,5–7,6–12,acuminate,acute,along,anther,apex,ascending,attenuate,base,becoming,blade,branch,brochidodromous,brown,calyx,chartaceous,ciliate,cm,connivent,cordate,cylindrical,cyme,darker,decurrent,deeply,denser,diameter,directed,discolorous,drying,elliptic,emarginate,entire,few-branched,filament,flower,fruit,glabrescent,glabrous,green,greenish,growth,herb,introrsely,lateral,length,light,like,lobed,longitudinal,margin,mm,nearly,new,oblong,onto,opening,order,ovate-lanceolate,pedicel,petiole,pore,poricidal,pubescence,pubescent,rhizomatous,sessile,shiny,shrub,simple,slightly,slit,solitary,sparsely,spreading,stem,stigma,straight,style,subapical,surface,trichome,tube,unbranched,unknown,vein,white,woody,yellow,×	.6,1.5,2–4,2–foliate,3,3–4,3–5,5-merou,abaxially,adaxiall,adaxially,alyx,anthesi,ark,capitat,cell,contiguou,densely,eaf,eed,equal,eye,florescence,geminat,high,hispid-pubescent,know,known,linear-lanceolate,lobe,long,lower,mainly,membranaceous,midrib,naked,older,orolla,perfect,prominent,prostrat,recurved,ruit,secondary,shin,shorter,stellate,strongly,tamen,tem,uniseriate,unit,upright,vary,venation,visible,wide,ympodial	arrangement,bark,bud,capitate,characteristic,colour,contiguous,corolla,corrugation,exertion,form,fruiting,glabrousnes,height,history,inflorescence,leaf,life,lobing,na,number,ovary,peduncle,per,plant,primary,prostrate,seed,shape,size,texture,type	1.4–1.8,1–4,1–5,2–3,3–11,4–12,4–5,50,5–7,6–12,acuminate,acute,along,apex,ascending,attenuate,base,becoming,blade,brochidodromous,brown,chartaceous,ciliate,cm,connivent,cordate,cylindrical,cyme,darker,decurrent,deeply,denser,directed,discolorous,drying,elliptic,emarginate,entire,few-branched,flower,fruit,glabrescent,glabrous,green,greenish,herb,introrsely,lateral,light,like,lobed,longitudinal,mm,nearly,oblong,onto,opening,order,ovate-lanceolate,petiole,pore,poricidal,pubescence,pubescent,rhizomatous,sessile,shiny,shrub,simple,slightly,slit,solitary,sparsely,spreading,stem,straight,subapical,surface,trichome,unbranched,unknown,vein,white,woody,yellow,×	capitate,contiguous,na,prostrate
193	wfo-0001028067	success	138	112	47	63	75	49	46	1	0.5-1,0.5-1.5,0.5-2,1-7,1.5-2.5,10-25,2,2-2.5,2.5-3,3-17,3-5,3-7,5-7,7-11-compound,7-20,7-9,acuminate,acute,apex,base,calyx,cm,cuneate,dark,diameter,elliptic-fusiform,elliptic-ovate,entire,flattened,fruit,glabrous,lateral,leaf,leaflet,lobe,margin,mm,moderately,narrowly,pedicel,peduncle,per,petiole,pink,pinnately,puberulent,purple,rarely,several,shrub,simple,sparsely,stigma,strongly,style,tomentulose,triangular,triangular-deltate,truncate,tube,unbranched,x,yellow	1,1-10-30,1-11,1-2,1-3,2-3,3-4,4-foliat,6-12,6-18,8-13,abaxially,adaxiall,adaxially,aggregate,along,apart,articulated,axe,basiscopically,blade,cell,chartaceous,color,compound,connivent,cylindrical,decurrent,directed,distall,eaf,eed,especially,flower,glabrou,hair,leaving,lon,long,lower,midrib,nearly,nflorescence,nther,obtuse,often,orolla,pedicellar,pore,puberulen,rachi,radiu,remnant,ripe,ruit,slightly,smal,spaced,stellate,stone,subcoriaceous,tal,tem,time,tip,truncat,unequal,unit,unknown,upper,usually,vary,wide,ympodial,zigzag	anther,appearance,arrangement,bark,border,branch,bud,characteristic,colour,corolla,corrugation,distal,drying,exertion,filament,form,fruiting,giving,glabrousnes,growth,height,history,inflorescence,interjected,length,life,lobing,midpoint,na,new,number,ovary,plant,prickle,primary,pseudostipule,ray,seed,shape,size,stem,surface,terminal,texture,thicknes,type,variation,vein,width	0.5-1,0.5-1.5,0.5-2,1-7,1.5-2.5,10-25,2,2-2.5,2.5-3,3-17,3-5,3-7,5-7,7-11-compound,7-20,7-9,acuminate,acute,cm,cuneate,dark,elliptic-fusiform,elliptic-ovate,entire,flattened,glabrous,mm,moderately,narrowly,pink,pinnately,puberulent,purple,rarely,several,shrub,simple,sparsely,strongly,tomentulose,triangular,triangular-deltate,truncate,unbranched,x,yellow	na
194	wfo-0001028069	success	249	143	80	109	140	34	78	2	0.1-0.3,0.3-0.45,0.4-0.5,0.4-0.8,0.4-1,0.5-0.7,0.5-1.8,0.5-2,0.6-1.1,0.6-4,0.7-1.5,0.8-1.2,1-2.7,1-3.5,1-4.5,1.4,1.5-2.0,1.6-3.2,10-12,2-17,2-3-branched,2-7,2-locular,3,3-5-22-30,5-25,accrescent,acute,anther,apex,appearance,articulated,base,basioscopically,bilaterally,bright,brown,calyx,cm,conical,corolla,decurrent,deep,deeply,densely,diameter,exserted,filament,fruit,fruiting,giving,glandular-villous,globose,green,hair-like,halfway,herb,imparipinnate,interjected,interrupted,lateral,leaf,leaflet,length,linear,lobe,lobed,long,margin,minute,minutely,mm,oblique,obovate,occasionally,orange,outgrowth,ovary,ovate,pale,pedicel,peduncle,pentagonal,per,perennial,petiole,plant,present,primary,pseudostipule,pubescent,rounded,shaggy,silky,simple,size,somewhat,stem,stigma,straight,style,surface,symmetric,terminal,thick,tube,usually,wide,yellow	.1,.1-0.2,.2,.5,0.05-0.1,0.1-0.15,0.1-0.2,0.1-0.2-0.4,0.1-0.5,0.1-0.6,0.2-0.3,0.2-0.5,0.3,0.3-0.4,0.3-0.6,0.3-0.7,0.3-1,0.4,0.5,0.7-1,0.7-1.3,1-2-celled,1.5-3.5-6,10,12,2-4,3-foliate,4-celled,6-10-30,<,abaxially,absen,abundant,adjacent,adpressed,along,alternate,always,among,anthesi,apical,appendage,appressed,axi,ba,basal,becoming,berry,bract,bracteole-like,cell,citru,column,composed,cone-shaped,cordate,cuneate,curving,dense,due,eaf,ebracteate,edicel,eed,eglandular,erect,flower,forming,fusion,glabrescent,gland,gland-tippe,gland-tipped,glandular,gree,half,head,included,initially,internode,larger,later,less,like,lime,lon,longer,longest,lower,maturity,middl,midvein,multicellular,narrowly,nflorescence,often,one,pair,patent,petiolule,population,procumbent,pubescence,quaternary,rarely,reflexed,robust,ruit,scarcely,scent,secondary,sessile,several,short,shorter,single-celled,slender,smaller,staminal,sterile,strong,subopposite,tangled,tem,tertiary,testa,tightly,toward,transparent,trichome,ud,unicellular,uniseriate,unit,varying,viny,wall,weak,winged,ympodial	arrangement,bark,border,branch,bud,characteristic,colour,corrugation,distal,drying,exertion,form,glabrousnes,growth,height,history,inflorescence,life,lobing,middle,midpoint,na,new,number,prickle,ray,seed,shape,texture,thicknes,type,variation,vein,width	0.1-0.3,0.3-0.45,0.4-0.5,0.4-0.8,0.4-1,0.5-0.7,0.5-1.8,0.5-2,0.6-1.1,0.6-4,0.7-1.5,0.8-1.2,1-2.7,1-3.5,1-4.5,1.4,1.5-2.0,1.6-3.2,10-12,2-17,2-3-branched,2-7,2-locular,3,3-5-22-30,5-25,accrescent,acute,articulated,basioscopically,bilaterally,bright,brown,calyx,cm,conical,decurrent,deep,deeply,densely,diameter,exserted,glandular-villous,globose,green,hair-like,halfway,herb,imparipinnate,interrupted,linear,lobed,long,minute,minutely,mm,oblique,obovate,occasionally,orange,outgrowth,ovate,pale,pentagonal,perennial,present,pubescent,rounded,shaggy,silky,simple,somewhat,straight,symmetric,thick,usually,wide,yellow	middle,na
195	wfo-0001028075	success	196	129	70	87	109	42	67	3	1-2,1.5-2.5,1.5-7,1.6-2.7,10-35,2-6,2.5-10,3-11,3-23.5,4-12,4-7,5-12,5-14,5-17,5-7,5-8,5-9,7-13,7-30,8-12,absent,acuminate,acute,anther,apex,axillary,base,berry,bud,chartaceous,ciliate,cm,corolla,dark,diameter,distal,drying,filament,flower,forked,fruit,generally,glabrescent,glabrous,globose,green,greenish,half,herb,interjected,lanceolate,lateral,leaf,leaflet,light,lobe,long,margin,membranous,mm,mucilaginous,narrow,oblique,obtuse,odd-pinnate,ovoid,pale,pedicel,peduncle,petiole,plant,rounded,seed,size,stigma,style,subcordate,subtending,terminal,tube,typically,usually,white,whitish,wide,wing,x	.5,1-10,1-2.7,1-3,2-3,2-4.5,5-merou,abaxially,acuman,acumen,adaxially,ag,along,alyx,apart,apparently,articulated,axe,blade,borne,broadly,brownish,capitat,cell,condition,connivent,covering,cuneate,decreasing,differentiated,digestion,distally,distinctively,dorsally,dot,eaf,edge,eed,elliptic-lanceolate,end,enzyme,erec,especially,exceeding,flat,folded,fresh,geminat,glabrescen,green-white,hair-like,homostylous,honeycomb-shaped,larger,lengthening,ligulate,living,lower,make,middl,midrib,minutely,much,nflorescence,often,orolla,ovate,ovate-elliptic,pair,pentagonal,perfect,petiolule,plurifoliate,pore,poricidal,puberulent,purple,reflexed,removed,rotate,ruit,scattered,seudostipule,singly,slightly,slit,sometimes,spaced,specimen,stamen,star,stolo,straight,tall,tamen,tem,testal,thick,throughout,tip,toward,tri-,tuber,unit,vary,wall,wet,yellow,ympodial	appearance,arrangement,bark,border,branch,calyx,capitate,characteristic,colour,corrugation,erect,exertion,form,fruiting,giving,glabrousnes,growth,height,history,inflorescence,length,life,lobing,midpoint,na,new,number,ovary,per,prickle,primary,pseudostipule,ray,shape,stem,surface,texture,thicknes,type,variation,vein,width	1-2,1.5-2.5,1.5-7,1.6-2.7,10-35,2-6,2.5-10,3-11,3-23.5,4-12,4-7,5-12,5-14,5-17,5-7,5-8,5-9,7-13,7-30,8-12,absent,acuminate,acute,axillary,berry,bud,chartaceous,ciliate,cm,dark,distal,flower,forked,generally,glabrescent,glabrous,globose,green,greenish,half,herb,lanceolate,light,lobe,long,membranous,mm,mucilaginous,narrow,oblique,obtuse,odd-pinnate,ovoid,pale,plant,rounded,subcordate,subtending,terminal,tube,typically,usually,white,whitish,wide,wing,x	capitate,erect,na
196	wfo-0001028076	success	195	140	81	101	94	39	78	3	0.5,1-1.3,1-2,1.2-2.2,1.8-2.2,110,12-22,13-14,2-5.4,2.2-2.6,2.2-3.7,2.5-4,2.6-3.8,4-5,4.5-7,5,5-20,5-6,5-6.5,7-8,absent,acuminate,anther,apex,articulated,attenuate,axillary,base,berry,brownish,bud,chartaceous,cm,condition,conical,connivent,corolla,densely,diameter,distal,drying,elliptic,filament,forked,fresh,fruit,generally,glabrous,green,green-white,greenish,half,herb,interjected,lanceolate,lateral,leaf,leaflet,less,light,lobe,long,margin,medium,membranous,minute,mm,mucilaginous,odd-pinnate,ovate,ovoid,pedicel,peduncle,petiole,plant,proximal,pubescent,purple,rarely,ray,ripe,seed,sessile,size,slightly,stem,stigma,straight,style,subsessile,subtending,terminal,throughout,tube,unwinged,usually,wet,whitish,wide,wing,x	.5,0.4-0.5,1-10,1-3,2-12,2-3,2.5-3,5-merou,?,abaxially,acumen,adaxially,ag,alyx,apart,apparently,axe,blade,borne,capitat,cell,ciliate,covering,decreasing,digestion,dorsally,eaf,edge,eed,end,enzyme,erec,especially,exceeding,flat,flower,folded,geminat,glabrou,gradually,hair,hair-like,homostylous,honeycomb-shaped,larger,lengthening,like,living,lower,make,nflorescence,obtuse,orolla,pair,pentagonal,perfect,petiolule,plurifoliate,pore,poricidal,pubescen,removed,rotate,round,ruit,secondary,semierect,seudostipule,singly,slit,spaced,specimen,stamen,ste,stolo,subequal,symmetrical,tall,tamen,tem,testal,thick,thir,tip,toward,tri-,tuber,typically,unit,vary,wall,white,yellow,ympodial	appearance,arrangement,bark,border,branch,calyx,capitate,characteristic,colour,corrugation,exertion,form,giving,glabrousnes,growth,height,history,inflorescence,length,life,lobing,midpoint,na,new,number,ovary,per,prickle,primary,pseudostipule,shape,surface,texture,thicknes,third,type,variation,vein,width	0.5,1-1.3,1-2,1.2-2.2,1.8-2.2,110,12-22,13-14,2-5.4,2.2-2.6,2.2-3.7,2.5-4,2.6-3.8,4-5,4.5-7,5,5-20,5-6,5-6.5,7-8,absent,acuminate,articulated,attenuate,axillary,berry,brownish,bud,chartaceous,cm,condition,conical,connivent,densely,distal,drying,elliptic,forked,fresh,generally,glabrous,green,green-white,greenish,half,herb,lanceolate,less,light,long,medium,membranous,minute,mm,mucilaginous,odd-pinnate,ovate,ovoid,plant,proximal,pubescent,purple,rarely,ripe,sessile,slightly,straight,subsessile,subtending,terminal,throughout,unwinged,usually,wet,whitish,wide,wing,x	capitate,na,third
197	wfo-0001028105	success	150	133	74	87	63	46	70	4	.5,0.3-1.5,0.5-1,0.5-2,0.6-1,1-1.2,1-1.5,1.5,1.5-1.8,2,2-2.2,3-5-celled,3-6,5-7-flowered,9.5-15,abaxially,acuminate,adaxially,anther,apex,attenuate,axil,bark,base,berry,bilobed,calyx,clavate,cm,conical,corolla,dark,dense,dia,difoliate,drying,ellipsoid,elliptic,filament,filiform,flattened-reniform,fruiting,glabrous,glandular,globose,green,incrassate,lateral,leaf,lobe,lobed,long,margin,minutely,mm,nearly,olive-green,opposite,ovary,pale,pedicel,petiole,pitted,pubescent,reddish-brown,shaped,shrub,simple,size,slightly,small,stem,stigma,style,surface,tear-drop,tip,tree,trichome,tube,tuft,uniseriate,unit,vein,white,x,yellowish	.1,.4,0.5,1-2.5,1.5-2,1.5-4.5,2-5,3.5-4,6-7,acute,anthesi,apar,apical,axi,ba,deflexed,differing,distinct,eaf,edicel,eed,erect,evenly,exserted,free,geminat,greenish-yello,lamina,like,lon,lower,main,major,middle,minor,nflorescence,occasionally,older,pair,papillo,papillose,planar,pore,poricidal,portion,projection,quadrate,reflexed,ruit,scar,scattered,spaced,sparsely,spreading,straight,strongly,tall,tub,ud,widest,woody,ympodial,young	appearance,arrangement,border,branch,bud,characteristic,colour,corrugation,diameter,distal,exertion,form,fruit,geminate,giving,glabrousnes,greenish-yellow,growth,height,history,inflorescence,interjected,leaflet,length,life,lobing,midpoint,na,new,number,peduncle,per,plant,prickle,primary,pseudostipule,ray,seed,shape,sympodial,terminal,texture,thicknes,type,variation,width	.5,0.3-1.5,0.5-1,0.5-2,0.6-1,1-1.2,1-1.5,1.5,1.5-1.8,2,2-2.2,3-5-celled,3-6,5-7-flowered,9.5-15,abaxially,acuminate,adaxially,apex,attenuate,axil,base,berry,bilobed,clavate,cm,conical,dark,dense,dia,difoliate,drying,ellipsoid,elliptic,filiform,flattened-reniform,glabrous,glandular,globose,green,incrassate,leaf,lobed,long,margin,minutely,mm,nearly,olive-green,opposite,pale,pitted,pubescent,reddish-brown,shaped,shrub,simple,slightly,small,tear-drop,tip,tree,trichome,tuft,uniseriate,unit,vein,white,x,yellowish	geminate,greenish-yellow,na,sympodial
198	wfo-0001028109	success	202	154	94	116	86	38	92	2	0.05-0.2,0.1-0.2,0.4-0.8,0.4-1.5,0.45-0.65,0.5-1.2,0.6-0.8,0.8-1.5,0.8-1.6,1.5-2.5,1.5-5.5,10-25,12-40,2-15,2-4,2.3-2.9,2.5-3,2.5-5,2/3-3/4,20-60,3-4-13,3-7,5-30,8-12,8-25,abaxially,acuminate,acute,almost,anther,apart,apex,apparently,articulated,bark,base,berry,bright,calyx,chartaceous,cm,connivent,cuneate,curved,deltate,densely,diameter,discolorous,drying,dull,elliptic,entire,erect,evenly,filament,flattened-reniform,fruit,fruiting,glabrescent,glabrous,green,green-brown,lateral,leaf,length,light,lobe,long,margin,maturity,mauve,midpoint,mm,moderately,multangulate,occasionally,orange-brown,pair,pedicel,peduncle,per,petiole,poricidal,prickle,prickly,primary,ray,recurved,red,red-brown,shrub,simple,small,sometimes,spaced,spherical,stellate-pubescent,stem,straight,strongly,style,surface,tapering,terete,terminal,tip,tree,tube,unarmed,vein,way,weakly,white,wide,yellow,young	-7,.5,/3,0.05-0.15,0.1,0.3,0.5-2.5-4,0.7,1.5-10,1/8-1/4,10-30,15-100,3.5-6,3/4,30-150,4-5-merous,5-13-20,8-15,abaxial,acut,adaxial,alyx,ame,apar,apically,blade,branching,brow,c.,dimorphic,eaf,eed,elongating,equal,flower,free,fully,geminate,gently,glabrou,gray-green,infructescence,lobed,long-styled,longer,lower,mature,minor,nflorescence,obtuse,older,one,open,opening,orolla,oung,perfec,pericarp,perpendicular,plurifoliat,porrect,portion,prickl,reflexed,ruit,scar,secondary,sessile,slender,smooth,spreading,stalk,stalked,stellate,tamen,tertiary,time,trichome,unarme,unit,usually,vary,venation,visible,woody,ympodial	appearance,arrangement,border,branch,brown,bud,characteristic,colour,corolla,corrugation,distal,exertion,form,giving,glabrousnes,growth,height,history,inflorescence,interjected,leaflet,life,lobing,na,new,number,ovary,plant,pseudostipule,seed,shape,size,stigma,texture,thicknes,type,variation,width	0.05-0.2,0.1-0.2,0.4-0.8,0.4-1.5,0.45-0.65,0.5-1.2,0.6-0.8,0.8-1.5,0.8-1.6,1.5-2.5,1.5-5.5,10-25,12-40,2-15,2-4,2.3-2.9,2.5-3,2.5-5,2/3-3/4,20-60,3-4-13,3-7,5-30,8-12,8-25,abaxially,acuminate,acute,almost,apart,apparently,articulated,base,berry,bright,chartaceous,cm,connivent,cuneate,curved,deltate,densely,diameter,discolorous,drying,dull,elliptic,entire,erect,evenly,flattened-reniform,glabrescent,glabrous,green,green-brown,lateral,light,long,maturity,mauve,mm,moderately,multangulate,occasionally,orange-brown,pair,poricidal,prickly,recurved,red,red-brown,shrub,simple,small,sometimes,spaced,spherical,stellate-pubescent,straight,strongly,tapering,terete,terminal,tip,tree,unarmed,way,weakly,white,wide,yellow,young	brown,na
199	wfo-0001028115	success	159	150	88	99	60	51	85	3	.6,0.42,0.6-0.7,0.7-0.8-1.1,0.8-1-2.4,1-3,1.1-1.8,1.1-1.8-2.5,1.4-1.7,1.7-2.2,12-13.5,2-3-6.5,2-3.2,3-5,5-15,6-10,7-7.5,9-17,abaxially,abundant,acute,adaxially,alternate,anther,antrorse,apex,attenuate,basal,base,berry,blue,calyx,capitate,cm,diameter,ellipsoidal,elliptical,entire,especially,filament,fruiting,glabrescent,glandular,globose,half,herb,herbaceous,length,light,linear,lobe,long,longitudinally,margin,mixed,mm,moderately,narrowly,nerve,non-glandular,oblong,one,opposite,ovate,pair,pale,petiole,pinnatifid,pinnatipartite,pinnatisect,prostrate,pubescent,rarely,ridged,scarce,seed,segment,similar,simple,slender,small,smooth,stem,stigma,style,trans-ovoidal,triangular,trichome,tube,tuberculate,unequal,unifoliate,uniseriate,violet,wide,width,winged,x,yellow	.2,0.2-0.3,0.5,1.3-1.8,1.8-3.5,2.5-3-4.5-5.2,4.7-5-8.5,accrescent,acuminat,ag,amply,annular,articulate,blade,campanulate,coat,connectival,curved,difoliat,dorsal,eaf,eed,embryo,evident,exceeding,glabrous,growing,hig,inflated,longer,longitudinal,lower,much,multi-seeded,near,opening,orolla,papery-scarious,papillo,pore,poricidal,portion,prolongation,ree,reticulate,ruit,slightly,slit,sometimes,strongly,styl,subsessil,tem,time,tip,unit,vary,venation,wider,ympodial	acuminate,appearance,arrangement,bark,border,branch,bud,characteristic,colour,corolla,corrugation,difoliate,distal,drying,exertion,form,fruit,giving,glabrousnes,growth,height,history,inflorescence,interjected,lateral,leaf,leaflet,life,lobing,midpoint,na,new,number,ovary,pedicel,peduncle,per,plant,prickle,primary,pseudostipule,ray,shape,size,surface,terminal,texture,thicknes,type,variation,vein	.6,0.42,0.6-0.7,0.7-0.8-1.1,0.8-1-2.4,1-3,1.1-1.8,1.1-1.8-2.5,1.4-1.7,1.7-2.2,12-13.5,2-3-6.5,2-3.2,3-5,5-15,6-10,7-7.5,9-17,abaxially,abundant,acute,adaxially,alternate,antrorse,attenuate,basal,berry,blue,capitate,cm,ellipsoidal,elliptical,entire,especially,filament,glabrescent,glandular,globose,half,herb,herbaceous,light,linear,long,longitudinally,mixed,mm,moderately,narrowly,nerve,non-glandular,oblong,one,opposite,ovate,pair,pale,pinnatifid,pinnatipartite,pinnatisect,prostrate,pubescent,rarely,ridged,scarce,seed,segment,similar,simple,slender,small,smooth,stem,trans-ovoidal,triangular,trichome,tuberculate,unequal,unifoliate,uniseriate,violet,wide,winged,x,yellow	acuminate,difoliate,na
200	wfo-0001028131	success	207	142	98	114	93	28	96	2	.5,/5,0.1-0.3,0.2-1.5,0.3-0.7,0.4-0.8,0.5-1.1,0.8-1,0.8-1.1,1-10,1.5-3,1.8-2.2,1/4-2/3,1/5,2-2.8,2-5,2-6.5,3-6,4-6,5-6.5,absent,anther,apart,apex,apparently,articulated,attenuate,bark,base,berry,branched,calyx,cell,chartaceous,cm,concolorous,connivent,cream,curved,dark,densely,diameter,drying,dull,elongating,erect,filament,flattened,flattened-reniform,fruit,glabrescent,glabrous,green,herb,lateral,leaf,length,like,lobe,lobed,long,margin,marking,mature,maturity,mauve,membranous,mm,narrow-obovate,narrow-ovate,obtuse,orange,orange-brown,outline,pair,pale,pale-brown,pedicel,peduncle,petiole,pit,poricidal,prickle,prickly,primary,purple,raised,red,reflexed,rounded,shiny,simple,small,smooth,spaced,sparsely,spherical,spreading,stellate-pubescent,stem,style,surface,tapering,tip,tube,unarmed,upper,vein,visible,way,wide,yellow,yellow-green,young	.1,0-0.6-1.2,0-2,0-3,0-30,0-4,0.05-0.2,0.1-0.15,0.7-1.1,1-3,1-4,1-5,1.5-5,1.8-2,2-4,2/3,5-8,5-merous,6-7,7-8,abaxial,abaxially,acuminat,adaxial,alyx,apar,apically,blade,broad-deltate,deltate,difoliate,distance,eaf,eed,epidermi,equal,extending,eye,filiform,flower,free,fruiting,geminat,gland,infructescence,lanceolate,lengt,longer,lower,midpoint,midvein,moderately,naked,nflorescence,oblong,often,older,one,open,orolla,oung,pale-gra,pendulous,per,perfec,pericarp,porrect,portion,prickl,ray,reduced,ruit,scar,sessil,sessile,shorter,side,sometimes,stellate,straight,strongly,sunk,tamen,terete,tertiary,time,trichome,unarme,unit,vary,venation,woody,ympodial	appearance,arrangement,border,branch,characteristic,colour,corolla,exertion,form,giving,glabrousnes,growth,height,history,inflorescence,life,lobing,new,ovary,pale-gray,perennial,plant,seed,shape,size,texture,type,width	.5,/5,0.1-0.3,0.2-1.5,0.3-0.7,0.4-0.8,0.5-1.1,0.8-1,0.8-1.1,1-10,1.5-3,1.8-2.2,1/4-2/3,1/5,2-2.8,2-5,2-6.5,3-6,4-6,5-6.5,absent,apart,apparently,articulated,attenuate,base,berry,branched,cell,chartaceous,cm,concolorous,connivent,cream,curved,dark,densely,diameter,dull,elongating,erect,flattened,flattened-reniform,fruit,glabrescent,glabrous,green,herb,lateral,length,like,lobed,long,marking,mature,maturity,mauve,membranous,mm,narrow-obovate,narrow-ovate,obtuse,orange,orange-brown,outline,pair,pale,pale-brown,pit,poricidal,prickly,purple,raised,red,reflexed,rounded,shiny,simple,small,smooth,spaced,sparsely,spherical,spreading,stellate-pubescent,stem,tapering,tip,unarmed,upper,visible,way,wide,yellow,yellow-green,young	pale-gray,perennial
201	wfo-0001028148	success	157	91	56	63	94	28	53	3	-6,0.25-0.5,0.6-3.5,0.75-2,1-3.5,1.5,12-15,2.5-4,3.5-4,5-7,6-18,acute,angled,apex,articulated,base,blue-black,branched,broadly,calyx,cm,dark,decurrent,deltate,diameter,elliptic,entire,fruit,glaucous,globose,highly,less,light-colored,margin,mature,minute,mm,narrowly,obtuse,ovate,pedicel,peduncle,petiole,pink,purple,rhizomatous,ridge,ripe,scalloped,shrub,simple,slightly,smooth,sometimes,stigma,style,surface,tapered,treelet,triangular,violet,whitish,x	.5-4,0.5-1.5,1-15,1.5-2.5,10-30,15,2,2-3,2-7,20-50,3.5-9,4-10,4.5-10,5,5-10,5-20,5-8,abaxially,absen,adaxially,aggregate,apart,apiculate,axe,ba,blade,cell,central,chartaceous,connivent,cylindrical,densely,directed,distal,distall,eaf,eed,especially,except,fleshy,flower,fresh,glabrous,hair,lobe,long,lower,many-foliat,margi,material,midrib,moderately,nflorescence,nther,often,orange,orolla,part,perfect,plicae,plicate,pore,puberulence,puberulent,puberulent-pubescent,rachi,radiu,rarely,rotate-stellate,ruit,slender,smoot,spaced,sparse,star,stone,succulent,tal,tem,thickened,time,tip,truncat,tube,unbranched,unit,usually,vary,white,wide,winge,yellow,ympodial,young	0.5-4,anther,arrangement,characteristic,colour,corolla,corrugation,form,glabrousnes,growth,height,history,inflorescence,leaf,length,life,lobing,new,ovary,plant,seed,shape,size,stem,texture,truncate,type,winged	-6,0.25-0.5,0.6-3.5,0.75-2,1-3.5,1.5,12-15,2.5-4,3.5-4,5-7,6-18,acute,angled,apex,articulated,base,blue-black,branched,broadly,cm,dark,decurrent,deltate,elliptic,entire,glaucous,globose,highly,less,light-colored,mature,minute,mm,narrowly,obtuse,ovate,pink,purple,rhizomatous,ridge,ripe,scalloped,shrub,simple,slightly,smooth,sometimes,tapered,treelet,triangular,violet,whitish,x	0.5-4,truncate,winged
202	wfo-0001028161	success	124	120	59	71	53	49	56	3	.5,0.1-0.25,0.7-1.7,1-1.3,1-1.5,1-2.3,2-5-flowered,2-9,2.5-3,3-4,3-7,4-5,6-9,abaxially,acuminate,acute,adaxially,apex,attenuate,bark,base,berry,branch,branched,calyx,cell,closely,cm,corolla,dendritic,densely,dia,distal,elliptic,exserted,fruiting,globose,green,incrassate,lanceolate,lateral,leaf,like,long,margin,minor,minutely,mm,narrowly,outline,ovoid-reniform,pale,pedicel,petiole,pitted,pubescent,reddish-brown,shape,shrub,simple,sinuate,size,somewhat,sparsely,stem,strongly,surface,tan,trichome,vein,x	0.25-0.5,1-2,1.5-4.5,1/3,7.5-12,9-11,along,anthesi,arising,ba,brown,congested,consisting,deflexed,denser,differing,difoliate,eaf,edicel,eed,geminat,glabrescen,inflorescenc,later,lon,main,major,middle,nflorescence,obovoid,often,older,opposite,orbicular,overlappin,pair,probably,pubescence,rest,rounded,ruit,scar,short,spaced,tall,tapering,thin,tub,ud,unit,widest,ympodial,young	alternate,anther,appearance,arrangement,border,characteristic,colour,corrugation,diameter,drying,exertion,filament,form,fruit,giving,glabrousnes,growth,height,history,inflorescence,interjected,leaflet,length,life,lobe,lobing,midpoint,na,new,number,ovary,peduncle,per,perennial,plant,prickle,primary,pseudostipule,ray,seed,stigma,style,terminal,texture,thicknes,tube,type,variation,width	.5,0.1-0.25,0.7-1.7,1-1.3,1-1.5,1-2.3,2-5-flowered,2-9,2.5-3,3-4,3-7,4-5,6-9,abaxially,acuminate,acute,adaxially,attenuate,base,berry,branched,cell,closely,cm,dendritic,densely,dia,elliptic,exserted,globose,green,incrassate,lanceolate,leaf,like,long,margin,minutely,mm,narrowly,outline,ovoid-reniform,pale,pitted,pubescent,reddish-brown,shrub,simple,sinuate,somewhat,sparsely,stem,strongly,tan,trichome,x	alternate,na,perennial
203	wfo-0001028164	success	196	144	101	115	81	29	96	5	/4,0.3-0.8,0.4-0.8-1,0.5-0.8,0.5-1,0.7-1.1,0.8-1.5,0.9-1.6,1-1.5,1-4.5,1.8-2.5,1/3,2.5-4.5,2.5-4.5-6,2.8-4,3-17,3-7,3.6-4.8,6-8,8-17,abaxially,acuminate,acute,anther,apex,apically,apparently,articulated,attenuate,bark,base,berry,branched,bright,calyx,cm,concolorous,connivent,dark,deltate,densely,diameter,drying,dull,elliptic,entire,erect,evenly,filament,flattened-reniform,fruit,fruiting,glabrescent,glabrous,glandular,gray,green,hair,lateral,leaf,length,lobe,long,margin,maturity,mauve,membranous,midvein,minute,mm,moderately,multangulate,obtuse,orange-brown,pair,pale,pedicel,peduncle,per,petiole,poricidal,primary,recurved,red,red-brown,sessile,shallowly,shrub,simple,sometimes,sparsely,spherical,spreading,stalked,stellate-pubescent,stem,style,surface,tapering,terete,terminal,tip,trichome,tube,unarmed,undulate,upper,variously,vein,way,white,wide,yellow,yellow-green,young	-14,-8,0-20,0.05-0.2,0.05-1.5,0.1,1,1.5-2.5,1/6-1/4,12-20,2-2.5,2.5-4,4-13,4-5-merous,4-7,4-8,8-15,abaxial,almost,alyx,ame,apar,blade,c.,curved,difoliate,eaf,eed,elongating,equal,eye,filiform,flower,free,geminat,glabrescen,glabrou,infructescence,less,lobed,long-acuminat,longer,lower,mature,midpoint,naked,narrow-deltate,nflorescence,often,older,one,open,orolla,oung,perfec,pericarp,porrect,portion,ray,reflexe,ruit,scar,shorte,shorter,side,smooth,spaced,stalk,stellate,straight,tamen,tertiary,time,unarme,unit,vary,venation,visible,woody,yellow-gra,ympodial	10-20,arrangement,branch,characteristic,colour,corolla,exertion,form,glabrousnes,growth,height,history,inflorescence,life,lobing,long-acuminate,na,new,number,ovary,perennial,plant,seed,shape,size,stigma,texture,type,yellow-gray	/4,0.3-0.8,0.4-0.8-1,0.5-0.8,0.5-1,0.7-1.1,0.8-1.5,0.9-1.6,1-1.5,1-4.5,1.8-2.5,1/3,2.5-4.5,2.5-4.5-6,2.8-4,3-17,3-7,3.6-4.8,6-8,8-17,abaxially,acuminate,acute,apically,apparently,articulated,attenuate,base,berry,branched,bright,cm,concolorous,connivent,dark,deltate,densely,diameter,drying,dull,elliptic,entire,erect,evenly,flattened-reniform,glabrescent,glabrous,glandular,gray,green,hair,lateral,lobe,long,maturity,mauve,membranous,midvein,minute,mm,moderately,multangulate,obtuse,orange-brown,pair,pale,poricidal,recurved,red,red-brown,sessile,shallowly,shrub,simple,sometimes,sparsely,spherical,spreading,stalked,stellate-pubescent,surface,tapering,terete,terminal,tip,trichome,unarmed,undulate,upper,variously,way,white,wide,yellow,yellow-green,young	10-20,long-acuminate,na,perennial,yellow-gray
204	wfo-0001028180	success	147	134	92	103	44	31	87	5	.05,.5,/2,1-1.2,1-1.5,1-1.8,1-3,15-28,2-2.2,2-3,2.5-3,20-30-flowered,3-4,5-6,5-8,7,abaxially,acute,adaxially,along,anther,anthesi,apex,attenuate,bark,base,beginning,berry,c.,calyx,capitate,closely,cm,conical,corolla,cucullate,dark,densely,dia,distinctly,drying,elliptic,elongate,erect,falcate,filament,fleshy,four-angled,fruiting,glabrous,globose,golden,green,larger,lateral,leaf,lobe,lobed,long,main,margin,midrib,minutely,mm,nearly,obscure,onto,ovary,ovoid-reniform,pale,papillose,pedicel,petiole,pinkish-white,pitted,planar,puberulent,pubescent,shaped,shiny,simple,size,small,somewhat,spaced,sparsely,stem,stigma,style,surface,tan,tear-drop,tip,tree,trichome,tube,uniseriate,vein,way,white,winged,x,yellow-gray	0.7-1,1.5-5,3-10,4.5-5,8-10,ba,darker,deflexed,deltate,differing,difoliate,eaf,eed,free,geminat,glabrat,gold,irregularly,know,leathery,lon,lower,major,minor,nflorescence,older,opposite,overlappin,pair,pore,poricidal,portion,ruit,scar,straight,styl,tall,thick,ud,underside,unit,woody,ympodial,young	alternate,arrangement,branch,bud,characteristic,colour,corrugation,diameter,exertion,form,fruit,glabrate,glabrousnes,growth,height,history,inflorescence,known,length,life,lobing,na,new,overlapping,peduncle,plant,primary,seed,shape,texture,type	.05,.5,/2,1-1.2,1-1.5,1-1.8,1-3,15-28,2-2.2,2-3,2.5-3,20-30-flowered,3-4,5-6,5-8,7,abaxially,acute,adaxially,along,anthesi,attenuate,base,beginning,berry,c.,capitate,closely,cm,conical,cucullate,dark,densely,dia,distinctly,drying,elliptic,elongate,erect,falcate,fleshy,four-angled,glabrous,globose,golden,green,larger,lateral,lobe,lobed,long,main,margin,midrib,minutely,mm,nearly,obscure,onto,ovoid-reniform,pale,papillose,petiole,pinkish-white,pitted,planar,puberulent,pubescent,shaped,shiny,simple,small,somewhat,spaced,sparsely,tan,tear-drop,tip,tree,trichome,uniseriate,vein,way,white,winged,x,yellow-gray	alternate,glabrate,known,na,overlapping
205	wfo-0001028182	success	150	115	71	82	68	33	67	4	.5,0.1-0.2,0.5-0.6,0.5-1,0.8-1,0.9-1,1-1.5,2-2.5,2-6.5,3-5,4-6,5-15-flowered,6-9,anther,apex,arching,bark,base,beneath,branch,brown,calyx,capitate,ciliate,cm,conical,cordate,corolla,deflexed,ellipsoid,filament,filiform,glabrous,globose,inflorescence,later,lateral,lax,leaf,like,lobed,long,long-acuminate,main,margin,minutely,mm,narrowly,nearly,obovoid,ovary,ovate,pair,papillose,pedicel,petiole,pore,poricidal,pubescent,scar,shaped,shiny,shrub,simple,slender,somewhat,sparsely,stem,stigma,style,surface,tear-drop,tip,trichome,truncate,tube,uniseriate,vein,white,x,young,zig-zag	0-90,0.5,2,3,5-ribbed,along,anthesi,apart,apiculae,apiculate,axi,bending,black,blade,deltoid,densely,dia,dry,eaf,edicel,eed,evenly,except,extreme,flower,free,gre,hemiepiphyte,internodal,keeled,know,known,less,lobe,lower,material,midrib,minute,nflorescence,older,opposite,papillo,planar,portion,present,prominent,proximal,purplish,reflexed,rib,rounded,ruit,sca,slightly,spaced,sparser,specimen,spindly,still,strongly,tapering,third,time,ud,unifoliat,unit,widest,ympodial	arrangement,bud,characteristic,colour,corrugation,diameter,drying,exertion,form,fruit,fruiting,glabrousnes,grey,growth,height,hemicryptophyte,history,length,life,lobing,na,new,number,peduncle,per,plant,primary,seed,shape,size,texture,type,unifoliate	.5,0.1-0.2,0.5-0.6,0.5-1,0.8-1,0.9-1,1-1.5,2-2.5,2-6.5,3-5,4-6,5-15-flowered,6-9,arching,base,beneath,brown,capitate,ciliate,cm,conical,cordate,deflexed,ellipsoid,filiform,glabrous,globose,later,lateral,lax,like,lobed,long,long-acuminate,main,minutely,mm,narrowly,nearly,obovoid,ovate,pair,papillose,pedicel,pore,poricidal,pubescent,scar,shaped,shiny,shrub,simple,slender,somewhat,sparsely,stem,surface,tear-drop,tip,trichome,truncate,uniseriate,vein,white,x,young,zig-zag	grey,hemicryptophyte,na,unifoliate
206	wfo-0001028183	success	235	147	85	103	132	44	80	5	-10,0.2-0.5,0.5-2.5,0.7-1.2,0.7-2,1.1-1.8,1.2-1.4,1.3-1.4,1.3-1.7,1.7-2.7,10-15,11-30,2-4.2,2-5,2.8-4.2,4.5-9,5.2-6.2,6.6-20,9-13,adaxially,along,anther,apart,apex,attenuate,axi,bark,base,berry,blunt-tipped,branch,branched,bud,calyx,capitate,central,closely,cm,corolla,cuneate,deltoid,diameter,drying,dull,elliptic,elongated,entire,exserted,filament,flower,fruit,fruiting,glabrescent,glabrous,globose,lanceolate,lateral,leaf,lobe,many,margin,midrib,mm,narrowly,nearly,oblong,obovoid,orangish-tan,ovate-lanceolate,pedicel,peduncle,petiole,pseudoterminal,pubescent,purple,reticulate-punctate,ripe,scabrous,shrub,side,simple,soon,spaced,sparingly,spherical,stem,stigma,streak,style,sub-lenticular,subcampanulate,surface,tan,terete,time,tomentose,tree,tube,vein,violet,white,x,yellowish	.5-3,0.1,0.1-0.2,0.1-0.4,0.1-0.9,0.2-0.3,0.2-0.4,0.5,0.6,0.8-1.4,0.8-3.1-5.3,1.4-2.8,1.5-3.4,1.6-2.3,1.9-3.7,1/3-1/2,2.2-5.7,2.5-4.1,2.6-4.4,3.2-4.6-6.4,3.5-6.6,5-8,5-8.5,50-400,7.5-23,8-9.1,abaxial,abaxially,accrescent,acute,ag,alyx,anthesi,apparently,around,articulated,axillary,blade,brown,cell,chartaceous,cylindrical,dark,dendritic-multangulate,directed,distally,distantly,eaf,earl,edge,eed,epidermal,especially,evident,except,farinose,few-rayed,free,glabrescen,granular-punctate,group,hair,half,high,inserted,lackin,lengthening,lobed,lon,long,long-decurrent,longitudinal,lower,m.,main,multangulate,nflorescence,older,open,orolla,overlapping,perfec,plurifoliate,pore,poricidal,porrect-stellat,porrect-stellate,present,prominent,pubescence,rachi,rarely,relatively,reportedly,ruit,runk,sessile,short,short-,slit,small,somewhat,sparse,splitting,stage,stalk,stamen,stellate,stipitate-glandular,stout,strongly,suture,tamen,thick,thin,thin-textured,tip,touching,translucent,ud,unarme,unit,upper,usually,vary,way,whitish,wide,yellow,yellowish-tomentose,ympodial,young	3.2-6.4,appearance,arrangement,border,characteristic,colour,corrugation,distal,exertion,form,giving,glabrousnes,growth,height,history,inflorescence,interjected,leaflet,length,life,lobing,midpoint,na,new,number,ovary,per,perennial,plant,prickle,primary,pseudostipule,ray,seed,shape,size,sparely,terminal,texture,thicknes,type,unarmed,variation,width	-10,0.2-0.5,0.5-2.5,0.7-1.2,0.7-2,1.1-1.8,1.2-1.4,1.3-1.4,1.3-1.7,1.7-2.7,10-15,11-30,2-4.2,2-5,2.8-4.2,4.5-9,5.2-6.2,6.6-20,9-13,adaxially,along,apart,attenuate,axi,berry,blunt-tipped,branched,calyx,capitate,central,closely,cm,cuneate,deltoid,diameter,dull,elliptic,elongated,entire,exserted,flower,fruit,glabrescent,glabrous,globose,lanceolate,many,midrib,mm,narrowly,nearly,oblong,obovoid,orangish-tan,ovate-lanceolate,pseudoterminal,pubescent,purple,reticulate-punctate,ripe,scabrous,shrub,side,simple,soon,spaced,sparingly,spherical,streak,sub-lenticular,subcampanulate,tan,terete,time,tomentose,tree,violet,white,x,yellowish	3.2-6.4,na,perennial,sparely,unarmed
207	wfo-0001028227	success	235	152	95	111	124	41	92	3	0.2-0.3,0.2-0.4,0.8-1.4,0.9-1.2,1-1.7,1-4.2-6.2,1.2-2,1.3-4,1.4,1.5-2.3,1.7-2.8,1/2,1/2-3/4,10,10-24,11-15,2-12,2.5-7.8,3.7-7,4.8-7.6,6.7-15,abaxially,acuminate,acute,adaxially,anther,anthesi,apex,attenuate,bark,base,berry,blunt-tipped,branch,branched,brown,brownish,bud,c.,calyx,cm,corolla,cuneate,dark,decurrent,deltoid,diameter,early,elliptic,elongate,ength,entire,exserted,filament,fleshy,fruit,glabrous,globose,granular-tomentose,gray,grayish,green,lateral,leaf,less,lobe,long,many,margin,midrib,mm,oblong,oblong-lanceolate,obtuse,orangish-tan,orbicular,ovate-lanceolate,pale,pedicel,peduncle,petiole,pseudoterminal,pubescent,purple,reticulate-punctate,ripe,scabridulous,shrub,side,simple,slightly,sparsely,stem,stigma,style,subcampanulate,sublenticular,subspherical,sulcate,surface,time,tomentose,tree,tube,vein,velutinous,violet,way,x,yellow,yellowish	-2/3,.5-4,0-250,0.1,0.2,0.2-0.5,0.3,0.4,0.5,0.7-2.1,0.8,0.9,0.9-1.4,1,1-2.5,1.1-3.1,1.4-2.6,1.9,1.9-4.2,1.9-5.8,2-3.8,2.6-5.9,2.9-4.7,3-4.9,3.7-6.3,4-13,5-7.5,6-16,8.1-18,8.5-22,abaxial,accrescent,ag,age,along,alyx,apart,apparently,appressed,around,articulated,axillary,becoming,blade,blunt-tippe,closely,cylindrical,dendritic-echinoid,directed,distally,drying,eaf,echinoi,echinoid,edge,eed,farinose,flower,free,fruiting,glabrescent,hair,high,inserted,lacking,lanceolate,lengthening,lobed,lon,longitudinal,lower,m.,main,midvein,mostly,multangulate,nflorescence,obscured,occasionally,often,older,orolla,ovate-orbicula,overlapping,perfec,plurifoliate,pore,poricidal,porrect-stellate,present,prominent,pubescence,quarter,rachi,relatively,rounded,ruit,runk,sessile,slit,somewhat,spaced,stalk,stamen,stellate,stout,suture,tamen,thick,thicker,thin,tip,tomentu,touching,ud,unarme,unit,upper,usually,vary,well,wide,ympodial,young	appearance,arrangement,border,characteristic,colour,distal,exertion,form,giving,glabrousnes,growth,height,history,inflorescence,interjected,leaflet,length,life,lobing,midpoint,na,new,number,ovary,per,perennial,plant,prickle,primary,pseudostipule,ray,seed,shape,size,terminal,texture,thicknes,type,unarmed,variation,width	0.2-0.3,0.2-0.4,0.8-1.4,0.9-1.2,1-1.7,1-4.2-6.2,1.2-2,1.3-4,1.4,1.5-2.3,1.7-2.8,1/2,1/2-3/4,10,10-24,11-15,2-12,2.5-7.8,3.7-7,4.8-7.6,6.7-15,abaxially,acuminate,acute,adaxially,anthesi,attenuate,base,berry,blunt-tipped,branched,brown,brownish,c.,calyx,cm,cuneate,dark,decurrent,deltoid,diameter,early,elliptic,elongate,ength,entire,exserted,fleshy,fruit,glabrous,globose,granular-tomentose,gray,grayish,green,less,lobe,long,many,midrib,mm,oblong,oblong-lanceolate,obtuse,orangish-tan,orbicular,ovate-lanceolate,pale,pseudoterminal,pubescent,purple,reticulate-punctate,ripe,scabridulous,shrub,side,simple,slightly,sparsely,subcampanulate,sublenticular,subspherical,sulcate,time,tomentose,tree,velutinous,violet,way,x,yellow,yellowish	na,perennial,unarmed
208	wfo-0001028228	success	143	133	74	89	54	44	72	2	.5,0.1-1.7,0.75,1-1.5,1.1-1.2,1.2-1.8,1.5-2,1.8-3.4,10-30-flowered,2,2-8,2.8-6.5,3/4,6-7,6-8,7.5-12.5,abruptly,acute,age,anther,apex,area,bark,base,becoming,berry,brown,calyx,campanulate,cm,coriaceous,corolla,dark,deflexed,dia,distal,dry,elliptic,exserted,filament,fruiting,glabrous,globose,green,greenish-yellow,lateral,leaf,lobe,lobed,long,main,margin,material,minute,minutely,mm,narrowing,obovate,occasionally,ovary,ovoid,ovoid-reniform,pair,papillose,pedicel,petiole,reticulate,rounded,shaped,shining,shrub,simple,slender,small,stem,stigma,style,surface,tapering,tear-drop,terminal,tip,tree,tube,vein,way,white,x,young	1.1-2.5,2-5,2.1-4.2,anthesi,ba,beginning,beneath,caly,clavate,closely,deltoid,difoliate,eaf,edicel,eed,erect,fragrant,free,geminat,impressed,inflorescenc,lon,lower,major,middle,minor,nflorescence,older,opposite,overlapping,pale,planar,pore,poricidal,portion,prominent,ruit,scar,shinin,slightly,spaced,straight,styl,sweetly,tall,thick-margined,thickened,ud,unit,usually,weight,widest,woody,ympodial	alternate,appearance,arrangement,border,branch,bud,characteristic,colour,corrugation,diameter,drying,exertion,form,fruit,giving,glabrousnes,growth,height,history,inflorescence,interjected,leaflet,length,life,lobing,midpoint,na,new,number,peduncle,per,plant,prickle,primary,pseudostipule,ray,seed,shape,size,texture,thicknes,type,variation,width	.5,0.1-1.7,0.75,1-1.5,1.1-1.2,1.2-1.8,1.5-2,1.8-3.4,10-30-flowered,2,2-8,2.8-6.5,3/4,6-7,6-8,7.5-12.5,abruptly,acute,age,area,base,becoming,berry,brown,calyx,campanulate,cm,coriaceous,dark,deflexed,dia,dry,elliptic,exserted,glabrous,globose,green,greenish-yellow,lateral,lobed,long,main,material,minute,minutely,mm,narrowing,obovate,occasionally,ovoid,ovoid-reniform,pair,papillose,reticulate,rounded,shaped,shining,shrub,simple,slender,small,style,tapering,tear-drop,tip,tree,tube,vein,way,white,x,young	alternate,na
209	wfo-0001028263	success	156	137	73	89	67	48	69	4	0.25,1-3,1-4,11-13,11-23,14-44,2-4,2.6,3,3.4,3.5-4.2,4,5-7,5-7.5,6,6-8,9,abaxially,acuminate,acute,adaxially,apex,apical,apically,articulate,atenuate,base,branched,broadly,calyx,cm,conical,cordate,corolla,cuneate,cyme,darker,deep,dehiscent,diameter,dichasial,dichasially,distal,ebracteate,elliptical,filament,green,green-white,herbaceous,interjected,introrse,lateral,leaf,leaflet,light,lobe,long,maturing,medium,mm,monochasial,mucilaginous,oblique,odd-pinnate,often,ovate,ovoid,pedicel,peduncle,perennial,petiole,plant,poricidally,proximal,puberulent,pubescent,seed,short,size,slit,stigma,strigose,style,terminal,throughout,tuber-bearing,violet,wide,¼	1-2,2,2-3,3-6-foliat,4-5,8-1.,8-14,abaxiall,acumen,cell,connate,covering,digestion,diminishing,dorsally,eaf,edge,eed,emoval,enzyme,equal,exceeding,first,flat,flower,folded,forked,generally,globo,gradually,hair-like,half,honeycomb,living,lon,lower,lunat,make,nflorescence,nther,orolla,pair,pattern,perfect,plan,reveal,rotate,ruit,sessile,seudostipule,specimen,stamen,straight,tal,tem,testal,thick,throughou,toward,truncate,two,typically,unit,vary,wall,yellow,ympodial	8-19,anther,appearance,arrangement,bark,border,branch,bud,characteristic,colour,corrugation,drying,exertion,form,fruit,fruiting,giving,glabrousnes,globose,growth,height,history,inflorescence,length,life,lobing,margin,midpoint,na,new,number,ovary,per,prickle,primary,pseudostipule,ray,shape,stem,surface,texture,thicknes,tube,type,variation,vein,wet,width	0.25,1-3,1-4,11-13,11-23,14-44,2-4,2.6,3,3.4,3.5-4.2,4,5-7,5-7.5,6,6-8,9,abaxially,acuminate,acute,adaxially,apical,apically,articulate,atenuate,branched,broadly,cm,conical,cordate,cuneate,cyme,darker,deep,dehiscent,dichasial,dichasially,distal,ebracteate,elliptical,green,green-white,herbaceous,introrse,light,long,maturing,medium,mm,monochasial,mucilaginous,oblique,odd-pinnate,often,ovate,ovoid,perennial,poricidally,proximal,puberulent,pubescent,short,slit,strigose,throughout,tuber-bearing,violet,wide,¼	8-19,globose,na,wet
210	wfo-0001028280	success	87	89	43	50	37	39	40	3	.5,0.7-1,1-2,1-2-flowered,1.5-2.7,2-2.5,2-3,6-9,7-8,acuminate,apex,arching,attenuate,bark,base,berry,branch,ciliate,cm,completely,dark,decurrent,dia,elliptic,flattened,fruiting,glabrous,globose,green,immature,lanceolate,lateral,leaf,long,main,margin,minutely,mm,narrowly,new,pair,pedicel,petiole,shrub,simple,stem,surface,vein,winged,x	almost,anthesi,ape,axil,brow,closely,eaf,eed,know,known,lon,lower,middle,nflorescence,older,onto,opposite,papillae,pendant,present,rounded,ruit,scar,sessil,small,somewhat,spaced,tall,tip,ud,ultimate,unifoliat,unit,widest,woody,ympodial,young	anther,arrangement,brown,bud,calyx,characteristic,colour,corolla,corrugation,diameter,drying,exertion,filament,form,fruit,glabrousnes,growth,height,history,inflorescence,length,life,lobing,na,number,ovary,peduncle,per,plant,primary,seed,shape,size,stigma,style,texture,tube,type,unifoliate	.5,0.7-1,1-2,1-2-flowered,1.5-2.7,2-2.5,2-3,6-9,7-8,acuminate,apex,arching,attenuate,base,berry,ciliate,cm,completely,dark,decurrent,dia,elliptic,flattened,glabrous,globose,green,immature,lanceolate,lateral,long,main,minutely,mm,narrowly,pair,shrub,simple,vein,winged,x	brown,na,unifoliate
211	wfo-0001028281	success	258	156	100	125	133	31	97	3	-3,-5,0.2-0.3,0.2-0.5-1,0.3-1,0.5-0.7,0.5-1,0.7-2.5-7,0.75-1,1-1.5,1-3,1-5,1.0-1.6,1.1-1.4,1.1-2.4,1.7-2.5,10-18,10-30-45,2-4,2-6.5-10,2-locular,2.1-3.0,2.5-6-15,20-30,3-16-20,3-8.5,6,7-30-36,abaxially,acuminate,acute,almost,anther,anthesi,apex,appearance,base,basiscopically,bracteate,brown,calyx,capitate,cell,cm,conical,corolla,dark,deep,densely,diameter,distal,doubly,dry,elliptic,elongate,elongate-triangular,entire,exerted,extended,filament,flower,form,fruit,fruiting,giving,glabrous,globose,golden,green,hair-like,half,halfway,imparipinnate,inflorescence,interjected,interrupted,lateral,leaf,leaflet,like,lobe,long,margin,material,mm,narrowly,oblique,obovate,occasionally,once-branched,outgrowth,ovary,ovate,pale,pedicel,peduncle,petiole,primary,proximal,pseudostipule,pubescent,regularly,serrate,shrub,silky,size,small,sometimes,sparsely,stem,stigma,stripe,style,surface,terminal,testa,thick,trichome,tube,type,vein,vine,wall,wide,yellow	+,-8,.2,.4,.5,0.05-0.4,0.1-0.15,0.15-0.2,0.2-0.5,0.2-0.7-0.9,0.3-0.5,0.5-0.6,0.5-1.1,0.5-1.2,0.5-1.2-1.5,0.7-1-1.5,0.7-1.2,0.8-1,1,1-1.5-2,1-1.5-6,1.2-1.6,1.4-4,2-13,2-4-celled,3-5,3-foliate,5-8-celled,abaxial,absent,adaxial,alternate,apical,appendage,appressed,arising,articulation,autogamous,axi,bent,berr,blade,bract,branching,broadly,column,composed,covering,darker,decreasing,decurrent,developed,eaf,edicel,eed,eglandular,either,enclosing,exserted,fragile,free,generally,gland,glandular,gree,hal,head,included,internode,large,largest,less,lon,longest,lower,medial,midvein,minute,mixture,multi-celled,multi-cellular,multicellular,nflorescence,node,opposite,orbicular,other,pair,paler,patent,petiolule,point,population,portion,present,primarily,probably,rachi,rest,rotate,ruit,secondary,serrat,sessile,set,shorter,smaller,smooth,sparser,sprawling,staminal,sterile,stiff,straight,strongly,subopposite,tem,tertiary,thin,three,tip,toward,transparent,ud,unicellular,uniseriate,unit,usually,weak,weak-walled,well,winged,ympodial	1-2,arrangement,bark,border,branch,bud,characteristic,colour,corrugation,drying,exertion,glabrousnes,growth,height,history,length,life,lobing,midpoint,na,new,perennial,plant,prickle,ray,seed,shape,texture,thicknes,variation,width	-3,-5,0.2-0.3,0.2-0.5-1,0.3-1,0.5-0.7,0.5-1,0.7-2.5-7,0.75-1,1-1.5,1-3,1-5,1.0-1.6,1.1-1.4,1.1-2.4,1.7-2.5,10-18,10-30-45,2-4,2-6.5-10,2-locular,2.1-3.0,2.5-6-15,20-30,3-16-20,3-8.5,6,7-30-36,abaxially,acuminate,acute,almost,anthesi,apex,base,basiscopically,bracteate,brown,calyx,capitate,cell,cm,conical,dark,deep,densely,diameter,distal,doubly,dry,elliptic,elongate,elongate-triangular,entire,exerted,extended,flower,glabrous,globose,golden,green,hair-like,half,halfway,imparipinnate,interrupted,lateral,like,long,material,mm,narrowly,oblique,obovate,occasionally,once-branched,outgrowth,ovary,ovate,pale,proximal,pubescent,regularly,serrate,shrub,silky,small,sometimes,sparsely,stripe,testa,thick,trichome,vine,wall,wide,yellow	1-2,na,perennial
212	wfo-0001028317	success	204	159	105	124	80	35	103	2	-1.5,-5,/5,0,0-1,0.1-0.3,0.3-0.4,0.3-1,0.5-3.5,0.6-0.8,0.6-1.2,0.6-1.5,0.8-1.1,0.8-2.5,1-1.3,1-3,1-4,1.1-1.9,1.4-2,1.8-2.5,1/5,2-2.8,2-4,2.5-6.5,2.8-3.3,3-10,3-4,4-6,5-8,6-10,absent,acute,almost,anther,apart,apex,apparently,articulated,bark,base,berry,branched,bright,brown,calyx,chartaceous,cm,concolorous,cream,cuneate,curved,dark,densely,diameter,drying,dull,erect,filament,flattened-reniform,fruit,fruiting,glabrous,gray,green,herb,lanceolate,lateral,leaf,length,lobe,lobed,long,lower,margin,marking,maturity,mauve,midpoint,mm,moderately,oblong,obtuse,orange-brown,ovate,pair,pale,pedicel,peduncle,per,petiole,poricidal,prickle,prickly,primary,purple,ray,red,shrub,side,simple,sometimes,spaced,sparsely,spherical,spreading,stellate-pubescent,stem,straight,style,surface,tapering,terete,terminal,tip,truncate,tube,upper,vein,way,white,wide,yellow,yellow-green,young	0-5,0.1,0.1-0.25,0.1-0.4,1/,1/3-1/4,1/4-2/3,2-4.5,2/3,3-5,4-5-merous,4-8,abaxially,acuminat,alyx,apar,apically,blade,broad-deltate,brow,deltate,difoliate,distance,eaf,eed,elongating,equal,extending,eye,filiform,flower,free,geminat,hair,herbaceous,infructescence,longer,mature,midvein,minute,naked,nflorescence,older,one,open,orolla,oung,pendulous,perfec,pericarp,porrect,portion,prickl,reduced,reflexed,rounded,ruit,scandent,scar,sessile,shorter,smooth,stalk,stalked,stellate,subsessile,tamen,tertiary,time,toward,translucent,trichome,unarme,unarmed,unit,variously,vary,venation,visible,ympodial	1/2,arrangement,branch,bud,characteristic,colour,corolla,corrugation,distal,exertion,form,glabrousnes,growth,height,history,inflorescence,interjected,leaflet,life,lobing,na,new,number,ovary,plant,pseudostipule,seed,shape,size,stigma,texture,thicknes,type,variation,width	-1.5,-5,/5,0,0-1,0.1-0.3,0.3-0.4,0.3-1,0.5-3.5,0.6-0.8,0.6-1.2,0.6-1.5,0.8-1.1,0.8-2.5,1-1.3,1-3,1-4,1.1-1.9,1.4-2,1.8-2.5,1/5,2-2.8,2-4,2.5-6.5,2.8-3.3,3-10,3-4,4-6,5-8,6-10,absent,acute,almost,apart,apparently,articulated,base,berry,branched,bright,brown,chartaceous,cm,concolorous,cream,cuneate,curved,dark,densely,diameter,drying,dull,erect,flattened-reniform,glabrous,gray,green,herb,lanceolate,lateral,length,lobe,lobed,long,lower,marking,maturity,mauve,mm,moderately,oblong,obtuse,orange-brown,ovate,pair,pale,per,poricidal,prickly,purple,red,shrub,side,simple,sometimes,spaced,sparsely,spherical,spreading,stellate-pubescent,straight,tapering,terete,terminal,tip,truncate,upper,way,white,wide,yellow,yellow-green,young	1/2,na
213	wfo-0001028323	success	164	141	101	115	49	26	97	4	0.2-0.5,0.2-1,0.4-1.3,0.5,0.6-1,0.8,0.9-1.2,1,1-1.2,1-1.5,1.1-4.5,1.5,2-3,2-9,3,3-6,5-6,7.5-9,abaxially,absent,acute,along,anther,anthesi,apex,appressed,attenuate,bark,base,berry,blue-green,brown,c.,calyx,cm,conical,corolla,cup-shaped,dark,dendritic,densely,diameter,drying,ellipsoid,elliptic,entire,erect,fading,filament,fleshy,flower,fruiting,glabrescent,glabrous,globose,grey,growth,included,inflorescence,internodal,leaf-opposed,lengthening,less,like,lobe,longer,main,margin,maturity,minute,minutely,mm,new,occasionally,ovary,ovoid,pair,pale,papillose,pedicel,peduncle,petiole,pitted,pore,poricidal,primary,proceed,pubescent,reddish,revolute,rounded,scattered,shiny,shoot,short,shrub,simple,sometimes,somewhat,soon,sparsely,splitting,stem,stigma,style,surface,tip,trichome,tube,uniseriate,vein,violet,way,white,x	-2,0.5-1,1-2,1.5-2.5,3-5,3.5-4,abscissio,apart,apparently,articulated,ba,capiatate,cell,coriaceous,deltate,eaf,eed,free,glabrescen,lanceolate,lobed,lower,nflorescence,ovate,papillat,peg,perfect,pericarp,planar,plurifoliat,portion,remaining,ruit,scar,sinus,small,soft,sparely,straight,tearing,testal,thick,thin,tuft,ud,unit,wall,woody,ympodial	arrangement,branch,bud,capitate,characteristic,colour,corrugation,exertion,form,fruit,glabrousnes,height,history,leaf,length,life,lobing,na,papillate,perennial,plant,seed,shape,size,texture,type	0.2-0.5,0.2-1,0.4-1.3,0.5,0.6-1,0.8,0.9-1.2,1,1-1.2,1-1.5,1.1-4.5,1.5,2-3,2-9,3,3-6,5-6,7.5-9,abaxially,absent,acute,along,anthesi,apex,appressed,attenuate,base,berry,blue-green,brown,c.,cm,conical,cup-shaped,dark,dendritic,densely,diameter,ellipsoid,elliptic,entire,erect,fading,fleshy,flower,glabrescent,glabrous,globose,grey,included,inflorescence,internodal,leaf-opposed,lengthening,less,like,lobe,longer,main,maturity,minute,minutely,mm,occasionally,ovoid,pair,pale,papillose,pitted,pore,poricidal,proceed,pubescent,reddish,revolute,rounded,scattered,shiny,shoot,short,shrub,simple,sometimes,somewhat,soon,sparsely,splitting,stem,surface,tip,trichome,uniseriate,vein,violet,way,white,x	capitate,na,papillate,perennial
214	wfo-0001028329	success	215	168	111	124	91	44	107	4	.5-3,0.2-0.3,0.8-1.1,0.8-1.4,0.9-1.3,1-6,1.1-2.5,1.3-1.8,1.5-2.3,10-34,12,2-3,2-4,2.6-5,3-14,3-8,4-15,5-10,6-8,6-9,abaxially,acuminate,acute,adaxially,angled,anther,anthesi,apart,apex,articulated,asperous,bark,base,becoming,berry,blunt-tipped,branch,branched,brown,bud,calyx,chartaceous,closely,cm,conical,continued,corolla,deltoid,diameter,dichotomously,due,entire,filament,finely,fleshy,flower,fruit,glabrous,granular,granular-tomentose,gray,green,grooved,growth,honeycombed,inserted,lateral,leaf,length,lobe,long-attenuate,longitudinally,margin,midvein,minutely,mm,moderately,mostly,obelliptic,oblong,obovate,obtuse,orbicular,ovate,ovate-elliptic,pale,pedicel,peduncle,petiole,pubescent,reniform,reticulate-punctate,ripe,several,short-,shrub,side,simple,slightly,small,sometimes,spaced,sparsely,stellate-pubescent,stellate-rotate,stelliform,stem,stigma,style,subglobose,suborbicular,time,tomentose,tree,tube,turning,unarmed,vein,velutinous,white,whitish,x,yellow,yellowish	.75-2,.75-5.75,/10-3/10,0-100,1.0-1.4,1.3-2,1.5-2.75,1.5-3.5,1.5-8,2.2-3.9,2.75-4.5,3.75-7,3/4,4-5,6-11,7-19,absen,ag,apical-lateral,apparently,axe,axillary,ba,blade,cylindrical,dehiscing,dendritic-echinoi,dendritic-echinoid,distantly,distinct,eaf,echinoid,eed,free,glabrescen,hair,high,introrse,large,lengthening,lobed,long,lower,main,multangulat,multangulate,nflorescence,obscured,occasional,older,orolla,perfect,plurifoliate,pore,porrect-stellate,present,pseudo-terminal,rachi,rather,receptacle,relatively,ruit,runk,sessil,sessile,short-stalked,slit,sparse,stalked,stellat,stellate,subcapitat,suture,swollen,tamen,testa,thick,thickened,thin,tomentu,touching,toward,unarme,unit,usually,vary,vestigial,way,wide,ympodial,young	appearance,arrangement,border,characteristic,colour,corrugation,distal,drying,exertion,form,fruiting,giving,glabrousnes,height,history,inflorescence,interjected,leaflet,life,lobing,midpoint,na,new,number,ovary,per,perennial,plant,prickle,primary,pseud-terminal,pseudostipule,ray,seed,shape,size,subcapitate,surface,terminal,texture,thicknes,type,variation,width	.5-3,0.2-0.3,0.8-1.1,0.8-1.4,0.9-1.3,1-6,1.1-2.5,1.3-1.8,1.5-2.3,10-34,12,2-3,2-4,2.6-5,3-14,3-8,4-15,5-10,6-8,6-9,abaxially,acuminate,acute,adaxially,angled,anthesi,apart,apex,articulated,asperous,base,becoming,berry,blunt-tipped,branched,brown,calyx,chartaceous,closely,cm,conical,continued,deltoid,diameter,dichotomously,due,entire,finely,fleshy,flower,fruit,glabrous,granular,granular-tomentose,gray,green,grooved,growth,honeycombed,inserted,lateral,long-attenuate,longitudinally,midvein,minutely,mm,moderately,mostly,obelliptic,oblong,obovate,obtuse,orbicular,ovate,ovate-elliptic,pale,pubescent,reniform,reticulate-punctate,ripe,several,short-,shrub,side,simple,slightly,small,sometimes,spaced,sparsely,stellate-pubescent,stellate-rotate,stelliform,stem,subglobose,suborbicular,time,tomentose,tree,turning,unarmed,velutinous,white,whitish,x,yellow,yellowish	na,perennial,pseud-terminal,subcapitate
215	wfo-0001028337	success	192	165	107	126	66	39	103	4	-4,.5,.8,/3,0-6,0.05-1,0.3-0.5,0.4-0.7-2,0.4-0.8,0.7-0.9,0.7-1,1-1.8,1-2,1-3,1.5-3,1.5-4,1.8-2,15-50,2-2.2-2.5,2-4,4-5,5-25,5-6,5-8,abaxially,anther,apart,apex,apically,apparently,articulated,bark,base,berry,branched,calyx,chartaceous,cm,color,conical,connivent,cuneate,dark,deltate,densely,diameter,discolorous,drying,entire,erect,evenly,eye,filament,flattened-reniform,flower,fruit,fruiting,glabrescent,glabrous,gray,gray-brown,green,green-brown,hair,inflorescence,juvenile,known,lateral,leaf,length,lobe,lobed,long,margin,marking,mature,mauve,midpoint,minutely,mm,moderately,naked,narrow-oblong,orange-brown,pale,pedicel,peduncle,per,petiole,pitted,poricidal,porrect-lepidote,prickle,prickly,primary,ray,reddish,rounded,sessile,shallowly,shrub,simple,smooth,spaced,sparse,spherical,stellate-pubescent,stem,straight,strongly,style,surface,tapering,terete,terminal,tip,toward,trichome,tube,unarmed,vein,visible,way,white,wide,young	0.05-0.15,0.1-0.3,1,1/2,1/3-2/3,1/4-1/3,1/8-1/4,11-16,3-4,5-merous,6-7,8-10,8-14,abaxial,acut,adaxial,alyx,apar,ape,blade,curved,eaf,eed,elongating,equal,free,fused,gently,glabrou,glaucous,infructescence,juvenil,long-styled,longer,lower,nflorescence,occasionally,older,one,open,orolla,oung,perfect,pericarp,plurifoliat,porrect,portion,reflexed,ruit,scar,shoot,short,short-styled,shorter,slender,small,staminate,stellate,stout,tamen,time,unarme,unit,usually,vary,ympodial	acute,appearance,arrangement,border,branch,bud,characteristic,colour,corolla,corrugation,distal,exertion,form,giving,glabrousnes,growth,height,history,interjected,leaflet,life,lobing,na,new,number,ovary,perennial,plant,pseudostipule,seed,shape,size,stigma,texture,thicknes,type,variation,width,ye	-4,.5,.8,/3,0-6,0.05-1,0.3-0.5,0.4-0.7-2,0.4-0.8,0.7-0.9,0.7-1,1-1.8,1-2,1-3,1.5-3,1.5-4,1.8-2,15-50,2-2.2-2.5,2-4,4-5,5-25,5-6,5-8,abaxially,apart,apex,apically,apparently,articulated,base,berry,branched,chartaceous,cm,color,conical,connivent,cuneate,dark,deltate,densely,diameter,discolorous,drying,entire,erect,evenly,eye,flattened-reniform,flower,glabrescent,glabrous,gray,gray-brown,green,green-brown,hair,juvenile,known,lateral,lobed,long,marking,mature,mauve,minutely,mm,moderately,naked,narrow-oblong,orange-brown,pale,per,pitted,poricidal,porrect-lepidote,prickly,reddish,rounded,sessile,shallowly,shrub,simple,smooth,spaced,sparse,spherical,stellate-pubescent,straight,strongly,tapering,terete,terminal,tip,toward,trichome,unarmed,visible,way,white,wide,young	acute,na,perennial,ye
216	wfo-0001028339	success	195	157	101	114	81	43	97	4	.5,0.05-0.1,1-1.2,1-2,1-5,1.1-1.4,1.2-1.5,1.5,1.7-3.2,10-30-flowered,10.2-18.5,3.5-4,5-7,5.8-7.9,8-10,8182,acuminate,acute,anther,apex,appearance,appressed,bark,base,beneath,berry,blue,broadly,brown,bud,calyx,capitate,cm,corolla,covered,cuneate,cup-shaped,dark,decurrent,densely,dia,dried,enclosed,evenly,exserted,filament,filiform,flattened,floccose,fruiting,glabrous,globose,greyish-brown,growth,irregular,later,lateral,leaf,lobe,lobed,long,main,margin,minutely,mm,mustard,nearly,oblique,ovary,ovate,ovoid,ovoid-reniform,papillate,papillose,pedicel,petiole,pitted,red-brown,reflexed,schwarz,shaped,shrub,simple,size,slender,slightly,small,somewhat,spaced,sparsely,specimen,stem,stigma,strong,strongly,style,surface,tapering,tear-drop,texture,tip,tree,trichome,tube,uniseriate,urceolate,vein,white,white-speckled,winged,woody,x,yellow,yellowish	0.8-1.2,1-1.5,1.5-2,2.5-5,3.4-5.5,43191,5-angled,7-11,across,almost,anthesi,appearing,attenuate,becoming,carinate,carpel,closely,connate,crystalline,deflexed,differing,difoliate,distinctly,dry,eaf,edicel,eed,epidermi,erect,fide,first,flower,free,frui,geminat,glabrate,grainy,large-celled,leave,like,little,lon,long-triangular,lower,major,middle,minor,nee,nflorescence,obscure,occasionally,older,one,opposite,overlappin,papery,planar,pore,poricidal,portion,proximal,pulp,ruit,scar,secondary,septum,shining,speckled,straight,tall,tightly,tub,ud,unit,venation,white-lenticellat,white-papillo,wide,widest,ympodial,young	alternate,arrangement,border,branch,characteristic,colour,corrugation,diameter,distal,drying,exertion,form,fruit,giving,glabrousnes,green,height,history,inflorescence,interjected,leaflet,length,life,lobing,midpoint,na,new,number,peduncle,per,plant,prickle,primary,pseudostipule,ray,seed,shape,terminal,thicknes,type,variation,white-papillose,width	.5,0.05-0.1,1-1.2,1-2,1-5,1.1-1.4,1.2-1.5,1.5,1.7-3.2,10-30-flowered,10.2-18.5,3.5-4,5-7,5.8-7.9,8-10,8182,acuminate,acute,appearance,appressed,base,beneath,berry,blue,broadly,brown,bud,calyx,capitate,cm,covered,cuneate,cup-shaped,dark,decurrent,densely,dia,dried,enclosed,evenly,exserted,filiform,flattened,floccose,glabrous,globose,greyish-brown,irregular,later,lateral,leaf,lobed,long,main,margin,minutely,mm,mustard,nearly,oblique,ovate,ovoid,ovoid-reniform,papillate,papillose,pitted,red-brown,reflexed,schwarz,shaped,shrub,simple,slender,slightly,small,somewhat,spaced,sparsely,specimen,strong,strongly,tapering,tear-drop,tip,tree,trichome,tube,uniseriate,urceolate,vein,white,white-speckled,winged,woody,x,yellow,yellowish	alternate,green,na,white-papillose
217	wfo-0001028351	success	175	128	67	79	96	49	63	4	.2,.8,0,0.2,1.0–2.0,2,2.0–2.5,3,3–4,40,5.0,6–12,8–15,abaxially,acute,adaxially,along,annual,anther,anthesi,apex,base,becoming,blue,branching,brown,calyx,capitate,clavate,cm,colour,densely,diameter,filament,flattened,fruit,glabrous,globose,green,herb,lanceolate,leaf,lobe,lobed,long,margin,midvein,mm,moderately,number,oblong,opposed,ovate,pale,pedicel,peduncle,perennial,petiole,pitted,pubescent,regularly,shallowly,shiny,simple,slender,sparsely,stem,stigma,style,surface,truncate,tube,unbranched,unknown,velutinous,woody,x,young,–3.0	.8–1.0,0.1,0.5,0.6,0–,1.0–,1.0–1.6,1.0–2.5,1.4–1.5,1.5–4.0,1.6–,10,2.0–5.0,2.1–3.5,2/3,2–2.5,2–4,3.4–5.0,4,5,5.0–5.5,5.5–10.5,5–7,6.5–8.5,absent,adaxiall,ag,apart,apical,articulated,axe,ba,basal,blade,cell,chartaceous,connivent,convex,cylindrical,directed,distally,eaf,eed,equal,erect,fleshy,flower,geminat,glandular,hair,indumentum,lamin,like,lon,longitudinal,lower,m.,multicellular,narrowly,nfloresence,obtuse,occasionally,opening,orolla,pair,pentagonal,perfect,plurifoliate,pore,present,probably,ruit,serrate,shaped,side,slit,smaller,spaced,stone,straight,tal,tamen,tardily,teardrop,tem,time,unicellular,uniseriate,unit,vary,white,wide,wing,winged,ympodial,–	0–1.0–2.5,1.0–4.0,1.6–5.0,appearance,arrangement,bark,border,branch,bud,characteristic,corolla,corrugation,distal,drying,exertion,form,fruiting,giving,glabrousnes,growth,height,history,inflorescence,interjected,lateral,leaflet,length,life,lobing,midpoint,na,new,ovary,per,plant,prickle,primary,pseudostipule,ray,seed,shape,size,terminal,texture,thicknes,type,variation,vein,width	.2,.8,0,0.2,1.0–2.0,2,2.0–2.5,3,3–4,40,5.0,6–12,8–15,abaxially,acute,adaxially,along,annual,anthesi,becoming,blue,branching,brown,capitate,clavate,cm,densely,diameter,flattened,fruit,glabrous,globose,green,herb,lanceolate,leaf,lobed,long,midvein,mm,moderately,oblong,opposed,ovate,pale,perennial,pitted,pubescent,regularly,shallowly,shiny,simple,slender,sparsely,stem,truncate,unbranched,unknown,velutinous,woody,x,young,–3.0	0–1.0–2.5,1.0–4.0,1.6–5.0,na
218	wfo-0001028353	success	177	160	101	119	58	41	100	1	/3,0.2-0.4,0.5,0.9-1.2,1,1-4,1.4-2,1.5-2,1.5-5,2,2-3,2-4,3,3-5,4-7,6-8,7,acute,along,anther,anthesi,apex,base,berry,bluntly,bright,calyx,capitate,cell,centre,ciliate,clasping,cm,coarsely,conical,cordate,corolla,cup-shaped,dark,deep,deeply,densely,diameter,drying,ellipsoid,elliptic,emarginated,erect,exerted,filament,fleshy,flower,fruiting,glabrous,globose,green,greenish,herb,heteromorphic,hollow,honey-comb,internodal,leaf,less,like,lobe,long,margin,midrib,minute,minutely,mm,nodding,open,ovary,ovoid,pair,pale,papery,papillate,papillose,pedicel,peduncle,petiole,pitted,plant,plump,primary,pubescent,purple,reddish,rhomboid,ripe,scattered,sessile,shallow,short,simple,size,slender,somewhat,sparsely,stem,stigma,strongly,style,surface,tan,testal,tip,toothed,trichome,truncate,tube,uniseriate,vein,way,x,yellow	.5,0.5-1-2,1-2,8-10,abaxially,accrescent,age,apart,area,becoming,beneath,campanulate,curved,decreasing,decumben,difoliate,distally,dry,eaf,edicel,eed,fracturing,free,frui,geminat,gree,growing,horn,horned,inserted,lengthening,lon,lower,m.,material,nflorescence,often,outline,pericarp,point,pore,poricidal,portion,principal,ruit,scar,sessil,sleeve,slightly,slit,straight,thin,toward,ud,unit,wall,wrinkled,ympodial	appearance,arrangement,bark,border,branch,bud,characteristic,colour,corrugation,distal,exertion,form,fruit,giving,glabrousnes,growth,height,history,inflorescence,interjected,lateral,leaflet,length,life,lobing,midpoint,na,new,number,per,prickle,pseudostipule,ray,seed,shape,terminal,texture,thicknes,type,variation,width	/3,0.2-0.4,0.5,0.9-1.2,1,1-4,1.4-2,1.5-2,1.5-5,2,2-3,2-4,3,3-5,4-7,6-8,7,acute,along,anther,anthesi,berry,bluntly,bright,calyx,capitate,cell,centre,ciliate,clasping,cm,coarsely,conical,cordate,cup-shaped,dark,deep,deeply,densely,diameter,ellipsoid,elliptic,emarginated,erect,exerted,fleshy,flower,glabrous,globose,green,greenish,herb,heteromorphic,hollow,honey-comb,internodal,leaf,less,like,lobe,long,margin,midrib,minute,minutely,mm,nodding,open,ovoid,pair,pale,papery,papillate,papillose,pitted,plump,pubescent,purple,reddish,rhomboid,ripe,scattered,sessile,shallow,short,simple,slender,somewhat,sparsely,strongly,tan,testal,tip,toothed,trichome,truncate,uniseriate,way,x,yellow	na
219	wfo-0001028390	success	147	139	77	82	65	57	72	5	0,0.5,0.5-1,0.5-1.5,1-2.5,1.5-2,1.5-3.5,1.5-5.5,10-15,3-4,4-11,4-5,5-7,7-8,acute,angled,apex,apiculate,base,branched,calyx,chartaceous,cm,connivent,cuneate,deltate,dendritically,densely,diameter,directed,divided,eglandular,elliptic,entire,felty-pubescent,flower,forked,glabrous,gland,globose,hair,lanceolate,like,lobe,margin,mixed,mm,mostly,obtuse,occasionally,often,orange,ovate,pedicel,peduncle,perfect,petiole,pore,pseudohair,pubescent,rarely,ripe,short,shrub,simple,slightly,small,stalked,stigma,style,subcordate,subcoriaceous,tip,truncate,tube,unbranched,unequally,usually,violet,white,x,yellow	-10,.5-3.3,0.5-2.5,1,1-3,1-5,2,2.5,3-5,6-many-foliat,7,9,abaxially,absen,adaxiall,adaxially,aggregate,apart,articulated,axe,blade,cell,curled,cylindrical,dendritically-branched,dense,distall,eaf,eed,leaving,less,lon,long,lower,midvein,moderately,narrowly,near,nflorescence,nther,orolla,peg,presen,puberulent,pubescen,rachi,radiu,ruit,scar,spaced,sparsely,ste,stellate,stone,subcapitat,subclavate,tal,tem,time,triangular,unit,vary,white-pubescent,wide,ympodial	anther,appearance,arrangement,bark,border,branch,bud,characteristic,colour,corolla,corrugation,distal,distally,drying,exertion,filament,form,fruit,fruiting,giving,glabrousnes,growth,height,history,inflorescence,interjected,lateral,leaf,leaflet,length,life,lobing,midpoint,na,new,number,ovary,per,plant,present,prickle,primary,pseudostipule,ray,seed,shape,size,stem,subcapitate,surface,terminal,texture,thicknes,type,variation,vein,width	0,0.5,0.5-1,0.5-1.5,1-2.5,1.5-2,1.5-3.5,1.5-5.5,10-15,3-4,4-11,4-5,5-7,7-8,acute,angled,apex,apiculate,branched,chartaceous,cm,connivent,cuneate,deltate,dendritically,densely,diameter,directed,divided,eglandular,elliptic,entire,felty-pubescent,flower,forked,glabrous,gland,globose,hair,lanceolate,like,mixed,mm,mostly,obtuse,occasionally,often,orange,ovate,perfect,pore,pseudohair,pubescent,rarely,ripe,short,shrub,simple,slightly,small,stalked,subcordate,subcoriaceous,tip,truncate,unbranched,unequally,usually,violet,white,x,yellow	distally,na,present,stem,subcapitate
220	wfo-0001028405	success	149	135	76	87	62	48	71	5	0.4-0.5,0.5-3,1-4,1-9,1.3-8,1.5-6.5,10-11,2,2-2.5,3-4,3.5-10,3.5-6.5,4-11.5,4-6,7-14.5,8-15,9-15,acute,apex,apical,apically,articulate,base,branched,calyx,cell,cm,conical,connate,corolla,covering,cyme,dehiscent,diameter,dichasial,dichasially,distal,ebracteate,elliptic,elliptic-lanceolate,exceeding,filament,green,green-white,hair-like,herbaceous,interjected,introrse,lanceolate,lateral,leaf,leaflet,lobe,long,make,maturing,mm,monochasial,mucilaginous,oblique,oblong,odd-pinnate,often,ovate-elliptic,ovoid,pedicel,peduncle,perennial,petiole,plant,poricidally,puberulent,seed,short,size,slit,stamen,stigma,straight,style,terminal,testal,thick,throughout,wall,wide,yellow	2-3,2-4,3-20,3-6-foliat,6-7,abaxially,absen,acumen,adaxially,apiculate,attenuate,decurrent,digestion,diminishing,dorsally,eaf,edge,eed,emoval,enzyme,flat,flower,folded,forked,generally,globo,gradually,half,honeycomb,living,lon,lower,lunat,nflorescence,nther,orolla,pair,pattern,perfect,plan,proximal,rachi,reveal,ruit,seudostipule,short-acuminate,short-petiolate,specimen,stellate,subsessile,tal,tem,throughou,toward,tuber-bearing,typically,unit,vary,whit,without,ympodial,¼	absent,anther,appearance,arrangement,bark,border,branch,bud,characteristic,colour,corrugation,drying,exertion,form,fruit,giving,glabrousnes,globose,growth,height,history,inflorescence,length,life,lobing,margin,midpoint,na,new,number,ovary,per,prickle,primary,pseudostipule,ray,shape,stem,surface,texture,thicknes,tube,type,variation,vein,wet,white,width	0.4-0.5,0.5-3,1-4,1-9,1.3-8,1.5-6.5,10-11,2,2-2.5,3-4,3.5-10,3.5-6.5,4-11.5,4-6,7-14.5,8-15,9-15,acute,apical,apically,articulate,branched,cell,cm,conical,connate,covering,cyme,dehiscent,diameter,dichasial,dichasially,ebracteate,elliptic,elliptic-lanceolate,exceeding,green,green-white,hair-like,herbaceous,introrse,lanceolate,lateral,long,make,maturing,mm,monochasial,mucilaginous,oblique,oblong,odd-pinnate,often,ovate-elliptic,ovoid,perennial,poricidally,puberulent,seed,short,slit,stamen,stigma,straight,style,testal,thick,throughout,wall,wide,yellow	absent,globose,na,wet,white
221	wfo-0001028429	success	162	154	96	108	54	46	93	3	0.2-0.4,0.8-1.2,0.9-2.3,1-2.5,1-4,1.5-3,10-11,10.5-21,2-4,2-8,2.5-12,2.5-4,2.5-7.5,2.7-3.6,3-6,4-14,5-12,6-28,abaxially,acuminate,acute,adaxially,apex,apical,apically,articulate,base,branched,broadly,calyx,cell,cm,connate,cordate,corolla,covering,cuneate,cyme,darker,dehiscent,diameter,dichasial,dichasially,distal,ebracteate,elliptical,exceeding,filament,glabrescent,glabrous,globose,green,green-white,greenish,hair,hair-like,herbaceous,interjected,introrse,lateral,leaf,leaflet,light,lobe,long,long-attenuate,make,maturing,medium,mm,monochasial,mucilaginous,narrowly,oblique,odd-pinnate,often,ovate,ovoid,pedicel,peduncle,perennial,petiole,plant,poricidally,proximal,scattered,seed,short,size,slightly,slit,spot,stamen,stigma,straight,style,terminal,testal,thick,throughout,tuber-bearing,vein,violet,wall,white,wide,yellow,¼	1.5-4,10-27,2-1.,2-3,3-6-foliat,6-18,7-7,abaxiall,acumen,digestion,diminishing,dorsally,eaf,edge,eed,emoval,enzyme,especially,flat,flower,folded,forked,generally,globo,gradually,half,honeycomb,living,lon,lower,lunat,nflorescence,nther,obovate,orolla,pair,pattern,pentagonal,perfect,petiolule,plan,reveal,rotate,ruit,seudostipule,specimen,tal,tem,throughou,toward,typically,unit,vary,ympodial	2-19,anther,appearance,arrangement,bark,border,branch,bud,characteristic,colour,corrugation,drying,exertion,form,fruit,fruiting,giving,glabrousnes,growth,height,history,inflorescence,length,life,lobing,margin,midpoint,na,new,number,ovary,per,prickle,primary,pseudostipule,ray,shape,stem,surface,texture,thicknes,tube,type,variation,wet,width	0.2-0.4,0.8-1.2,0.9-2.3,1-2.5,1-4,1.5-3,10-11,10.5-21,2-4,2-8,2.5-12,2.5-4,2.5-7.5,2.7-3.6,3-6,4-14,5-12,6-28,abaxially,acuminate,acute,adaxially,apical,apically,articulate,branched,broadly,cell,cm,connate,cordate,covering,cuneate,cyme,darker,dehiscent,diameter,dichasial,dichasially,distal,ebracteate,elliptical,exceeding,glabrescent,glabrous,globose,green,green-white,greenish,hair,hair-like,herbaceous,introrse,lateral,light,lobe,long,long-attenuate,make,maturing,medium,mm,monochasial,mucilaginous,narrowly,oblique,odd-pinnate,often,ovate,ovoid,perennial,poricidally,proximal,scattered,seed,short,slightly,slit,spot,stamen,stigma,straight,style,testal,thick,throughout,tuber-bearing,violet,wall,white,wide,yellow,¼	2-19,na,wet
222	wfo-0001028436	success	150	127	67	80	70	47	64	3	.5,0.2-0.4,0.5,0.5-1,1-3,1.5,1.5-2,1.5-2.5,10-20,2.5-3,4,5-10,5-12,5-15,5-8,7,8-12,absent,acute,anther,apex,appearance,base,berry,brown,calyx,center,chartaceous,ciliate,cm,decurrent,deflated,diameter,dm,dried,edge,elliptic,entire,filament,fine,flower,fruit,fruiting,glabrous,globose,leaf,linear,linear-lancolate,lobe,margin,membranaceous,mm,moderately,much-branched,nearly,oblong,often,parallel,pedicel,peduncle,per,petiole,pubescent,radiating,raised,ridge,rotate,running,shallow,shrub,stem,stigma,style,surface,triangular,tube,unifoliate,white,wrinkled,x	0.8-1.5,1-2,1-2-celled,1st,2-3,2-4,2nd,abaxially,abundant,adaxiall,adaxially,along,apically,appearing,axe,beyond,blade,cell,connected,cordat,dehiscent,difficult,due,eaf,eed,evaluat,explosively,exserted,flat,frui,geniculate,glabrescen,hair,interpetalar,lengt,like,long,lower,lying,nflorescence,notch,older,orolla,oung,placenta,pointing,presence,pubescen,rachi,reaching,rhizomatous,ruit,small,sparsely,stamen,structure,swollen,tal,tamen,taproot,tear,thick,tissue,two-celled,unbranched,unit,vary,wid,woody,ympodial	arrangement,bark,border,branch,bud,characteristic,colour,corolla,corrugation,distal,drying,exertion,form,giving,glabrousnes,growth,height,history,inflorescence,interjected,lateral,leaflet,length,life,lobing,midpoint,na,new,number,ovary,perennial,plant,prickle,primary,pseudostipule,ray,seed,shape,size,terminal,texture,thicknes,type,variation,vein,wide,width	.5,0.2-0.4,0.5,0.5-1,1-3,1.5,1.5-2,1.5-2.5,10-20,2.5-3,4,5-10,5-12,5-15,5-8,7,8-12,absent,acute,berry,brown,center,chartaceous,ciliate,cm,decurrent,deflated,diameter,dm,dried,edge,elliptic,entire,fine,flower,fruit,glabrous,globose,linear,linear-lancolate,margin,membranaceous,mm,moderately,much-branched,nearly,oblong,often,parallel,per,petiole,pubescent,radiating,raised,ridge,rotate,running,shallow,shrub,triangular,unifoliate,white,wrinkled,x	na,perennial,wide
223	wfo-0001028465	success	159	150	91	102	57	48	87	4	0.75,1-2,1-4,1.2-2,1.5-2.9,10-24,11-23,2-4,2-6,2-9.3,2.4-2.8,2.5-4,3-5,3-8,3.8-7,4-8,4.5-5.5,7-15,8-10,acumen,acuminate,acute,apex,apical,apically,articulate,attenuate,base,branched,broadly,calyx,cell,cm,connate,corolla,covering,cuneate,cyme,dehiscent,diameter,dichasial,dichasially,distal,dorsally,ebracteate,elliptical,exceeding,filament,flat,folded,globose,green,green-white,hair-like,herbaceous,interjected,interpetalar,introrse,lateral,leaf,leaflet,lobe,long,make,maturing,medium,mm,monochasial,mucilaginous,oblique,odd-pinnate,often,ovoid,pedicel,peduncle,perennial,petiole,plant,poricidally,puberulent,pubescent,purple,rotate,seed,sessile,short,size,slit,spot,stamen,stigma,straight,strigose,style,terminal,testal,thick,throughout,wall,white,wide,yellow	10,2,2-3,3-4,3-6-foliat,4-1.,5-7,9-19,abaxially,adaxially,decurrent,digestion,diminishing,eaf,edge,eed,emoval,enzyme,equal,first,flower,forked,generally,globo,gradually,half,honeycomb,living,lon,lower,lunat,nflorescence,nther,orolla,pair,pattern,perfect,petiolule,plan,proximal,rachi,rarely,reveal,ruit,seudostipule,specimen,tal,tem,tissu,toward,tuber-bearing,two,typically,unit,vary,ympodial,¼	4-18,anther,appearance,arrangement,bark,border,branch,bud,characteristic,colour,corrugation,drying,exertion,form,fruit,fruiting,giving,glabrousnes,growth,height,history,inflorescence,length,life,lobing,margin,midpoint,na,new,number,ovary,per,prickle,primary,pseudostipule,ray,shape,stem,surface,texture,thicknes,tissue,tube,type,variation,vein,wet,width	0.75,1-2,1-4,1.2-2,1.5-2.9,10-24,11-23,2-4,2-6,2-9.3,2.4-2.8,2.5-4,3-5,3-8,3.8-7,4-8,4.5-5.5,7-15,8-10,acumen,acuminate,acute,apical,apically,articulate,attenuate,branched,broadly,cell,cm,connate,covering,cuneate,cyme,dehiscent,diameter,dichasial,dichasially,dorsally,ebracteate,elliptical,exceeding,flat,folded,globose,green,green-white,hair-like,herbaceous,interpetalar,introrse,lateral,lobe,long,make,maturing,medium,mm,monochasial,mucilaginous,oblique,odd-pinnate,often,ovoid,perennial,poricidally,puberulent,pubescent,purple,rotate,seed,sessile,short,slit,spot,stamen,stigma,straight,strigose,style,testal,thick,throughout,wall,white,wide,yellow	4-18,na,tissue,wet
224	wfo-0001028468	success	255	156	97	118	137	38	94	3	-5.5,-7,.1-0.3,.3-0.4,.6-1,0.2-0.3,0.6-1.2,0.7-2.5,0.8-3.5,1.2-1.5,1.6,16,2-9,2.2-3,2.8-4.1,4-6,5-21,5-9,6-9,acute,along,anther,apex,attenuate,base,berry,blue,broad-based,brown,bud,calyx,campanulate,central,chartaceous,clavate,cm,compressed,corolla,dark,densely,diameter,distal,ellipsoid,exserted,extra-axillary,filament,flattened,flower,foveate,fruit,fruiting,glabrescent,glabrous,gray,green,greenish,interpetalar,lateral,laterally,length,light,lobe,lobed,long,margin,midpoint,midvein,mm,moderately,narrowly,oblique,oblong-conical,oblong-lanceolate,occasionally,orange,ovate,ovoid,pale,pedicel,peduncle,per,petiole,prickle,purple,ray,recurved,reticulate,rhombic,shallowly,short,shrub,side,simple,slightly,sparsely,stellate-pubescent,stelliform,stem,stigma,straight,style,subcapitate,subcuneate,subelliptic,subglobose,sublenticular,subreniform,subshrub,surface,terete,thicknes,tissue,tube,unarmed,unbranched,vein,x,yellowish	-1.3,-10,-3,-4,.1-0.2,.1-0.4,.2,.2-0.4,.3,.5,.5-1.5,.5-1.6,/10-1/5,/4-1/3,0.05,0.1,0.2-0.6,0.2-1.5,0.4-1,0.4-4,0.5-2,0.5-3,0.5-3.3,0.5-3.5,0.5-8,0.6-2,1,1.3-2,1.5-2.2,1.5-3.1,1/3-1/2,1/5-1/2,2,2.5-4,2/3-3/4,20,3-4,4-9,6-10,abaxially,accrescent,acuminate,adaxially,apart,appressed,ark,armed,articulated,axe,becoming,beyond,blade,broadly,bu,c.,cauline,commonly,compresse,connivent,d.,decreasing,density,directed,distally,distantly,dry,eaf,eed,equal,geminat,gradually,hair,half,increasing,inserted,introrsel,lamin,longer,lower,m.,main,minutely,mixed,mostly,multangulat,multangulate,nflorescence,obtuse,older,orangish,orolla,overlapping,pair,papillo,perfect,pore,porrect-stellate,proximal,pubescence,pubescent,rachi,reduced,relatively,rotate-stellate,ruit,sessile,short-,short-stalked,similar,similarly,somewhat,spaced,specimen,stalk,stamen,subacuminate,subchartaceous,subsessile,tal,tamen,testa,thick,thick-stalked,time,touching,toward,triangular,unifoliate,unit,upper,usually,vary,way,wide,yellow,ympodial,young	0-1.3,0.5-1.5,appearance,arrangement,bark,border,branch,characteristic,colour,corrugation,exertion,form,giving,glabrousnes,growth,height,history,inflorescence,interjected,leaf,leaflet,life,lobing,na,new,number,ovary,plant,primary,pseudostipule,seed,shape,size,terminal,texture,type,variation,width	-5.5,-7,.1-0.3,.3-0.4,.6-1,0.2-0.3,0.6-1.2,0.7-2.5,0.8-3.5,1.2-1.5,1.6,16,2-9,2.2-3,2.8-4.1,4-6,5-21,5-9,6-9,acute,along,attenuate,berry,blue,broad-based,brown,calyx,campanulate,central,chartaceous,clavate,cm,compressed,dark,densely,diameter,ellipsoid,exserted,extra-axillary,flattened,flower,foveate,fruit,glabrescent,glabrous,gray,green,greenish,interpetalar,lateral,laterally,light,lobed,long,midvein,mm,moderately,narrowly,oblique,oblong-conical,oblong-lanceolate,occasionally,orange,ovate,ovoid,pale,purple,recurved,reticulate,rhombic,shallowly,short,shrub,side,simple,slightly,sparsely,stellate-pubescent,stelliform,straight,subcapitate,subcuneate,subelliptic,subglobose,sublenticular,subreniform,subshrub,terete,tissue,unarmed,unbranched,vein,x,yellowish	0-1.3,0.5-1.5,na
225	wfo-0001028470	success	185	146	87	104	81	42	85	2	0-18,0.25-0.75,0.9-2.2,0.9-2.3,1-12.3,1-2,1-3,1.5-2.8,1.6-3.2,11.8-21,12-44,2-10,2-7,2-8,2.1-3.9,3-10,3.2-5.5,3.5-7,4-7,5.5-11.6,6-33,abaxially,adaxially,anther,apex,attenuate,axillary,base,berry,brownish,bud,cell,chartaceous,clavate,cm,condition,connivent,corolla,covering,dark,deep,diameter,distal,dot,drying,elliptic,filament,flower,forked,fresh,fruit,generally,glabrescent,glabrous,green,green-white,greenish,hair,hair-like,half,herb,interjected,lanceolate,lateral,leaf,leaflet,light,lobe,long,medium,mm,mottled,odd-pinnate,ovate,ovoid,pedicel,peduncle,petiole,petiolulate,plant,purple,ripe,rounded,seed,short,size,sometimes,stigma,style,subtending,terminal,testal,thick,throughout,tube,typically,unwinged,usually,wall,white,whitish,wide,wing,x	2-5,3-5,3.5-16,4-6,5-merou,acumen,acute,adaxiall,ag,alyx,apart,apparently,articulated,asymmetric,axe,basiscopic,blade,capitat,decreasing,digestion,dorsally,eaf,edge,eed,end,enzyme,erec,exceeding,flat,folded,geminat,glabrou,hal,high,homostylous,honeycomb-shaped,lengthening,living,lower,make,mucilaginous,nflorescence,one,orbicular,orolla,pair,pentagonal,perfect,placed,plurifoliate,pore,poricidal,pubescent,removed,ruit,scarce,sessile,seudostipule,side,slit,spaced,specimen,stamen,stolo,straight,subequal,subglabrou,substellate,tall,tamen,tem,tip,tissue,toward,tri-,tuber,unit,vary,wet,yellow,ympodial	appearance,arrangement,bark,border,branch,calyx,capitate,characteristic,colour,corrugation,exertion,form,fruiting,giving,glabrousnes,growth,height,history,inflorescence,length,life,lobing,margin,midpoint,na,new,number,ovary,per,prickle,primary,pseudostipule,ray,shape,stem,surface,texture,thicknes,type,variation,vein,width	0-18,0.25-0.75,0.9-2.2,0.9-2.3,1-12.3,1-2,1-3,1.5-2.8,1.6-3.2,11.8-21,12-44,2-10,2-7,2-8,2.1-3.9,3-10,3.2-5.5,3.5-7,4-7,5.5-11.6,6-33,abaxially,adaxially,attenuate,axillary,berry,brownish,bud,cell,chartaceous,clavate,cm,condition,connivent,covering,dark,deep,distal,dot,drying,elliptic,flower,forked,fresh,generally,glabrescent,glabrous,green,green-white,greenish,hair,hair-like,half,herb,lanceolate,lateral,light,long,medium,mm,mottled,odd-pinnate,ovate,ovoid,petiolulate,plant,purple,ripe,rounded,short,sometimes,subtending,terminal,testal,thick,throughout,typically,unwinged,usually,wall,white,whitish,wide,wing,x	capitate,na
226	wfo-0001028476	success	242	193	145	160	82	33	142	3	-6,-8,.05-0.1,0.1-0.15,0.15-0.2,0.2-0.5,0.25-0.5,0.3-0.4,0.4-0.6,0.5,0.5-0.6,0.8-1.2,0.8-1.6,1,1-1.4,1-2,1-2-celled,1-4,1-6,1.1-1.5,1.1-1.6,1.8-2.5,2-6,2-foliate,2-locular,2.4-3,3-foliate,3.5-13-16,4-celled,5-15,8-30,abaxially,abundant,acuminate,acute,age,almost,along,anther,anthesi,apex,appearance,articulated,basal,base,basiscopically,bifurcate,bracteate,branched,bright,brown,calyx,capitate,cell,cm,conical,corolla,curved,dark,deeply,diameter,distal,ebracteate,elliptic,entire,especially,exserted,filament,flower,fortaleza,fruit,fruiting,give,glabrescent,glandular,globose,green,hair-like,half,head,herb,hyaline,imparipinnate,inflorescence,interjected,internode,interrupted,irregularly,lanceolate,lateral,leaf,leaflet,less,like,lobe,lobed,long,margin,maturity,minute,minutely,mixed,mm,narrowly,node,numerous,oblique,obovate,occasionally,often,outgrowth,ovary,pale,pedicel,peduncle,perennial,petiole,population,present,primary,prominent,pseudostipule,puberulent,pubescence,pubescent,purple,rarely,regularly,rounded,río,scattered,silky,simple,sinus,sparsely,spreading,stellate,stem,stiff,stigma,straight,stripe,style,surface,terminal,testa,thick,tip,trichome,truncate,tube,unicellular,uniseriate,unit,usually,vein,wall,wide,woody,yellow	.5,0-0.5,0-3-12-20,0.1-0.4,0.15-0.4,0.2-0.3,0.2-0.5-1,0.2-0.6,0.25-0.4,0.3-0.5,0.3-0.7,0.3-1.2,0.4-0.5,0.4-1.5,0.5-1.7,0.7-2.5,1-1.2,1-1.5,1-celled,1.2-2.5,2,3-7,6-12-30,7-10,absent,acroscopically,also,alternate,ape,apical,appendage,axi,becoming,bifurcation,bract,column,decurrent,diamete,eaf,edicel,eed,elongate,first,gradually,gree,hal,incurved,largest,lon,lower,main,midvein,nflorescence,pair,petiolule,rachi,recurve,reflexed,rest,ruit,secondary,sessile,set,short,slightly,smaller,sprawling,staminal,sterile,subopposite,tall,tem,tertiary,toward,ud,uniformly,unpaired,weak-walled,white,wid,winged,ympodial	arrangement,border,branch,bud,characteristic,colour,corrugation,drying,exertion,form,giving,glabrousnes,growth,height,history,length,life,lobing,na,new,number,per,plant,recurved,seed,shape,size,sympodial,texture,thicknes,type,variation,width	-6,-8,.05-0.1,0.1-0.15,0.15-0.2,0.2-0.5,0.25-0.5,0.3-0.4,0.4-0.6,0.5,0.5-0.6,0.8-1.2,0.8-1.6,1,1-1.4,1-2,1-2-celled,1-4,1-6,1.1-1.5,1.1-1.6,1.8-2.5,2-6,2-foliate,2-locular,2.4-3,3-foliate,3.5-13-16,4-celled,5-15,8-30,abaxially,abundant,acuminate,acute,age,almost,along,anthesi,apex,appearance,articulated,basal,base,basiscopically,bifurcate,bracteate,branched,bright,brown,calyx,capitate,cell,cm,conical,curved,dark,deeply,diameter,distal,ebracteate,elliptic,entire,especially,exserted,flower,fortaleza,fruit,give,glabrescent,glandular,globose,green,hair-like,half,head,herb,hyaline,imparipinnate,internode,interrupted,irregularly,lanceolate,lateral,leaflet,less,like,lobe,lobed,long,maturity,minute,minutely,mixed,mm,narrowly,node,numerous,oblique,obovate,occasionally,often,outgrowth,pale,perennial,population,present,prominent,puberulent,pubescence,pubescent,purple,rarely,regularly,rounded,río,scattered,silky,simple,sinus,sparsely,spreading,stellate,stem,stiff,straight,stripe,surface,testa,thick,tip,trichome,truncate,unicellular,uniseriate,unit,usually,vein,wall,wide,woody,yellow	na,recurved,sympodial
227	wfo-0001028481	success	194	139	82	98	96	41	79	3	.5,0.5-1,0.6-1,0°,1-2,1.5,1.8-2.5,1/2-2/3,2.5-3,3,3-4,3-6,5.5-7.5,8,acuminate,almost,along,anther,anthesi,apex,apically,attenuate,bark,base,branch,branched,brown,canaliculate,chartaceous,clavate,cm,colour,conical,corolla,cuneate,cupular,dendritic,dendritic-pubescent,diameter,dilated,distributed,dry,drying,elliptic,entire,equal,evenly,faint,filament,flexuous,flower,glabrous,green,leaf,length,liana,like,lobe,long,main,margin,midvein,mm,oblique,oblong,occasional,orange-brown,pair,pedicel,peduncle,petiole,primary,pubescent,ray,reddish,ribbed,ridged,shortly,shrub,size,slender,sparsely,spreading,stem,stigma,style,surface,terminal,thickly,trichome,tube,unarmed,unknown,vein,white,x,yellowish,young	.1,.3,0-2,0.1-0.2,0.15,1-1.4,1-3,1-4,1.5-2,2-3,3-3.5,3-4.5,abaxially,absent,acute,adaxially,age,alyx,apar,apparently,articulated,clearly,close,deeply,delineated,deltoid,density,different,discolorous,divided,domatia,dorsifixed,eaf,eed,ellipsoi,erect,except,extending,extent,eye,flaking,flat,free,increasing,know,known,lamina,lengthening,less,linear,lobed,lon,long-acuminate,longer,longitudinally,lower,m.,mostly,naked,narrowly,nflorescence,nther,often,orolla,ovate,perfec,plurifoliat,pore,poricidal,portion,protruding,rachi,raised,ruit,scar,see,side,simple,sinus,small,smoot,smoothly,stump,tearing,tertiary,tip,together,toward,ud,uneven,unit,vary,venation,visible,wide,ympodial	appearance,arrangement,border,bud,calyx,characteristic,corrugation,distal,ellipsoid,exertion,form,fruit,fruiting,giving,glabrousnes,growth,height,history,inflorescence,interjected,lateral,leaflet,life,lobing,midpoint,na,new,number,ovary,per,plant,prickle,pseudostipule,seed,shape,smooth,texture,thicknes,type,variation,width	.5,0.5-1,0.6-1,0°,1-2,1.5,1.8-2.5,1/2-2/3,2.5-3,3,3-4,3-6,5.5-7.5,8,acuminate,almost,along,anthesi,apex,apically,attenuate,base,branch,branched,brown,canaliculate,chartaceous,clavate,cm,conical,corolla,cuneate,cupular,dendritic,dendritic-pubescent,dilated,distributed,dry,drying,elliptic,entire,equal,evenly,faint,flexuous,flower,glabrous,green,length,liana,like,long,main,midvein,mm,oblique,oblong,occasional,orange-brown,pair,pubescent,reddish,ribbed,ridged,shortly,shrub,slender,sparsely,spreading,stem,terminal,thickly,trichome,unarmed,unknown,white,x,yellowish,young	ellipsoid,na,smooth
228	wfo-0001028482	success	224	205	149	167	57	38	147	2	.1,.5,/3,0,0.2,0.5,0.5-1,0.5-5,00,1-1.5,1-11,1-2,1-4,1.2-1.6,1.5-2,1.5-3,10,2-3,2-celled,3-12,3-4,4-5,5-25,6-50,7-14,abaxially,acuminate,acute,adaxially,age,alternate,angled,anther,anthesi,apex,ascending,asymmetric,bark,base,becoming,berry,bifid,bifurcate,bilobed,branched,bright,broadly,brochiodromous,brownish,bud,calyx,campanulate,capitate,channeled,chartaceous,cm,corky,corolla,corrugated,creamy,cymose,deciduous,deltate,diameter,diffusely,dry,drying,ellipsoid,elliptic,emarginate,entire,exerted,expanding,filament,flattened-reniform,fleshy,flower,fresh,fruit,fruiting,glabrous,glandular,globose,golden,green,growth,halfway,hard,impressed,internodal,investing,irregular,keeled,leaf-opposed,lengthening,less,lobe,long,margin,material,maturity,midrib,minutely,mm,new,nodding,obovate,occasionally,olive,ovary,pair,pale,pedicel,peduncle,per,petiole,pitted,pore,poricidal,primary,pubescent,reddish,revolute,scandent,shaped,shiny,short,simple,size,slightly,slit,small,sometimes,somewhat,soon,sparsely,stem,stigma,style,subcoriaceous,subglobose,subpyramidal,surface,tan,tear-drop,tightly,tip,transparent,transversely,tree,trichome,truncate,tube,tuberculate,tuft,twice,uniseriate,usually,vein,venation,way,white,x,yellow,yellowish,young,µm	0.7-1.1,1.1-5,apiculae,basal,berr,circinate,closely,constriction,coriaceous,cucullate,curved,deflexed,densely,difoliate,discolorous,distally,distinct,eaf,eed,embryo,enlarged,exfoliating,free,geminat,glabrou,grayish,heterostylous,incrassate,individual,lobed,lower,markedly,materia,midvein,minute,nflorescence,overlappin,papillat,pentamerous,pericarp,petal,portion,row,ruit,scar,spaced,stout,straight,tiny,tub,two,ud,unifoliate,unit,vegetative,woody,ympodial	appearance,arrangement,border,branch,characteristic,colour,corrugation,distal,exertion,form,giving,glabrousnes,height,history,inflorescence,interjected,lateral,leaf,leaflet,length,life,lobing,midpoint,na,number,papillate,plant,prickle,pseudostipule,ray,seed,shape,terminal,texture,thicknes,type,variation,width	.1,.5,/3,0,0.2,0.5,0.5-1,0.5-5,00,1-1.5,1-11,1-2,1-4,1.2-1.6,1.5-2,1.5-3,10,2-3,2-celled,3-12,3-4,4-5,5-25,6-50,7-14,abaxially,acuminate,acute,adaxially,age,alternate,angled,anthesi,apex,ascending,asymmetric,base,becoming,berry,bifid,bifurcate,bilobed,branched,bright,broadly,brochiodromous,brownish,calyx,campanulate,capitate,channeled,chartaceous,cm,corky,corrugated,creamy,cymose,deciduous,deltate,diffusely,dry,drying,ellipsoid,elliptic,emarginate,entire,exerted,expanding,flattened-reniform,fleshy,flower,fresh,glabrous,glandular,globose,golden,green,halfway,hard,impressed,internodal,investing,irregular,keeled,leaf-opposed,lengthening,less,lobe,long,material,maturity,midrib,minutely,mm,nodding,obovate,occasionally,olive,pair,pale,pitted,pore,poricidal,pubescent,reddish,revolute,scandent,shaped,shiny,short,simple,size,slightly,slit,small,sometimes,somewhat,soon,sparsely,style,subcoriaceous,subglobose,subpyramidal,surface,tan,tear-drop,tightly,tip,transparent,transversely,tree,trichome,truncate,tube,tuberculate,tuft,twice,uniseriate,usually,venation,way,white,x,yellow,yellowish,young,µm	na,papillate
229	wfo-0001028487	success	195	166	108	124	71	42	106	2	0-9,0.3-0.7,0.4-1.5,0.9-3,1-2,1-3,1-3.2,1.1-1.5,1.4-1.7,1.7-7,10-4.3,10-41,15-28,2-4.8,2.5-3.5,3-10,3.4-7.8,4.6-13.6,5-6,7.8-16.4,abaxially,acumen,acuminate,acute,adaxially,anther,apex,apparently,asymmetric,attenuate,axe,axillary,base,basiscopic,berry,brownish,bud,cell,central,clavate,cm,condition,connivent,coriaceous,corolla,covering,dark,deep,diameter,distal,drying,elliptic,filament,flower,forked,fresh,fruit,generally,glabrescent,glabrous,green,green-white,greenish,hair,hair-like,half,herb,interjected,lanceolate,lateral,leaf,leaflet,light,lobe,long,make,medium,mm,mucilaginous,narrow,odd-pinnate,orbicular,ovate,ovoid,pedicel,peduncle,perfect,petiole,petiolulate,plant,poricidal,purple,ripe,rounded,scabrous,scarce,seed,sessile,short,side,size,sometimes,star,stigma,style,subtending,terminal,testal,thick,throughout,tip,tissue,tube,typically,unwinged,usually,wall,wet,white,whitish,wide,wing,x,yellow	2-4,2-6,3-19,3-4,3-5,4-7,5-merou,adaxiall,ag,along,alyx,apart,arranged,articulated,bead,blade,capitat,considerably,decreasing,digestion,dorsally,eaf,edge,eed,enzyme,erec,exceeding,flat,folded,geminat,glabrou,hal,high,homostylous,honeycomb-shaped,lengthening,like,living,lower,moniliform,multiple,necklace,nflorescence,orolla,pair,pentagonal,plurifoliate,pore,removed,ruit,second,seudostipule,slit,smaller,spaced,specimen,stamen,stolon,straight,subequal,subglabrou,substellate,tall,tamen,tem,toward,tri-,tuber,unit,vary,ympodial	appearance,arrangement,bark,border,branch,calyx,capitate,characteristic,colour,corrugation,exertion,form,fruiting,giving,glabrousnes,growth,height,history,inflorescence,length,life,lobing,margin,midpoint,na,new,number,ovary,per,prickle,primary,pseudostipule,ray,shape,stem,surface,texture,thicknes,type,variation,vein,width	0-9,0.3-0.7,0.4-1.5,0.9-3,1-2,1-3,1-3.2,1.1-1.5,1.4-1.7,1.7-7,10-4.3,10-41,15-28,2-4.8,2.5-3.5,3-10,3.4-7.8,4.6-13.6,5-6,7.8-16.4,abaxially,acumen,acuminate,acute,adaxially,apparently,asymmetric,attenuate,axe,axillary,basiscopic,berry,brownish,bud,cell,central,clavate,cm,condition,connivent,coriaceous,covering,dark,deep,distal,drying,elliptic,flower,forked,fresh,generally,glabrescent,glabrous,green,green-white,greenish,hair,hair-like,half,herb,lanceolate,lateral,light,long,make,medium,mm,mucilaginous,narrow,odd-pinnate,orbicular,ovate,ovoid,perfect,petiolulate,plant,poricidal,purple,ripe,rounded,scabrous,scarce,seed,sessile,short,side,sometimes,star,subtending,terminal,testal,thick,throughout,tip,tissue,typically,unwinged,usually,wall,wet,white,whitish,wide,wing,x,yellow	capitate,na
230	wfo-0001028489	success	222	149	111	122	100	27	108	3	-10,-4,-5,-6,/4,0-20,0-3,0.3-0.5,0.3-1,0.3-1.2-2.5,0.5-1,0.5-1.1,0.5-1.5,0.6-1.2,0.7-3,1-3,1-7,1.5-4,1.8-2.2,1.8-4,1.8-5.5,1/3,1/3-1/2,2-3,2-4,2.1-3,3-7,4-13,7.5,acicular,acute,anther,apart,apex,apparently,articulated,bark,base,berry,calyx,cell,chartaceous,cm,connivent,cordate,cream,cuneate,dark,diameter,dull,elliptic,elongating,erect,filament,flattened-reniform,fruit,glabrous,gray,green,lateral,leaf,length,lobe,lobed,long,margin,marking,mature,maturity,mauve,membranous,mm,moderately,obtuse,occasionally,orange,orange-brown,orange-green,outline,ovate,pair,pale,pedicel,peduncle,per,perpendicular,petiole,poricidal,prickle,prickly,primary,purple,raised,red-brown,rounded,shiny,shrub,side,simple,smooth,sometimes,spaced,sparsely,spherical,stellate-pubescent,stem,straight,style,surface,tapering,tip,truncate,unarmed,upper,vein,way,white,wide,yellow,yellow-green,yellow-orange,young	0-10,0-15,0-50,0.1,0.1-0.6,0.2,0.2-0.3-0.5,0.2-0.4-0.6,0.2-0.5,0.2-0.6,0.2-0.7,0.3-0.7,0.4-0.8,0.5-0.8,1-4,1-6,1.5-3,1/4-1/2,2-6,3.5-6,4-10,4-8,5-25,5-8,5-merous,abaxially,alyx,apar,apically,ba,beyond,blade,branched,broad-deltate,caudat,concolorous,curved,deltate,densely,difoliate,distance,drying,eaf,eed,equal,extending,eye,flower,free,fruiting,geminat,hair,herbaceous,infructescence,less,lon,longer,lower,midpoint,midvein,minute,naked,nflorescence,often,older,one,open,orolla,oung,pendulous,perfec,pericarp,porrect,portion,protruding,ray,ruit,scar,sessile,slender,spreading,stalk,stellate,subsessile,tamen,terete,tertiary,time,toward,trichome,tube,unarme,unit,vary,venation,visible,weakly,white-gra,woody,ympodial	15-25,arrangement,branch,characteristic,colour,corolla,exertion,form,glabrousnes,growth,height,history,inflorescence,life,lobing,new,number,ovary,perennial,plant,seed,shape,size,texture,type,white-gray,width	-10,-4,-5,-6,/4,0-20,0-3,0.3-0.5,0.3-1,0.3-1.2-2.5,0.5-1,0.5-1.1,0.5-1.5,0.6-1.2,0.7-3,1-3,1-7,1.5-4,1.8-2.2,1.8-4,1.8-5.5,1/3,1/3-1/2,2-3,2-4,2.1-3,3-7,4-13,7.5,acicular,acute,apart,apparently,articulated,base,berry,cell,chartaceous,cm,connivent,cordate,cream,cuneate,dark,diameter,dull,elliptic,elongating,erect,flattened-reniform,fruit,glabrous,gray,green,lateral,length,lobe,lobed,long,marking,mature,maturity,mauve,membranous,mm,moderately,obtuse,occasionally,orange,orange-brown,orange-green,outline,ovate,pair,pale,per,perpendicular,poricidal,prickle,prickly,purple,raised,red-brown,rounded,shiny,shrub,side,simple,smooth,sometimes,spaced,sparsely,spherical,stellate-pubescent,stem,straight,tapering,tip,truncate,unarmed,upper,way,white,wide,yellow,yellow-green,yellow-orange,young	15-25,perennial,white-gray
231	wfo-0001028492	success	130	119	57	63	67	56	53	4	0.5-1,1-2.5,1-4,1.5-2.5,1.5-6,15-20,2-2.5,2-4,2.5-9,3,4,5-15,5-25-flower,5-8,6-11,6-12,acute,angled,apex,base,calyx,cell,cm,colored,containing,crystal,dark,deltate,diameter,elliptic-ovate,entire,forked,fruit,glabrous,globose,herb,lobe,margin,mm,narrowly,pedicel,peduncle,petiole,pubescent,punctate,purple,rarely,reticulate,ripe,rounded,shrub,simple,stigma,style,subcordate,triangular,tube,unbranched,white,white-punctate,whitish,wide,x	-5-foliat,0.2-2,1-5,1.5-3,1.75-3.5,2-3,2-5,3-6,8-15,abaxially,absen,adaxially,aggregate,apart,apiculate,articulated,axe,axi,blade,chartaceous,ciliolate,color,connivent,cylindrical,directed,distall,eaf,eed,except,glabrou,hair,irregularly,leaving,long,lower,nflorescence,nther,obtuse,orolla,pore,rachi,radiu,ruit,san,sand-punctate,scar,somewhat,spaced,sparse,splitting,stellate,stone,subcoriaceous,succulent,tal,tem,time,tip,triangular-ovate,truncat,unevenly,unit,unknown,vary,veiny,x1-3,ympodial	1-3,anther,appearance,arrangement,bark,border,branch,bud,characteristic,colour,corolla,corrugation,distal,drying,exertion,filament,form,fruiting,giving,glabrousnes,growth,height,history,inflorescence,interjected,lateral,leaf,leaflet,length,life,lobing,midpoint,na,new,number,ovary,per,plant,prickle,primary,pseudostipule,ray,sand,seed,shape,size,stem,surface,terminal,texture,thicknes,truncate,type,variation,vein,width	0.5-1,1-2.5,1-4,1.5-2.5,1.5-6,15-20,2-2.5,2-4,2.5-9,3,4,5-15,5-25-flower,5-8,6-11,6-12,acute,angled,base,cell,cm,colored,containing,crystal,dark,deltate,diameter,elliptic-ovate,entire,forked,fruit,glabrous,globose,herb,mm,narrowly,pubescent,punctate,purple,rarely,reticulate,ripe,rounded,shrub,simple,subcordate,triangular,unbranched,white,white-punctate,whitish,wide,x	1-3,na,sand,truncate
232	wfo-0001028501	success	195	125	60	82	113	43	57	3	0-3.2,0-4,0.3-0.7,0.3-3.3,0.6-5.8,0.8-1.6,0.8-1.7,1-2,1-8,1.8-10.7,13-41,2-4,2.8-4.9,3-10,3.1-10.4,3.1-12,4-8,4.8-18,6.6-21.1,abaxially,acuminate,acute,adaxially,anther,apex,axillary,base,berry,bud,clavate,cm,coriaceous,corolla,dark,decurrent,diameter,distal,drying,elliptic,filament,fruit,glabrescent,glabrous,green,green-white,greenish,herb,interjected,lanceolate,lateral,leaf,leaflet,light,lobe,long,medium,mm,mucilaginous,narrowly,odd-pinnate,ovate,ovoid,pedicel,peduncle,petiole,plant,pyriform,rotate,seed,sessile,simple,size,stigma,style,terminal,throughout,tube,typically,white,whitish,wide,x	0-3,1,1-3,2-5,2.8-18,3-5,3-7,5-merou,8-10,8-34,acumen,adaxiall,ag,along,alyx,apart,apparently,arranged,articulated,attenuate,axe,bead,blade,broadly,brownish,capitat,cell,condition,connivent,considerably,covering,decreasing,digestion,dorsally,eaf,edge,eed,enzyme,erec,exceeding,flat,flower,folded,forked,fresh,geminat,generally,glabrou,hair,hair-like,hal,half,high,homostylous,honeycomb-shaped,larger,lengthening,like,linear,living,lower,make,moniliform,mottled,multiple,narrow,necklace,nflorescence,onto,orbicular,orolla,pair,perfect,plurifoliate,pore,poricidal,present,purple,rachi,removed,ripe,ruit,scarce,seudostipule,short,slit,sometimes,spaced,specimen,spot,stamen,stolon,straight,subglabrou,subtending,tall,tamen,tem,testal,thick,tip,toward,tri-,tuber,unit,unwinged,usually,vary,wall,wet,wing,yellow,ympodial	appearance,arrangement,bark,border,branch,calyx,capitate,characteristic,colour,corrugation,erect,exertion,form,fruiting,giving,glabrousnes,growth,height,history,inflorescence,length,life,lobing,margin,midpoint,na,new,number,ovary,per,prickle,primary,pseudostipule,ray,shape,stem,surface,texture,thicknes,type,variation,vein,width	0-3.2,0-4,0.3-0.7,0.3-3.3,0.6-5.8,0.8-1.6,0.8-1.7,1-2,1-8,1.8-10.7,13-41,2-4,2.8-4.9,3-10,3.1-10.4,3.1-12,4-8,4.8-18,6.6-21.1,abaxially,acuminate,acute,adaxially,axillary,berry,clavate,cm,coriaceous,dark,decurrent,elliptic,glabrescent,glabrous,green,green-white,greenish,herb,lanceolate,light,long,medium,mm,mucilaginous,narrowly,odd-pinnate,ovate,ovoid,pyriform,rotate,sessile,simple,throughout,typically,white,whitish,wide,x	capitate,erect,na
233	wfo-0001028502	success	158	139	82	95	63	44	78	4	/2,0.5-1,1-2,1.5-2,1.5-2.5,1.5-6,1.6-2.4,2-4,2-5,2-7,2-8,3.5-15,3.5-4,5-15,6-8,abaxially,acute,adaxially,anther,apex,bark,base,beige,branch,branched,brown,calyx,campanulate,clavate,closely,cm,congested,constricted,corolla,dark,dendritic,densely,dia,elliptic,exserted,fawn,filament,flattened-reniform,flower,fruiting,glabrous,globose,included,inflorescence,later,lateral,leaf,light,like,lobe,lobed,long,main,margin,matted,minutely,mm,obovate,often,ovary,packed,pair,pedicel,petiole,pitted,pubescent,reddish-brown,rest,seed,shining,shrub,small,stem,stigma,structure,style,surface,terminal,thick,time,tree,tree-like,trichome,tube,unclear,vein,warty,way,white,wide	.5,1.5-3,2-2.5,5-6,?,abaxial,age,along,anthesi,apar,ba,blade,body,cazalet,christmas-tree-like,cone,deltate,denser,eaf,edicel,eed,erect,fide,flat,fleshy,free,glabrat,heteromorphic,impressed,incrassate,inflorescenc,lengthening,lon,long-styled,lower,middle,narrower,nflorescence,older,papillo,papillose,planar,plurifoliat,pore,poricidal,portion,prominent,ruit,scar,scattered,short-styled,slit,spaced,tall,tip,tub,ud,unevenly,widest,within,woody,ympodia,young	0.5,4-6,appearance,arrangement,border,bud,characteristic,colour,corrugation,diameter,distal,drying,exertion,form,fruit,giving,glabrousnes,growth,height,history,interjected,leaflet,length,life,lobing,midpoint,na,new,number,peduncle,per,plant,plurifoliate,prickle,primary,pseudostipule,ray,shape,size,texture,thicknes,type,variation,width	/2,0.5-1,1-2,1.5-2,1.5-2.5,1.5-6,1.6-2.4,2-4,2-5,2-7,2-8,3.5-15,3.5-4,5-15,6-8,abaxially,acute,adaxially,base,beige,branch,branched,brown,calyx,campanulate,clavate,closely,cm,congested,constricted,dark,dendritic,densely,dia,elliptic,exserted,fawn,flattened-reniform,flower,glabrous,globose,included,inflorescence,later,lateral,light,like,lobed,long,main,matted,minutely,mm,obovate,often,packed,pair,pitted,pubescent,reddish-brown,rest,shining,shrub,small,structure,terminal,thick,time,tree,tree-like,trichome,tube,unclear,vein,warty,way,white,wide	0.5,4-6,na,plurifoliate
234	wfo-0001028505	success	168	130	70	92	76	38	68	2	.1,.3,.5,/3,0.25-0.5,0.8-1,0.8-1.5,1,1-3,10-14-flowered,10-15,2,3.5-5,acuminate,acute,anther,apex,aspect,bark,basal,base,beneath,berry,branch,broadly,bud,calyx,characteristic,cm,conical,corolla,decurrent,delicate,dia,dry,drying,erect,exserted,f,filament,flattened,fruiting,gently,glabrous,globose,green,grey,lateral,leaf,lobe,long,margin,minutely,mm,narrowly,ovary,ovate,ovoid-reniform,pale,pedicel,petiole,pitted,plant,prominent,pubescent,rounded,seed,shape,shaped,short,shrub,simple,size,soon,specimen,stem,stigma,style,surface,tan,tapering,tear-drop,trichome,truncate,tube,unicellular,uniseriate,vein,way,white,x,yellowish	.01,1.2-2.5,1/3,2.5-4.5,3-5,7-8,anthesi,ba,barely,black,blade,body,bright,darker,deciduous,deflexed,deltoid,differentiated,differing,difoliate,distance,distinct,dried,eaf,edicel,eed,elliptic,expanded,exsertion,free,geminat,greatly,incrassate,live,lobed,lon,lower,m.,main,major,materia,material,member,minor,minute,nflorescence,obovoid,obvious,older,opposite,overlapping,pair,papillose,pore,poricidal,portion,proximal,purple,reflexed,ruit,scar,slightly,somewhat,straight,strongly,tall,tip,touching,ud,unit,usually,whit,widest,woody,ympodial,young	alternate,appearance,arrangement,border,colour,corrugation,diameter,distal,exertion,form,fruit,giving,glabrousnes,growth,height,history,inflorescence,interjected,leaflet,length,life,lobing,midpoint,na,new,number,peduncle,per,prickle,primary,pseudostipule,ray,terminal,texture,thicknes,type,variation,width	.1,.3,.5,/3,0.25-0.5,0.8-1,0.8-1.5,1,1-3,10-14-flowered,10-15,2,3.5-5,acuminate,acute,apex,aspect,basal,base,beneath,berry,broadly,calyx,cm,conical,decurrent,delicate,dia,dry,drying,erect,exserted,f,flattened,gently,glabrous,globose,green,grey,long,minutely,mm,narrowly,ovate,ovoid-reniform,pale,petiole,pitted,prominent,pubescent,rounded,shaped,short,shrub,simple,soon,specimen,tan,tapering,tear-drop,trichome,truncate,unicellular,uniseriate,way,white,x,yellowish	alternate,na
235	wfo-0001028524	success	236	160	102	117	119	43	96	6	0.3,0.6-1.4,1-5,1.1-1.2,1.2-1.3,1.5-1.6,10-20,11,2-6,2.5-3.8,2.8-3.5,3-10,3-15,3-4.3,3.4-3.6,4-6,4-8,6-9,7-11,8-13,acuminate,acute,anther,anthesi,apex,bark,base,becoming,berry,blunt-tipped,branch,branched,brown,bud,calyx,chartaceous,cm,conical,continued,corolla,cream,dark,deltoid,densely,diameter,distal,dm,due,entire,exserted,ferrugineous,filament,flower,fruit,fruiting,glabrescent,glabrous,granular-tomentose,gray,green,greenish,growth,honeycombed,lanceolate,late,lateral,leaf,length,lobe,margin,midvein,mm,nearly,oblong,obtuse,orbicular,ovate,ovate-lanceolate,pale,pedicel,peduncle,persistent,petiole,probably,pubescent,rather,ray,reniform,reticulate-punctate,ripe,rounded,scabridulous,side,simple,slightly,somewhat,stelliform,stem,stigma,strongly,style,subcoriaceous,subglobose,suborbicular,sulcate,terete,thin,time,translucent,tree,tube,unarmed,vein,velutinous,x,yellow,yellowish	-2.7,-3,.5-1,/10-3/10,0-150,0.3-0.8,0.5-3.5,1.5-3,1.8-2.5,1/3-2/3,2-3.8,2.5-3.4,2.5-4,3.3-4,4.3-6,6-7,7-10,9-14,abaxially,accrescent,adaxially,ag,along,apart,apical-lateral,apparently,articulated,ascending,axe,axillary,ba,blade,capitat,closely,dehiscing,eaf,echinoi,echinoid,eed,elliptic,extend,few-,few-rayed,first,fleshy,free,glabrescen,hair,half,high,indument,inserted,interpetalar,introrse,lacking,lanceolat,large,later,lobed,long,longitudinal,lower,m.,main,many-rayed,matted,midvei,mixed,multangulate,nflorescence,obscured,often,older,orolla,overlapping,partly,perfect,plurifoliate,pore,porrect-stellate,present,prominent,pseudo-terminal,rachi,relatively,ruit,runk,sessile,short,short-stalked,slit,small,spaced,sparingly,sparsely,stalked,stamen,stellate,stout-stalked,suture,tamen,testa,thick,thick-stalked,thin-stalked,tissue,tomentose,tomentu,touching,unarme,unit,usually,vary,warty,way,wide,yellowish-green,ympodial,young	1-3,appearance,arrangement,border,capitate,characteristic,colour,corrugation,drying,exertion,form,giving,glabrousnes,height,history,inflorescence,interjected,leaflet,life,lobing,midpoint,na,new,number,ovary,per,perennial,plant,prickle,primary,pseud-terminal,pseudostipule,seed,shape,size,sparing,surface,terminal,texture,thicknes,type,variation,width	0.3,0.6-1.4,1-5,1.1-1.2,1.2-1.3,1.5-1.6,10-20,11,2-6,2.5-3.8,2.8-3.5,3-10,3-15,3-4.3,3.4-3.6,4-6,4-8,6-9,7-11,8-13,acuminate,acute,anthesi,apex,becoming,berry,blunt-tipped,branched,brown,chartaceous,cm,conical,continued,cream,dark,deltoid,densely,diameter,dm,due,entire,exserted,ferrugineous,flower,fruit,glabrescent,glabrous,granular-tomentose,gray,green,greenish,growth,honeycombed,lanceolate,late,lateral,midvein,mm,nearly,oblong,obtuse,orbicular,ovate,ovate-lanceolate,pale,persistent,probably,pubescent,rather,reniform,reticulate-punctate,ripe,rounded,scabridulous,side,simple,slightly,somewhat,stelliform,stem,stigma,strongly,subcoriaceous,subglobose,suborbicular,sulcate,terete,thin,time,translucent,tree,unarmed,velutinous,x,yellow,yellowish	1-3,capitate,na,perennial,pseud-terminal,sparing
236	wfo-0001028525	success	257	130	87	105	152	25	85	2	0.5-1.5,0.5-2.5,0°,1-2,1-2.5,1.1-1.7,1.2-1.6,1.5,1.5-3,10-13,2,2-2.5,2.5-5,3,4,4-7,7,acuminate,acute,almost,anther,apex,apically,attenuate,bark,base,berry,black,branch,branched,broadly,brown,calyx,capitate,chartaceous,clavate,cm,conical,cordate,corolla,dendritic,developed,diameter,dilated,drying,elongated,entire,filament,flattened,flexuous,form,forming,frequently,fruit,fruiting,glabrous,green-brown,grey,lateral,leaf,liana,light,lobed,loop,lumpy,margin,mature,mauve,membranous,midvein,mm,obconical,oblong,orange-brown,ovate,ovoid,pair,partly,pedicel,peduncle,petiole,primary,pubescent,pyriform,red-brown,rounded,shrub,simple,size,slender,spheroidal,spreading,stem,stigma,style,surface,terete,terminal,truncate,tube,unarmed,vein,weakly,whitish,x	.25,.4,0.2-0.3,0.2-0.6,0.5,1-1.5,1-4,1/3-3/4,10,1mm,2-3,3-5,3-7,4-15,4-5,6,7-13,7.5,accrescent,age,along,alternate,alyx,anthesi,apar,apart,apice,apparently,around,articulated,axil,becoming,brachyblast,branching,centre,clearly,clum,clustered,cup,curved,dark,deeply,delineated,deltoid,dendritic-pubescent,densely,density,detaching,developing,discolorous,divided,domatia-like,dorsal,dorsifixed,eaf,eed,ellipsoi,equal,erect,eye,fertilisation,fewer,fine,flat,flexible,flower,formed,free,frui,glabrescent,increasing,inside,known,lamina,laterally,leave,lengthening,less,like,linear,lobe,long,longer,longitudinally,loose,lower,m.,main,minute,much,multicellular-dendritic,naked,narrowly,nflorescence,nther,obscuring,often,one,orolla,outside,overlapping,pendulous,perfec,pericarp,plurifoliat,pore,poricidal,portion,prominent,protruding,puberulous,rachi,ray,ridged,ruit,scar,scattered,sessile,side,sinus,slightly,small,smaller,smoot,smooth,sometimes,somewhat,soon,sparsely,stripe,structure,stump,tangling,tearing,tertiary,thick,thin,tip,toward,trichome,ud,uneven,unit,vary,venation,visible,well-developed,white,wide,wider,ympodial,young	arrangement,bud,characteristic,colour,corrugation,ellipsoid,exertion,glabrousnes,growth,height,history,inflorescence,length,life,lobing,na,new,number,ovary,per,plant,seed,shape,texture,type	0.5-1.5,0.5-2.5,0°,1-2,1-2.5,1.1-1.7,1.2-1.6,1.5,1.5-3,10-13,2,2-2.5,2.5-5,3,4,4-7,7,acuminate,acute,almost,apex,apically,attenuate,base,berry,black,branch,branched,broadly,brown,capitate,chartaceous,clavate,cm,conical,cordate,dendritic,developed,diameter,dilated,drying,elongated,entire,flattened,flexuous,forming,frequently,fruit,glabrous,green-brown,grey,lateral,liana,light,lobed,loop,lumpy,mature,mauve,membranous,midvein,mm,obconical,oblong,orange-brown,ovate,ovoid,pair,partly,pubescent,pyriform,red-brown,rounded,shrub,simple,slender,spheroidal,spreading,terete,terminal,truncate,unarmed,weakly,whitish,x	ellipsoid,na
237	wfo-0001028528	success	155	138	100	107	48	31	95	5	.5,0.9-1.2,1-2,1.1-1.2,1.8-2,2-3,2-4,2.5-3,3.5-4,3.5-6,3/4,4-6,6-10,6-7,8-9,?,absent,acute,age,anther,anthesi,apex,apical,attenuate,bark,basal,base,becoming,berry,bi-lobed,blackish,branch,branching,calyx,cm,conical,coriaceous,corolla,decurrent,dendritic,densely,diameter,elliptic,erect,except,exserted,filament,flattened,flower,fork,fruiting,glabrous,globose,growth,immature,later,leaf,like,lobed,long,margin,minutely,mm,mucronate,narrowly,nodding,obovate,occasionally,outline,ovary,pair,pedicel,per,petiole,pitted,plurifoliate,pore,poricidal,pubescent,pyramidal,reddish-brown,revolute,round,secondary,shiny,short,shrub,slit-like,somewhat,sparsely,stem,stigma,strongly,style,surface,tapering,terminal,time,tip,trichome,tube,vein,violet,way,white,x,young	1.5,4-5,abaxial,acuminate,adaxial,adaxially,along,ba,denser,dichasia,eaf,edicel,eed,ew,free,glabrat,glandular,impressed,inserted,leave,lobe,lower,m.,midvein,minute,nflorescence,older,papillo,pericarp,petal,planar,portion,prominent,ruit,scar,sleeve,stamen,ste,tall,thin,triangular,tub,ud,unit,wide,winged,woody,ympodial	arrangement,bud,characteristic,colour,corrugation,dichasial,drying,exertion,form,fruit,glabrousnes,green,height,history,inflorescence,length,life,lobing,na,new,number,papillose,peduncle,perennial,plant,primary,seed,shape,size,texture,type	.5,0.9-1.2,1-2,1.1-1.2,1.8-2,2-3,2-4,2.5-3,3.5-4,3.5-6,3/4,4-6,6-10,6-7,8-9,?,absent,acute,age,anthesi,apical,attenuate,basal,base,becoming,berry,bi-lobed,blackish,branch,branching,calyx,cm,conical,coriaceous,decurrent,dendritic,densely,diameter,elliptic,erect,except,exserted,flattened,flower,fork,glabrous,globose,immature,later,like,lobed,long,margin,minutely,mm,mucronate,narrowly,nodding,obovate,occasionally,outline,pair,per,petiole,pitted,plurifoliate,pore,poricidal,pubescent,pyramidal,reddish-brown,revolute,round,secondary,shiny,short,shrub,slit-like,somewhat,sparsely,stem,strongly,surface,tapering,terminal,time,tip,trichome,tube,vein,violet,way,white,x,young	dichasial,green,na,papillose,perennial
238	wfo-0001028529	success	164	126	86	94	70	32	80	6	.2,0.1,0.5,0.5-2,0.8-1.3,0.8-3.2,1-1.2,1-1.5,1.5,2/3,5-6,6-9,8-14,across,acuminate,anther,apex,attenuate,bark,base,berry,bluish,brown,bud,calyx,capitate,cast,cm,corolla,dark,decurrent,dia,erect,exserted,filament,fruiting,furcate,glabrous,globose,green,hyaline,internodal,lanceolate,lateral,leaf,less,lobe,lobed,main,metallic,minute,minutely,mm,narrowly,nearly,oblanceolate,occasionally,opposite,ovary,ovoid-reniform,pair,papillae,papillose,pedicel,petiole,pitted,scattered,shape,shaped,shrub,simple,size,slender,slightly,small,smooth,somewhat,soon,stem,stigma,straight,style,surface,tapering,tear-drop,tip,tube,vein,way,white,winged,woody,x,yellowish	0.8-3,1,2.5-3,3-40-flowered,3-5,7-8,acute,age,anthesi,apart,apiculate,becoming,beginning,beneath,close,cork,course,deflexe,deltoid,distal,eaf,edicel,eed,ellipsoi,elliptic,evenly,exfoliating,flower,free,growing,heterostylous,hrub,immature,indistinct,inflorescenc,lenticellat,linear,lon,long,lower,major,middle,minor,much,nflorescence,older,one,paler,papillo,planar,pore,poricidal,portion,present,prominent,range,reflexed,river,ruit,scar,short,spaced,species,subshrub,tall,ud,umbonate,variable,widest,young	2,alternate,arrangement,branch,characteristic,colour,corrugation,deflexed,diameter,drying,ellipsoid,exertion,form,fruit,glabrousnes,growth,height,history,inflorescence,length,life,lobing,margin,na,new,peduncle,perennial,plant,primary,seed,texture,type	.2,0.1,0.5,0.5-2,0.8-1.3,0.8-3.2,1-1.2,1-1.5,1.5,2/3,5-6,6-9,8-14,across,acuminate,attenuate,base,berry,bluish,brown,bud,calyx,capitate,cast,cm,dark,decurrent,dia,erect,exserted,furcate,glabrous,globose,green,hyaline,internodal,lanceolate,lateral,leaf,less,lobe,lobed,main,metallic,minute,minutely,mm,narrowly,nearly,oblanceolate,occasionally,opposite,ovoid-reniform,pair,papillae,papillose,petiole,pitted,scattered,shaped,shrub,simple,slender,slightly,small,smooth,somewhat,soon,straight,tapering,tear-drop,tip,tube,vein,way,white,winged,woody,x,yellowish	2,alternate,deflexed,ellipsoid,na,perennial
239	wfo-0001028532	success	186	139	82	96	90	43	79	3	0-19,0.2-1,1-1.6,1-1.7,1-2,1-3,1.3-8.7,1.4-1.6,17-42,2-8,2.2-4.2,3-10,3.3-4.4,3.9-5,4-7,5-9,6.5-9.2,7.5-15.2,acuminate,acute,anther,apex,attenuate,axillary,base,berry,brownish,bud,cell,chartaceous,clavate,cm,condition,connivent,corolla,covering,dark,deep,diameter,distal,drying,filament,forked,fresh,fruit,generally,glabrous,globose,green,green-white,greenish,hair-like,half,herb,interjected,lanceolate,lateral,leaf,leaflet,lobe,long,make,medium,mm,mucilaginous,odd-pinnate,ovate,ovate-lanceolate,ovoid,pedicel,peduncle,petiole,petiolulate,plant,purple,ripe,rounded,seed,size,sometimes,spot,stigma,style,subtending,terminal,testal,thick,throughout,tube,unwinged,usually,wall,wet,white,whitish,x	1-5,15-36,2-3,2-6,3-5,3-7,5-merou,5.5-15,abaxiall,abaxially,acumen,adaxially,ag,along,alyx,apart,apparently,arranged,articulated,asymmetric,axe,basiscopic,bead,blade,capitat,decreasing,digestion,dorsally,eaf,edge,eed,enzyme,erec,exceeding,flat,flower,folded,geminat,glabrou,homostylous,honeycomb-shaped,larger,lengthening,like,linear,living,lower,middl,moniliform,mottled,multiple,necklace,nflorescence,orbicular,orolla,pair,pentagonal,perfect,plurifoliate,pore,poricidal,removed,rotate,ruit,second,sessile,seudostipule,side,slightly,slit,spaced,specimen,stamen,stolon,straight,subequal,symmetric,tall,tamen,tem,tip,tissue,toward,tri-,tuber,typically,unit,vary,yellow,ympodial	appearance,arrangement,bark,border,branch,calyx,capitate,characteristic,colour,corrugation,erect,exertion,form,fruiting,giving,glabrousnes,growth,height,history,inflorescence,length,life,lobing,margin,midpoint,na,new,number,ovary,per,prickle,primary,pseudostipule,ray,shape,stem,surface,texture,thicknes,type,variation,vein,width	0-19,0.2-1,1-1.6,1-1.7,1-2,1-3,1.3-8.7,1.4-1.6,17-42,2-8,2.2-4.2,3-10,3.3-4.4,3.9-5,4-7,5-9,6.5-9.2,7.5-15.2,acuminate,acute,attenuate,axillary,berry,brownish,bud,cell,chartaceous,clavate,cm,condition,connivent,covering,dark,deep,diameter,distal,drying,forked,fresh,generally,glabrous,globose,green,green-white,greenish,hair-like,half,herb,lanceolate,lateral,long,make,medium,mm,mucilaginous,odd-pinnate,ovate,ovate-lanceolate,ovoid,petiolulate,plant,purple,ripe,rounded,seed,sometimes,spot,subtending,terminal,testal,thick,throughout,unwinged,usually,wall,wet,white,whitish,x	capitate,erect,na
240	wfo-0001028547	success	221	155	95	117	104	38	92	3	.2,.5,.7,.8,/5,0,0-30,0.3-0.4,1-2.5,1-5,1.2-1.4,1.7-2,10-12,2-1.5,2-2.5,2-4,2.5-2.8,2.8-3.2,3.5-4.5-6,4-5,7-10-13,absent,acute,anther,apart,apex,apically,apparently,articulated,bark,base,berry,bright,calyx,cell,cm,conical,cuneate,curved,deltate,densely,diameter,discolorous,drying,dull,elongate,entire,erect,filament,flattened,flattened-reniform,fruit,fruiting,glabrous,inflorescence,lateral,leaf,length,lobe,lobed,long,long-acuminate,margin,maturity,mauve,midpoint,mm,moderately,narrow-deltate,often,orange,orange-brown,outline,ovate,pair,pedicel,peduncle,per,petiole,pit,poricidal,prickle,prickly,primary,purple,raised,ray,red,reddish,reflexed,scandent,shallowly,shrub,simple,small,smooth,sometimes,somewhat,spaced,spherical,stellate-pubescent,stem,straight,style,surface,tapering,terminal,tip,truncate,tube,vein,way,wide,yellow,yellow-green,yellow-orange,young	-3,/2,0-1,0-10,0-15,0-2,0-5,0.05-0.15,0.1-0.2,0.15,0.2-0.35,0.5-1.5-2.5-3,0.7-1,0.8-1,1-2,1-4,1.5-2.5,1/3-1/2,1/5-1/4,2-6,3-5,4-6,5-merous,6-8,7-9,abaxial,abaxially,adaxial,alyx,apar,ape,appearing,blade,branched,branching,bulbous,chartaceous,connivent,cream,dark,distance,eaf,eed,elongating,equal,extending,faint,flower,free,gently,glabrescent,glabrou,gray-brow,green,infructescence,lon,long-styled,longer,lower,marking,mature,midvein,nflorescence,oblong,occasionally,older,one,open,orolla,oung,pale,pendulous,perfect,pericarp,plurifoliat,porrect,portion,prickl,rounded,ruit,scar,sessile,short-styled,side,slender,spreading,stalk,stalked,staminate,stellate,subsessile,tamen,terete,tertiary,thin-acuminat,time,trichome,unit,usually,vary,venation,villous,woody,ympodial	appearance,arrangement,border,branch,bud,characteristic,colour,corolla,corrugation,distal,exertion,form,giving,glabrousnes,gray-brown,growth,height,history,interjected,leaflet,life,lobing,na,new,number,ovary,plant,pseudostipule,seed,shape,size,stigma,texture,thicknes,thin-acuminate,type,variation,width	.2,.5,.7,.8,/5,0,0-30,0.3-0.4,1-2.5,1-5,1.2-1.4,1.7-2,10-12,2-1.5,2-2.5,2-4,2.5-2.8,2.8-3.2,3.5-4.5-6,4-5,7-10-13,absent,acute,apart,apically,apparently,articulated,base,berry,bright,cell,cm,conical,cuneate,curved,deltate,densely,diameter,discolorous,dull,elongate,entire,erect,flattened,flattened-reniform,glabrous,lateral,lobed,long,long-acuminate,maturity,mauve,mm,moderately,narrow-deltate,often,orange,orange-brown,outline,ovate,pair,per,pit,poricidal,prickly,purple,raised,red,reddish,reflexed,scandent,shallowly,shrub,simple,small,smooth,sometimes,somewhat,spaced,spherical,stellate-pubescent,straight,tapering,terminal,tip,truncate,way,wide,yellow,yellow-green,yellow-orange,young	gray-brown,na,thin-acuminate
241	wfo-0001028587	success	178	98	50	71	107	27	48	2	.5,.75,0,0.3-1,0.5-1,0.8-1.6,0.8-1.8,1-1.3,1-4,2.1-6.9,2.5,6-8,6.5-17.7,acuminate,acute,anther,apex,bark,base,berry,brown,calyx,cm,corolla,dia,drying,ellipsoid,filament,fruit,fruiting,geminate,glabrous,globose,green,greenish-white,impressed,leaf,length,lobed,long,minutely,mm,nearly,obovate,obovoid,ovary,ovate,ovoid-reniform,papillose,pedicel,per,petiole,pitted,puberulent,scattered,seed,shrub,simple,slender,stem,stigma,style,subumbellate,surface,trichome,tube,type,umbonate,vein,white,x	.4,0.3,0.5,0.7-1.2,0.8-2.9,1-1.5,1-2,1.3-5.1,1/4,2-5,3-8,8-10,8-10-flowered,abruptly,accrescent,across,anthesi,baseflower,becoming,ca,chartaceou,closely,coat,cracking,cup,deflexed,degree,densely,different,difoliate,distal,eaf,edicel,eed,erect,flower,forming,free,geminat,keeled,lamina,lateral,layer,like,lobe,lon,long-styled,lower,main,major,middle,midrib,minor,minute,narrowing,nflorescence,obe,occasionally,often,older,open,opposite,outer,overlappin,pair,paler,papillo,peeling,persistent,pore,poricidal,portion,pubescence,pubescent,pubesent,reflexed,ruit,scar,short,slightly,slit-like,spaced,sparsely,stiff,straight,straw-colored,tall,terminal,thickened,thin,tip,transversel,triangular,two,ud,unicellular,uniseriate,unit,upon,upper,usually,variable,wide,widest,woody,ympodial,young	arrangement,branch,bud,characteristic,colour,corrugation,diameter,exertion,form,glabrousnes,growth,height,history,inflorescence,life,lobing,margin,na,new,number,peduncle,perennial,plant,primary,shape,size,texture	.5,.75,0,0.3-1,0.5-1,0.8-1.6,0.8-1.8,1-1.3,1-4,2.1-6.9,2.5,6-8,6.5-17.7,acuminate,acute,base,berry,brown,cm,dia,ellipsoid,geminate,glabrous,globose,green,greenish-white,impressed,lobed,long,minutely,mm,nearly,obovate,obovoid,ovate,ovoid-reniform,papillose,pitted,puberulent,scattered,shrub,simple,slender,subumbellate,trichome,umbonate,white,x	na,perennial
242	wfo-0001028594	success	142	108	65	86	56	22	64	1	.5,0-100,0.8-1.8,1-1.2,1-1.3,1-1.5,1-2,1.5-9,12,12-14,2,3-4,3-9,5-6,6-20,6-7,acuminate,acute,anther,apex,axillary,base,becoming,berry,black,bottle-shaped,calyx,climbing,cm,conical,corolla,densely,diameter,drying,ellipsoid,elliptic,exserted,flattened-reniform,fruit,fruiting,glabrous,globose,green,hair-like,herb,immature,inflorescence,lax,leaf,length,lobe,long,maturity,minutely,mm,obtuse,orange-brown,ovary,ovate,pair,pedicel,per,petiole,primary,projection,pubescent,purple,quit,rectangular,reddish,regular,rounded,simple,slightly,soft,somewhat,sparsely,spreading,stigma,strongly,style,surface,tube,vein,violet,x	0.3-1.0,1-3,3-6,abaxially,adaxially,along,anthesi,axil,bearing,capitat,cell,denser,eaf,edicel,eed,epidermal,especially,filament,floo,flower,forest,free,glabrat,inflorescenc,like,lon,lower,margin,minute,nflorescence,noddin,often,open,papillate,pendent,planar,portion,reflexed,rest,ruit,scar,scattered,side,smooth,strait,tem,time,tip,trailing,trichome,tub,ud,unifoliat,uniseriate,unit,ympodial	abaxial,adaxial,arrangement,bud,capitate,colour,exsertion,form,growth,height,history,life,lobing,number,plant,pubescence,seed,shape,size,stem,texture,type	.5,0-100,0.8-1.8,1-1.2,1-1.3,1-1.5,1-2,1.5-9,12,12-14,2,3-4,3-9,5-6,6-20,6-7,acuminate,acute,axillary,becoming,berry,black,bottle-shaped,climbing,cm,conical,densely,drying,ellipsoid,elliptic,exserted,flattened-reniform,glabrous,globose,green,hair-like,herb,immature,lax,long,maturity,minutely,mm,obtuse,orange-brown,ovate,pair,projection,pubescent,purple,quit,rectangular,reddish,regular,rounded,simple,slightly,soft,somewhat,sparsely,spreading,strongly,violet,x	capitate
243	wfo-0001028660	success	204	156	101	113	91	43	97	4	0.2-1.1,0.3-1.1,0.5-2.8,0.5-5.5,0.7-4.2,0.8-1,0.9-2.5,1-2,1.5-2.8,1.5-4,1.5-7.6,2-11,2-6,3-30,3.8-13,4-6,6,7-10,abaxially,absent,acute,adaxially,anther,apex,articulated,axillary,base,berry,blue,broadly,brownish,bud,cell,ciliate,clavate,cm,condition,connivent,corolla,covering,decumbent,decurrent,densely,diameter,distal,dot,drying,elliptic,entirely,filament,forked,fresh,fruit,generally,glabrous,globose,green,green-white,greenish,hair,hair-like,half,herb,interjected,lanceolate,lateral,leaflet,like,linear,lobe,long,make,margin,mm,mucilaginous,narrowly,oblique,obtuse,odd-pinnate,often,ovoid,pedicel,peduncle,petiole,plant,pubescent,purple,rarely,ripe,scabrous,scattered,seed,short,size,sparsely,stem,stigma,style,subtending,terminal,testal,thick,throughout,tinged,tube,typically,unwinged,usually,wall,wet,white,whitish,x	0-5,0.1-0.3,1-10,2-5,2-9,20,3-5,3-7,3-9,5-8,5-merou,acumen,ag,along,alyx,apart,apparently,attenuate,axe,blade,borne,capitat,chartaceous,digestion,dorsally,eaf,edge,eed,end,enzyme,erec,especially,exceeding,except,flat,flower,folded,geminat,glabrou,greatly,homostylous,honeycomb-shaped,lengthening,less,living,lower,membranous,middl,midrib,minutely,nflorescence,orbicular,orolla,ovate,pair,pentagonal,perfect,petiolulate,petiolule,plurifoliate,pore,poricidal,proximal,puberulent,reduced,removed,rotate,ruit,sessile,seudostipule,singly,slit,spaced,specimen,stamen,ste,stolo,straight,subequal,substellate,sunny,tall,tamen,tem,tip,tri-,tuber,unit,vary,yellow,ympodial	appearance,arrangement,bark,border,branch,calyx,capitate,characteristic,colour,corrugation,erect,exertion,form,fruiting,giving,glabrousnes,growth,height,history,inflorescence,leaf,length,life,lobing,middle,midpoint,na,new,number,ovary,per,prickle,primary,pseudostipule,ray,shape,surface,texture,thicknes,type,variation,vein,width	0.2-1.1,0.3-1.1,0.5-2.8,0.5-5.5,0.7-4.2,0.8-1,0.9-2.5,1-2,1.5-2.8,1.5-4,1.5-7.6,2-11,2-6,3-30,3.8-13,4-6,6,7-10,abaxially,absent,acute,adaxially,articulated,axillary,berry,blue,broadly,brownish,bud,cell,ciliate,clavate,cm,condition,connivent,covering,decumbent,decurrent,densely,diameter,distal,dot,drying,elliptic,entirely,forked,fresh,generally,glabrous,globose,green,green-white,greenish,hair,hair-like,half,herb,lanceolate,lateral,like,linear,long,make,margin,mm,mucilaginous,narrowly,oblique,obtuse,odd-pinnate,often,ovoid,plant,pubescent,purple,rarely,ripe,scabrous,scattered,seed,short,sparsely,stem,subtending,terminal,testal,thick,throughout,tinged,typically,unwinged,usually,wall,wet,white,whitish,x	capitate,erect,middle,na
244	wfo-0001028667	success	128	115	76	88	40	27	73	3	0.4-0.7-2.6,0.7-4,1-1.5,1-2-1.5,1-4.5,1-6,1.3-2,3,3-11,5,8-10,acute,anthesi,apex,appearing,articulated,axillary,base,berry,branch,branched,calyx,cell,clustered,cm,completely,corolla,creamy,deciduous,diameter,dry,ellipsoid,elliptic,entire,exfoliating,exserted,flattened,fruiting,glabrous,growth,inflorescence,irregularly,leaf,like,margin,midrib,minutely,mm,narrowly,new,occasionally,other,outer,pale,pedicel,peduncle,per,petiole,pitted,primary,reniform,revolute,scar,shiny,shoot,short,simple,sleeve,slender,small,soon,spaced,stem,straw-colored,strongly,surface,terminal,tip,triangular,twice,vein,vine,visible,white,woody,wrinkling,x,yellow	.5,5-20,5-merou,aid,alyx,apar,ark,around,climbin,climbing,conical,coriaceous,curling,discolorous,eaf,eed,exfoliatin,fide,flower,fragrant,lobe,long,lower,mentz,nflorescence,older,orolla,papilla,papillat,pendan,perfect,plurifoliat,slightly,support,tem,tube,twining,ud,unit,ympodial	apart,arrangement,bark,bud,characteristic,colour,corrugation,exertion,exfoliation,form,fruit,glabrousnes,height,history,length,life,lobing,na,number,papillae,papillate,plant,seed,shape,size,texture,type	0.4-0.7-2.6,0.7-4,1-1.5,1-2-1.5,1-4.5,1-6,1.3-2,3,3-11,5,8-10,acute,anthesi,appearing,articulated,axillary,base,berry,branch,branched,calyx,cell,clustered,cm,completely,creamy,deciduous,dry,ellipsoid,elliptic,entire,exfoliating,exserted,flattened,glabrous,inflorescence,irregularly,leaf,like,midrib,minutely,mm,narrowly,occasionally,other,outer,pale,pitted,reniform,revolute,shiny,shoot,short,simple,sleeve,slender,small,soon,spaced,stem,straw-colored,strongly,terminal,tip,triangular,twice,vine,visible,white,woody,wrinkling,x,yellow	apart,na,papillate
245	wfo-0001028688	success	137	113	53	63	74	50	48	5	0.4-1,0.5,0.5-1,0.9-1,1.1-1.2,1.4-2.8,2-3,5-11,5-6,acuminate,acute,anther,apex,area,bark,base,branch,calyx,clavate,cm,corolla,elliptic,exserted,filament,furcate,glabrous,globose,lanceolate,leaf,lobe,lobed,mm,near,nearly,occasionally,opposite,ovary,overtopping,papillose,pedicel,petiole,pilose,pubescent,reddish-brown,shaped,shoot,shrub,size,slender,soon,sparsely,stem,stigma,straight,style,tapering,tear-drop,terminal,tip,tube,vein,white,x	.5,0.5-0.75,0.5-1.5,1-1.5,1-1.8,1-3,1-5,2.2-4.8,across,along,anthesi,apar,beneath,bi-cellular,curl-tipped,deciduous,decreasing,deflexed,deltoid,densely,densest,dia,differing,difoliate,eaf,edicel,eed,exfoliatin,free,geminat,golden,interpetalar,irregularly,know,known,like,lon,long,lower,major,markedly,membraneous,middle,minor,minutely,nflorescence,often,older,paler,planar,pore,poricidal,portion,proximal,ruit,scar,shiny,sinus,slightly,spaced,styl,tall,thickened,thin,trichome,tub,ud,uniseriate,unit,usually,wide,widest,ympodial,young	2.5,alternate,appearance,arrangement,border,bud,characteristic,colour,corrugation,diameter,distal,drying,exertion,form,fruit,fruiting,giving,glabrousnes,green,growth,height,history,inflorescence,interjected,lateral,leaflet,length,life,lobing,margin,midpoint,na,new,number,peduncle,per,perennial,plant,prickle,primary,pseudostipule,ray,seed,shape,surface,texture,thicknes,type,variation,width	0.4-1,0.5,0.5-1,0.9-1,1.1-1.2,1.4-2.8,2-3,5-11,5-6,acuminate,acute,area,base,calyx,clavate,cm,elliptic,exserted,furcate,glabrous,globose,lanceolate,leaf,lobed,mm,near,nearly,occasionally,opposite,overtopping,papillose,pilose,pubescent,reddish-brown,shaped,shoot,shrub,slender,soon,sparsely,straight,style,tapering,tear-drop,tip,tube,white,x	2.5,alternate,green,na,perennial
246	wfo-0001028698	success	166	120	56	72	94	48	52	4	0.3-0.75,1-2,1-4,1-9.8,1.9-4,13-25,2-10,3-5,4-14,5-15,5-6,6-13,6-27,8-10,9-35,acuminate,acute,apex,articulate,base,branched,broadly,calyx,cm,commonly,conical,corolla,cyme,dark,diameter,dichasial,dichasially,distal,ebracteate,ellipsoid,elliptical,filament,green,green-white,herbaceous,interjected,lateral,leaf,leaflet,light,lobe,long,long-attenuate,medium,mm,monochasial,mucilaginous,oblique,odd-pinnate,ovate,ovoid,pedicel,peduncle,perennial,petiole,plant,puberulent,pubescent,seed,size,stigma,strigose,style,terminal,violet,white,wide	0-1.,1.8-5,2-3,2-4,3-17,3-6-foliat,3.5,5-8,6,abaxiall,abaxially,acumen,adaxially,apical,apically,cell,connate,covering,cuneate,darker,decurrent,dehiscent,digestion,diminishing,dorsally,dot,eaf,edge,eed,emoval,enzyme,equal,exceeding,first,flat,flower,folded,forked,generally,globo,gradually,hair-like,half,honeycomb,introrse,living,lon,lower,lunat,make,maturing,minute,nflorescence,nther,often,orolla,pair,pattern,pentagonal,perfect,petiolule,plan,poricidally,proximal,rachi,raised,rarely,reveal,rotate,ruit,sessile,seudostipule,short,slit,smooth,specimen,stamen,straight,tal,tem,testal,thick,throughout,toward,tuber-bearing,two,typically,unit,usually,vary,wall,yellow,ympodial,¼	0-10,anther,appearance,arrangement,bark,border,branch,bud,characteristic,colour,corrugation,drying,exertion,form,fruit,fruiting,giving,glabrousnes,globose,growth,height,history,inflorescence,length,life,lobing,margin,midpoint,na,new,number,ovary,per,prickle,primary,pseudostipule,ray,shape,stem,surface,texture,thicknes,tube,type,variation,vein,wet,width	0.3-0.75,1-2,1-4,1-9.8,1.9-4,13-25,2-10,3-5,4-14,5-15,5-6,6-13,6-27,8-10,9-35,acuminate,acute,articulate,branched,broadly,cm,commonly,conical,cyme,dark,dichasial,dichasially,ebracteate,ellipsoid,elliptical,green,green-white,herbaceous,light,lobe,long,long-attenuate,medium,mm,monochasial,mucilaginous,oblique,odd-pinnate,ovate,ovoid,perennial,puberulent,pubescent,strigose,violet,white,wide	0-10,globose,na,wet
247	wfo-0001028716	success	145	108	70	76	69	32	63	7	.2,.5,0.5,0.6-1.9,1-2,10-40-flowered,11-16.4,2.5-8,3.6-8.8,7-8,8-9,9-10,acuminate,anther,anthesi,apex,bark,base,beneath,bi-cellular,brown,calyx,cm,corolla,cuneate,dark,decurrent,dia,ellipsoid,except,filament,filiform,fruit,glabrous,glandular,hirsute,lateral,leaf,less,like,lobed,long,long-triangular,main,minutely,mm,nearly,node,often,ovary,ovate,pair,papillose,pedicel,petiole,pubescent,reflexed,shape,shaped,shrub,simple,size,slightly,sparsely,stem,straight,style,tear-drop,trichome,truncate,tube,uniseriate,vein,white,widening,x	0.75,1.9-5.5,2-4,2.2-7.9,5-6,across,anisophyllou,apart,appearing,asymmetric,ba,becoming,beginning,branched,deflexed,differing,difoliate,eaf,edicel,eed,elliptic,evenly,fertilization,fifth,free,geminate,inflorescenc,intermediate,know,known,lengthening,lenticellat,lobe,lon,lower,major,markedly,middle,minor,much,nflorescence,older,one,opposite,orbicular,pointed,pore,poricidal,portion,prominent,proximal,puberulent,raised,remaining,rounded,ruit,scar,spaced,stigm,strongly,tall,tip,triangular,two,ud,unit,widest,ympodial,young	alternate,arrangement,bud,characteristic,colour,corrugation,diameter,drying,exertion,form,fruiting,growth,height,history,inflorescence,length,lenticellate,life,lobing,margin,na,number,peduncle,per,perennial,plant,primary,seed,stigma,surface,texture,type	.2,.5,0.5,0.6-1.9,1-2,10-40-flowered,11-16.4,2.5-8,3.6-8.8,7-8,8-9,9-10,acuminate,anthesi,base,beneath,bi-cellular,brown,cm,cuneate,dark,decurrent,dia,ellipsoid,except,filiform,glabrous,glandular,hirsute,lateral,leaf,less,like,lobed,long,long-triangular,main,minutely,mm,nearly,node,often,ovate,pair,papillose,petiole,pubescent,reflexed,shaped,shrub,simple,slightly,sparsely,stem,straight,tear-drop,trichome,truncate,uniseriate,vein,white,widening,x	alternate,inflorescence,lenticellate,na,perennial,surface,texture
248	wfo-0001028723	success	211	167	113	123	88	44	108	5	-1.5,0.8-1,0°,1-1.8,1-2.2,1-2.5,10-16,2-2.5,2-2.7,3.5-4,4,4-5,5,5-6,5-7,abaxial,acute,almost,anther,apex,apically,bark,base,becoming,brachyblast,branch,branched,branching,broadly,brown,calyx,capitate,clustered,cm,concolorous,conical,corolla,curved,dark,decurrent,dendritic,densely,density,developed,diameter,dilated,drying,elliptic,entire,equal,except,filament,flexuous,flower,frequent,glabrous,gradual,green,increasing,inner,leaf,length,liana,like,lobe,long,long-attenuate,margin,membranous,middle,midvein,minutely,mm,mostly,multiply,narrowly,obconical,oblong,obovate,occasional,orange-brown,outer,ovate,overlapping,pair,pedicel,peduncle,petiole,poorly,poricidal,primary,pubescent,ray,ridged,scar,short,shrub,side,simple,slender,small,smooth,sparsely,spreading,stem,stigma,stump,style,surface,terminal,tip,toward,transition,trichome,tube,unevenly,vein,white,widely,wrinkled,x,young,youngest	.3,.5,0-0.5,0.2,0.8-2,1,1-1.5,1/3-1/2,1/5-1/3,10-15,2-4,2.5,3-4,abaxially,adaxially,age,alternate,alyx,another,anthesi,apar,apice,apparently,articulated,clearly,common,delineated,deltoid,divided,domatia,dorsifixed,eaf,eed,ellipsoi,ey,faint,fine,flat,formed,free,junction,know,known,lengthening,less,lobed,longitudinally,lower,m.,main,much,naked,nflorescence,nther,obtuse,one,orolla,pale,papillo,perfec,plurifoliat,pore,portion,prominent,protruding,rachi,raised,region,regular,ruit,separated,sinus,smaller,surrounding,tearing,tertiary,tissu,tuft,ud,unarmed,uneven,unit,vary,venation,visible,wide,yellow,ympodial	apart,appearance,arrangement,border,bud,characteristic,colour,corrugation,distal,ellipsoid,exertion,form,fruit,fruiting,giving,glabrousnes,growth,height,history,inflorescence,interjected,lateral,leaflet,life,lobing,midpoint,na,new,number,ovary,papillose,per,perennial,plant,prickle,pseudostipule,seed,shape,size,texture,thicknes,type,variation,width	-1.5,0.8-1,0°,1-1.8,1-2.2,1-2.5,10-16,2-2.5,2-2.7,3.5-4,4,4-5,5,5-6,5-7,abaxial,acute,almost,apex,apically,becoming,brachyblast,branch,branched,branching,broadly,brown,calyx,capitate,clustered,cm,concolorous,conical,curved,dark,decurrent,dendritic,densely,density,developed,dilated,drying,elliptic,entire,equal,except,flexuous,flower,frequent,glabrous,gradual,green,increasing,inner,leaf,length,liana,like,long,long-attenuate,margin,membranous,middle,midvein,minutely,mm,mostly,multiply,narrowly,obconical,oblong,obovate,occasional,orange-brown,outer,ovate,overlapping,pair,pedicel,poorly,poricidal,pubescent,ridged,scar,short,shrub,side,simple,slender,small,smooth,sparsely,spreading,stem,stump,surface,terminal,tip,toward,transition,trichome,unevenly,white,widely,wrinkled,x,young,youngest	apart,ellipsoid,na,papillose,perennial
249	wfo-0001028736	success	180	112	79	88	92	24	77	2	0.5,0.5-1,0.5-1.5,1,1-1.5,1-2,1-3,10-15,2-5,4-12,4-6,40-70,5-10,5-15,6-13x3-8,abaxially,absent,acute,adaxially,anther,apex,armed,attenuate,base,berry,brown,cm,connivent,created,cylindrical,dark,densely,diameter,extra-axillary,filament,flower,fruit,globose,green,hair,immature,leaf,length,light,like,lobe,lobed,many,mature,mm,moderately,mottled,nearly,netlike,obtuse,occasionally,orange,pedicel,peduncle,per,petiole,pit,porrect-stellate,prickle,pubescent,raised,recurved,red,reniform,rhombic,ridge,roselike,shrub,side,simple,small,stem,stigma,style,surface,tapering,unarmed,unbranched,unlobed,white,x,yellow,yellow-white	0.2-0.4,0.5-1mm,0.5-2,1.5,1.5-3,1/6,2-4,2-7,3-5,3-6,3-8,3.5-5,4-9,5-merou,6-8,accrescent,adaxiall,alyx,apar,apical,apparently,axe,beyond,blade,calyx,chartaceous,contiguous,cordate,cut,decurrent,difoliate,directed,discolorous,eaf,eed,either,exserted,filiform,flattened,frui,fruiting,geminate,glabrou,glabrous,glandular,gree,introsel,less,long,lower,m.,major,midpoint,midrib,midvein,multicellular,multiseriate,narrowly,nflorescence,occasional,onto,orolla,pair,perfect,pore,purple,rachi,ray,ruit,scanden,sinus,slightly,spaced,sparsely,stalk,stamen,ste,stellate,tamen,tem,thin-skinned,triangular,tube,unequa,unicellular,uniseriate,unit,vary,vein,way,wide,ympodial	arrangement,characteristic,colour,corolla,form,growth,height,history,inflorescence,life,lobing,margin,na,number,ovary,perennial,plant,pubescence,seed,shape,size,staman,texture,type	0.5,0.5-1,0.5-1.5,1,1-1.5,1-2,1-3,10-15,2-5,4-12,4-6,40-70,5-10,5-15,6-13x3-8,abaxially,absent,acute,adaxially,armed,attenuate,base,berry,brown,cm,connivent,created,cylindrical,dark,densely,diameter,extra-axillary,flower,fruit,globose,green,hair,immature,light,like,lobe,lobed,many,mature,mm,moderately,mottled,nearly,netlike,obtuse,occasionally,orange,per,pit,porrect-stellate,prickle,pubescent,raised,recurved,red,reniform,rhombic,ridge,roselike,shrub,side,simple,small,stem,tapering,unarmed,unbranched,unlobed,white,x,yellow,yellow-white	na,perennial
250	wfo-0001028737	success	151	130	70	84	67	46	67	3	0.2-0.5,0.7-2,1,1-2.5,1-4,1-6,1.5-3.5,10,12-14,16-30,2-5,2.8-3.5,3-5,4-6.5,4-9,5-6,6,7-15,abaxially,acute,adaxially,apex,apical,apically,apiculate,articulate,base,branched,calyx,caudate,cm,connate,corolla,cyme,dehiscent,diameter,dichasial,dichasially,distal,ebracteate,elliptic-lanceolate,exceeding,filament,glabrescent,glandular,globose,green,green-white,herbaceous,interjected,introrse,lanceolate,lateral,leaf,leaflet,lobe,long,maturing,mm,monochasial,oblique,oblong,odd-pinnate,often,ovoid,pedicel,peduncle,perennial,petiole,plant,poricidally,seed,short,size,slit,stamen,stigma,straight,style,terminal,throughout,tuber-bearing,wide,yellow	2-3,3-4,3-6-foliat,4-10,absen,acumen,acuminate,attenuate,cell,covering,decurrent,digestion,diminishing,dorsally,eaf,edge,eed,emoval,enzyme,flat,flower,folded,forked,generally,globo,gradually,hair-like,half,honeycomb,larger,living,lon,lower,make,mucilaginous,nflorescence,nther,orolla,pair,pattern,perfect,pinnatifi,plan,proximal,rachi,reveal,ruit,second,sessile,seudostipule,specimen,stellate,strongly,tal,tem,testal,thick,throughou,toward,typically,unit,vary,wall,whit,without,ympodial,¼	absent,anther,appearance,arrangement,bark,border,branch,bud,characteristic,colour,corrugation,drying,exertion,form,fruit,giving,glabrousnes,growth,height,history,inflorescence,length,life,lobing,margin,midpoint,na,new,number,ovary,per,prickle,primary,pseudostipule,ray,shape,stem,surface,texture,thicknes,tube,type,variation,vein,white,width	0.2-0.5,0.7-2,1,1-2.5,1-4,1-6,1.5-3.5,10,12-14,16-30,2-5,2.8-3.5,3-5,4-6.5,4-9,5-6,6,7-15,abaxially,acute,adaxially,apical,apically,apiculate,articulate,branched,caudate,cm,connate,cyme,dehiscent,diameter,dichasial,dichasially,ebracteate,elliptic-lanceolate,exceeding,glabrescent,glandular,globose,green,green-white,herbaceous,introrse,lanceolate,lobe,long,maturing,mm,monochasial,oblique,oblong,odd-pinnate,often,ovoid,perennial,poricidally,short,slit,stamen,stigma,straight,style,throughout,tuber-bearing,wide,yellow	absent,na,white
251	wfo-0001028777	success	203	147	88	107	96	40	85	3	-4,.5,.9,0-2,0-30,0.1-0.2,0.4-0.8,0.5-1.3,0.6-1,0.7-1.2,0.7-1.3,0.8-1,0.8-2.2-2.5,1-2.5-4,1.5-3,1.5-4,1.8-2.5,2-3,2.5,3/4-4/5,4.5-8,8-15,acute,anther,apex,apically,articulated,attenuate,bark,base,berry,branched,calyx,chartaceous,cm,concolorous,curved,dark,deltate,diameter,discolorous,drying,entire,erect,filament,flattened-reniform,fruit,fruiting,glabrescent,glabrous,green,green-brown,inflorescence,leaf,length,lobe,lobed,long,margin,marking,maturity,mauve,midpoint,mm,moderately,obovate,orange,orange-brown,ovate,pair,pale,pedicel,peduncle,per,petiole,poricidal,primary,ray,red-brown,reflexed,retuse,rounded,shoot,short,shrub,simple,sometimes,sparsely,spherical,stellate-pubescent,stem,stout,style,surface,tapering,terete,terminal,tip,truncate,tube,unarmed,vein,way,white,wide,yellow-green,young	-10,-3,.8,0.1-0.3,0.2,1,1-2,1-2.5,1-3,1.5,1/4,1/4-1/2,2.5-3,2.5-5,3.5-5,4-5-merous,6-10,7-11,8-12,abaxially,acuminat,alyx,ame,apar,ape,blade,briefly,c.,connivent,deciduou,eaf,eed,elongating,equal,faint,flower,free,glabrescen,infructescence,lengt,less,long-styled,longer,lower,mature,minute,multangulate,narrow-deltate,nflorescence,occasionally,older,one,open,orolla,oung,perfect,pericarp,plurifoliat,porrect,portion,present,recurved,reflexe,ruit,scar,sessile,short-styled,shorte,shorter,small,smooth,somewhat,soon,spaced,spreading,stalk,stalked,staminate,stellate,strongly,tamen,tertiary,time,tree,trichome,unarme,unit,usually,variously,vary,venation,visible,whole,wider,woody,ympodial	acuminate,appearance,arrangement,border,branch,bud,characteristic,colour,corolla,corrugation,distal,exertion,form,giving,glabrousnes,growth,height,history,interjected,lateral,leaflet,life,lobing,na,new,number,ovary,perennial,plant,prickle,pseudostipule,seed,shape,size,stigma,texture,thicknes,type,variation,width	-4,.5,.9,0-2,0-30,0.1-0.2,0.4-0.8,0.5-1.3,0.6-1,0.7-1.2,0.7-1.3,0.8-1,0.8-2.2-2.5,1-2.5-4,1.5-3,1.5-4,1.8-2.5,2-3,2.5,3/4-4/5,4.5-8,8-15,acute,apex,apically,articulated,attenuate,base,berry,branched,chartaceous,cm,concolorous,curved,dark,deltate,diameter,discolorous,drying,entire,erect,flattened-reniform,glabrescent,glabrous,green,green-brown,lobed,long,marking,maturity,mauve,mm,moderately,obovate,orange,orange-brown,ovate,pair,pale,per,poricidal,red-brown,reflexed,retuse,rounded,shoot,short,shrub,simple,sometimes,sparsely,spherical,stellate-pubescent,stout,tapering,terete,terminal,tip,truncate,unarmed,way,white,wide,yellow-green,young	acuminate,na,perennial
252	wfo-0001028791	success	252	158	106	124	128	34	101	5	+,-9,0-6,0.05-0.2,0.2-0.3,0.3-0.6,0.4-0.6,0.4-0.65,0.6-0.8,0.8-1.3,1-1.5,1.5-2,1.7-2.1,1.8-3.3,10,2-3,2-7,2-locular,2.8-3.0,4-5+,5-15,50-80,9-30,absent,acuminate,acute,along,anther,anthesi,apex,articulated,basal,base,beneath,branched,broadly,brown,calyx,capitate,cell,clambering,cm,conical,corolla,dark,deciduous,deltate,densely,developed,diameter,dichotomously,elliptic,entire,exserted,filament,fruit,fruiting,glabrescent,glabrous,globose,green,hair-like,half,halfway,imparipinnate,interjected,interrupted,lateral,leaf,leaflet,less,liana,lobe,long,many,margin,middle,minutely,mm,near,oblique,obovate,occasionally,outgrowth,ovary,pale,paler,pedicel,peduncle,per,petiole,plant,poorly,present,primary,pseudostipule,pubescence,pubescent,scandent,seed,slightly,somewhat,sparsely,stellate,stem,stigma,style,surface,terminal,testa,thick,thickened,time,truncate,tube,upper,usually,vein,vine,wall,white,wide,woody,yellow	.5,0.05,0.2-0.4-0.6,0.2-0.8-1.5,0.25-0.3,0.3-0.4,0.3-0.5,0.3-0.8,0.4-0.5,0.4-1.1,0.45-0.55,0.5,0.6-0.9,0.7-1.5,0.8-1,1-2,1-2-celled,1-3,1-3-celled,1-celled,1.5-2.5-4.5,1.6-4.5,100,2-3.5,2-7-celled,20-to,3-4,3-5-10,3-5-22,4-11.5,4-15,4-celled,5-9-35,5-plurifoliate,8-10-celled,abaxially,absen,abundant,adaxially,addition,ag,apical,appearance,appendage,articulation,basiscopically,berr,border,breaking,bullate,colo.,column,consistently,darker,densest,eaf,ebracteate,edicel,eed,eglandular,elongating,enlarged,even,extended,flower,free,give,glandular,gree,grow,growing,head,internode,lamina,large,leaving,like,lon,lower,midvein,mixture,much,multicellular,nflorescence,often,pair,papillate,petiolule,protuberance,rachi,reflexed,rest,rough,round,ruit,sandpapery,secondary,sessile,short,shorter,silky,simple,single,small,smaller,sometimes,sparse,spreading,stamen,staminal,sterile,stiff,straight,tal,tem,tertiary,tip,touch,transparent,trichome,ud,unicellular,uniseriate,unit,vegetation,winged,ympodial,–1-2-celled	3-22,5-35,age,arrangement,bud,characteristic,colour,corrugation,dense,distal,drying,exertion,form,glabrousnes,growth,height,history,inflorescence,length,life,lobing,midpoint,na,new,number,prickle,ray,shape,size,texture,thicknes,type,variation,width	+,-9,0-6,0.05-0.2,0.2-0.3,0.3-0.6,0.4-0.6,0.4-0.65,0.6-0.8,0.8-1.3,1-1.5,1.5-2,1.7-2.1,1.8-3.3,10,2-3,2-7,2-locular,2.8-3.0,4-5+,5-15,50-80,9-30,absent,acuminate,acute,along,anthesi,articulated,basal,base,beneath,branched,broadly,brown,calyx,capitate,cell,clambering,cm,conical,dark,deciduous,deltate,densely,developed,diameter,dichotomously,elliptic,entire,exserted,glabrescent,glabrous,globose,green,hair-like,half,halfway,imparipinnate,interrupted,lateral,leaf,less,liana,long,many,middle,minutely,mm,near,oblique,obovate,occasionally,outgrowth,pale,paler,per,poorly,present,pubescence,pubescent,scandent,slightly,somewhat,sparsely,stellate,stem,testa,thick,thickened,time,truncate,upper,usually,vein,vine,wall,white,wide,woody,yellow	3-22,5-35,age,dense,na
253	wfo-0001028798	success	214	146	90	105	109	41	87	3	0-1,0.2-0.4,0.9-1.2,1-4.5,1.1-2,1.5-1.8,10,15-19,2-6,2-7,2.5-3.5,2/3,3-5,3.3-5.6,5-8,7-8,8-18,acuminate,acute,anther,apex,attenuate,base,becoming,berry,branch,bud,calyx,chartaceous,cm,conical,continued,corolla,decurrent,densely,diameter,distal,dm,due,entire,filament,flower,fruit,fruiting,glabrous,granular,granular-tomentose,green,greenish,growth,hair,lanceolate,lateral,leaf,length,lined,lobe,long,margin,midvein,mixed,mm,nearly,oblanceolate,oblong,obovate,orbicular,ovate-lanceolate,pale,pedicel,peduncle,persistently,petiole,probably,pseudo-terminal,rather,ray,ripe,rotate-stellate,rough,rough-granular,sessile,short,shrub,side,simple,slightly,sparingly,stalked,stellate-pubescent,stem,stigma,style,subcampanulate,subcoriaceous,subglobose,sulcate,tomentose,tube,unarmed,vein,way,x,yellow,yellowish	.5-5,0-60,0.5-2,1-3,1-6,1/2-2/3,1/20,2-3,2-3.75,2.4-4.4,2.6-4,3-4,3.8-4.2,4-5.4,5.25-7.5,6-10,6-8,8.5-13,abaxially,accrescent,adaxially,ag,anthesi,apart,apical-lateral,apparently,articulated,axe,axillary,ba,blade,blunt-tipped,boat-shaped,branched,capitat,curved,cylindrical,dehiscing,downward,eaf,echinoi,echinoid,eed,exserted,extend,fleshy,free,hal,high,included,inserted,introrse,irregularly,lacking,large,less,lobed,longitudinal,lower,m.,main,many,minutely,multangulat,multangulate,nflorescence,oblanceolat,obscured,obtuse,often,orolla,oung,overlapping,perfect,persistent,plurifoliate,pore,porrect-stellate,present,prominent,pubescent,quite,rachi,ruit,semi-ovate,short-stalked,slit,small,somewhat,spaced,splitting,stamen,strongly,suture,tamen,thick,time,tip,tomentu,tomentum,toward,translucent,unarme,unit,unknow,vary,velutinous,wide,ympodial	appearance,arrangement,bark,border,capitate,characteristic,colour,corrugation,drying,exertion,form,giving,glabrousnes,height,history,inflorescence,interjected,leaflet,life,lobing,midpoint,na,new,number,ovary,per,perennial,plant,prickle,primary,pseudostipule,seed,shape,size,surface,terminal,texture,thicknes,type,variation,width	0-1,0.2-0.4,0.9-1.2,1-4.5,1.1-2,1.5-1.8,10,15-19,2-6,2-7,2.5-3.5,2/3,3-5,3.3-5.6,5-8,7-8,8-18,acuminate,acute,apex,attenuate,base,becoming,berry,chartaceous,cm,conical,continued,decurrent,densely,diameter,dm,due,entire,flower,fruit,glabrous,granular,granular-tomentose,green,greenish,growth,hair,lanceolate,lateral,length,lined,long,midvein,mixed,mm,nearly,oblanceolate,oblong,obovate,orbicular,ovate-lanceolate,pale,persistently,petiole,probably,pseudo-terminal,rather,ripe,rotate-stellate,rough,rough-granular,sessile,short,shrub,side,simple,slightly,sparingly,stalked,stellate-pubescent,stem,subcampanulate,subcoriaceous,subglobose,sulcate,tomentose,unarmed,way,x,yellow,yellowish	capitate,na,perennial
254	wfo-0001028815	success	196	143	84	102	94	41	82	2	0.4-0.8,0.5-1,1-2,1-3.5,1-4,1-5,10-15,14-28,2-4,2.5-6.5,22-35,3-4,3-5,3-7,6-10,6-8,7-16,abaxially,acute,adaxially,anther,apex,apparently,axillary,base,berry,broadly,brownish,bud,chartaceous,cm,condition,corolla,cuneate,dark,diameter,distal,drying,elliptic,filament,flower,forked,fresh,fruit,generally,globose,green,green-white,greenish,half,herb,interjected,lanceolate,lateral,leaflet,lilac-purple,lobe,long,margin,medium,membranous,mm,mucilaginous,narrowly,obtuse,odd-pinnate,ovate,ovoid,papillose,pedicel,peduncle,perfect,petiole,petiolulate,plant,pubescent,purple,red-purple,ripe,rotate,rounded,rugose,seed,sessile,short,size,sparsely,splotched,stem,stigma,style,subtending,terminal,throughout,tinged,tube,unwinged,usually,wet,whitish,winged,x	1-10,2-4.5,2-9,4-10,5-6,5-7,5-merou,acumen,ag,along,alyx,apart,articulated,articulation,auriculate,axe,basiscopic,blade,capitat,cell,ciliate,connivent,covering,decreasing,decurrent,developing,digestion,distinct,dorsally,eaf,edge,eed,elliptic-lanceolate,enzyme,especially,exceeding,flat,folded,geminat,glabrou,glabrous,hair,hair-like,hal,high,homostylous,honeycomb-shaped,indistinct,lengthening,like,living,lower,make,midrib,minutely,nflorescence,onto,orolla,pair,plurifoliate,pointed,pore,poricidal,puberulent,purpl,rachi,removed,ruit,semi-erec,semi-rosette,seudostipule,side,slightly,slit,spaced,specimen,stamen,ste,straight,tall,tamen,tem,terminated,testal,thick,tip,tri-,triangular-lanceolate,unit,vary,wall,yellow,ympodial,young	appearance,arrangement,bark,border,branch,calyx,capitate,characteristic,colour,corrugation,exertion,form,fruiting,giving,glabrousnes,growth,height,history,inflorescence,leaf,length,life,lobing,midpoint,na,new,number,ovary,per,prickle,primary,pseudostipule,ray,shape,surface,texture,thicknes,type,variation,vein,width	0.4-0.8,0.5-1,1-2,1-3.5,1-4,1-5,10-15,14-28,2-4,2.5-6.5,22-35,3-4,3-5,3-7,6-10,6-8,7-16,abaxially,acute,adaxially,apparently,axillary,berry,broadly,brownish,bud,chartaceous,cm,condition,cuneate,dark,diameter,distal,drying,elliptic,flower,forked,fresh,generally,globose,green,green-white,greenish,half,herb,lanceolate,lilac-purple,long,medium,membranous,mm,mucilaginous,narrowly,obtuse,odd-pinnate,ovate,ovoid,papillose,perfect,petiolulate,plant,pubescent,purple,red-purple,ripe,rotate,rounded,rugose,sessile,short,sparsely,splotched,subtending,terminal,throughout,tinged,unwinged,usually,wet,whitish,winged,x	capitate,na
255	wfo-0001028876	success	127	97	67	75	52	22	63	4	.5,/4,0.4-1,0.5-2,1-2,1.5-2,2-2.3,3-5,4-5,5-6,abaxially,acute,adaxially,along,anther,apex,attenuate,bark,base,brown,calyx,capitate,cm,conical,corolla,dark,dendritic,densely,dia,difoliate,drying,ellipsoid,elliptic,filament,flower,glabrous,golden,internodal,leaf,like,lobed,long,midrib,mm,nodding,occasionally,opposite,pedicel,petiole,pubescent,reddish,rest,sagittate,shining,shrub,simple,slender,small,sparsely,speciman,stem,stigma,style,subshrub,surface,tall,trichome,tube,type,uniseriate,unit,way,white,x,young	1.5-3,3-8,4-8,abaxial,anthesi,branched,closely,eaf,edicel,eed,free,geminat,glabrat,hroughout,included,inflorescenc,know,known,lamina,lateral,leave,lobe,long-triangular,lower,main,middle,minutely,nflorescence,older,ovary,overlappin,pair,papillae,papillo,papillose,planar,pore,poricidal,portion,rounded,ruti,scar,shaped,spaced,straight,tear-drop,tip,tub,ud,vein,widest,ympodial	arrangement,bud,characteristic,colour,diameter,form,fruit,geminate,growth,height,history,inflorescence,length,life,lobing,na,plant,seed,shape,size,sympodial,texture	.5,/4,0.4-1,0.5-2,1-2,1.5-2,2-2.3,3-5,4-5,5-6,abaxially,acute,adaxially,along,attenuate,base,brown,capitate,cm,conical,dark,dendritic,densely,dia,difoliate,drying,ellipsoid,elliptic,flower,glabrous,golden,internodal,leaf,like,lobed,long,midrib,mm,nodding,occasionally,opposite,pubescent,reddish,rest,sagittate,shining,shrub,simple,slender,small,sparsely,speciman,stem,subshrub,tall,trichome,type,uniseriate,unit,way,white,x,young	geminate,inflorescence,na,sympodial
256	wfo-0001028883	success	207	119	60	71	136	48	50	10	50,acute,almost,anther,apex,articulated,attenuate,base,berry,branch,brochidodromous,calyx,capitate,chartaceous,cm,completely,concolorous,coriaceous,dark,deltate,diameter,drying,dull,elliptic,entire,filament,flower,fruit,glabrous,globose,green,growth,herb,lateral,leaf,length,lobe,margin,mm,moderately,narrowly,new,notably,oblong,pedicel,peduncle,per,petiole,pubescent,reniform,ripe,seed,sessile,shiny,simple,size,slightly,sparsely,stem,stigma,style,subopposite,subsessile,surface,trichome,undulate,uniseriate,vein,white,whitish,×	0.3–0.6,0.4–1.2,0.5–2,0.6,1,1.5–7,1–2,1–6,2,2–3,2–5,3–5,4,4–6,5,5-merou,6,6–10,6–12,abaxially,absent,accrescent,acuminate,adaxiall,adaxially,along,alyx,antrorse,antrorsely,apar,arched,ark,ascending,axi,becoming,blade,brow,capitat,cell,ciliate,circular,common,connivent,curved,cylindrical,cyme,decurrent,densely,differing,directed,eaf,eed,elliptic-ovate,emarginate,equal,erect,exfoliating,eye,flattened,frui,geminate,geniculat,glabrescent,glabrou,glandular,greenish,head,hilum,hollow,impressed,introrsely,less,light,like,long,longitudinal,lower,lying,membranaceous,midrib,minor,multicellular,naked,nflorescence,normally,obtuse,often,older,onto,opening,orolla,ovate-lanceolate,parallel,pendan,perfect,plurifoliate,pore,poricidal,present,primarily,prominent,pubescence,rachi,rarely,region,rounded,ruit,secondary,shap,shrub,similar,single,single-celled,slit,small,sometimes,spaced,sparse,spreading,stalk,stellate,straight,subapical,swollen,tall,tamen,tem,unbranched,unit,vary,venation,visible,wide,woody,yellow,ympodial	0.5-2,1-2,1.5-7,2-3,2-5,3-5,4-6,6-10,6-12,appearance,arrangement,bark,border,bud,characteristic,colour,corolla,corrugation,distal,exertion,form,fruiting,giving,glabrousnes,height,history,inflorescence,interjected,leaflet,life,lobing,midpoint,na,number,ovary,plant,prickle,primary,pseudostipule,ray,shape,terminal,texture,thicknes,tube,type,variation,width	50,acute,almost,articulated,attenuate,base,berry,brochidodromous,capitate,chartaceous,cm,completely,concolorous,coriaceous,dark,deltate,diameter,drying,dull,elliptic,entire,flower,fruit,glabrous,globose,green,herb,lateral,leaf,mm,moderately,narrowly,notably,oblong,pubescent,reniform,ripe,sessile,shiny,simple,slightly,sparsely,subopposite,subsessile,trichome,undulate,uniseriate,white,whitish,×	0.5-2,1-2,1.5-7,2-3,2-5,3-5,4-6,6-10,6-12,na
257	wfo-0001028885	success	212	143	101	118	94	25	98	3	0.3-0.5-1,0.5-1,0.7-2,1-1.2,1-2,1-3,1.5-1.7,1.5-3.5,10-20,2-3.5-8.5,2.3-2.5,2/3,3-5,7-8,7-9,9-11,?,acute,adaxially,along,anther,anthesi,apex,attenuate,basal,base,berry,black,blackish,branch,branched,brown,calyx,capitate,cm,corolla,cup-shaped,dark,decurrent,densely,diameter,drying,ellipsoid,elliptic,entire,erect,exserted,extending,filament,flower,fruiting,furcate,glabrescent,glabrous,globose,golden,gradually,groove,growth,height,immature,inflorescence,lamina,lanceolate,lateral,leaf,like,lobed,long,margin,midvein,minute,mm,mostly,multicellular,narrowing,narrowly,new,nodding,occasionally,pair,pedicel,peduncle,petiole,plant,primary,pubescent,purple,quarter,reddish,revolute,rhachi,ripe,scandent,shrub,simple,slender,slightly,sometimes,sparsely,stem,stigma,strongly,style,surface,terminal,third,time,trichome,tube,uniseriate,vein,vine,way,wide,winged,woody,¾	.5,0.5-5,1-1.5,2,2-2.5,2.5-3.5,3.5-4.5,4-5,5-merou,9-12,abaxial,adaxial,ag,alyx,apart,apiculate,apparently,archin,ark,articulated,broadly,cell,collapsing,connivent,dark-pigmented,deltate,dendriti,distal,dried,eaf,eed,fleshy,free,glabrou,glandular,groupe,ilament,inserted,irregularly,known,leaving,lengthening,less,live,lobe,loosely,lower,material,minutely,nflorescence,noddin,often,older,orolla,papillo,part,peg,perfect,pericarp,pigmentation,plurifoliat,pore,poricidal,portion,recorded,retaining,ruit,scar,scattered,shin,shiny,short,sleeve,slit,small,smaller,spaced,spheroidal,spreading,stellate,tangled,tem,thin,tip,twinin,ud,unit,upper,usually,vary,wall,weak,weak-walled,ympodial	arching,arrangement,bark,bud,characteristic,colour,corrugation,dendritic,exertion,form,fruit,glabrousnes,history,length,life,lobing,na,number,ovary,per,seed,shape,size,texture,type	0.3-0.5-1,0.5-1,0.7-2,1-1.2,1-2,1-3,1.5-1.7,1.5-3.5,10-20,2-3.5-8.5,2.3-2.5,2/3,3-5,7-8,7-9,9-11,?,acute,adaxially,along,anthesi,attenuate,basal,base,berry,black,blackish,branched,brown,calyx,capitate,cm,cup-shaped,dark,decurrent,densely,diameter,ellipsoid,elliptic,entire,erect,exserted,extending,flower,furcate,glabrescent,glabrous,globose,golden,gradually,groove,immature,lamina,lanceolate,lateral,leaf,like,lobed,long,midvein,minute,mm,mostly,multicellular,narrowing,narrowly,nodding,occasionally,pair,pedicel,petiole,pubescent,purple,quarter,reddish,revolute,rhachi,ripe,scandent,shrub,simple,slender,slightly,sometimes,sparsely,strongly,terminal,third,time,trichome,tube,uniseriate,vine,way,wide,winged,woody,¾	arching,dendritic,na
258	wfo-0001028888	success	207	159	106	118	89	41	103	3	0-3.5,0-7,0.15-0.5,1,1-1.5,1-2,1.5-4,10-25,12.5-25,2-6,2.3-5,2.3-7,2.5-3.3,3-4,3.6-12.5,3.8-8.3,4-25,5-7,6-11,8-11,8-13.5,abaxially,acuminate,acute,adaxially,anther,apex,apiculate,articulated,axillary,base,berry,brownish,bud,cell,center,clavate,cm,condition,connivent,corolla,covered,covering,diameter,distal,dot,drying,filament,flower,forked,fresh,fruit,generally,glabrous,glaucous,globose,green,green-white,greenish,hair,hair-like,half,herb,interjected,lanceolate,lateral,leaflet,less,like,lobe,long,make,margin,middle,mm,mottled,mucilaginous,oblique,odd-pinnate,often,orbicular,ovate,ovoid,pedicel,peduncle,petiole,plant,pubescent,purple,ripe,rounded,scattered,seed,short,size,slightly,sparsely,stem,stigma,streak,style,subglabrous,subtending,terminal,testal,thick,throughout,tube,typically,unwinged,usually,violet,wall,wet,white,whitish,wing,x	0-5,1-10,1-3,2-5,3-5,4-7,5-10,5-merou,acumen,ag,along,alyx,apart,apparently,axe,blade,broadly,capitat,central,chartaceous,ciliate,cuneate,digestion,dorsally,eaf,edge,eed,elliptic,end,enzyme,erec,especially,exceeding,except,flat,folded,geminat,glabrou,greatly,hal,homostylous,honeycomb-shaped,lengthening,living,low,lower,membranous,midrib,minutely,nflorescence,one,orolla,pair,pentagonal,perfect,petiolulate,petiolule,placed,plurifoliate,pore,poricidal,proximal,puberulent,reduced,removed,ruit,sessile,seudostipule,slit,sometimes,spaced,specimen,stamen,ste,stolo,straight,subequal,substellate,tall,tamen,tem,tip,tri-,truncate,tuber,unit,vary,yellow,ympodial	appearance,arrangement,bark,border,branch,calyx,capitate,characteristic,colour,corrugation,erect,exertion,form,giving,glabrousnes,growth,height,history,inflorescence,leaf,length,life,lobing,midpoint,na,new,number,ovary,per,prickle,primary,pseudostipule,ray,shape,surface,texture,thicknes,type,variation,vein,width	0-3.5,0-7,0.15-0.5,1,1-1.5,1-2,1.5-4,10-25,12.5-25,2-6,2.3-5,2.3-7,2.5-3.3,3-4,3.6-12.5,3.8-8.3,4-25,5-7,6-11,8-11,8-13.5,abaxially,acuminate,acute,adaxially,apiculate,articulated,axillary,berry,brownish,bud,cell,center,clavate,cm,condition,connivent,corolla,covered,covering,diameter,distal,dot,drying,flower,forked,fresh,generally,glabrous,glaucous,globose,green,green-white,greenish,hair,hair-like,half,herb,lanceolate,lateral,less,like,lobe,long,make,middle,mm,mottled,mucilaginous,oblique,odd-pinnate,often,orbicular,ovate,ovoid,plant,pubescent,purple,ripe,rounded,scattered,seed,short,slightly,sparsely,stem,streak,subglabrous,subtending,terminal,testal,thick,throughout,typically,unwinged,usually,violet,wall,wet,white,whitish,wing,x	capitate,erect,na
259	wfo-0001028920	success	152	143	85	95	57	48	80	5	.5,0.2-1,0.5-1,0.8-1.1,1-1.2,1-1.5,1-2.4,1-3,2-2.5,2-7,3-15-flowered,3-3.5,6-15,6-6.5,abaxially,acuminate,acute,adaxially,anther,apex,arachnoid,arachnoid-pubescent,area,attenuate,bark,base,berry,broadly,brown,calyx,cm,congested,conical,corolla,dark,decurrent,deflexed,dia,difoliate,ellipsoid,elliptic,erect,exserted,filament,flower,fruiting,glabrous,globose,green,later,lateral,leaf,lightly,lobe,lobed,long,long-styled,main,minutely,mm,nearly,obovate,obovoid,occasionally,ovary,ovoid-reniform,papillose,pedicel,petiole,pitted,pubescent,shape,shaped,short-styled,shrub,simple,size,small,sparsely,stem,stigma,strongly,style,surface,tapering,tear-drop,tip,tree,trichome,tube,unifoliate,vein,white,winged,x	.25,1.5-2,3-4,5-9,anthesi,axil,ba,brownish,closely,cucullate,deltate,dendritic,dense,densely,differing,eaf,edicel,eed,felty,fleshy,free,geminat,glabrate,gray-brow,lon,lower,major,middle,minor,nflorescence,older,opposite,overlappin,pair,planar,pore,poricidal,portion,present,pubescence,ruit,scar,somewhat,soon,spaced,styl,tall,thick,tub,tuft,ud,uniseriate,unit,widest,woody,ympodial,young	appearance,arrangement,border,branch,bud,characteristic,colour,corrugation,diameter,distal,drying,exertion,form,fruit,gabrate,geminate,giving,glabrousnes,gray-brown,growth,height,history,inflorescence,interjected,leaflet,length,life,lobing,margin,midpoint,na,new,number,peduncle,per,perennial,plant,prickle,primary,pseudostipule,ray,seed,terminal,texture,thicknes,type,variation,width	.5,0.2-1,0.5-1,0.8-1.1,1-1.2,1-1.5,1-2.4,1-3,2-2.5,2-7,3-15-flowered,3-3.5,6-15,6-6.5,abaxially,acuminate,acute,adaxially,arachnoid,arachnoid-pubescent,area,attenuate,base,berry,broadly,brown,calyx,cm,congested,conical,dark,decurrent,deflexed,dia,difoliate,ellipsoid,elliptic,erect,exserted,flower,glabrous,globose,green,later,lateral,leaf,lightly,lobed,long,long-styled,main,minutely,mm,nearly,obovate,obovoid,occasionally,ovoid-reniform,papillose,pitted,pubescent,shaped,short-styled,shrub,simple,small,sparsely,strongly,style,tapering,tear-drop,tip,tree,trichome,tube,unifoliate,vein,white,winged,x	gabrate,geminate,gray-brown,na,perennial
260	wfo-0001028929	success	209	154	96	116	93	38	92	4	.5,.7,.9,/5,0-1,0-10,0-3,0.2-0.4,0.3-0.6,0.4-0.8,0.5-2,0.7-1,0.7-2,0.8-1,1-1.1,1.5-2.4,2-3,2-6,2.2-2.3,2.5-4,2.7-3,3-20,4-6,5-6,5-7.5,8-10,abaxially,acicular,acute,anther,apart,apex,apparently,articulated,bark,base,berry,branched,calyx,cell,chartaceous,cm,concolorous,connivent,cuneate,curved,densely,diameter,discolorous,drying,dull,elliptic,erect,filament,flattened-reniform,fruit,fruiting,gently,glabrous,inflorescence,lateral,leaf,length,lobe,lobed,long,margin,maturity,midpoint,minutely,mm,oblong,obovate,obtuse,orange-brown,outline,pair,pale,pedicel,peduncle,per,petiole,pit,poricidal,prickle,prickly,primary,raised,ray,red,red-brown,red-green,reticulate,shrub,simple,slender,small,smooth,sometimes,spaced,spherical,stellate-pubescent,stem,style,surface,tapering,terete,tip,tube,unarmed,vein,way,white,wide,yellow,yellow-green	-2,0-2,0-20,0.1,0.15-0.3,0.2-0.3,0.2-0.8,0.5-1.5,1,1-3,1/2-2/3,1/4-1/3,2-4,2-9,2/3-3/4,3-4,5-25,5-merous,6-8,7-9,abaxial,adaxial,alyx,apar,ape,apically,blade,difoliate,distance,eaf,eed,elongating,equal,extending,flower,foliaceous,free,geminat,glabrescent,glabrou,gra,hair,infructescence,lon,long-styled,longer,lower,mature,midvein,minute,narrow-deltate,narrow-ovate,nflorescence,obtu,occasionally,older,one,open,orolla,oung,patch,pendulous,perfect,pericarp,perpendicular,porrect,portion,prickl,rounded,ruit,scar,sessile,short-styled,side,spreading,stalk,stalked,staminate,stellate,straight,subsessile,tamen,tertiary,time,trichome,unit,usually,variously,vary,venation,visible,woody,ympodial	15-25,appearance,arrangement,border,branch,characteristic,colour,corolla,distal,exertion,form,giving,glabrousnes,gray,growth,height,history,interjected,leaflet,life,lobing,na,new,number,ovary,perennial,plant,pseudostipule,seed,shape,size,stigma,terminal,texture,thicknes,type,variation,width	.5,.7,.9,/5,0-1,0-10,0-3,0.2-0.4,0.3-0.6,0.4-0.8,0.5-2,0.7-1,0.7-2,0.8-1,1-1.1,1.5-2.4,2-3,2-6,2.2-2.3,2.5-4,2.7-3,3-20,4-6,5-6,5-7.5,8-10,abaxially,acicular,acute,apart,apparently,articulated,base,berry,branched,cell,chartaceous,cm,concolorous,connivent,cuneate,curved,densely,diameter,discolorous,drying,dull,elliptic,erect,flattened-reniform,gently,glabrous,lateral,lobed,long,maturity,minutely,mm,oblong,obovate,obtuse,orange-brown,outline,pair,pale,pit,poricidal,prickle,prickly,raised,red,red-brown,red-green,reticulate,shrub,simple,slender,small,smooth,sometimes,spaced,spherical,stellate-pubescent,tapering,terete,tip,unarmed,way,white,wide,yellow,yellow-green	15-25,gray,na,perennial
261	wfo-0001028963	success	197	151	92	109	88	42	87	5	/2,0-0.4,0-2,0.1-0.25,0.3-0.6,0.3-0.7,0.3-1,0.3-1.5,0.45-0.6,0.6-0.9,0.6-1,0.8-1.8,0.9-1.5,1/5,2-2.3,2-4,2-9,2.4-2.8,3.5-4.2,5-25,6-10,abaxially,acute,anther,apex,apically,apparently,articulated,attenuate,bark,base,berry,bright,broad-deltate,brown,calyx,cell,chartaceous,cm,concolorous,densely,diameter,discolorous,drying,dull,entire,erect,evenly,filament,flattened-reniform,fruiting,gray-green,green,herb,inflorescence,lanceolate,lateral,leaf,length,light,lobe,long,lower,margin,maturity,mauve,midpoint,mm,moderately,narrow-cuneate,narrow-elliptic,obtuse,orange,outline,pair,pale,pedicel,peduncle,per,petiole,pit,poricidal,primary,purple,raised,ray,red,shrub,simple,small,smooth,spherical,stellate-pubescent,stem,style,surface,tapering,terete,terminal,tip,tube,unarmed,unbranched,upper,vein,way,wide,yellow-orange,young	.5,0.1,0.1-0.2,0.15-0.3,1-4,1.5-2,1/,1/4-1/3,1/6,2-3,2-5,3-4.5,4-10,4-8,5-merous,7-8,alyx,apar,ape,becoming,blade,connivent,curved,cuspidat,deltate,difoliate,eaf,eed,elongating,equal,eye,flower,free,frui,geminat,glabrescent,glabrous,gra,herbaceous,infructescence,less,lobed,long-styled,longer,mature,naked,narrowly,nflorescence,occasionally,older,one,open,orolla,oung,pendulous,perfect,pericarp,porrect,portion,ruit,scar,sessile,short-styled,shorter,slender,slightly,spaced,spreading,stalk,stalked,staminate,stellate,straight,subsessile,tamen,tertiary,time,trichome,unarme,unit,usually,variously,vary,venation,visible,winged,woody,ympodial	1/2,appearance,arrangement,border,branch,bud,characteristic,colour,corolla,corrugation,cuspidate,distal,exertion,form,fruit,giving,glabrousnes,gray,growth,height,history,interjected,leaflet,life,lobing,na,new,number,ovary,perennial,plant,prickle,pseudostipule,seed,shape,size,stigma,texture,thicknes,type,variation,width	/2,0-0.4,0-2,0.1-0.25,0.3-0.6,0.3-0.7,0.3-1,0.3-1.5,0.45-0.6,0.6-0.9,0.6-1,0.8-1.8,0.9-1.5,1/5,2-2.3,2-4,2-9,2.4-2.8,3.5-4.2,5-25,6-10,abaxially,acute,apically,apparently,articulated,attenuate,base,berry,bright,broad-deltate,brown,cell,chartaceous,cm,concolorous,densely,diameter,discolorous,dull,entire,erect,evenly,flattened-reniform,gray-green,green,herb,lanceolate,lateral,light,long,lower,maturity,mauve,mm,moderately,narrow-cuneate,narrow-elliptic,obtuse,orange,outline,pair,pale,per,pit,poricidal,purple,raised,red,shrub,simple,small,smooth,spherical,stellate-pubescent,surface,tapering,terete,terminal,tip,unarmed,unbranched,upper,way,wide,yellow-orange,young	1/2,cuspidate,gray,na,perennial
262	wfo-0001028971	success	224	141	89	109	115	32	86	3	.1-0.2,0.1-0.4,0.2-0.5-0.8,0.25-0.6,0.4-0.9,0.8-2.5,1-2,1.75-2.5,10-15,15-30,2.2-3.5,2.5-3.5,20-35,3-14,3-6,4-5,4-9,5-10,6-16,6-9,acute,acute-,adaxially,anther,apex,appearance,attenuate,base,branched,broadly,calyx,campanulate,close,cm,coarsely,connivent,deltoid,dentate,diameter,erect,essentially,extra-axillary,farinaceous,filament,flower,form,frequently,fruit,glabrous,globose,inflorescence,invested,lanceolate,lateral,leaf,length,lenticular,linear-lanceolate,lobe,margin,midpoint,minutely,mixture,mm,narrowly,numerous,obtuse,often,orange,outline,ovate,ovate-lanceolate,pair,pedicel,peduncle,per,perennial,petiole,pitted,prickle,prickly,pubescent,ray,reniform-ovate,ripe,round-tipped,sericeous,sessile,short,side,simple,spreadingly,stellate,stellate-pubescent,stem,stigma,stipitate,style,surface,tan,thin-textured,trichome,truncate,tube,unbranched,usually,vein,white,x	-1.4,0.1-0.5,0.25-1.25,0.3-0.6,0.4-1.5,05-2.5,1-5,1.5-2.2,1.5-4,1/5-1/2,2-5,2-foliate,2.5-4.5,2.5-5,3-5,5-15,5-8,6-8.5,7-16,abaxially,adaxiall,along,also,apart,appearing,armed,articulated,ascending,axe,ba,bearing,becoming,blade,broad-based,capitat,cauline,compressed,cylindrical,delicate,densely,directed,distal,distall,eaf,eed,elongate,elongate-deltoid,entire,felty,felty-pubescent,female-sterile,geminat,grading,growt,hair,inserted,interlobal,largest,later,laterally,least,lignescent,like,lon,long,longer,longest,lower,major,manifestly,maturit,midrib,minute,much,multiseriate,nflorescence,occasionally,one,orolla,other,ovate-apiculate,persistent,pore,principal,rachi,reduced,ruit,scattered,short-stalked,shorter,similar,sinus,smaller,sometimes,spaced,sparse,spreading-hirsute,stalk,ste,stellae,tal,tamen,tem,termination,time,tooth-like,underdeveloped,unit,variable,variously,vary,well-developed,wide,yellow,ympodial	arrangement,bark,border,branch,bud,capitate,characteristic,colour,corolla,corrugation,exertion,fruiting,giving,glabrousnes,growth,height,herb,history,life,lobing,na,new,number,ovary,plant,primary,seed,shape,size,texture,type,width	.1-0.2,0.1-0.4,0.2-0.5-0.8,0.25-0.6,0.4-0.9,0.8-2.5,1-2,1.75-2.5,10-15,15-30,2.2-3.5,2.5-3.5,20-35,3-14,3-6,4-5,4-9,5-10,6-16,6-9,acute,acute-,adaxially,appearance,attenuate,branched,broadly,campanulate,close,cm,coarsely,connivent,deltoid,dentate,diameter,erect,essentially,extra-axillary,farinaceous,flower,frequently,fruit,glabrous,globose,invested,lanceolate,leaf,lenticular,linear-lanceolate,lobe,minutely,mixture,mm,narrowly,numerous,obtuse,often,orange,outline,ovate,ovate-lanceolate,pair,perennial,pitted,prickly,pubescent,reniform-ovate,ripe,round-tipped,sericeous,sessile,short,side,simple,spreadingly,stellate,stellate-pubescent,stipitate,tan,thin-textured,trichome,truncate,unbranched,usually,white,x	capitate,herb,na
263	wfo-0001028975	success	163	162	108	116	47	46	103	5	.5,0.1-1,1,1-3,1-5,1.2-1.5,1.5-1.8,1.5-2,3-10-flowered,3-3.5,3-6.5,5-ribbed,6-6.5,7.5-15,8-9,?,acuminate,acute,along,anther,anthesi,apex,appearing,area,bark,base,beneath,berry,broad,brown,calyx,cm,conical,conically,corolla,cup-shaped,dark,decurrent,densely,denser,dia,difoliate,elliptic,epidermi,erect,exserted,extension,filament,fruit,fruiting,glabrous,globose,golden,green,hyaline,immature,large-celled,late,lateral,leaf,length,like,lobe,lobed,long,main,margin,mere,minutely,mm,narrowly,nearly,older,once-furcate,opposite,ovary,ovoid-reniform,pair,pedicel,petiole,pitted,pubescent,reflexed,remaining,rib,shaped,shiny,shrub,simple,sinus,size,slender,small,somewhat,sparsely,stem,stigma,strongly,style,surface,tapering,tear-drop,tip,tree,triangular,trichome,tube,uniseriate,unit,upper,varying,vein,white,wide,x,young	.2,0.5-1,2.2-6,5.5-10,apart,closely,corky,deflexed,differing,eaf,edicel,eed,entire,equal,free,geminat,lon,lower,mainly,major,member,middle,minor,nflorescence,obscured,occasionally,one,papillo,pore,poricidal,portion,prominent,pubescenc,raised,reddi,ruit,scar,short,slightly,spaced,straight,tall,tub,ud,widest,woody,ympodial	appearance,arrangement,border,branch,bud,characteristic,colour,corrugation,diameter,distal,drying,exertion,form,geminate,giving,glabrousnes,growth,height,history,inflorescence,interjected,leaflet,life,lobing,midpoint,na,new,number,papillose,peduncle,per,plant,prickle,primary,pseudostipule,ray,reddish,seed,shape,sympodial,terminal,texture,thicknes,type,variation,width	.5,0.1-1,1,1-3,1-5,1.2-1.5,1.5-1.8,1.5-2,3-10-flowered,3-3.5,3-6.5,5-ribbed,6-6.5,7.5-15,8-9,?,acuminate,acute,along,anthesi,appearing,area,base,beneath,berry,broad,brown,calyx,cm,conical,conically,cup-shaped,dark,decurrent,densely,denser,dia,difoliate,elliptic,epidermi,erect,exserted,extension,glabrous,globose,golden,green,hyaline,immature,large-celled,late,lateral,leaf,length,like,lobe,lobed,long,main,mere,minutely,mm,narrowly,nearly,older,once-furcate,opposite,ovoid-reniform,pair,petiole,pitted,pubescent,reflexed,remaining,rib,shaped,shiny,shrub,simple,sinus,slender,small,somewhat,sparsely,stem,strongly,style,tapering,tear-drop,tip,tree,triangular,trichome,tube,uniseriate,unit,upper,varying,vein,white,wide,x,young	geminate,na,papillose,reddish,sympodial
264	wfo-0001028980	success	168	132	76	91	77	41	74	2	.5,1-1.2,1.2-1.8,1.5-1.8,1.5-2,1.5-6,2.5,3-4,3/4,4-5,5-6,6,6-8,7-12,acuminate,acute,anther,apex,bark,base,berry,black,calyx,capitate,cm,coarsely,conical,corolla,deflexed,dia,drying,elliptic,exserted,filament,flattened-reniform,fleshy,fruiting,furcate,glabrate,glabrous,glandular,globose,green,lateral,leaf,lobe,lobed,long,main,margin,minutely,mm,opposite,ovary,ovate,ovoid,pair,paler,pedicel,peduncle,petiole,pitted,pubescent,reddish,seed,shaped,sharply,shrub,simple,size,small,soon,speciman,stem,stigma,style,surface,tall,tear-drop,thick,tree,tube,type,usually,vein,way,white,woody,x,yellowish,young	.1,.75,/3,0.5-1.5,1.2-3,2.5-5,20-25-flowered,5-8,along,anthesi,apart,axil,basal,beginning,beneath,broadly,clearly,corky,cucullate,deltoid,densely,differentiated,differing,difoliate,dry,eaf,edicel,eed,expanded,extending,f,free,frui,geminat,impressed,incrassate,inflorescenc,lamina,lenticellat,like,lon,lower,m.,major,material,member,middle,minor,nflorescence,occasionally,older,one,pale,papillose,pit,planar,pore,poricidal,portion,prominent,reflexed,ruit,scar,scarious,shining,slightly,sparsely,strongly,tapering,ti,tip,trichome,ud,uniseriate,unit,widest,ympodial	alternate,appearance,arrangement,border,branch,bud,characteristic,colour,corrugation,diameter,distal,exertion,form,fruit,giving,glabrousnes,growth,height,history,inflorescence,interjected,leaflet,length,life,lobing,midpoint,na,new,number,per,plant,prickle,primary,pseudostipule,ray,shape,terminal,texture,thicknes,variation,width	.5,1-1.2,1.2-1.8,1.5-1.8,1.5-2,1.5-6,2.5,3-4,3/4,4-5,5-6,6,6-8,7-12,acuminate,acute,base,berry,black,calyx,capitate,cm,coarsely,conical,deflexed,dia,drying,elliptic,exserted,flattened-reniform,fleshy,furcate,glabrate,glabrous,glandular,globose,green,lateral,leaf,lobe,lobed,long,main,minutely,mm,opposite,ovate,ovoid,pair,paler,pitted,pubescent,reddish,shaped,sharply,shrub,simple,small,soon,speciman,stem,tall,tear-drop,thick,tree,type,usually,vein,way,white,woody,x,yellowish,young	alternate,na
265	wfo-0001028984	success	173	135	73	82	91	53	72	1	-3,0.5-1,1-1.7,1-2,1-6,1-9,1.2-4,1.5,10-20,15-35-65,2-16,2-2.5,2-3,4-6,4-6.3,acuminate,age,almost,also,apex,apical,axe,basal,base,calyx,chartaceous,cm,concave,cordate,densely,diameter,dilated,distally,eglandular,ellipsoid-fusiform,entire,flower,forked,fruit,glabrous,gland,globose,greenish,hair,lanceolate,lobe,long,margin,mm,moderately,obconical,obtuse,often,ovate,ovoid,pale,pedicel,peduncle,perfect,petiole,pilose,puberulent,pubescent-pilose,purple,rarely,shrub,simple,small,sparsely,stigma,strongly,style,subcoriaceous,tree,truncate,tube,turning,two,unbranched,unknown,x,yellow	-2,-2.5,-9,1-2-4-6,1-2.5,12-20,2-3-10-14,2-3-28,20-40,3-26,3-6,4-30,4-5,4-7,4-foliat,5-10,5-6,7-14,8-15,abaxially,abruptly,absen,acute,adaxially,adpressed,aggregate,apart,ape,articulated,blade,broad,broadly,campanulate,cell,color,connective,directed,eaf,eed,equalling,especially,exceeding,fleshy,glandular-puberulent,laterally,leaving,lon,longer,lower,minutely,narrowed,near,nflorescence,nther,orolla,papillose,pedicellar,pilo,pore,possibly,presence,present,puberulent-pubescent,pubescent-pilo,rachi,radiu,remnant,ripe,ruit,shorter,slightly,spaced,stamen,stone,swelling,tal,tem,thecae,time,tip,tomento,tomentose,toward,triangular,ud,unit,unknow,vary,violet,wide,ympodial	anther,appearance,arrangement,bark,border,branch,bud,characteristic,colour,corolla,corrugation,distal,drying,exertion,filament,form,fruiting,giving,glabrousnes,growth,height,history,inflorescence,interjected,lateral,leaf,leaflet,length,life,lobing,midpoint,na,new,number,ovary,per,plant,prickle,primary,pseudostipule,ray,seed,shape,size,stem,surface,terminal,texture,thicknes,type,variation,vein,width	-3,0.5-1,1-1.7,1-2,1-6,1-9,1.2-4,1.5,10-20,15-35-65,2-16,2-2.5,2-3,4-6,4-6.3,acuminate,age,almost,also,apex,apical,axe,basal,base,chartaceous,cm,concave,cordate,densely,dilated,distally,eglandular,ellipsoid-fusiform,entire,flower,forked,glabrous,gland,globose,greenish,hair,lanceolate,lobe,long,mm,moderately,obconical,obtuse,often,ovate,ovoid,pale,perfect,pilose,puberulent,pubescent-pilose,purple,rarely,shrub,simple,small,sparsely,strongly,subcoriaceous,tree,truncate,turning,two,unbranched,unknown,x,yellow	na
266	wfo-0001028997	success	136	115	77	85	51	30	73	4	0.5-0.7,0.8-1.1,1-1.2,1-1.5,2-2.5,2-3.5,3.3.5,4-4.5,4-angled,5-6,6-10,6-7,abaxially,acute,adaxially,anther,apex,appearing,area,attenuate,bark,base,berry,broadened,calyx,cm,conical,coriaceous,corolla,difoliate,dry,drying,elliptic,elliptic-obovate,erect,exserted,filament,filiform,flattened-reniform,fruiting,glabrous,globose,golden,green,height,later,lateral,leaf,lobed,main,margin,matte,merely,minutely,mm,mustard,nearly,opposite,ovary,pair,pale,papillose,pedicel,petiole,pitted,revolute,shaped,shiny,shrub,stem,stigma,strongly,style,surface,tan,tear-drop,terminal,trifoliate,tube,unknown,vein,white,x,yellow,young	.5,0.5-1,0.5-1.5,20-50-flowered,3-4,4-10,anthesi,apar,ba,branched,cucullate,deflexed,dia,eaf,edicel,eed,fragrant,free,geminat,glabrou,greenish-brow,incrassate,lobe,lon,long,lower,many,middle,nflorescence,older,partially,pericarp,pore,poricidal,portion,quadrate,ruit,scar,spaced,specimen,styl,thick,thickened,time,tip,tub,ud,unevenly,widest,woody,ympodia	0.5,arrangement,branch,bud,characteristic,colour,corrugation,diameter,exertion,form,fruit,glabrousnes,greenish-brown,growth,history,inflorescence,length,life,lobing,na,new,peduncle,plant,primary,seed,shape,size,sympodia,texture,type	0.5-0.7,0.8-1.1,1-1.2,1-1.5,2-2.5,2-3.5,3.3.5,4-4.5,4-angled,5-6,6-10,6-7,abaxially,acute,adaxially,apex,appearing,area,attenuate,base,berry,broadened,calyx,cm,conical,coriaceous,difoliate,dry,drying,elliptic,elliptic-obovate,erect,exserted,filiform,flattened-reniform,glabrous,globose,golden,green,later,lateral,leaf,lobed,main,margin,matte,merely,minutely,mm,mustard,nearly,opposite,pair,pale,papillose,pitted,revolute,shaped,shiny,shrub,strongly,style,tan,tear-drop,terminal,trifoliate,tube,unknown,vein,white,x,yellow,young	0.5,greenish-brown,na,sympodia
267	wfo-0001029003	success	207	157	101	118	89	39	98	3	0-6,0.5,1,1-2,1-3,1.2-1.9,1.2-2.5,1.5-2.3,11-32,12.2-30,2.5-10,2.5-7.5,3,3-20,3.5-7.5,4-8,5,5-10.5,5-12.5,7-15.5,7-9,abaxially,acuminate,adaxially,anther,apex,articulated,attenuate,axillary,base,berry,blue-violet,brownish,bud,cell,chartaceous,cm,condition,conical,connivent,corolla,covering,diameter,distal,drying,elliptic,filament,forked,fourth,fresh,fruit,generally,glabrous,green,green-white,greenish,hair,hair-like,half,herb,highly,interjected,lanceolate,lateral,leaf,leaflet,light,like,lobe,long,make,margin,medium,membranous,middle,minute,mm,mottled,mucilaginous,obtuse,odd-pinnate,ovoid,pale,pedicel,peduncle,petiole,plant,prostrate,proximal,pubescent,purple,rarely,ray,ripe,rounded,seed,size,sparsely,stem,stigma,straight,style,subcapitate,subglabrous,subtending,terminal,testal,thick,throughout,tube,usually,violet,wall,wet,whitish,wide,wing,x	0.3-0.5,0.4-3,1-10,1-2.5,1-5,13-36,2-6,3-5,5-merou,9-14,absent,acumen,ag,alyx,apart,apparently,axe,blade,capitat,ciliate,decreasing,digestion,dorsally,eaf,edge,eed,elongated,end,enzyme,equal,erec,especially,exceeding,flat,flower,folded,geminat,glabrou,gradually,hal,homostylous,honeycomb-shaped,larger,lengthening,living,lower,nflorescence,one,orbicular,orolla,ovate,pair,pentagonal,perfect,petiolule,pigmentation,placed,plurifoliate,pore,poricidal,removed,rotate,ruit,secondary,sessile,seudostipule,slightly,slit,sometimes,spaced,specimen,stamen,ste,stolo,subequal,symmetrical,tall,tamen,tem,tip,toward,tri-,tuber,typically,unit,vary,white,yellow,ympodial	appearance,arrangement,bark,border,branch,calyx,capitate,characteristic,colour,corrugation,erect,exertion,form,giving,glabrousnes,growth,height,history,inflorescence,length,life,lobing,midpoint,na,new,number,ovary,per,prickle,primary,pseudostipule,shape,surface,texture,thicknes,type,variation,vein,width	0-6,0.5,1,1-2,1-3,1.2-1.9,1.2-2.5,1.5-2.3,11-32,12.2-30,2.5-10,2.5-7.5,3,3-20,3.5-7.5,4-8,5,5-10.5,5-12.5,7-15.5,7-9,abaxially,acuminate,adaxially,articulated,attenuate,axillary,berry,blue-violet,brownish,bud,cell,chartaceous,cm,condition,conical,connivent,covering,distal,drying,elliptic,forked,fourth,fresh,generally,glabrous,green,green-white,greenish,hair,hair-like,half,herb,highly,lanceolate,lateral,light,like,long,make,medium,membranous,middle,minute,mm,mottled,mucilaginous,obtuse,odd-pinnate,ovoid,pale,plant,prostrate,proximal,pubescent,purple,rarely,ripe,rounded,seed,sparsely,stem,straight,subcapitate,subglabrous,subtending,terminal,testal,thick,throughout,usually,violet,wall,wet,whitish,wide,wing,x	capitate,erect,na
268	wfo-0001029006	success	217	151	108	124	93	27	106	2	-+,.5,0.2,0.4-2.5,0.5-2,0.5-4,1-1.5,1-5,1.2-1.5,1.8-2.2,10,10-20,2.5,4-6,5,7-8,<,>,acuminate,acute,adaxial,anther,anthesi,apex,area,articulated,asymmetrical,base,berry,bilobed,blackish,c.,calyx,chartaceous,cm,conical,connivent,corolla,deeply,diameter,drying,ellipsoid,elliptic,entire,exserted,filament,filiform,flattened,fruiting,glabrous,globose,green,groove,growth,inflated,inflorescence,later,lateral,lobe,lobed,long,loosely,margin,membranous,midrib,minute,minutely,mm,narrowly,nearly,new,nodding,oblique,occasionally,often,pair,pale,papillate,pedicel,peduncle,per,petiole,pinnatifid,pitted,primary,puberulent,pubescent,purple,purplish,reaching,reddish,reniform,ripe,sagittate,simple,size,sleeve,small,sometimes,somewhat,sparsely,spreading,stem,stigma,strongly,style,surface,tan,terminal,tip,trichome,truncate,tube,uniseriate,vein,vine,violet,way,white,within,woody,x,young,zig-zag	0.5,1,1-4,1/3,2-3,2-6,3.5-4,5-6,5-merou,50,7-9,abaxially,adaxiall,ag,age,along,alyx,apar,ark,axi,axil,basal,beyond,black,branched,bright,broadest,cell,clavat,deltate,dense,depending,eaf,eed,elongate,extending,flower,free,growing,ilament,intramarginal,irregular,irregularly,keeled,lamina,leaving,lengthening,lower,many,markedly,nflorescence,obvious,older,one,orolla,part,peg,pendan,pentagonal,perfect,pericarp,planar,plurifoliat,pore,poricidal,portion,puberulen,rotate-stellate,ruit,scar,shiny,slit,smaller,spaced,strong,sunligh,tem,testal,thin,time,tiny,tuft,twinin,twining,ud,unit,upper,usually,variable,variously,vary,widest,ympodial	arrangement,bark,branch,bud,cayx,characteristic,clavate,colour,corrugation,exertion,form,fruit,glabrousnes,height,history,leaf,length,life,lobing,na,number,ovary,plant,seed,shape,texture,type	-+,.5,0.2,0.4-2.5,0.5-2,0.5-4,1-1.5,1-5,1.2-1.5,1.8-2.2,10,10-20,2.5,4-6,5,7-8,<,>,acuminate,acute,adaxial,anther,anthesi,area,articulated,asymmetrical,base,berry,bilobed,blackish,c.,calyx,chartaceous,cm,conical,connivent,deeply,diameter,ellipsoid,elliptic,entire,exserted,filiform,flattened,glabrous,globose,green,groove,inflated,later,lateral,lobe,lobed,long,loosely,membranous,midrib,minute,minutely,mm,narrowly,nearly,nodding,oblique,occasionally,often,pair,pale,papillate,pinnatifid,pitted,puberulent,pubescent,purple,purplish,reaching,reddish,reniform,ripe,sagittate,simple,sleeve,small,sometimes,somewhat,sparsely,spreading,strongly,style,surface,tan,terminal,tip,trichome,truncate,tube,uniseriate,vine,violet,way,white,within,woody,x,young,zig-zag	clavate,na
269	wfo-0001029031	success	211	158	98	115	96	43	95	3	-8,.5-1.2,0.1-0.5,0.5-1.5,0.6-1.2,0.7-1.1,1-1.5,1-2,1-2.5,1-5,1-9.4-11.4,1.3-3.3,1.5-3.5,1.8-2.7,10,13.5,2-10.7,2-3,2-3.3,2-5,2.5-5.5,3-10,3-10-12.3,5-17,6-12,6-21,acuminate,acute,angle,anther,apex,base,becoming,berry,black,bluish,brown,calyx,capitate,chartaceous,cm,corolla,cuneate,deltate,densely,diameter,elliptic,elliptic-ovate,entire,erect,filament,flattened,fleshy,flower,fruit,fruiting,glabrescent,glabrous,globose,green,hair,held,immature,lateral,leaf,leaf-opposed,length,light,like,lobe,long,margin,midpoint,mm,oblong,obtuse,occasionally,outline,pedicel,peduncle,peltate,peltate-stellate,petiole,possibly,pseudoterminal,pubescent,rarely,ray,reniform,ripening,rounded,rugulose,sessile,short,shrub,side,simple,small,sparsely,stellate-pubescent,stem,stigma,strongly,style,suborbicular,surface,tree,trichome,tube,usually,vein,white,x,yellow,yellowish	.1-0.3,0-5,0.5,0.5-4,1-2.6-3.6,1-3,1.5-2.8,1.8-4,1/3,2.5-5.6,20-150,4-5-,4-7.5,abaxially,absent,accrescent,adaxiall,adaxially,ag,apart,apexacute,apparently,around,articulated,axe,ba,bilobe,blade,branched,center,connivent,covering,curved,cylindrical,denser,directed,distally,eaf,edge,eed,eglandula,eglandular,equal,farinose,forked,frui,fused,geminate,impressed,inserted,lanceolate,large,least,longitudinal,lower,major,many-foliate,midvein,nearly,nflorescence,opening,orange,orolla,paired,perfect,pore,porrect-stellate,prominent,pubescen,pubescence,rachi,ruit,short-stalked,silvery,slightly,slit,smaller,sometimes,somewhat,spaced,ste,stellate,straight,subtending,tall,tamen,tem,time,tip,unarme,unbranched,unit,vary,whitish,wide,ympodial	appearance,arrangement,bark,bilobed,border,branch,bud,characteristic,colour,corrugation,distal,drying,exertion,form,giving,glabrousnes,growth,height,history,inflorescence,interjected,leaflet,life,lobing,na,new,number,ovary,per,plant,prickle,primary,pseudostipule,seed,shape,size,terminal,texture,thicknes,type,unarmed,variation,width	-8,.5-1.2,0.1-0.5,0.5-1.5,0.6-1.2,0.7-1.1,1-1.5,1-2,1-2.5,1-5,1-9.4-11.4,1.3-3.3,1.5-3.5,1.8-2.7,10,13.5,2-10.7,2-3,2-3.3,2-5,2.5-5.5,3-10,3-10-12.3,5-17,6-12,6-21,acuminate,acute,angle,apex,becoming,berry,black,bluish,brown,capitate,chartaceous,cm,cuneate,deltate,densely,diameter,elliptic,elliptic-ovate,entire,erect,flattened,fleshy,flower,fruit,glabrescent,glabrous,globose,green,hair,held,immature,lateral,leaf-opposed,light,like,long,mm,oblong,obtuse,occasionally,outline,peltate,peltate-stellate,possibly,pseudoterminal,pubescent,rarely,reniform,ripening,rounded,rugulose,sessile,short,shrub,side,simple,small,sparsely,stellate-pubescent,stem,strongly,suborbicular,tree,trichome,usually,white,x,yellow,yellowish	bilobed,na,unarmed
270	wfo-0001029048	success	162	133	74	86	76	47	71	3	.5,/3,0.5,0.5-1.7,0.8-1,1,1-2,1-8,1.5-2,11,14,2,26,3-4,3.5-4,4-6,5-8,8-10,9-15,acuminate,anther,apex,arching,attenuate,base,berry,branch,broadly,calyx,cm,conical,corolla,decurrent,dia,elliptic,filament,filiform,fruiting,glabrous,globose,greenish-white,greenish-yellow,hanging,lateral,leaf,less,lobe,lobed,long,main,margin,matte,minutely,mm,obtuse,ovary,ovoid-reniform,pair,pale,papillose,pedicel,petiole,pitted,planar,puberulent,shaped,sharply,shrub,slender,slightly,small-capitate,stem,stigma,straight,style,surface,tan,tear-drop,thread-like,tip,tube,unifoliate,vein,way,winged,x	.01,.2,0.5-1,25,3-7,angle,another,anthesi,apar,apparent,basal,bearing,becoming,beneath,bicellular,blade,bright,eaf,edicel,eed,elongated,except,expanded,f,flower,free,geminate,glabrate,golden,greatly,green,greenish-yello,hispidulous,incrassate,like,live,lower,middle,midrib,minute,much,nflorescence,node,non-reproductive,obovoid,older,one,opposite,papillo,parallel,pore,poricidal,portion,reflexed,right,ripe,rounded,ruit,scar,somewhat,spaced,specimen,tall,tapering,time,translucent,trichome,ud,unevenly,uni-,unit,widely,widest,ympodial,young,zig-zag	appearance,arrangement,bark,border,bud,characteristic,colour,corrugation,decument,diameter,distal,drying,exertion,form,fruit,giving,glabrousnes,growth,height,history,inflorescence,interjected,leaflet,length,life,lobing,midpoint,na,new,number,peduncle,per,perennial,plant,prickle,primary,pseudostipule,ray,seed,shape,size,terminal,texture,thicknes,type,variation,width	.5,/3,0.5,0.5-1.7,0.8-1,1,1-2,1-8,1.5-2,11,14,2,26,3-4,3.5-4,4-6,5-8,8-10,9-15,acuminate,arching,attenuate,base,berry,broadly,cm,conical,decurrent,dia,elliptic,filiform,glabrous,globose,greenish-white,greenish-yellow,hanging,lateral,leaf,less,lobed,long,main,matte,minutely,mm,obtuse,ovoid-reniform,pair,pale,papillose,petiole,pitted,planar,puberulent,shaped,sharply,shrub,slender,slightly,small-capitate,stem,straight,tan,tear-drop,thread-like,tip,unifoliate,vein,way,winged,x	decument,na,perennial
271	wfo-0001029055	success	169	110	46	63	106	47	42	4	0.4-1.5,1-4,1-5,1.8-3.5,14-50,2.2-3,2.5-8,3-10,4-10,4-6,5.5-9,8-9,9-22,acuminate,acute,apex,articulate,base,branched,calyx,cm,cordate,corolla,cuneate,cyme,diameter,dichasial,dichasially,distal,ebracteate,elliptical,filament,green,green-white,herbaceous,interjected,lateral,leaf,leaflet,lobe,long,long-attenuate,mm,monochasial,mucilaginous,oblique,odd-pinnate,ovate,ovoid,pedicel,peduncle,perennial,petiole,pilose,plant,pubescent,seed,size,stigma,style,terminal,triangular,type	1-2.6,1.6-3.5,1.7-2.2,2-1.,2-3,2-4,3,3-6,3-6-foliat,4-7,5-24,6-14,abaxially,acumen,adaxially,apical,apically,attenuate,cell,connate,covered,covering,dark,decurrent,dehiscent,densely,digestion,diminishing,dorsally,eaf,edge,eed,elliptcal,emoval,enzyme,exceeding,first,flat,flower,folded,forked,generally,gland,globo,hair,hair-like,half,honeycomb,introrse,living,lon,longer,longitudional,lower,lunat,make,maturing,near,nflorescence,nther,often,orolla,outline,pair,pattern,pentagonal,perfect,plan,poricidally,proximal,purple,rarely,reveal,rotate,ruit,second,sessile,seudostipule,short,short-petiolate,short-stalked,slit,sometimes,specimen,spreading,stamen,straight,stripe,tal,tem,testal,thick,throughout,time,toward,tuber-bearing,typically,unit,vary,wall,whit,wide,widest,yellow,ympodial,¼	2-11,anther,appearance,arrangement,bark,border,branch,bud,characteristic,colour,corrugation,drying,exertion,form,fruit,fruiting,giving,glabrousnes,globose,growth,height,history,inflorescence,length,life,lobing,margin,midpoint,na,new,number,ovary,per,prickle,primary,pseudostipule,ray,shape,stem,surface,texture,thicknes,tube,variation,vein,white,width	0.4-1.5,1-4,1-5,1.8-3.5,14-50,2.2-3,2.5-8,3-10,4-10,4-6,5.5-9,8-9,9-22,acuminate,acute,articulate,branched,cm,cordate,cuneate,cyme,dichasial,dichasially,ebracteate,elliptical,green,green-white,herbaceous,lobe,long,long-attenuate,mm,monochasial,mucilaginous,oblique,odd-pinnate,ovate,ovoid,perennial,pilose,pubescent,triangular	2-11,globose,na,white
272	wfo-0001029059	invalid_json	199	102	NA	80	119	22	NA	NA	.5,0.1-1,0.2,1-1.5,1-4,1-6,1.2-3,1.3-1.7,1.5-2,1.5-2.8,10-19,2.5,3-3.5,3-6.5,3.5-8,4-10.5,5-15-flowered,7-9,along,anther,apiculate,bark,base,berry,calyx,clavate,cm,corolla,deltoid,densely,dia,dirty,elliptic,flattened-reniform,fruiting,glabrous,globose,hispidulous,inflorescence,leaf,long,minor,minute,minutely,mm,nearly,occasionally,orbiculate,ovary,pale,papillose,pedicel,petiole,purplish,ripe,shallowly,shape,shaped,shrub,simple,size,slender,small,stem,stigma,style,tapering,tear-drop,tinge,tree,trichome,tube,unicellular,uniseriate,vein,waxy,white,x,yellowish-green,yellowish-tan	0.1-0.5,0.2-0.5,0.5,0.5-1,1-1.2,1-3,3.5-6,5,6-10,acute,anisophyllou,anthesi,apar,ape,apex,apiculae,arising,beneath,bout,branched,bud,closely,coiba,connivent,cordate,covered,cuneate,de,deep,deflexed,dense,differing,difoliate,eaf,edicel,eed,ellipsoid,expanded,exserted,extending,extremely,filament,foetid,free,geminate,glabrate,greatly,impressed,incrassate,interpetalar,isla,lamina,lateral,lobe,lobed,lon,longest,lower,main,major,margin,member,membranous,middle,narrowly,nflorescence,oblique,often,older,one,opposite,orange,orangish-yellow,pair,paler,panama,papillo,partially,pitted,planar,pointed,population,pore,poricidal,portion,prominent,pubescence,pubescent,reddish-gre,rest,rounded,ruit,scar,sinus,somewhat,soon,spaced,sparse,specimen,straight,surface,tall,terminal,thickened,ti,tightly,tip,triangular,ud,underside,unit,usually,variable,wide,widest,woody,yellowish,ympodial,young	abaxial,adaxial,alternate,arrangement,characteristic,colour,diameter,form,fruit,growth,height,history,length,life,lobing,perennial,plant,reddish-grey,seed,texture,type,value	NA	NA
273	wfo-0001029072	success	233	146	89	111	122	35	85	4	.5,0.4-0.9,0.5-2,0.8-1.5,00-200,1-1.2,1-1.5,1-25,1.5-2.6,1.5-3.2,1/3,1/4-1/2,12-19,2-7,2.2-2.5,2.2-3.2,2.5-3.5,2.5-3.8,2.5-4.5,3-20,3-5,4.2-6.5,4.5-9,5-7,7-15,8-27,acute,anther,apex,apparently,bark,base,berry,bright,calyx,chartaceous,cm,conical,connivent,cordate,cuneate,curved,densely,diameter,dirty,discolorous,distal,drying,dull,erect,filament,flattened,flattened-reniform,flower,fruit,fruiting,glabrous,green-brown,herb,lateral,leaf,length,lobe,lobed,long,long-styled,lower,margin,maturity,mauve,midpoint,mm,moderately,orange-brown,ovate,pair,pale,pedicel,peduncle,pendent,per,petiole,plant,poricidal,prickle,prickly,primary,ray,reflexed,rounded,short-styled,shrub,simple,sometimes,spherical,stellate-pubescent,stem,strongly,style,surface,tapering,terminal,tip,tube,upper,vein,way,weakly,white,wide,yellow	-15,/6,0,0-2,0-20,0-4,0-8,0.1-0.4,0.2-0.3,0.2-0.4,0.3,0.5-3,0.7,0.8-2.5,1,1-3,1.5-2.5,1/4-1/3,1/4-1/3-1/2,2-10,2-5,2-8,20-50,3-10,3-50,3-8,3.5-6,3/,4-10,4-5-merous,5-10,5-50,5-9,7-10,8-20,abaxial,abaxially,adaxial,adaxially,alyx,ame,andromonoecious,angled,apar,apart,apically,articulated,blade,branched,broad-deltate,broadly,c.,clearly,cream,dark,deltate,distance,eaf,eed,elongated,elongating,equal,extending,free,gently,gra,green,hermaphrodite,heterostylous,infructescence,least,longer,longitudinal,lowermost,marking,mature,midvein,multangulate,narrow-deltate,nflorescence,obtu,older,one,open,orolla,oung,pendulous,pericarp,plurifoliat,porrect,portion,prickl,raised,ridge,ruit,scar,sessile,side,smooth,spaced,sparsely,spreading,stalk,stalked,staminat,stellate,stout,straight,tamen,tertiary,time,trichome,unarmed,unit,variously,vary,venation,visible,whitish,woody,ympodial,young	3/4,arrangement,branch,bud,characteristic,colour,corolla,corrugation,exertion,form,glabrousnes,gray,growth,height,history,inflorescence,interjected,leaflet,life,lobing,na,new,number,ovary,perennial,pseudostipule,seed,shape,size,stigma,texture,thicknes,type,variation,width	.5,0.4-0.9,0.5-2,0.8-1.5,00-200,1-1.2,1-1.5,1-25,1.5-2.6,1.5-3.2,1/3,1/4-1/2,12-19,2-7,2.2-2.5,2.2-3.2,2.5-3.5,2.5-3.8,2.5-4.5,3-20,3-5,4.2-6.5,4.5-9,5-7,7-15,8-27,acute,apparently,base,berry,bright,chartaceous,cm,conical,connivent,cordate,cuneate,curved,densely,diameter,dirty,discolorous,dull,erect,flattened,flattened-reniform,flower,glabrous,green-brown,herb,lateral,lobed,long,long-styled,lower,maturity,mauve,mm,moderately,orange-brown,ovate,pair,pale,pendent,per,poricidal,prickly,reflexed,rounded,short-styled,shrub,simple,sometimes,spherical,stellate-pubescent,strongly,tapering,terminal,tip,upper,way,weakly,white,wide,yellow	3/4,gray,na,perennial
274	wfo-0001029073	success	211	142	99	118	93	24	96	3	0.3-1,0.5,0.6-2,1-1.2,1-1.5,1-2.5,1.1-1.5,1.5-2,10-16,2,2-3,2/3,3.5-9,4-6,5-6,5-8,6-9,7-10,acuminate,acute,anther,anthesi,apex,armed,bark,base,berry,broad-based,brown,calyx,chartaceous,cm,corolla,curved,dark,darker,dense,densely,diameter,dimorphic,drying,elliptic,entire,equal,exserted,filament,flattened,fruiting,glabrous,globose,golden,growth,hooked,inflorescence,internodal,lanceolate,leaf,length,lobed,long,margin,maturity,midpoint,minutely,mm,narrowly,new,nodding,oblique,occasionally,opposite,orange,pair,pale,papillose,pedicel,peduncle,per,petiole,porrect,prickle,primary,pubescent,purple,ray,reniform,reticulate,sessile,shallowly,short-stalked,shrub,simple,sinuate,slightly,somewhat,sparsely,stellate,stem,stigma,straight,strongly,style,surface,tan,tapering,tip,trichome,truncate,tube,unequally,vein,way,whitish,woody,x,yellow,yellowish,½	.5,.7,0.5-1,0.6-0.7,1-3,1.2-1.6,10-15,2-4,4-5,5-merous,8-14,abaxially,adaxially,along,another,apart,articulated,away,awn-like,ba,basal,beneath,cell,conical,cream,difoliate,discolorous,eaf,eed,enlarged,erect,except,flower,four,free,frui,geminat,gre,interpetalar,lamina,lengthening,like,linear,lobe,long-styled,lower,midvein,mixture,multangulate,nflorescence,older,one,paler,perfect,pericarp,planar,plurifoliate,pore,poricidal,portion,prickly,pubescence,rectangular,ruit,scar,shiny,short,shorter,slit,sometimes,spaced,splitting,styled,testal,thin,three,ti,tissue,triangular,two,ud,unarmed,underside,unequal,unisexual,unit,upper,upward,visible,wall,wide,ympodial,zygomorphic	arrangement,bud,characteristic,colour,exertion,form,fruit,glabrousnes,grey,height,history,lateral,life,lobing,na,number,ovary,perennial,plant,seed,shape,size,texture,type	0.3-1,0.5,0.6-2,1-1.2,1-1.5,1-2.5,1.1-1.5,1.5-2,10-16,2,2-3,2/3,3.5-9,4-6,5-6,5-8,6-9,7-10,acuminate,acute,anthesi,apex,armed,base,berry,broad-based,brown,calyx,chartaceous,cm,curved,dark,darker,dense,densely,diameter,dimorphic,elliptic,entire,equal,exserted,flattened,glabrous,globose,golden,hooked,internodal,lanceolate,leaf,lobed,long,maturity,midpoint,minutely,mm,narrowly,nodding,oblique,occasionally,opposite,orange,pair,pale,papillose,per,porrect,pubescent,purple,reniform,reticulate,sessile,shallowly,short-stalked,shrub,simple,sinuate,slightly,somewhat,sparsely,stellate,straight,strongly,tan,tapering,tip,trichome,truncate,tube,unequally,way,whitish,woody,x,yellow,yellowish,½	grey,na,perennial
275	wfo-0001029074	success	173	147	89	109	64	38	88	1	.1,.5,0,0.2-1,0.3-0.8,0.5-1,0.5-1.2,0.7-0.8,1,1-1.2,1-2,1-3-6,1.4-1.8,1.5-2,1.5-4,11,2-2.3,2-4,2-7,3.5-5,5-7,acute,anther,apart,apex,bark,base,berry,black,broadly,calyx,capitate,cm,conical,corolla,cuneate,densely,diameter,ellipsoid,entire,exerted,filament,flattened,flower,fruiting,glabrous,globose,green,grey,growth,herb,immature,internodal,lacking,leaf,less,lignescent,like,lobe,margin,midpoint,minutely,mm,new,opposite,ovary,ovate,pair,pale,pedicel,peduncle,per,petiole,pitted,poricidal,primary,prominent,pubescent,purplish,ray,reniform,ripening,rounded,sagittate,simple,small,sparsely,stalked,stellate,stem,stigma,strongly,style,subshrub,surface,tip,triangular,trichome,truncate,tube,underside,uniformly,vein,way,white,x,yellow,yellowish,¾	0.3-0.4,0.7-0.95,1-1.5,2-5,3-,5-6,abaxially,absent,adaxially,age,almost,along,anthesi,apparently,appearing,articulation,basa,deflexed,denser,eaf,eed,expanding,free,frui,glabrescen,lengthening,lobed,longest,lower,markedly,midvein,mixture,nflorescence,obscuring,often,older,papillat,perfect,pericarp,petal,planar,plurifoliat,pore,portion,pulp,reflexed,ruit,scar,scattered,sessile,slit,somewhat,stalk,stellate-pubescent,swollen,thin,tub,ud,uniseriate,unit,usually,watery,woody,ympodial	appearance,arrangement,border,branch,bud,characteristic,colour,corrugation,distal,drying,exertion,form,fruit,giving,glabrousnes,height,history,inflorescence,interjected,lateral,leaflet,length,life,lobing,na,number,plant,prickle,pseudostipule,seed,shape,size,terminal,texture,thicknes,type,variation,width	.1,.5,0,0.2-1,0.3-0.8,0.5-1,0.5-1.2,0.7-0.8,1,1-1.2,1-2,1-3-6,1.4-1.8,1.5-2,1.5-4,11,2-2.3,2-4,2-7,3.5-5,5-7,acute,apart,apex,base,berry,black,broadly,calyx,capitate,cm,conical,cuneate,densely,diameter,ellipsoid,entire,exerted,flattened,flower,glabrous,globose,green,grey,herb,immature,internodal,lacking,leaf,less,lignescent,like,minutely,mm,opposite,ovate,pair,pale,per,pitted,poricidal,prominent,pubescent,purplish,reniform,ripening,rounded,sagittate,simple,small,sparsely,stalked,stellate,strongly,subshrub,tip,triangular,trichome,truncate,tube,underside,uniformly,way,white,x,yellow,yellowish,¾	na
276	wfo-0001029075	success	217	171	116	130	87	41	113	3	.3,.5,0-8,0.8-1.2,0.8-1.5,1-2,1-2.5,10-20,2-5,2.5-3,2.7-4.2,30-60,4-10,4-14,4-7,4.5-6.5,5-8,5-8.5,6-12,7-17,7-9,8-9,abaxially,abruptly,acumen,adaxially,anther,apex,attenuate-acuminate,atypically,axillary,base,berry,broadly,brown,brownish,bud,canescent,cell,cm,condition,connivent,corolla,covering,cuneate,dark,densely,diameter,distal,dorsally,dot,drying,erect,filament,flat,flecked,flower,folded,forked,fresh,fruit,generally,glabrescent,glabrous,glandular-pilose,glandular-puberulent,gray-green,green,green-white,greenish,hair-like,half,herb,interjected,lanceolate,lateral,leaf,leaflet,light,lobe,long,long-spatulate,make,margin,mm,mucilaginous,narrowed,odd-pinnate,ovoid,pedicel,peduncle,petal,petiole,plant,pointed,poricidal,pubescent,purple,rounded,seed,short,size,small,sometimes,stem,stigma,style,subobtuse,subquadrate,subtending,terminal,testal,thick,throughout,tip,tube,unwinged,upper,usually,wall,wet,white,whitish,whitish-gray,wide,woody,x,yellow,yellow-green,yellowish-white	0-3,0.5-0.8,1-10,1-3,2-4,4-5,5-10,5-merou,ag,along,alyx,apart,apparently,articulated,axe,blade,ciliate,clavifor,decreasing,decurrent,digestion,eaf,edge,eed,elliptic-lanceolate,end,enzyme,erect-ascendin,especially,etota,exceeding,geminat,glabrou,gradually,greatly,hair,homostylous,honeycomb-shaped,larger,lengthening,like,living,lower,middl,midrib,minutely,narrowly,nflorescence,orbicular,orne,orolla,ovate,pair,pentagonal,perfect,petiolulate,petiolule,plurifoliate,pore,puberulent,rachi,removed,ruit,sec,sessile,seudostipule,singly,slightly,slit,spaced,specimen,stamen,ste,stolo,straight,subequal,substellate,tall,tamen,tem,toward,tri-,tuber,typically,unit,vary,ympodial	appearance,arrangement,bark,border,branch,calyx,characteristic,claviform,colour,corrugation,erect-ascending,exertion,form,fruiting,giving,glabrousnes,growth,height,history,inflorescence,length,life,lobing,midpoint,na,new,number,ovary,per,prickle,primary,pseudostipule,ray,shape,surface,texture,thicknes,type,variation,vein,width	.3,.5,0-8,0.8-1.2,0.8-1.5,1-2,1-2.5,10-20,2-5,2.5-3,2.7-4.2,30-60,4-10,4-14,4-7,4.5-6.5,5-8,5-8.5,6-12,7-17,7-9,8-9,abaxially,abruptly,acumen,adaxially,attenuate-acuminate,atypically,axillary,berry,broadly,brown,brownish,bud,canescent,cell,cm,condition,connivent,covering,cuneate,dark,densely,distal,dorsally,dot,drying,erect,flat,flecked,flower,folded,forked,fresh,generally,glabrescent,glabrous,glandular-pilose,glandular-puberulent,gray-green,green,green-white,greenish,hair-like,half,herb,lanceolate,lateral,light,lobe,long,long-spatulate,make,mm,mucilaginous,narrowed,odd-pinnate,ovoid,petal,plant,pointed,poricidal,pubescent,purple,rounded,seed,short,small,sometimes,stem,subobtuse,subquadrate,subtending,terminal,testal,thick,throughout,tip,tube,unwinged,upper,usually,wall,wet,white,whitish,whitish-gray,wide,woody,x,yellow,yellow-green,yellowish-white	claviform,erect-ascending,na
277	wfo-0001029084	success	192	150	93	108	84	42	89	4	.5,0.8-2,0.8-2.1,1-2,1.1-2.2,1.5-2.5,10-50,2-3.5,2-5,3-6,3.5-7.5,3.5-8,4-17,4-7,4.5-10,5,6-13,7-9,8-23,absent,acuminate,anther,apex,apparently,articulated,axe,axillary,base,berry,brownish,bud,cell,chartaceous,cm,condition,conical,connivent,corolla,covering,diameter,distal,drying,filament,flower,forked,fresh,fruit,generally,glabrous,green,green-white,greenish,hair-like,half,herb,interjected,lanceolate,lateral,leaf,leaflet,light,lilac,lobe,long,make,margin,middle,minute,mm,mottled,mucilaginous,narrow,odd-pinnate,ovate-lanceolate,ovoid,pedicel,peduncle,perfect,petiole,petiolule,pilose,plant,proximal,pubescent,purple,ray,ripe,seed,size,sparsely,stigma,style,subglabrous,subsessile,subtending,terminal,testal,thick,throughout,tube,unwinged,usually,wall,wet,whitish,wide,wing,x	1-10,1-3,1-4,2-4,4.5-6.5,5-7,5-merou,abaxially,acumen,adaxially,ag,along,alyx,apart,arranged,bead,blade,capitat,ciliate,darker,decreasing,digestion,dorsally,eaf,edge,eed,enzyme,especially,exceeding,flat,folded,geminat,glabrou,gradually,homostylous,honeycomb-shaped,interpetalar,larger,lengthening,like,living,lon,lower,midrib,minutely,moniliform,multiple,necklace,nflorescence,obtuse,orolla,pair,plurifoliate,pore,poricidal,puberulent,removed,rotate,ruit,secondary,semierec,seudostipule,slit,spaced,specimen,stamen,stolon,subequal,subglabrou,symmetrical,tall,tamen,tem,thir,tip,tissue,toward,tri-,tuber,typically,unit,vary,yellow,ympodial	appearance,arrangement,bark,border,branch,calyx,capitate,characteristic,colour,corrugation,exertion,form,fruiting,giving,glabrousnes,growth,height,history,inflorescence,length,life,lobing,midpoint,na,new,number,ovary,per,prickle,primary,pseudostipule,semierect,shape,stem,surface,texture,thicknes,third,type,variation,vein,width	.5,0.8-2,0.8-2.1,1-2,1.1-2.2,1.5-2.5,10-50,2-3.5,2-5,3-6,3.5-7.5,3.5-8,4-17,4-7,4.5-10,5,6-13,7-9,8-23,absent,acuminate,apparently,articulated,axe,axillary,berry,brownish,bud,cell,chartaceous,cm,condition,conical,connivent,covering,distal,drying,flower,forked,fresh,fruit,generally,glabrous,green,green-white,greenish,hair-like,half,herb,lanceolate,lateral,light,lilac,long,make,middle,minute,mm,mottled,mucilaginous,narrow,odd-pinnate,ovate-lanceolate,ovoid,perfect,petiolule,pilose,plant,proximal,pubescent,purple,ripe,seed,sparsely,subglabrous,subsessile,subtending,terminal,testal,thick,throughout,unwinged,usually,wall,wet,whitish,wide,wing,x	capitate,na,semierect,third
278	wfo-0001029088	success	149	138	79	90	59	48	76	3	.2,.3,0.6–3.2,1.3–4.5,1.5–2,1.5–3,15–25,1–1.6,1–3,25–30,2–2.5,2–3,3.5–7,3.5–8,3–16,4–8,5,6-10,acuminate,acute,anther,apex,base,berry,bronze-brown,calyx,capitate,cm,cordate,diameter,emarginate,entire,extra-axillary,filament,flattened,fleshy,flower,fruit,fruiting,glabrous,greenish-brown,half,herbaceous,immature,lanceolate,leaf,lenticular,light,lobe,long,lower,margin,mature,minutely,mm,moderately,narrowly,near,obtuse,ovoid-rhomboid,palmate,papillose,pedicel,peduncle,petiole,primary,purplish,reddish-brown,revolute,rounded,rugose,sand-punctate,shortly,simple,slender,slightly,somewhat,sparsely,stigma,style,surface,tip,truncate,tube,unbranched,vein,vine,white,x,–7	0.1,0.9–1.5,1–1.2,1–1.5,2-lobe,2.5–20,2.5–4.2,5-merous,5–8,<,abaxially,accrescent,adaxially,alyx,apar,apicall,axe,blade,c.,ciliate,climbing,cylindrical,densely,eaf,eed,flavor,fragrant,glabrou,groun,hair,heavy,juicy,m.,membranous,nflorescence,nternode,orolla,perfec,plurifoliat,pubescent,rachi,ruit,scent,spaced,stellate,stout,straight,strongly,swee,sweet,tamen,tem,terrestrial,truncate-acuminat,unit,vary,venation,wider,ympodial	2-lobed,appearance,arrangement,bark,border,branch,bud,characteristic,colour,corolla,corrugation,distal,drying,exertion,form,giving,glabrousnes,green,growth,height,history,inflorescence,interjected,lateral,leaflet,length,life,lobing,midpoint,na,new,number,ovary,per,plant,prickle,pseudostipule,ray,seed,shape,size,stem,terminal,texture,thicknes,type,variation,width	.2,.3,0.6–3.2,1.3–4.5,1.5–2,1.5–3,15–25,1–1.6,1–3,25–30,2–2.5,2–3,3.5–7,3.5–8,3–16,4–8,5,6-10,acuminate,acute,apex,berry,bronze-brown,capitate,cm,cordate,diameter,emarginate,entire,extra-axillary,flattened,fleshy,flower,fruit,glabrous,greenish-brown,half,herbaceous,immature,lanceolate,leaf,lenticular,light,long,lower,mature,minutely,mm,moderately,narrowly,near,obtuse,ovoid-rhomboid,palmate,papillose,primary,purplish,reddish-brown,revolute,rounded,rugose,sand-punctate,shortly,simple,slender,slightly,somewhat,sparsely,tip,truncate,unbranched,vein,vine,white,x,–7	2-lobed,green,na
279	wfo-0001029089	success	177	156	103	113	64	43	100	3	.75,/4,0.1-0.25,0.5-0.6,0.5-1,0.8-1,1,1-1.5,1.5-2,1.5-6,10-25,4.5-5,5-10,5-20-flowered,5-9,6-7,abrupt,acute,anther,apex,apiculate,bark,base,beneath,berry,bilobed,bud,calyx,campanulate,caniculate,cm,completely,corolla,covered,cracking,dark,decurrent,densely,dia,difoliate,drying,elliptic,enclosed,expand,exserted,filament,flattened-reniform,fruiting,furcate,glabrous,globose,golden,green,impressed,incrassate,later,lateral,leaf,like,lobe,lobed,long,margin,minutely,mm,obovoid,occasionally,opposite,ovary,papillose,part,pedicel,peeling,persistent,petiole,pinkish,pitted,pore,poricidal,primary,prominent,pubescent,purplish,reddish-grey,resinous,rounded,secretion,shaped,shiny,shrub,simple,size,slightly,small,somewhat,stem,stigma,style,surface,tan,tapering,tear-drop,tip,tree,tube,unit,varnish,vein,way,white,widening,x,young	.5,0.8-1.2,1/2,2.5-3.5,5-6,8-9,along,anthesi,apart,axil,ba,beginning,branched,closely,covering,deflexed,differing,eaf,edicel,eed,either,entire,erect,free,geminat,glabrou,inflorescenc,lamina,lon,lower,main,major,material,member,middle,minor,nflorescence,older,one,otherwise,overlapping,pair,papillo,planar,portion,resinou,rounded-deltoid,ruit,scar,smooth,spaced,still,straight,tall,trichome,tub,ud,underside,uniseriate,usually,varnished,widest,woody,ympodial	appearance,arrangement,border,branch,characteristic,colour,corrugation,diameter,distal,exertion,form,fruit,geminate,giving,glabrousnes,growth,height,history,inflorescence,interjected,leaflet,length,life,lobing,midpoint,na,new,number,peduncle,per,plant,prickle,pseudostipule,ray,seed,shape,sympodial,terminal,texture,thicknes,type,variation,width	.75,/4,0.1-0.25,0.5-0.6,0.5-1,0.8-1,1,1-1.5,1.5-2,1.5-6,10-25,4.5-5,5-10,5-20-flowered,5-9,6-7,abrupt,acute,apiculate,base,beneath,berry,bilobed,bud,calyx,campanulate,caniculate,cm,completely,corolla,covered,cracking,dark,decurrent,densely,dia,difoliate,drying,elliptic,enclosed,expand,exserted,flattened-reniform,furcate,glabrous,globose,golden,green,impressed,incrassate,later,leaf,like,lobed,long,margin,minutely,mm,obovoid,occasionally,opposite,papillose,part,peeling,persistent,petiole,pinkish,pitted,pore,poricidal,prominent,pubescent,purplish,reddish-grey,resinous,rounded,secretion,shaped,shiny,shrub,simple,slightly,small,somewhat,stem,style,surface,tan,tapering,tear-drop,tip,tree,tube,unit,varnish,way,white,widening,x,young	geminate,na,sympodial
280	wfo-0001029091	success	207	129	70	87	120	42	68	2	-4,-4.5,1-2,1.5-2,1.5-2-3,10,170-210,2-2.5,2-3,2.5-4,3,3-11-lobed,3-4,7-8,acuminate,acute,anther,apex,base,berry,broadly,buff,calyx,capitate,cm,colour,corolla,cuneate,cyme,dia,discoidal,ellipsoid,elliptic,erect,filament,flattened,flower,flushed,fruiting,giving,globose,globular,grey,intense,irregular,irregularly,larger,lateral,leaf,light,lobe,long,minutely,mm,oblong,obovate,ochre-yellow,ovate,overlain,ovoid,pale,pattern,pedicel,peduncle,pentagonal,petiolate,petiole,pubescent,reddish-purple,reticulate-concentric,ridge,ridged,several,shortly,shrub,slightly,soft-wooded,sparsely,speckled,stellate-rotate,stem,stigma,style,surface,transverse,violet-purple,year	0.3-0.5-0.8-1,0.5-1,1,1-10,10-20,10-toothed,15-40,2-12,20-30,3-5-7-15,46/1,5,635/1,age,appearing,aromatic,articulated,articulation,aspect,axil,ba,becoming,blunt,bluntly,brownish,campanulate,cell,clonal,close,common,conspicuous,cut,dark,deeply,develop,developed,downward,eed,effect,emarginated,exceeding,exerted,floral,fork,forked,fresh,general,glandular,gree,growing,hair,half,interacuminal,juvenile,lacking,lasting,later,lavende,lavender,lengthening,line,linear,linear-lanceolate,long-triangular,lower,may,mid-vein,mineral,narrowly,nflorescence,obscure,occasionally,ower,pedicellate,petiol,plurifoliat,point,pore,poricidal,rachi,raised,readily,relatively,rh,ripe,rounded,ruit,scarcely,separate,shallowly,shed,sigmoid,simple,sinus,slender,slit,soft,soon,stone,straggly,subulate,succulent,swollen,tall,tip,tissue,toward,triangular,tub,ud,unit,upper,usually,violet,well,winged,without,woody,x,ympodial	appearance,arrangement,bark,border,branch,bud,characteristic,diameter,drying,duration,form,fruit,glabrousnes,growth,height,history,inflorescence,length,life,lobing,margin,midpoint,na,new,number,per,plant,plurifoliate,prickle,primary,pseudostipule,pubescence,ray,seed,shape,size,texture,thicknes,type,variation,vein,width	-4,-4.5,1-2,1.5-2,1.5-2-3,10,170-210,2-2.5,2-3,2.5-4,3,3-11-lobed,3-4,7-8,acuminate,acute,berry,broadly,buff,capitate,cm,cuneate,cyme,dia,discoidal,ellipsoid,elliptic,erect,flattened,flower,flushed,globose,globular,grey,intense,irregular,irregularly,larger,light,long,minutely,mm,oblong,obovate,ochre-yellow,ovate,overlain,ovoid,pale,pattern,pentagonal,petiolate,pubescent,reddish-purple,reticulate-concentric,ridge,ridged,several,shortly,shrub,slightly,soft-wooded,sparsely,speckled,stellate-rotate,transverse,violet-purple,year	na,plurifoliate
281	wfo-0001029101	success	230	152	95	114	116	38	92	3	-15,.5,/3,0-2,0.4-1.5,0.5-1,00-200,1-1.5,1-3,1.3-2,1.3-2.6,1.4-2.2,1.5-2.5,1.8-3,2-6,2.5-3.5,2.5-6,2.8-3.3,3-10,3-4,3-5-9,3-7,5-7,5-7-13,5-8,anther,apart,apex,apparently,articulated,bark,base,berry,brown-green,calyx,cell,chartaceous,cm,concolorous,cream,cuneate,dark,darker,diameter,discolorous,distal,drying,dull,elliptic,erect,filament,flattened-reniform,flower,fruit,fruiting,glabrous,green,lateral,leaf,length,lobe,lobed,long,long-styled,margin,marking,maturity,mauve,midpoint,mm,moderately,obovate,obtuse,orange-brown,outline,ovate,pair,pale,pedicel,peduncle,per,petiole,pit,plant,poricidal,prickle,prickly,primary,raised,ray,rounded,short-styled,shrub,simple,small,smooth,sometimes,spaced,sparsely,spherical,stellate-pubescent,stem,style,surface,tapering,tip,tube,vein,way,wide,yellow,yellow-green,yellow-orange,young	/4,0-100,0-20,0-5,0-8,0.1,0.1-0.4,0.1-0.5,0.1-0.7,0.1-1,0.2,0.7-1.5-2,0.8-3.5,1,1-4,1-8,1.5-2,1.7,1/5-1/4,10-14,10-20,2-20,2-3-4,2/3-3/4,30-100,4-12,4-7,5-20,5-6,5-merous,5.5-8,6-8,8-15,abaxial,abaxially,acute,adaxial,almost,always,alyx,andromonoecious,apar,apically,blade,branched,broad-deltate,connivent,deltate,distance,eaf,eed,elongating,equal,extending,flattened,free,glabrescent,green-brow,hermaphrodite,heterostylous,infructescence,lengt,like,lon,longer,lower,lowermost,mature,midvein,multangulate,narrow-deltate,nflorescence,oblong,often,older,one,open,orolla,oung,pendulous,pericarp,plurifoliat,porrect,portion,present,prickl,rarely,reduced,reflexed,rounde,ruit,scar,secondary,sessile,side,spreading,stalk,stalked,staminat,stellate,straight,suborbicular,tamen,terete,tertiary,thick,time,trichome,unit,variously,vary,venation,visible,well-developed,woody,ympodial	appearance,arrangement,border,branch,bud,characteristic,colour,corolla,corrugation,exertion,form,giving,glabrousnes,green-brown,growth,height,history,inflorescence,interjected,leaflet,life,lobing,na,new,number,ovary,perennial,pseudostipule,seed,shape,size,stigma,terminal,texture,thicknes,type,variation,width	-15,.5,/3,0-2,0.4-1.5,0.5-1,00-200,1-1.5,1-3,1.3-2,1.3-2.6,1.4-2.2,1.5-2.5,1.8-3,2-6,2.5-3.5,2.5-6,2.8-3.3,3-10,3-4,3-5-9,3-7,5-7,5-7-13,5-8,apart,apex,apparently,articulated,base,berry,brown-green,cell,chartaceous,cm,concolorous,cream,cuneate,dark,darker,diameter,discolorous,drying,dull,elliptic,erect,flattened-reniform,flower,glabrous,green,lateral,length,lobed,long,long-styled,marking,maturity,mauve,mm,moderately,obovate,obtuse,orange-brown,outline,ovate,pair,pale,per,pit,poricidal,prickle,prickly,raised,rounded,short-styled,shrub,simple,small,smooth,sometimes,spaced,sparsely,spherical,stellate-pubescent,tapering,tip,way,wide,yellow,yellow-green,yellow-orange,young	green-brown,na,perennial
282	wfo-0001029106	success	198	130	85	104	94	26	82	3	.5,/3,0.2-1,0.25-0.7,0.5-0.9,0.5-1,0.5-2.5,0.9-1.2,1-5,1.5-2,1.5-3.5,2-4,2-5.5,2-8,2.2-3,3-25,3-3.5,3-4,anther,apart,apex,apparently,articulated,bark,base,berry,calyx,cell,cm,concolorous,cuneate,curved,deltate,densely,diameter,discolorous,drying,elliptic,erect,filament,flattened-reniform,fruit,gently,glabrous,lateral,leaf,length,light,lobe,lobed,long,margin,maturity,mauve,membranous,mm,obtuse,orange,orange-brown,orbicular,outline,ovate,pair,pale,pedicel,peduncle,per,petiole,pit,poricidal,prickle,prickly,primary,raised,red,reflexed,rounded,shiny,shrub,simple,size,small,smooth,sometimes,spaced,sparsely,spherical,spreading,stellate-pubescent,stem,straight,style,subentire,surface,tapering,tip,tube,vein,way,weakly,white,wide,yellow-orange,yellowish-green	.1,0-0.3,0-10,0-2,0-20,0-5,0-6,0.1,0.2-0.4,0.5,0.5-0.8,1-1.6,1-2,1.5-1.8,1/4,1/5-1/4,2-3.5,2-6,2/,4-6,4-8,5-14,5-8,5-merous,6-8,abaxially,acuminat,acute,alyx,ame,apar,apically,appearing,blade,branched,c.,distance,eaf,eed,elongating,equal,extending,eye,flattened,flower,free,fruiting,glabrescent,infructescence,lon,longer,lower,mature,midpoint,midvein,naked,nflorescence,older,one,open,orange-brow,orolla,oung,pendulous,perfec,pericarp,plurifoliat,porrect,portion,prickl,ray,scandent,scar,sessile,shallow,shorter,side,slender,stalk,stalked,stellate,tamen,terete,tertiary,time,trichome,uit,unit,variously,vary,venation,visible,woody,ympodial	10-20,arrangement,branch,characteristic,colour,corolla,exertion,form,glabrousnes,growth,height,history,inflorescence,life,lobing,na,new,number,ovary,perennial,plant,seed,shape,texture,type,width	.5,/3,0.2-1,0.25-0.7,0.5-0.9,0.5-1,0.5-2.5,0.9-1.2,1-5,1.5-2,1.5-3.5,2-4,2-5.5,2-8,2.2-3,3-25,3-3.5,3-4,apart,apparently,articulated,base,berry,cell,cm,concolorous,cuneate,curved,deltate,densely,diameter,discolorous,drying,elliptic,erect,flattened-reniform,gently,glabrous,lateral,light,lobed,long,maturity,mauve,membranous,mm,obtuse,orange,orange-brown,orbicular,outline,ovate,pair,pale,pit,poricidal,prickly,raised,red,reflexed,rounded,shiny,shrub,simple,small,smooth,sometimes,spaced,sparsely,spherical,spreading,stellate-pubescent,straight,subentire,tapering,tip,way,weakly,white,wide,yellow-orange,yellowish-green	10-20,na,perennial
283	wfo-0001029112	success	190	142	82	100	90	42	78	4	0.5,0.9-1.7,1-2,1.4-2.5,1.5-1.8,1.5-2,10-17,10-21,2-3.5,2.6-3,2.7-3.5,2.7-4.2,2.7-5.7,20,3-6,3-7,3.5-4.5,3.5-7,5,5-8,6.5-5.5,9.5-13,acuminate,anther,apex,articulated,axillary,base,berry,brownish,bud,chartaceous,cm,condition,conical,connivent,corolla,densely,diameter,distal,drying,elliptic-lanceolate,filament,flat,flower,forked,fresh,fruit,generally,glabrous,green,green-white,greenish,half,herb,interjected,lanceolate,lateral,leaf,leaflet,light,lobe,long,margin,middle,minute,mm,mottled,mucilaginous,narrow,obtuse,odd-pinnate,ovate,ovoid,pale,pedicel,peduncle,petiole,plant,pubescent,purple,ray,ripe,rotate,seed,size,slightly,stigma,style,subtending,terminal,throughout,tube,usually,violet,wet,whitish,wide,wing,x	0-2,1-10,1-3,1-4,2.5-4.5,3-4,3-5,5-merou,abaxially,acumen,adaxially,ag,along,alyx,apart,apparently,arranged,axe,bead,blade,capitat,cell,ciliate,covering,decreasing,digestion,dorsally,eaf,edge,eed,enzyme,equal,especially,exceeding,folded,geminat,glabrou,gradually,hair,hair-like,homostylous,honeycomb-shaped,larger,lengthening,like,living,lower,make,moniliform,multiple,necklace,nflorescence,orolla,pair,perfect,petiolule,plurifoliate,pore,poricidal,present,pubescen,removed,ruit,secondary,semierec,seudostipule,slit,spaced,specimen,stamen,ste,stolon,subequal,symmetrical,tall,tamen,tem,testal,thick,thir,tip,toward,tri-,tuber,typically,unit,vary,wall,yellow,ympodial	appearance,arrangement,bark,border,branch,calyx,capitate,characteristic,colour,corrugation,exertion,form,fruiting,giving,glabrousnes,growth,height,history,inflorescence,length,life,lobing,midpoint,na,new,number,ovary,per,prickle,primary,pseudostipule,semierect,shape,stem,surface,texture,thicknes,third,type,variation,vein,width	0.5,0.9-1.7,1-2,1.4-2.5,1.5-1.8,1.5-2,10-17,10-21,2-3.5,2.6-3,2.7-3.5,2.7-4.2,2.7-5.7,20,3-6,3-7,3.5-4.5,3.5-7,5,5-8,6.5-5.5,9.5-13,acuminate,articulated,axillary,berry,brownish,bud,chartaceous,cm,condition,conical,connivent,densely,distal,drying,elliptic-lanceolate,flat,flower,forked,fresh,generally,glabrous,green,green-white,greenish,half,herb,lanceolate,light,long,middle,minute,mm,mottled,mucilaginous,narrow,obtuse,odd-pinnate,ovate,ovoid,pale,plant,pubescent,purple,ripe,rotate,slightly,subtending,terminal,throughout,usually,violet,wet,whitish,wide,wing,x	capitate,na,semierect,third
284	wfo-0001029120	success	168	110	70	78	90	32	66	4	.5,0.1-0.5,0.5-1.5,0.7-1,1.1-1.5,1.1-2,2.6-7,5-10-flowered,5-8,6-8,6.5-16.5,abrupt,acuminate,acute,anther,apex,bark,basal,base,beneath,black,bud,calyx,cm,corolla,dark,decurrent,densely,dia,drying,erose,especially,f,filament,glabrous,globose,golden,greenish-brown,hirsute,larger,lateral,leaf,long,main,margin,minutely,mm,narrowly,nearly,occasionally,ovary,ovate,pair,pale,pedicel,peduncle,petiole,pubescent,shaped,shrub,simple,slightly,stem,stigma,style,surface,tapering,tear-drop,trichome,tube,unifoliate,uniseriate,vein,white,widening,x,yellow-green,young	.05,.75,/2,1-1.5,2.5-3.5,3-3.5,8511,anthesi,apart,beginning,bullate,cell,deflexed,difoliate,dry,eaf,edicel,eed,epidermi,evenly,fide,fleshy,free,geminat,inflorescenc,infloresence,internodal,know,known,lanceolate,large,later,lehmann,like,lobe,lobed,lon,long-triangular,lower,middle,midrib,minor,narrow,narrower,nflorescence,often,older,opposite,outer,paler,papillose,peduncl,petaloid,point,pore,poricidal,portion,present,prominently,proximal,raised,reproductive,rest,ruit,scar,scattered,slender,spaced,sparsely,specimen,speckle,straight,sympodial,tall,terminal,thickened,tip,tub,ud,unbranched,unit,upper,urceolate,venation,way,white-papillo,wide,widest,yellow,ympodial	arrangement,branch,characteristic,colour,corrugation,decument,diameter,exertion,form,fruit,fruiting,glabrousnes,growth,height,history,inflorescence,length,life,lobing,na,new,number,per,perennial,plant,primary,seed,shape,size,texture,type,white-papillose	.5,0.1-0.5,0.5-1.5,0.7-1,1.1-1.5,1.1-2,2.6-7,5-10-flowered,5-8,6-8,6.5-16.5,abrupt,acuminate,acute,basal,base,beneath,black,bud,calyx,cm,dark,decurrent,densely,dia,erose,especially,f,glabrous,globose,golden,greenish-brown,hirsute,larger,lateral,leaf,long,main,minutely,mm,narrowly,nearly,occasionally,ovate,pair,pale,petiole,pubescent,shaped,shrub,simple,slightly,stem,style,tapering,tear-drop,trichome,tube,unifoliate,uniseriate,vein,white,widening,x,yellow-green,young	decument,na,perennial,white-papillose
285	wfo-0001029121	success	159	127	66	80	79	47	63	3	0,0.2-2,1-4,1-5,1.1-3.9,1.2-2.5,1.2-3.3,15-30,2-10,2-13,2-3,2-3-celled,3.6-9,3.8-11,4-5.5,4.5-10.0,5-20,5-8,9-33,acuminate,acute,apex,articulate,base,blue,branched,calyx,cm,conical,corolla,cuneate,cyme,deep,diameter,dichasial,dichasially,distal,ebracteate,elliptical,filament,glabrous,green,green-white,hair,herbaceous,interjected,lateral,leaf,leaflet,lobe,long,medium,mm,monochasial,mucilaginous,narrowly,oblique,odd-pinnate,ovate,ovoid,pedicel,peduncle,perennial,petiole,plant,proximal,purple,rarely,rotate,rounded,scattered,seed,short,short-attenuate,size,stigma,style,terminal,wide,¼	0-2,10,2-3-5-6,3-6-foliat,4-10,8-16,abaxiall,abaxially,acumen,adaxially,apical,apically,attenuate,cell,commonly,connate,covering,dehiscent,digestion,diminishing,dorsally,eaf,edge,eed,emoval,enzyme,exceeding,flat,flower,folded,forked,generally,globo,gradually,hair-like,half,honeycomb,introrse,living,lon,lower,lunat,make,maturing,nflorescence,nther,obtuse,often,orolla,pair,pattern,perfect,petiolule,plan,poricidally,reveal,ruit,sessile,seudostipule,slit,specimen,stamen,straight,subequal,tal,tem,testal,thick,throughou,throughout,tip,toward,tuber-bearing,typically,unit,vary,wall,yellow,ympodial	6,anther,appearance,arrangement,bark,border,branch,bud,characteristic,colour,corrugation,drying,exertion,form,fruit,fruiting,giving,glabrousnes,globose,growth,height,history,inflorescence,length,life,lobing,margin,midpoint,na,new,number,ovary,per,prickle,primary,pseudostipule,ray,shape,stem,surface,texture,thicknes,tube,type,variation,vein,width	0,0.2-2,1-4,1-5,1.1-3.9,1.2-2.5,1.2-3.3,15-30,2-10,2-13,2-3,2-3-celled,3.6-9,3.8-11,4-5.5,4.5-10.0,5-20,5-8,9-33,acuminate,acute,apex,articulate,base,blue,branched,cm,conical,cuneate,cyme,deep,dichasial,dichasially,distal,ebracteate,elliptical,glabrous,green,green-white,hair,herbaceous,lobe,long,medium,mm,monochasial,mucilaginous,narrowly,oblique,odd-pinnate,ovate,ovoid,perennial,proximal,purple,rarely,rotate,rounded,scattered,short,short-attenuate,wide,¼	6,globose,na
286	wfo-0001029125	success	196	139	98	95	101	44	76	22	.2,2/3,abaxially,acuminate,acute,adaxially,anther,anthesi,apex,appressed,attenuate,base,berry,black,branching,brownish,calyx,central,cm,concave-reniform,conical,corolla,cuneate,deltate,densely,diameter,ellipsoid,entire,exerted,filament,fruit,fruiting,glabrous,globose,green,herb,internodal,lateral,leaf,long,lower,margin,maturity,minutely,mm,nearly,oblique,occasionally,often,orange,ovary,ovate-lanceolate,pair,papillate,pedicel,peduncle,per,petiole,plant,primary,pubescent,purple,purple-tinged,purplish,ridged,ripe,scattered,seed,simple,single,slightly,small,sparsely,spreading,star,stem,stemmed,stigma,straight,strongly,style,subshrub,surface,terete,trichome,tube,turning,unequal,uniseriate,vein,white,wide,woody,yellow,¼	.0–3.5,.1,.1–1.4,.4,.5–2.0,.6,0.5,0.5–0.6,0.5–1.0,0.8–0.9,0.9,1,1.0–1.2,1.0–1.5,1.0–4.0,1.5–2.0,1.5–3.0,1.7-3.0–3.4,1.8–3.5,1–2-celled,2.5–12.0,20–100,2–3-celled,2–4,3.5–4,35–45,3–5,3–5-celled,4–8,5-merous,5–6,6,6–7,abaxial,adaxial,age,along,apar,apparently,arising,articulated,ba,beyond,cell,closely,cone,delicate,difoliate,eaf,eed,end,especially,flower,free,geminat,growt,hilum,later,lengthening,like,live,lobe,lobed,lon,maximum,narrower,nflorescence,one,outline,pale,pentagonal,perfect,place,pore,poricidal,portion,positioned,reflexe,reflexed,ruit,scar,shiny,shorter,slit,spaced,stellate,stone,sub-lateral,tall,tem,testal,tinged,tip,toward,traingular,ud,unit,usually,whitewith,ympodial,young	0.5-0.6,0.5-1.0,1-2-celled,1.0-1.2,1.0-1.5,1.0-4.0,1.1,1.1-1.4,1.2,1.5-3.0,2-3-celled,2-4,2.5-12.0,20-100,3-5-celled,3.5-4,35-45,4-8,5-6,6-7,arrangement,bark,branch,bud,characteristic,colour,exertion,form,glabrousnes,growth,height,history,inflorescence,length,life,lobing,na,new,number,shape,size,texture,triangular,type	.2,2/3,abaxially,acuminate,acute,adaxially,anthesi,apex,appressed,attenuate,base,berry,black,branching,brownish,calyx,central,cm,concave-reniform,conical,cuneate,deltate,densely,diameter,ellipsoid,entire,exerted,glabrous,globose,green,herb,internodal,lateral,long,lower,maturity,minutely,mm,nearly,oblique,occasionally,often,orange,ovate-lanceolate,pair,papillate,per,pubescent,purple,purple-tinged,purplish,ridged,ripe,scattered,simple,single,slightly,small,sparsely,spreading,star,stemmed,straight,strongly,subshrub,terete,trichome,tube,turning,unequal,uniseriate,white,wide,woody,yellow,¼	0.5-0.6,0.5-1.0,1-2-celled,1.0-1.2,1.0-1.5,1.0-4.0,1.1,1.1-1.4,1.2,1.5-3.0,2-3-celled,2-4,2.5-12.0,20-100,3-5-celled,3.5-4,35-45,4-8,5-6,6-7,na,triangular
287	wfo-0001029150	success	177	126	62	79	98	47	60	2	.5,0.3,0.3–0.5,0.5–1.1,0.8-1,0.8–1,0.8–3.5,1.2–1.5,1.5,1.5–2,15,1–1.5,1–11,1–5,2.5–3,2.5–8,2–2.5,3–10,7–8,9–12,acute,adaxially,anther,apex,base,berry,branched,calyx,cm,conical,cylindrical,diameter,ellipsoidal,elliptical,enlarged,entire,filament,flower,fruit,fruiting,glabrous,leaf,light,lobe,long,margin,midvein,minutely,mm,oblique,ovate,pedicel,peduncle,petiole,pinnate,pubescent,rarely,rounded,rounded-deltoid,rugose,simple,slender,slightly,sparsely,stem,stigma,strong,style,surface,tan,teardrop-shaped,truncate,tube,vein,vine,white,wiry,woody,x	0.3-0.5,0.8–1.5,1.5–2.2,1–2,1–6,2.5–5,2–10,2–3,3-5,3–4,3–50,5-merous,6,8-shaped,abaxially,accrescent,across,adaxiall,alyx,apar,apicall,apically,apiculate,attenuate,axe,blade,c.,canopy,capitat,ciliate,climbing,color,cros,delicate,distant,dried,eaf,eed,except,extra-axillary,flattened,fleshy,flush,glabrou,inconspicuous,lamina,lanceolate,larger,living,lon,lower,m.,material,membranaceous,moderately,mor,nearly,nflorescence,nternode,older,opposed,orolla,pair,pale,perfec,pinkish-white,plurifoliat,pointed,rachi,reaching,ruit,sand-punctate,scar,secondary,section,shortly,side,small,somewhat,spaced,specimen,stellate,tamen,tem,thick,thickened,time,tip,translucent,tree,trichome,understory,unit,vary,vegetation,venation,wide,ympodial	appearance,arrangement,bark,border,branch,bud,capitate,characteristic,colour,corolla,corrugation,distal,drying,exertion,form,giving,glabrousnes,growth,height,history,inflorescence,interjected,lateral,leaflet,length,life,lobing,midpoint,na,new,number,ovary,per,plant,prickle,primary,pseudostipule,ray,seed,shape,size,terminal,texture,thicknes,type,variation,width	.5,0.3,0.3–0.5,0.5–1.1,0.8-1,0.8–1,0.8–3.5,1.2–1.5,1.5,1.5–2,15,1–1.5,1–11,1–5,2.5–3,2.5–8,2–2.5,3–10,7–8,9–12,acute,adaxially,berry,branched,cm,conical,cylindrical,ellipsoidal,elliptical,enlarged,entire,flower,fruit,glabrous,light,long,midvein,minutely,mm,oblique,ovate,pinnate,pubescent,rarely,rounded,rounded-deltoid,rugose,simple,slender,slightly,sparsely,strong,tan,teardrop-shaped,truncate,vine,white,wiry,woody,x	capitate,na
288	wfo-0001029152	success	197	154	102	118	79	36	99	3	.1,0.25-0.5,0.5-1,0.75-1,0.8-1,0.9-1.3,1,1-1.5,1-3,1-4,1.1-1.3,1.5-1.7,1.5-2,2-2.5,2-5,2.5-3,3-5,3-8-flowered,6-8,8.5-16,acuminate,acute,anther,apex,appressed,area,attenuate,bark,base,berry,branch,broadened,broadly,brown,bud,calyx,cm,completely,conical,corolla,cuneate,dark,deciduous,decurrent,deep,densely,dia,distal,dry,elliptic,enclosing,exsertion,filament,fruit,fruiting,giving,glabrous,globose,green,greyish-red,inflorescence,late,lateral,leaf,lightly,lobe,lobed,long,main,margin,material,minutely,mm,nearly,obovate,ovary,ovoid-reniform,pair,pale,papillose,pedicel,per,petiole,pitted,plane,plant,pore,poricidal,quite,red-floccose,reddish,reddish-floccose,shape,shaped,shiny,shrub,simple,single,size,slender,small,soon,stem,stigma,style,surface,tapering,tear-drop,terminal,tip,tree,tube,usually,vein,weak,white,winged,x	.5,1-2,2-3,2-4,4-6,61-25,anthesi,appearanc,appearing,ba,beginning,beneath,blade,citronella,closely,corky,deflexed,deltoid,differing,difoliate,eaf,edicel,eed,ellipsoi,erect,et,fide,flattened,floccose,flower,fragrance,free,geminat,held,hyaline,inflorescenc,keeled,large-lenticellate,live,lon,long-styled,longer,lower,major,middle,midrib,minor,nflorescence,often,older,one,opposite,overlapping,planar,portion,prominent,prominently,red,reflexed,reminiscent,rounded,ruit,scar,short-styled,slightly,somewhat,spaced,straight,styl,tall,third,tillett,trichome,ud,unit,widest,woody,ympodial,young	1.5-4-6,appearance,arrangement,border,characteristic,colour,corrugation,diameter,drying,ellipsoid,exertion,form,glabrousnes,growth,height,history,interjected,leaflet,length,life,lobing,midpoint,na,new,number,peduncle,prickle,primary,pseudostipule,ray,seed,texture,thicknes,type,variation,width	.1,0.25-0.5,0.5-1,0.75-1,0.8-1,0.9-1.3,1,1-1.5,1-3,1-4,1.1-1.3,1.5-1.7,1.5-2,2-2.5,2-5,2.5-3,3-5,3-8-flowered,6-8,8.5-16,acuminate,acute,appressed,area,attenuate,base,berry,broadened,broadly,brown,bud,calyx,cm,completely,conical,corolla,cuneate,dark,deciduous,decurrent,deep,densely,dia,dry,elliptic,enclosing,exsertion,glabrous,globose,green,greyish-red,inflorescence,late,lateral,lightly,lobed,long,main,material,minutely,mm,nearly,obovate,ovoid-reniform,pair,pale,papillose,per,petiole,pitted,plane,pore,poricidal,quite,red-floccose,reddish,reddish-floccose,shaped,shiny,shrub,simple,single,slender,small,soon,stem,style,surface,tapering,tear-drop,tip,tree,tube,usually,vein,weak,white,winged,x	1.5-4-6,ellipsoid,na
289	wfo-0001029156	success	65	83	35	42	23	41	32	3	0.5,1.5-2,10-12,4-6,6,6-8,<,almost,apex,bark,berry,cm,completely,diameter,exfoliating,flattened,fruiting,glabrous,golden,growth,liana,long,margin,markedly,minutely,mm,multiseriate,new,pale,pedicel,per,pitted,reniform,seed,shiny,stem,surface,tan,trichome,vine,wide,woody	-3,1,2,apparently,cell,center,deeply,eed,epiphytic,fide,lateral,minute,nee,noddin,occasionally,older,rectangular,rib-like,shreddy,sinuate,testal,thickening,wall	2-3,anther,arrangement,base,branch,bud,calyx,characteristic,colour,corolla,corrugation,drying,exertion,exfoliation,filament,form,fruit,glabrousnes,height,history,inflorescence,leaf,length,life,lobing,na,nodding,number,ovary,peduncle,petiole,plant,primary,shape,size,stigma,style,texture,tube,type,vein	0.5,1.5-2,10-12,4-6,6,6-8,<,almost,apex,berry,cm,completely,diameter,exfoliating,flattened,glabrous,golden,liana,long,markedly,minutely,mm,multiseriate,pale,per,pitted,reniform,shiny,tan,vine,wide,woody	2-3,na,nodding
290	wfo-0001029156	success	65	77	25	33	32	44	22	3	-3,1.5-2,10-12,4-6,6-8,almost,apex,berry,cm,completely,diameter,flattened,fruiting,glabrous,growth,liana,margin,minutely,mm,new,pale,pedicel,per,pitted,reniform,seed,shiny,stem,surface,tan,vine,woody,x	0.5,1,2,<,apparently,ark,cell,center,deeply,eed,em,epiphytic,exfoliating,fide,golden,lateral,lon,markedly,minute,multiseriate,nee,noddin,occasionally,older,rectangular,rib-like,shreddy,sinuate,testal,thickening,trichome,wall	6,anther,appearance,arrangement,bark,base,border,branch,bud,calyx,characteristic,colour,corolla,corrugation,drying,exertion,filament,form,fruit,giving,glabrousnes,height,history,inflorescence,leaf,length,life,lobing,na,nodding,number,ovary,peduncle,petiole,plant,primary,shape,size,stigma,style,texture,tube,type,vein	-3,1.5-2,10-12,4-6,6-8,almost,berry,cm,completely,flattened,glabrous,liana,minutely,mm,pale,pitted,reniform,shiny,tan,vine,woody,x	6,na,nodding
291	wfo-0001029163	success	148	115	53	64	84	51	51	2	-9,0.3-2.5,0.5-1,1-2,10-20-30,2,2-3,2-6,2-7,2.5-3,3-4,3-5,4.5-23,5-8,7-9,9-15,acuminate,acute,apex,base,calyx,chartaceous,cm,cuneate,decurrent,deltate,densely,diameter,elliptic,elliptic-ovate,entire,fruit,glabrous,globose,herb,lanceolate,lenticular,lobe,margin,mm,nearly,obtuse,pedicel,peduncle,perennial,petiole,pseudohair,puberulent,puberulent-pubescent,purple,shrub,simple,sparsely,stem,stigma,style,surface,tube,unbranched,unknown,vein,white,whitish,x	-4,1,1.5-2,1.5-2.5,1.5-3,13-18,2-18,20-30,3-14,4-20,4-5-foliat,4-6,5-12-25,abaxial,abaxially,absen,adaxiall,adaxially,aggregate,apart,articulated,axe,band,blade,cell,color,connivent,cylindrical,denser,directed,distall,distally,eaf,eed,eglandular,flower,free,glandular,hair,leaving,like,lon,long,lower,moderately,narrowed,narrowly,nflorescence,nther,orolla,papillose,pedicellar,pore,projection,puberulent-pubescen,pubescence,rachi,radiu,remnant,ripe,roughened,ruit,scale-like,slightly,small,sometimes,spaced,stalked,stellate,stone,subapical,subcoriaceous,tal,tem,thickened,time,tip,triangular,truncat,unit,vary,wide,yellow,ympodial	anther,appearance,arrangement,bark,border,branch,bud,characteristic,colour,corolla,corrugation,distal,drying,exertion,filament,form,fruiting,giving,glabrousnes,growth,height,history,inflorescence,interjected,lateral,leaf,leaflet,length,life,lobing,midpoint,na,new,number,ovary,per,plant,prickle,primary,pseudostipule,ray,seed,shape,size,terminal,texture,thicknes,truncate,type,variation,width	-9,0.3-2.5,0.5-1,1-2,10-20-30,2,2-3,2-6,2-7,2.5-3,3-4,3-5,4.5-23,5-8,7-9,9-15,acuminate,acute,apex,base,chartaceous,cm,cuneate,decurrent,deltate,densely,diameter,elliptic,elliptic-ovate,entire,glabrous,globose,herb,lanceolate,lenticular,mm,nearly,obtuse,perennial,pseudohair,puberulent,puberulent-pubescent,purple,shrub,simple,sparsely,unbranched,unknown,white,whitish,x	na,truncate
292	wfo-0001029171	success	137	135	73	80	57	55	69	4	-,0.5,1-3,1-4.5,1.5-2,1.5-7.5,10-25,10-35,2-3,3.5-18,3.5-6.5,4-5,5-6,5-8,7-9,abruptly,acuminate,acute,also,angled,apex,base,branched,calyx,chartaceous,cm,connivent,cuneate,decurrent,deltate,dendritically,densely,diameter,eglandular,elliptic,entire,flower,forked,fruit,glabrous,gland,glandular,globose,hair,lanceolate,like,lobe,margin,mm,moderately,narrowed,obtuse,often,orange,ovate-elliptic,pedicel,peduncle,perfect,petiole,pubescent,purple,rarely,red,ripe,rugose,shoot,short-stalked,shrub,simple,slightly,smooth,sometimes,stigma,style,tip,tube,unbranched,usually,white,x	-10,-10-15,1-5,11-20,3-4,4-10-15,6-,8-17,abaxially,absen,adaxially,aggregate,and/or,apart,articulated,axe,ba,blade,cell,cylindrical,dense,directed,distall,eaf,eed,except,glandula,long,lower,many-foliat,midrib,narrowly,near,nearly,nflorescence,nther,orolla,pore,puberulent,rachi,radiu,ruit,spaced,sparsely,ste,stellate,stone,tal,tem,time,triangular,truncat,unit,vary,wide,yellow,ympodial	anther,appearance,arrangement,bark,border,branch,bud,characteristic,colour,corolla,corrugation,distal,drying,exertion,filament,form,fruiting,giving,glabrousnes,growth,height,history,inflorescence,interjected,lateral,leaf,leaflet,length,life,lobing,midpoint,na,new,number,ovary,per,perennial,plant,prickle,primary,pseudostipule,ray,seed,shape,size,stem,surface,terminal,texture,thicknes,truncate,type,variation,vein,width	-,0.5,1-3,1-4.5,1.5-2,1.5-7.5,10-25,10-35,2-3,3.5-18,3.5-6.5,4-5,5-6,5-8,7-9,abruptly,acuminate,acute,also,angled,apex,branched,chartaceous,cm,connivent,cuneate,decurrent,deltate,dendritically,densely,diameter,eglandular,elliptic,entire,flower,forked,glabrous,gland,glandular,globose,hair,lanceolate,like,mm,moderately,narrowed,obtuse,often,orange,ovate-elliptic,perfect,pubescent,purple,rarely,red,ripe,rugose,shoot,short-stalked,shrub,simple,slightly,smooth,sometimes,tip,unbranched,usually,white,x	na,perennial,stem,truncate
293	wfo-0001029215	success	49	49	27	32	17	17	26	1	-1.8-2.3,0.3-0.5,0.5-0.7,0.5-2.5,1,2.3-2.9,appearance,border,brown,calyx,cm,coarse,diameter,elongating,entire,fruit,hair-like,herb,lobe,markedly,mm,narrowly,obovate,outgrowth,pubescent,round,shrub,silky,smelling,strong,surface,winged	.2,cell,eed,fide,give,lateral,long,small,spreadin,tall,testa,thick,wall,weigend,wide,woody,xyledecor	0.2,characteristic,colour,form,giving,growth,height,history,length,life,plant,seed,shape,stem,texture,thicknes,width	-1.8-2.3,0.3-0.5,0.5-0.7,0.5-2.5,1,2.3-2.9,border,brown,cm,coarse,elongating,entire,hair-like,herb,markedly,mm,narrowly,obovate,outgrowth,pubescent,round,shrub,silky,smelling,strong,winged	0.2
294	wfo-0001029216	success	240	148	90	116	124	32	88	2	+,.5,.8-1,0.2-0.25,0.2-0.4,0.4-0.5,0.5,0.5-0.8,0.6-1,0.8-2.5,1-1.2,1-2,1-3,1.2-6,1.5-2.3,1.5-2.5-10,1.5-3,10,10-14,10-20-35,2-4.5,2-locular,2.5-3.3,3,3-5,3-7-10,4,6-10,acute,annual,anther,apex,articulated,attenuate,base,basiscopically,biennial,branch,bright,brown,calyx,capitate,cm,conical,corolla,crenate,cultivar,decurrent,deep,dentate,diameter,distal,elliptic,exserted,fasciated,filament,fruit,fruiting,globose,green,hair-like,halfway,herb,imparipinnate,inflorescence,interjected,interrupted,lateral,leaflet,length,less,linear,lobe,long,margin,minute,mm,oblique,obovate,often,orange,outgrowth,ovary,ovate,pale,pedicel,peduncle,pentagonal,perennial,petiole,plant,present,primary,procumbent,pseudostipule,pubescent,red,shape,simple,sparsely,stem,stigma,straight,style,surface,tangled,terminal,thick,trichome,tube,uniseriate,usually,villous,viny,wide,yellow	-5,0.1-0.3,0.1-0.5,0.1-0.6,0.1-0.8,0.2-0.3,0.2-0.3-0.5,0.2-0.8,0.3-0.4,0.3-0.5,0.3-2,0.4,0.5-1.5,0.5-2,0.6-0.8,1-4,1-6,1/,2,3-4,3-7,3-foliate,5,5-15-flower,<,absen,absent,accrescent,acroscopically,adpressed,allogamous,always,and/or,angeld,anthesi,apical,appearance,appendage,articulation,axi,basal,becoming,cell,cente,column,composed,cone,cordate,deeply,eaf,edicel,eed,entire,erect,extending,facultatively,fruited,giving,glabrescent,gland-tipped,glandular,gree,half,included,initially,internode,lanceolate,large,larger,later,like,lobulate,lon,longer,lower,mainly,maturity,minutely,mixture,multicellular,multilocular,narrowly,near,nflorescence,numerous,one,pair,particularly,petiolule,population,rarely,reflexe,ruit,scen,secondary,sessile,shaggy,shaped,short,silky,sometimes,somewhat,sparse,spreading,staminal,sterile,strong,strongly,tem,tertiary,testa,thickening,tip,total,toward,truncate,ud,unicellular,unit,variety,varying,wall,winged,ympodial	1/3,arrangement,bark,bud,characteristic,colour,corrugation,drying,exertion,form,glabrousnes,growth,height,history,leaf,life,lobing,midpoint,na,new,number,per,prickle,ray,seed,size,texture,thicknes,type,variation,vein,width	+,.5,.8-1,0.2-0.25,0.2-0.4,0.4-0.5,0.5,0.5-0.8,0.6-1,0.8-2.5,1-1.2,1-2,1-3,1.2-6,1.5-2.3,1.5-2.5-10,1.5-3,10,10-14,10-20-35,2-4.5,2-locular,2.5-3.3,3,3-5,3-7-10,4,6-10,acute,annual,articulated,attenuate,basiscopically,biennial,bright,brown,calyx,capitate,cm,conical,crenate,cultivar,decurrent,deep,dentate,diameter,distal,elliptic,exserted,fasciated,globose,green,hair-like,halfway,herb,imparipinnate,interrupted,less,linear,lobe,long,minute,mm,oblique,obovate,often,orange,outgrowth,ovate,pale,pentagonal,perennial,present,procumbent,pubescent,red,simple,sparsely,straight,tangled,thick,trichome,uniseriate,usually,villous,viny,wide,yellow	1/3,na
295	wfo-0001029226	success	206	127	86	105	101	22	86	0	-7,-9,.5,0.5-5,1-1.5,1-3,10-40+,2-6,2.5-10,30,4,5-7,7-11,8-13,>,acuminate,acute,anther,anthesi,apex,base,berry,branched,bright,calyx,capitate,cm,cordate,corolla,densely,diameter,dry,ellipsoid,entire,exserted,filament,flattened,flexuous,flower,fruiting,glabrous,glandular,globose,growth,herbaceous,lateral,lavender,leaf,like,lobed,long,lyrate,many,margin,material,minute,minutely,mm,new,occasionally,open,pair,pale,pedicel,peduncle,per,petiole,pinnatifid,pitted,primary,pubescent,red,reniform,seed,short-glandular,shrub,simple,slender,sparsely,spreading,stem,stigma,strongly,style,surface,tan,terminal,time,translucent,trichome,truncate,tube,uniformly,uniseriate,usually,vein,vine,way,weak,white,wide,winged,woody,yellowish,¾	.75,0-1,0.5,1-2,1-celled,2,2-3,2-9,3-3.5,3-6,4-6,5-merou,ag,alyx,apart,apparently,ark,articulated,ba,basal,black,blue,breaking,cell,completely,congested,conical,connivent,dark,decurrent,deltate,distall,divided,eaf,eed,elongate,enation,free,glabrescent,gland,green,hairy,ilament,irregularly,juice,lengthening,lobe,longer,loosely,lower,mature,membranous,mere,nflorescence,often,older,one,orolla,overtopping,papillat,papillate,papillo,perfect,pinnate,plurifoliat,pore,poricidal,portion,reflexed,remainin,rim,ripe,ruit,sagittate,scar,scarlet,shiny,shorter,sleeve,slit,small,sometimes,spaced,spot,sprawling,spreadin,staining,stellate,tangled,tem,testal,thin,third,tip,twinin,ud,unit,vary,wall,widest,ympodial	arrangement,bark,bud,characteristic,colour,exertion,form,fruit,glabrousnes,height,history,inflorescence,length,life,lobing,number,ovary,plant,shape,size,texture,type	-7,-9,.5,0.5-5,1-1.5,1-3,10-40+,2-6,2.5-10,30,4,5-7,7-11,8-13,>,acuminate,acute,anthesi,base,berry,branched,bright,calyx,capitate,cm,cordate,densely,diameter,dry,ellipsoid,entire,exserted,flattened,flexuous,flower,glabrous,glandular,globose,herbaceous,lateral,lavender,like,lobed,long,lyrate,many,material,minute,minutely,mm,occasionally,open,pair,pale,pinnatifid,pitted,pubescent,red,reniform,short-glandular,shrub,simple,slender,sparsely,spreading,stem,strongly,tan,terminal,time,translucent,trichome,truncate,tube,uniformly,uniseriate,usually,vine,way,weak,white,wide,winged,woody,yellowish,¾	
296	wfo-0001029236	success	159	134	93	103	56	31	88	5	0.2-0.7,0.2-1,0.45-0.5,0.5-1.5,0.9-2.3,1-1.5,1-2,1.4-1.7,1/2,3,6-9,abaxially,absent,age,anther,anthesi,apex,apically,appearing,bark,base,becoming,berry,branch,calyx,cm,coriaceous,corolla,decurrent,deflexed,dendritic,densely,diameter,elliptic,erect,except,exserted,filament,flattened,fleshy,fruit,fruiting,glabrous,globose,grey-brown,growth,later,lateral,leaf,lenticular,less,lobed,long,margin,middle,mm,narrowly,near,nodding,obscure,obscurely,occasionally,ovary,overtopping,pale,pedicel,per,persistent,petiole,pointed,pore,poricidal,prominent,pubescent,purplish,purplish-black,reddish-brown,revolute,scar,scattered,shiny,shoot,short,shrub,slightly,slit-like,sparsely,stem,stigma,strongly,style,surface,terminal,tip,trichome,trongly,tube,usually,violet,way,wide,winged,x	.5,0.5,2-4,2-5,adaxial,apical,apparently,axi,ba,basal,bi-lobe,branching,branchlet,broadly,compact,completely,conical,cupulate,deltate,dichasial,eaf,edicel,eed,ew,flower,free,inserted,lobe,lower,m.,many,midvein,minutely,nflorescence,older,packe,pericarp,pitted,plurifoliate,portion,ruit,secondary,simple,sleeve,stamen,tall,tapering,thin,time,tub,ud,unit,venation,woody,ympodial,young	alternate,arrangement,bi-lobed,bud,characteristic,colour,decument,exertion,form,glabrousnes,height,history,inflorescence,length,life,lobing,new,number,packed,peduncle,perennial,plant,primary,pubescence,seed,shape,size,texture,type,vein,winging	0.2-0.7,0.2-1,0.45-0.5,0.5-1.5,0.9-2.3,1-1.5,1-2,1.4-1.7,1/2,3,6-9,abaxially,absent,age,anthesi,apex,apically,appearing,base,becoming,berry,calyx,cm,coriaceous,decurrent,deflexed,dendritic,densely,diameter,elliptic,erect,except,exserted,flattened,fleshy,fruit,glabrous,globose,grey-brown,growth,later,lateral,leaf,lenticular,less,lobed,long,margin,middle,mm,narrowly,near,nodding,obscure,obscurely,occasionally,overtopping,pale,per,persistent,pointed,poricidal,prominent,pubescent,purplish,purplish-black,reddish-brown,revolute,scattered,shiny,shoot,short,shrub,slightly,slit-like,sparsely,strongly,terminal,tip,trichome,trongly,tube,usually,violet,way,wide,winged,x	alternate,bi-lobed,decument,packed,perennial
297	wfo-0001029246	success	207	179	136	152	55	27	133	3	-4,/5,0-1,0-15,0-5,0.1-0.4-1.5,0.15-0.3,0.2-1.5,0.3-0.5,0.3-0.8,0.5,0.7-1.3,0.7-1.5,0.7-2,0.8-1.1,0.8-3,0.9-1.3,1-1.5,1-1.8,1-10,1-3,1-5,1.2-2,1.5-2.3,1.5-2.5,1.5-6,1.7-6,1.8-3,1/3,2,2-3,2.5-3.2,2.8-4,2/3,3-5,3.5-5,4-6,5-20,5-6-8,6-10,6-8,7-12,8-16,abaxial,abaxially,acuminate,acute,adaxial,anther,apart,apically,apparently,articulated,bark,base,berry,broad-deltate,calyx,chartaceous,cm,concolorous,connivent,cuneate,deltate,densely,diameter,discolorous,distance,drying,dull,elliptic,entire,erect,extending,filament,flattened,flattened-reniform,flower,fruit,fruiting,glabrescent,glabrous,lateral,leaf,length,less,lobe,lobed,long,lower,margin,maturity,mauve,midpoint,midvein,mm,moderately,narrow-deltate,narrow-ovate,oblong,one,open,orange-brown,orange-red,pair,pale,pedicel,peduncle,per,petiole,poricidal,porrect,prickle,prickly,primary,procumbent,pubescent,purple,ray,recurved,rounded,sessile,shrub,side,simple,sometimes,spaced,sparsely,spherical,spreading,stellate,stellate-pubescent,stem,straight,style,surface,tapering,terete,time,tip,trichome,tube,unarmed,unbranched,upper,vein,way,white,wide,yellow,yellow-orange,¼	0.1-0.3,0.5-1.5,1-4,1-8,1/10-1/5,2-3.5,2-5,2/3-3/,3-20,5-merous,acuminat,almost,alyx,apar,apex,blade,c.,curved,eaf,eed,elongating,equal,eye,free,infructescence,lon,longer,mature,naked,nflorescence,obtuse,older,orange-brow,orolla,oung,pendulous,perfec,pericarp,plurifoliat,portion,prickl,ruit,scar,smooth,stout,strongly,tamen,tertiary,unit,usually,vary,venation,visible,woody,ympodial	2/3-3/4,arrangement,branch,bud,characteristic,colour,corolla,exertion,form,glabrousnes,growth,height,history,inflorescence,life,lobing,na,new,ovary,perennial,plant,seed,shape,size,stigma,texture,type	-4,/5,0-1,0-15,0-5,0.1-0.4-1.5,0.15-0.3,0.2-1.5,0.3-0.5,0.3-0.8,0.5,0.7-1.3,0.7-1.5,0.7-2,0.8-1.1,0.8-3,0.9-1.3,1-1.5,1-1.8,1-10,1-3,1-5,1.2-2,1.5-2.3,1.5-2.5,1.5-6,1.7-6,1.8-3,1/3,2,2-3,2.5-3.2,2.8-4,2/3,3-5,3.5-5,4-6,5-20,5-6-8,6-10,6-8,7-12,8-16,abaxially,acuminate,acute,apart,apically,apparently,articulated,base,berry,broad-deltate,chartaceous,cm,concolorous,connivent,cuneate,deltate,densely,diameter,discolorous,distance,drying,dull,elliptic,entire,erect,extending,flattened,flattened-reniform,flower,glabrescent,glabrous,lateral,less,lobe,lobed,long,lower,maturity,mauve,midpoint,midvein,mm,moderately,narrow-deltate,narrow-ovate,oblong,one,open,orange-brown,orange-red,pair,pale,per,poricidal,porrect,prickle,prickly,procumbent,pubescent,purple,ray,recurved,rounded,sessile,shrub,side,simple,sometimes,spaced,sparsely,spherical,spreading,stellate,stellate-pubescent,straight,surface,tapering,terete,time,tip,trichome,unarmed,unbranched,upper,way,white,wide,yellow,yellow-orange,¼	2/3-3/4,na,perennial
298	wfo-0001029286	success	224	122	81	93	131	29	78	3	0°,1-2,1.5-4,1/8,15-50,2-3,3-4,4-5,4-6,4.5,4.5-7,5,5-6,6-8,6-9,7-10,acute,almost,anther,anthesi,apex,apically,apiculate,articulation,attenuate,bark,base,branch,branching,broadly,brown,canaliculate,capitate,chartaceous,clustered,cm,concolorous,conical,corolla,dendritic,diameter,dilated,drying,entire,except,filament,flexuous,flower,glabrous,green,grey,leaf,length,less,liana,light,lilac,long,margin,mauve,membranous,midvein,minutely,mm,obconical,oblong,obovate,occasional,pair,pedicel,peduncle,petiole,primary,prominent,simple,slender,sparsely,spreading,stem,stigma,style,surface,terete,terminal,time,tip,trichome,tube,unarmed,vein,widely,x,yellowish	.4,.5,0-0.5,0.1,0.15-0.4,0.4-1.2,0.6-1.2,0.8,1-1.5,1.5-2,1.5-8,2.5-3,abaxial,abaxially,abscising,adaxially,age,along,altered,alyx,another,apar,apart,apice,apparently,arising,around,articulated,axil,becoming,branched,clearly,closer,concave,crenulate,curved,cuspidate,delineated,deltoid,density,distributed,domatia,eaf,eed,equal,extending,faint,fertilization,flat,formed,forming,free,fresh,glabrescent,globo,hair,increasing,inflorescenc,inside,isolated,junction,know,known,lamina,lengthening,lobe,lobed,lower,m.,main,margi,mas,meeting,middle,much,multicellular,narrowly,nflorescence,nther,often,one,orolla,outside,ovate,papillo,perfec,plurifoliat,pore,poricidal,portion,protruding,rachi,raised,rarely,regular,rounded,ruit,scar,separated,shallowly,side,smaller,smooth,sometimes,somewhat,soon,specimen,stretchy,stump,tangled,tearing,tertiary,textur,thick,thickened,thinner,tissue,together,toward,translucent,translucent-violet,tuft,ud,uneven,unit,vary,venation,visible,wide,ympodial,young	arrangement,bud,calyx,characteristic,colour,corrugation,exertion,form,fruit,glabrousnes,globose,growth,height,history,inflorescence,life,lobing,na,new,number,ovary,papillose,per,plant,seed,shape,size,texture,type	0°,1-2,1.5-4,1/8,15-50,2-3,3-4,4-5,4-6,4.5,4.5-7,5,5-6,6-8,6-9,7-10,acute,almost,anthesi,apex,apically,apiculate,articulation,attenuate,base,branch,branching,broadly,brown,canaliculate,capitate,chartaceous,clustered,cm,concolorous,conical,corolla,dendritic,diameter,dilated,drying,entire,except,flexuous,flower,glabrous,green,grey,length,less,liana,light,lilac,long,mauve,membranous,midvein,minutely,mm,obconical,oblong,obovate,occasional,pair,prominent,simple,slender,sparsely,spreading,terete,terminal,time,tip,trichome,unarmed,widely,x,yellowish	globose,na,papillose
299	wfo-0001029310	success	214	154	100	119	95	35	96	4	.5,/4,0-20,0-5,0.1-0.2,0.2-0.8,0.5-3,0.6-1.1,00,1-1.5,1-2,1.2-1.5,1.8-3,10-13-16,10-15,15-20-25,2-3.5,2-4,20-40,3-4,3.5,4-10,5-10,5-12,5-20,5-6,5-7,6-8,abaxially,acute,anther,apart,apex,apparently,articulated,bark,base,berry,branched,brown,calyx,cm,concolorous,conical,connivent,cordate,dark,diameter,distal,drying,dull,elliptic,erect,filament,flattened-reniform,flower,fruit,fruiting,glabrescent,glabrous,gray,hair,herb,lateral,leaf,length,lobe,lobed,lobing,long,long-styled,lower,margin,maturity,mauve,membranous,midpoint,mm,moderately,narrow-deltate,orange-green,ornately,pair,pedicel,peduncle,pendent,per,perpendicular,petiole,pinnatifid,plant,poricidal,prickle,prickly,primary,ray,retrorse,short-styled,shrub,simple,sometimes,spaced,sparsely,spherical,stellate-pubescent,stem,straight,style,surface,tapering,terete,tip,toward,truncate,tube,vein,way,wide,yellow	.1,.6,/6,0.2-0.3,0.5,1,1-4,1/,10,10-20,2.5-6,2/3-3/4,20-60,200-500,3-5,4-8,45-60,5,5-30,5-8,5-merous,7-12,7-13,8,accrescent,alyx,ame,andromonoecious,apar,apically,beyond,blade,c.,deltate,difoliate,distance,eaf,eed,elongating,enclosing,equal,extending,filifor,free,geminat,gently,hermaphrodite,heterostylous,inflated,infructescence,lon,longer,lowermost,mature,midvein,minute,nflorescence,older,one,open,orolla,oung,pendulous,pericarp,porrect,portion,prickl,recurved,red-brow,ruit,scar,secondary,sessile,shorter,side,smooth,spreading,stalk,stalked,staminat,stellate,stout,strongly,tamen,tertiary,time,tissue,trichome,unit,variously,vary,venation,visible,woody,ympodial	1/3,arrangement,branch,bud,characteristic,colour,corolla,corrugation,exertion,form,glabrousnes,growth,height,history,inflorescence,interjected,leaflet,life,na,new,number,ovary,perennial,pseudostipule,red-brown,seed,shape,size,stigma,terminal,texture,thicknes,type,variation,width	.5,/4,0-20,0-5,0.1-0.2,0.2-0.8,0.5-3,0.6-1.1,00,1-1.5,1-2,1.2-1.5,1.8-3,10-13-16,10-15,15-20-25,2-3.5,2-4,20-40,3-4,3.5,4-10,5-10,5-12,5-20,5-6,5-7,6-8,abaxially,acute,apart,apex,apparently,articulated,base,berry,branched,brown,cm,concolorous,conical,connivent,cordate,dark,diameter,drying,dull,elliptic,erect,flattened-reniform,flower,glabrescent,glabrous,gray,hair,herb,lateral,lobed,long,long-styled,lower,maturity,mauve,membranous,mm,moderately,narrow-deltate,orange-green,ornately,pair,pendent,perpendicular,pinnatifid,poricidal,prickle,prickly,retrorse,short-styled,shrub,simple,sometimes,spaced,sparsely,spherical,stellate-pubescent,stem,straight,surface,tapering,terete,tip,toward,truncate,way,wide,yellow	1/3,na,perennial,red-brown
300	wfo-0001029317	success	151	116	64	74	77	42	58	6	.5,0.5,0.8-1,1-1.5,10-16,11-14,2-3,2.5-5,7-8,8-9,acuminate,anther,apex,area,attenuate,barely,base,bud,ca,calyx,channeled,cm,corolla,dry,erect,exserted,filament,fruiting,glabrate,glabrous,globose,grayish,immature,inflorescence,lateral,leaf,lobe,lobed,long,main,margin,minutely,mm,narrowly,nearly,ovary,ovate,pair,papillose,pedicel,petiole,poricidal,probably,pubescent,rounded,shrub,simple,size,soon,sparsely,specimen,stem,stigma,style,tapering,tip,trichome,tube,uniseriate,vein,visible,white,x,yellowish	0.25,0.5-0.75,0.5-1,1,1.5-3.5,10-30-flowered,6-8,6.5-11,along,anthesi,apar,beneath,broadly,brow,closely,cup-like,deciduou,deflexed,deltoid,densely,denser,dia,differing,difoliate,eaf,edicel,eed,ellipsoi,epidermi,extreme,free,frui,geminate,known,like,lon,lower,major,middle,minor,nflorescence,occasionally,often,older,one,opposite,otherwise,overlapping,ovoid,paler,pore,portion,prominent,proximal,rachi,raised,reflexed,remaining,rest,ruit,scar,shaped,slender,slightly,soft,spaced,straight,styl,tall,tear-drop,thickened,tuft,ud,unit,widest,ympodial,young	.25,10-30,appearance,arrangement,border,brown,characteristic,colour,corrugation,diameter,drying,exertion,flower,form,fruit,giving,glabrousnes,growth,height,history,length,life,lobing,midpoint,na,new,number,peduncle,per,perennial,plant,prickle,primary,ray,seed,shape,surface,texture,thicknes,type,variation,width	.5,0.5,0.8-1,1-1.5,10-16,11-14,2-3,2.5-5,7-8,8-9,acuminate,area,attenuate,barely,base,ca,calyx,channeled,cm,dry,erect,exserted,glabrate,glabrous,globose,grayish,immature,lateral,lobed,long,main,minutely,mm,narrowly,nearly,ovate,pair,papillose,poricidal,probably,pubescent,rounded,shrub,simple,soon,sparsely,specimen,style,tapering,tip,trichome,tube,uniseriate,vein,visible,white,x,yellowish	.25,10-30,brown,fruit,na,perennial
301	wfo-0001029332	success	196	146	90	110	86	36	86	4	.5,0-100,0-2,0-20,0-4,0.1-0.2,0.5-1,0.8-1,1-2,1-3,1-4,1.3-1.5,1.5-2,1/2,2,2-2.5,2.5-3.5,2.8-3.7,2/3-3/4,3-4,3-6,4-10,4-15,5-6,5-8,6-8,8.5-9.5,abaxially,anther,apart,apex,apparently,articulated,bark,base,berry,calyx,chartaceous,cm,conical,connivent,cordate,curved,densely,diameter,distal,erect,filament,flattened,flattened-reniform,flower,fruit,fruiting,glabrous,lateral,leaf,length,lobe,lobed,long,long-styled,lower,margin,maturity,mauve,midpoint,mm,moderately,narrow-deltate,orange-brown,ovate,pair,pale,pedicel,peduncle,per,petiole,plant,poricidal,prickle,prickly,primary,pubescent,ray,rounded,shrub,simple,slender,spaced,spherical,spreading,stellate,stellate-pubescent,stem,style,surface,tapering,terete,terminal,tip,tube,unbranched,upper,vein,way,weakly,wide,yellow,yellow-green,yellow-orange	/3,0,0-0.5,0-5,0.1,0.15-0.2,0.15-0.25,1-1.5,1/3,1/4,1/4-1/3,10-30,2-4,2/,3.5-5,5-merous,abaxial,adaxial,alyx,andromonoecious,apar,apically,becoming,blade,broad-deltate,concolorous,difoliate,distance,drying,eaf,eed,elongating,equal,extending,free,geminat,glabrescent,gland,globular,grayi,herbaceous,hermaphrodite,heterostylous,infructescence,less,long-acuminat,longer,lowermost,mature,midvein,nflorescence,often,older,one,open,orolla,oung,pendulous,pericarp,porrect,portion,prickl,reduced,ruit,scandent,scar,sessile,short-styled,shorter,side,smooth,stalk,stalked,staminat,subsessile,tamen,tertiary,time,trichome,unit,variously,vary,venation,visible,woody,ympodial	2/3,appearance,arrangement,border,branch,characteristic,colour,corolla,exertion,form,giving,glabrousnes,grayish,growth,height,history,inflorescence,interjected,leaflet,life,lobing,na,new,number,ovary,perennial,pseudostipule,seed,shape,size,stigma,texture,thicknes,type,variation,width	.5,0-100,0-2,0-20,0-4,0.1-0.2,0.5-1,0.8-1,1-2,1-3,1-4,1.3-1.5,1.5-2,1/2,2,2-2.5,2.5-3.5,2.8-3.7,2/3-3/4,3-4,3-6,4-10,4-15,5-6,5-8,6-8,8.5-9.5,abaxially,apart,apparently,articulated,base,berry,chartaceous,cm,conical,connivent,cordate,curved,densely,diameter,erect,flattened,flattened-reniform,flower,glabrous,lateral,lobed,long,long-styled,lower,maturity,mauve,mm,moderately,narrow-deltate,orange-brown,ovate,pair,pale,per,poricidal,prickle,prickly,pubescent,rounded,shrub,simple,slender,spaced,spherical,spreading,stellate,stellate-pubescent,tapering,terete,terminal,tip,unbranched,upper,way,weakly,wide,yellow,yellow-green,yellow-orange	2/3,grayish,na,perennial
302	wfo-0001029333	success	155	136	77	91	64	45	73	4	.25,.5,/4,0.7-1,1-1.2,1-1.5,1-15,1-3,1-7,1.5-2.5,1.5-3,10-15-flowered,17-26,2-2.5,8-15,9-13,abaxially,acuminate,acute,adaxially,anther,apex,auriculate,bark,base,berry,broadly,calyx,clavate,cm,conical,corolla,dendritic,densely,dia,difoliate,elliptic-obovate,exserted,filament,flattened-reniform,fruiting,geminate,glabrous,globose,green,heteromorphic,incrassate,lateral,leaf,lobe,lobed,long,main,margin,minutely,mm,obovate,occasionally,ovary,pair,pale,paler,pedicel,petiole,pitted,pubescent,reddish-brown,sessile,shape,shaped,shining,shrub,simple,size,somewhat,stem,stigma,strongly,style,surface,tear-drop,time,triangular,trichome,truncate,tube,type,unit,vein,way,wide	0.5,0.5-1,1-2,1.5-2,100,3-7,3-7.5,5-6,abaxial,along,anisophyllou,anthesi,ba,beige,beneath,contracted,deflexed,dendritic-pubescent,denser,differing,dry,eaf,edicel,eed,erect,flower,free,fresh,golden,inflorescenc,like,lon,long-styled,lower,major,minor,nflorescence,older,opposite,orbicular,overlappin,papillo,planar,pore,poricidal,portion,present,pubescence,rest,rounded,ruit,scar,short-styled,slender,small,spaced,sparsely,tall,tip,tree,ud,woody,ympodial,young	anisophyllous,appearance,arrangement,border,branch,bud,characteristic,colour,corrugation,diameter,distal,drying,exertion,form,fruit,giving,glabrousnes,growth,height,history,inflorescence,interjected,leaflet,length,life,lobing,midpoint,na,new,number,peduncle,per,perennial,plant,prickle,primary,pseudostipule,ray,seed,sympodial,terminal,texture,thicknes,variation,width	.25,.5,/4,0.7-1,1-1.2,1-1.5,1-15,1-3,1-7,1.5-2.5,1.5-3,10-15-flowered,17-26,2-2.5,8-15,9-13,abaxially,acuminate,acute,adaxially,auriculate,base,berry,broadly,calyx,clavate,cm,conical,dendritic,densely,dia,difoliate,elliptic-obovate,exserted,flattened-reniform,geminate,glabrous,globose,green,heteromorphic,incrassate,lateral,lobed,long,main,margin,minutely,mm,obovate,occasionally,pair,pale,paler,pitted,pubescent,reddish-brown,sessile,shaped,shining,shrub,simple,somewhat,strongly,tear-drop,time,triangular,trichome,truncate,tube,unit,vein,way,wide	anisophyllous,na,perennial,sympodial
303	wfo-0001029334	success	211	129	66	88	123	41	64	2	0-4,0.15-0.3,1,1-2,1-3,1.3-4.5,1.5-3.9,1.5-6,1.8-2.9,2-2.5,2-4,2.5-3,3.2-5.8,3.3-6.5,4-5.5,4-8.5,7.5-15.5,8-30,9-12,absent,acute,almost,anther,apex,attenuate,axillary,base,berry,brownish,bud,chartaceous,clavate,cm,condition,cordate,corolla,densely,diameter,distal,drying,filament,fresh,fruit,glabrous,globose,green,green-white,greenish,herb,interjected,lanceolate,lateral,leaflet,lobe,long,margin,membranous,mm,mucilaginous,oblique,odd-pinnate,orbicular,ovate,ovoid,pedicel,peduncle,petiole,plant,puberulent,pubescent,pure,ripe,rounded,seed,size,stem,stigma,style,terminal,throughout,tinged,tube,violet,wet,white,whitish,wide,x	.2,1-10,1-6,2,2-5,2-8,3-5,3-7,5-10,5-merou,abaxially,acumen,adaxially,ag,along,alyx,among,apart,apparently,articulated,axe,blade,borne,broadly,capitat,cell,ciliate,connivent,covering,cuneate,decreasing,decurrent,digestion,dorsally,eaf,edge,eed,elliptic,end,enzyme,erect,especially,exceeding,except,flat,flower,folded,forked,geminat,generally,glabrou,gradually,grassland,greatly,hair,hair-like,half,homostylous,honeycomb-shaped,lengthening,like,living,low-growin,lower,make,middl,midrib,minutely,narrowly,nflorescence,obtuse,often,orolla,pair,perfect,petiolulate,petiolule,plurifoliate,pore,poricidal,proximal,rarely,reduced,removed,ruit,semi-rosette,sessile,seudostipule,shady,short,singly,situation,slightly,slit,spaced,specimen,stamen,ste,stellate,stolo,straight,subequal,subsessile,subtending,sunny,tall,tamen,tem,testal,thick,tip,toward,tri-,tuber,typically,unit,unwinged,usually,vary,wall,woodland,yellow,ympodial	appearance,arrangement,bark,border,branch,calyx,capitate,characteristic,colour,corrugation,exertion,form,fruiting,giving,glabrousnes,growth,height,history,inflorescence,leaf,length,life,lobing,midpoint,na,new,number,ovary,per,prickle,primary,pseudostipule,ray,shape,surface,texture,thicknes,type,variation,vein,width	0-4,0.15-0.3,1,1-2,1-3,1.3-4.5,1.5-3.9,1.5-6,1.8-2.9,2-2.5,2-4,2.5-3,3.2-5.8,3.3-6.5,4-5.5,4-8.5,7.5-15.5,8-30,9-12,absent,acute,almost,attenuate,axillary,berry,brownish,bud,chartaceous,clavate,cm,condition,cordate,densely,drying,fresh,glabrous,globose,green,green-white,greenish,herb,lanceolate,long,membranous,mm,mucilaginous,oblique,odd-pinnate,orbicular,ovate,ovoid,puberulent,pubescent,pure,ripe,rounded,throughout,tinged,violet,wet,white,whitish,wide,x	capitate,na
304	wfo-0001029344	success	147	128	67	79	68	49	64	3	.5,0.4-1,0.5-1,0.5-1.5,0.5-3,1,1-5,1-6,1.5,1.5-3,1.5-4,10-20,10-35,4-6,5-12,5-15,absent,acute,anther,apex,base,berry,brown,calyx,center,chartaceous,ciliate,cm,densely,diameter,dm,drying,edge,elliptic,elliptic-ovoid,entire,filament,fine,flower,fruit,glabrous,globose,herb,immature,linear-lanceolate,lobe,margin,maturing,membranaceous,mm,moderately,nearly,oblong,obtuse,parallel,pedicel,peduncle,per,petiole,pubescent,radiating,raised,rhizomatous,ridge,rotate,rounded,running,semitransparent,shallow,short,sparsely,stigma,style,surface,tube,vein,white,x,yellow	1-2,1-3,2-3,2-3-celled,2-4,2-7,3-10,abaxially,abundant,adaxiall,adaxially,along,axe,beyond,blade,connected,cordate,decurrent,dehiscing,denser,difoliate,eaf,eed,emarginat,equal,explosively,exserted,flat,frui,geminat,hair,held,interpetalar,lacking,long,lower,lying,maturit,mesocarp,nflorescence,notch,obvious,often,one-,orolla,placenta,pressure,pubescen,rachi,ruit,slightly,sometimes,stamen,straight,swollen,tal,tamen,tem,tissue,triangular,two-celled,unbranched,unit,vary,watery,wid,woody,ympodial	appearance,arrangement,bark,border,branch,bud,characteristic,colour,corolla,corrugation,distal,exertion,form,fruiting,geminate,giving,glabrousnes,growth,height,history,inflorescence,interjected,lateral,leaf,leaflet,length,life,lobing,midpoint,na,new,number,ovary,plant,prickle,primary,pseudostipule,ray,seed,shape,size,stem,terminal,texture,thicknes,type,variation,wide,width	.5,0.4-1,0.5-1,0.5-1.5,0.5-3,1,1-5,1-6,1.5,1.5-3,1.5-4,10-20,10-35,4-6,5-12,5-15,absent,acute,berry,brown,center,chartaceous,ciliate,cm,densely,diameter,dm,drying,edge,elliptic,elliptic-ovoid,entire,fine,flower,fruit,glabrous,globose,herb,immature,linear-lanceolate,margin,maturing,membranaceous,mm,moderately,nearly,oblong,obtuse,parallel,pubescent,radiating,raised,rhizomatous,ridge,rotate,rounded,running,semitransparent,shallow,short,sparsely,white,x,yellow	geminate,na,wide
305	wfo-0001029363	success	152	112	66	83	69	29	64	2	.75,/4,0-0.1,0.2-1.1,0.5-1,1-1.2,1.5-1.7,1.5-3.5,2-6,3-7,4-11,5-7-flowered,6-7,6-8,7-10,acuminate,acute,anther,apex,bark,base,becoming,beneath,berry,bi-lobed,bud,calyx,capitate,cm,corolla,cup-shaped,deep,deflexed,densely,dia,drying,elliptic,exsertion,filament,fruit,fruiting,glabrous,globose,green,greyish,immature,lateral,leaf,lobed,long,main,margin,maroon,minutely,mm,narrowly,obtuse,ovary,pair,pale,pedicel,petiole,poricidal,pubescent,shiny,shrub,simple,small,sparsely,stem,stigma,style,surface,tapering,tip,tree,tube,vein,way,white,white-papillose,wide,yellowish	.25,0.1-0.5,0.5,1,anthesi,axil,ba,beginning,closely,coroll,deltoid,eaf,edge,edicel,eed,erect,except,free,inflorescenc,internodal,known,lamina,larger,later,lobe,lon,lower,mature,meeting,middle,minute,much,near,nflorescence,occasionally,often,older,opposite,overlapping,paler,papillo,papillose,pore,portion,prominent,reflexed,ruit,scar,slender,slit-like,somewhat,spaced,sparse,straight,tall,terminal,thickened,trichome,tuft,ud,unifoliat,uniseriate,unit,upon,usually,widest,woody,ympodial,young	arrangement,branch,characteristic,colour,corrugation,diameter,exertion,form,glabrousnes,growth,height,history,inflorescence,length,life,lobing,na,new,number,peduncle,per,plant,primary,seed,shape,size,texture,type,unifoliate	.75,/4,0-0.1,0.2-1.1,0.5-1,1-1.2,1.5-1.7,1.5-3.5,2-6,3-7,4-11,5-7-flowered,6-7,6-8,7-10,acuminate,acute,base,becoming,beneath,berry,bi-lobed,capitate,cm,corolla,cup-shaped,deep,deflexed,densely,dia,elliptic,exsertion,glabrous,globose,green,greyish,immature,lateral,lobed,long,main,maroon,minutely,mm,narrowly,obtuse,pair,pale,poricidal,pubescent,shiny,shrub,simple,small,sparsely,tapering,tip,tree,vein,way,white,white-papillose,wide,yellowish	na,unifoliate
306	wfo-0001029364	success	151	121	57	71	80	50	55	2	-2,0.2-0.5,1-3,1-5,1.5-2,2-4-12,2-6,3-4,4-9,5-10-27,5-11,5-9,6-8,7-9,8-15,?,acuminate,anther,apex,base,calyx,chartaceous,cm,corolla,cream,cuneate,diameter,distally,elliptic,entire,extra-axillary,filament,finger,flower,fruit,glabrous,gland-tipped,globose,green,greenish,hair,herb,immature,lobe,margin,minutely,mm,narrowly,ovate,pedicel,peduncle,petiole,puberulent,pubescent,sagittate,shrub,side,simple,sparsely,spot,stigma,strongly,style,tapered,triangular,tube,unbranched,unknown,vein,white,x	-3,-6,.5,1,1-2-6,1-4,191.,2,2-foliat,8-10,abaxially,according,acute,adaxially,aggregate,apart,around,articulated,axe,ba,bitter,blade,blue,cell,center,color,connivent,curled,cylindrical,darker,deep,directed,distall,eaf,ed,fide,free,glandular-puberulen,inserted,long,lower,major,membranaceous,mesocarp,moderately,nearly,nflorescence,obtuse,orolla,part,perfect,pore,presence,present,puberulen,rachi,radiu,ripe,ruit,rusby,shallow,short-tomentose,shorter,small,spaced,stellate,stone,tal,tamen,tem,thecae,tightly,time,tomento,truncat,unit,vary,wide,yellow,ympodial	appearance,arrangement,bark,border,branch,bud,characteristic,colour,corrugation,distal,drying,exertion,form,fruiting,giving,glabrousnes,growth,height,history,inflorescence,interjected,lateral,leaf,leaflet,length,life,lobing,midpoint,na,new,number,ovary,per,plant,prickle,primary,pseudostipule,ray,seed,shape,size,stem,surface,terminal,texture,thicknes,truncate,type,variation,width	-2,0.2-0.5,1-3,1-5,1.5-2,2-4-12,2-6,3-4,4-9,5-10-27,5-11,5-9,6-8,7-9,8-15,?,acuminate,base,chartaceous,cm,cream,cuneate,distally,elliptic,entire,extra-axillary,finger,flower,glabrous,gland-tipped,globose,green,greenish,hair,herb,immature,minutely,mm,narrowly,ovate,puberulent,pubescent,sagittate,shrub,side,simple,sparsely,spot,strongly,tapered,triangular,unbranched,unknown,white,x	na,truncate
307	wfo-0001029368	success	139	100	55	67	72	33	51	4	.2,.5,0.5-2,1.5-3,1.5-4,11-13,16-25,2-5,2.5-4,5-6,acuminate,acute,anther,anthesi,apex,bark,base,berry,broadly,calyx,capitate,closely,cm,corolla,crumpled,deflexed,dia,elliptic,erect,exserted,filament,fruit,fruiting,glabrous,globose,golden,green,herb,inflorescence,lanceolate,lateral,leaf,long,main,margin,minute,minutely,mm,ovary,parallel,pedicel,petiole,puberulent,shaped,simple,stem,stigma,straight,strongly,style,tear-drop,trichome,tube,uniseriate,vein,white,x	.25,0,0.9-1,1.5-1.6,1.5-2,?,abaxially,adaxially,along,apparently,bearing,bitter,borne,breaking,brow,coarse,conical,cup,densely,distal,eaf,edicel,eed,few-branched,fide,flattened,flower,free,half,indistinct,inflorescenc,internodal,known,lamina,leaving,like,lobe,lower,margi,middle,midrib,nflorescence,non-flower,obtuse,older,one,opposite,overlappin,pair,papillo,papillose,pore,poricidal,portion,reflexed,rest,ruit,scar,shrub,somewhat,spaced,tall,tip,ud,unifoliat,unit,upper,widest,winged,woody,ympodial,young	arrangement,branch,brown,bud,characteristic,colour,corrugation,diameter,drying,exertion,form,glabrousnes,growth,height,history,length,life,lobing,na,new,number,peduncle,per,perennial,plant,primary,seed,shape,size,surface,texture,type,unifoliate	.2,.5,0.5-2,1.5-3,1.5-4,11-13,16-25,2-5,2.5-4,5-6,acuminate,acute,anthesi,apex,berry,broadly,calyx,capitate,closely,cm,crumpled,deflexed,dia,elliptic,erect,exserted,glabrous,globose,golden,green,herb,lanceolate,lateral,long,main,minute,minutely,mm,parallel,puberulent,shaped,simple,straight,strongly,tear-drop,trichome,tube,uniseriate,vein,white,x	brown,na,perennial,unifoliate
308	wfo-0001029370	success	223	174	116	133	90	41	110	6	.3,0-100,0-35,0.5-1,0.5-2.2,1-2,1-3,1.5-6,1.8-2.5,1.8-2.8,1/4-1/3,10-17-20,2-3,2.5-3.5,3-4,3.5-4,3.5-8,4-6,4-9,5-10,5-12,5.5-7,7-13,8-14,8-23,abaxially,almost,anther,apart,apex,apically,apparently,articulated,bark,basal,base,berry,branched,broad-deltate,calyx,chartaceous,cm,conical,cordate,cream,curved,dark,densely,diameter,discolorous,distal,drying,elongate,erect,filament,fine,flattened,flattened-reniform,flower,fruit,fruiting,fully,glabrescent,green,greenish,herb,lateral,leaf,length,lobe,lobed,long,long-styled,lower,margin,marking,maturity,mauve,midpoint,mm,moderately,multangulate,obtuse,often,opening,orange,orange-brown,ornate,ovate,overlapping,pair,pale,pattern,pedicel,peduncle,per,petiole,plant,poricidal,prickle,prickly,primary,ray,red-brown,reticulate,rotate,rounded,shiny,short-styled,shrub,simple,slightly,smooth,sometimes,spaced,spherical,spreading,stellate-pubescent,stem,straight,strongly,style,surface,tapering,terete,tip,tube,vein,way,white,wide,yellow,young	.1,.5,/4,0-10,0-3,0.1,0.1-0.15,0.2,0.3,1,1-4,1/3-1/2,10-17,10-40,10-50,12-17,15-30,2-10,2-20,2-6,3/,4-7,5-merous,6-15-32,7-11,8-20,abaxial,acut,adaxial,alyx,ame,andromonoecious,apar,blade,c.,clearly,connivent,distance,eaf,eed,elongating,equal,extending,fewer,free,gently,glabrous,hermaphrodite,heterostylous,infructescence,longer,lowermost,mature,midvein,mixture,nflorescence,older,one,open,orolla,oung,pendulous,pericarp,perpendicular,plurifoliat,porrect,portion,prickl,ruit,scar,sessile,side,stalk,stalked,staminat,stout,tamen,tertiary,time,trichome,unarmed,unit,variously,vary,venation,visible,white-gra,whitish,woody,ympodial	3/4,acute,appearance,arrangement,border,branch,bud,characteristic,colour,corolla,corrugation,exertion,form,giving,glabrousnes,growth,height,history,inflorescence,interjected,leaflet,life,lobing,na,new,number,ovary,perennial,plurifoliate,pseudostipule,seed,shape,size,stigma,terminal,texture,thicknes,type,variation,white-gray,width	.3,0-100,0-35,0.5-1,0.5-2.2,1-2,1-3,1.5-6,1.8-2.5,1.8-2.8,1/4-1/3,10-17-20,2-3,2.5-3.5,3-4,3.5-4,3.5-8,4-6,4-9,5-10,5-12,5.5-7,7-13,8-14,8-23,abaxially,almost,apart,apically,apparently,articulated,basal,base,berry,branched,broad-deltate,chartaceous,cm,conical,cordate,cream,curved,dark,densely,diameter,discolorous,drying,elongate,erect,fine,flattened,flattened-reniform,flower,fully,glabrescent,green,greenish,herb,lateral,length,lobe,lobed,long,long-styled,lower,marking,maturity,mauve,mm,moderately,multangulate,obtuse,often,opening,orange,orange-brown,ornate,ovate,overlapping,pair,pale,pattern,per,poricidal,prickly,red-brown,reticulate,rotate,rounded,shiny,short-styled,shrub,simple,slightly,smooth,sometimes,spaced,spherical,spreading,stellate-pubescent,straight,strongly,tapering,terete,tip,way,white,wide,yellow,young	3/4,acute,na,perennial,plurifoliate,white-gray
309	wfo-0001029373	success	199	111	66	76	123	35	51	15	3,5,6.8,acute,anther,anthesi,apex,articulated,bark,base,berry,broadly,bud,calyx,clavate,cm,conical,corolla,curved,deltate,densely,diameter,ellipsoid,entire,exerted,filament,flattened-reniform,fruit,fruiting,globose,green,grey-brown,growth,halfway,herb,internodal,lateral,leaf,less,long,margin,minute,minutely,mm,moderately,new,obtuse,ovary,ovate-lanceolate,pair,papillate,pedicel,peduncle,per,petiole,pitted,plant,primary,pubescent,rounded,shape,simple,slightly,stem,stigma,straight,style,surface,terete,tip,trailing,tube,vein,white,wide,yellowish	.0–1.2,.2,.3,.5,.5–2.0,0.3–0.5,0.4–1.6,0.5–1.2,0.5–1.8,0.6–0.7,1.0–1.2,1.0–1.6,1.2–1.5,1.3–2.2,1.4–3.5,1.5–2.0,1.5–2.5,1.5–2.7,1.8–2.0,1.8–2.3,180°,2-celled,2.0–2.5,2.7–3.0,20–30,2–4-celled,3.5–4.0,30–40,3–5,4–5,4–6,5-merous,5–6,8–9,abaxial,abaxially,accrescent,acuminate,adaxial,adaxially,age,apar,appearanc,appressed,arising,basal,bayonet,beyond,capped,cell,cone,developing,distal,eaf,eed,elongate,enclosed,enclosing,finger,flower,free,fully,geminat,glabrous,glandular-tipped,hair,half,hilum,immature,individual,laterally,lengthening,like,live,lobe,lobed,lon,lower,mature,mesocarp,middle,mouth,nflorescence,node,older,outline,pentagonal,perfect,plurifoliate,pore,poricidal,portion,positioned,reflexed,resembling,root,ruit,scar,seen,seudostipule,shallowly,short,slit,smoot,spaced,spreading,stellate,still,tall,tem,testal,thicker-walled,trichome,tub,ud,uniseriate,unit,upper,woody,yellow,yellow-green,ympodial,–5	0.4-1.6,0.5-1.2,0.6-0.7,1.0-1.2,1.0-1.6,1.2-1.5,1.4-3.5,1.5-2.5,1.8-2.3,20-30,30-40,4-6,5-6,8-9,arrangement,branch,characteristic,colour,exertion,form,glabrousnes,height,history,inflorescence,length,life,lobing,na,number,pseudostipule,seed,size,texture,type,width	3,5,6.8,acute,anthesi,articulated,base,berry,broadly,calyx,clavate,cm,conical,curved,deltate,densely,ellipsoid,entire,exerted,flattened-reniform,globose,green,grey-brown,halfway,herb,internodal,lateral,less,long,minute,minutely,mm,moderately,obtuse,ovate-lanceolate,pair,papillate,per,pitted,pubescent,rounded,simple,slightly,straight,terete,tip,trailing,tube,white,wide,yellowish	0.4-1.6,0.5-1.2,0.6-0.7,1.0-1.2,1.0-1.6,1.2-1.5,1.4-3.5,1.5-2.5,1.8-2.3,20-30,30-40,4-6,5-6,8-9,na
310	wfo-0001029402	success	113	110	47	56	57	54	45	2	0.5-1,0.5-2,1-2.5,15-30,2,2-3,3-4,4-6,5-25,6-16,7-11,7-8,7-9,acuminate,acute,apex,articulated,base,branched,calyx,ciliolate,cm,connivent,deltate,diameter,elliptic,flower,free,glabrous,inrolled,lanceolate,leaving,lobe,margin,mm,narrowed,narrowly,often,pedicel,peduncle,petiole,rachi,scar,shrub,simple,stigma,style,surface,tapered,thickened,tip,triangular,tube,unknown,violet,x	11-17,2-10,3-5,3-6,4-7,4-8,8-15,abaxial,abaxially,adaxially,apart,axe,band,blade,chartaceous,color,cylindrical,denser,directed,distall,eaf,eed,fleshy,forked,glabrate,glabrou,hair,long,lower,many-foliat,moderately,nearly,nflorescence,nther,orolla,papillose,pore,pubescence,pubescent,rachise,radiu,roughened,ruit,scale-like,somewhat,spaced,sparsely,stellate,tal,tem,time,truncat,unit,unknow,vary,wide,ympodial	anther,appearance,arrangement,bark,border,branch,bud,characteristic,colour,corolla,corrugation,distal,drying,exertion,filament,form,fruit,fruiting,giving,glabrousnes,growth,height,history,inflorescence,interjected,lateral,leaf,leaflet,length,life,lobing,midpoint,na,new,number,ovary,per,plant,prickle,primary,pseudostipule,ray,seed,shape,size,stem,terminal,texture,thicknes,truncate,type,variation,vein,width	0.5-1,0.5-2,1-2.5,15-30,2,2-3,3-4,4-6,5-25,6-16,7-11,7-8,7-9,acuminate,acute,apex,articulated,base,branched,ciliolate,cm,connivent,deltate,elliptic,flower,free,glabrous,inrolled,lanceolate,leaving,mm,narrowed,narrowly,often,rachi,scar,shrub,simple,tapered,thickened,tip,triangular,unknown,violet,x	na,truncate
311	wfo-0001029404	success	154	153	94	99	55	54	90	4	0-60-flower,0.5-1,1,1-4,2,2-3,2-5,2.5-22,2.5-3,20-35,3-4,3-8.5,5-10,5-20,5-24,6-8,6.5-34,abaxially,acuminate,acute,adaxially,anther,apex,apiculate,articulated,auriculate,basal,base,beyond,branched,calyx,center,chartaceous,cm,connivent,cordate,cream,dark,darker,deltate,densely,diameter,directed,distally,eglandular,ellipsoidal,entire,exserted,flattened,fleshy,flower,fruit,glabrous,glandular,green,hair,lanceolate,leaving,less,light,lobe,long,longitudinal,margin,mm,moderately,mottling,obtuse,orange,ovate,ovoid,pedicel,pedicellar,peduncle,perfect,petiole,pink,pore,puberulent,pubescent,purple,remnant,ripe,shrub,simple,somewhat,sparsely,star,stigma,style,toward,tree,triangular,tube,unbranched,vein,white,x,yellow	-1.5,-10,-3,-5,1.5-2,15-25,2-4,2-8,3-5,4-foliat,5-6,6-9,8-12,absent,aggregate,apart,ape,axe,blade,cell,connective,cylindrical,eaf,eed,glandular-puberulen,lemon,lon,lower,narrowly,nflorescence,nther,orang,orolla,presen,rachi,radiu,ruit,shorter,slightly,small,spaced,stellate,stone,subcoriaceous,tal,tem,thecae,time,tomento,truncat,ud,unit,vary,wide,ympodial	appearance,arrangement,bark,border,branch,bud,characteristic,colour,corolla,corrugation,distal,drying,exertion,filament,form,fruiting,giving,glabrousnes,glandular-puberulent,growth,height,history,inflorescence,interjected,lateral,leaf,leaflet,length,life,lobing,midpoint,na,new,number,ovary,per,plant,prickle,primary,pseudostipule,ray,seed,shape,size,stem,surface,terminal,texture,thicknes,tomentose,truncate,type,variation,width	0-60-flower,0.5-1,1,1-4,2,2-3,2-5,2.5-22,2.5-3,20-35,3-4,3-8.5,5-10,5-20,5-24,6-8,6.5-34,abaxially,acuminate,acute,adaxially,anther,apex,apiculate,articulated,auriculate,basal,base,beyond,branched,center,chartaceous,cm,connivent,cordate,cream,dark,darker,deltate,densely,directed,distally,eglandular,ellipsoidal,entire,exserted,flattened,fleshy,flower,fruit,glabrous,glandular,green,hair,lanceolate,leaving,less,light,lobe,long,longitudinal,margin,mm,moderately,mottling,obtuse,orange,ovate,ovoid,pedicellar,perfect,pink,pore,puberulent,pubescent,purple,remnant,ripe,shrub,simple,somewhat,sparsely,star,toward,tree,triangular,unbranched,white,x,yellow	glandular-puberulent,na,tomentose,truncate
312	wfo-0001029406	success	136	128	68	84	52	44	67	1	.5,0.5-1,0.6-1,0.7-1.5,1-1.5,1-10,1.5-2.2,1.5-2.5,2,2-11,2-3,2.5-3.5,28,30,4-18,4-6,7-12,acute,anther,apex,arachnoid-pubescent,bark,base,berry,broadly,brown,brownish,calyx,clavate,cm,conical,corolla,dark,deciduous,deltate,densely,dia,elliptic,filament,fruiting,glabrous,globose,grayish-brown,grayish-green,green,greenish-white,lateral,leaf,lobe,lobed,long,main,margin,maturity,middle,minutely,mm,nearly,often,ovary,ovoid,ovoid-reniform,pair,papillose,pedicel,petiole,pitted,shaped,shiny,shrub,size,slightly,small,stem,stigma,style,surface,tear-drop,tree,tube,vein,white,wide,widest	0.3-1,1-2,1.5-5,3-9,abaxially,adaxially,along,anthesi,arachnoid,ba,bullate,conspicuously,deflexed,differing,difoliate,dry,eaf,eed,felt-like,free,geminat,impressed,large,lenticel,lilac,lon,lower,major,matted,minor,occasionally,older,pale,papillo,planar,pointed,population,pore,poricidal,portion,pubescent,ruit,soon,tall,tinge,tip,trichome,unit,waxy,woody,ympodial,young	appearance,arrangement,border,branch,bud,characteristic,colour,corrugation,diameter,distal,drying,exertion,form,fruit,giving,glabrousnes,growth,height,history,inflorescence,interjected,leaflet,length,life,lobing,midpoint,na,new,number,peduncle,per,plant,prickle,primary,pseudostipule,ray,seed,shape,terminal,texture,thicknes,type,variation,width	.5,0.5-1,0.6-1,0.7-1.5,1-1.5,1-10,1.5-2.2,1.5-2.5,2,2-11,2-3,2.5-3.5,28,30,4-18,4-6,7-12,acute,arachnoid-pubescent,base,berry,broadly,brown,brownish,calyx,clavate,cm,conical,dark,deciduous,deltate,densely,dia,elliptic,glabrous,globose,grayish-brown,grayish-green,green,greenish-white,lateral,lobed,long,main,maturity,middle,minutely,mm,nearly,often,ovoid,ovoid-reniform,pair,papillose,pitted,shaped,shiny,shrub,slightly,small,tear-drop,tree,tube,vein,white,wide,widest	na
313	wfo-0001029407	success	204	145	99	113	91	32	96	3	-6,.5,/3,0-15,0-4,0-5,0.1-0.25,0.4-0.7,0.4-1,0.5-0.7,0.5-1.5,0.5-2,0.6-0.9,0.7-1.2,1-1.4,1-2,1-3,1-4,1-4.5-7,1.8-2.5,1/3-1/2,2-4,2.5-3,3-4,3-6,4-15-25,4.5-6,5-7,7-8,acute,almost,anther,apex,apically,articulated,bark,base,berry,bright-red,calyx,cm,cuneate,curved,dark,deltate,densely,diameter,dull,elliptic,entire,erect,evenly,filament,flattened,flattened-reniform,fruit,fruiting,glabrous,gray-greenish,green,green-brown,lateral,leaf,length,lobe,lobed,long,margin,mature,maturity,mauve,mm,moderately,obtuse,orange,orange-brown,ovate,pair,pale,pedicel,peduncle,per,petiole,poricidal,prickle,prickly,primary,pubescent,rarely,ray,rounded,shrub,simple,sometimes,sparsely,spherical,stellate,stellate-pubescent,stem,straw-yellow,style,surface,tapering,tip,tube,unbranched,vein,way,white,wide,yellow,yellow-green,young	-10,-2,0-2,0.1-0.2,0.15-0.4,0.2-0.3,0.6,1,1.5,1/3,1/5,1/8-1/5,2-3,2-5,3.5-4.5,4-9,5-merous,6-13,6-20,abaxial,abaxially,acut,adaxial,alyx,apar,apart,apparently,blade,brow,chartaceous,connivent,difoliate,discolorous,drying,eaf,eed,elongating,equal,flower,free,geminat,geminate,glabrescent,infructescence,lengt,longer,lower,midpoint,nflorescence,occasionally,older,one,open,orolla,oung,pendulous,perfec,pericarp,porrect,portion,prickl,recurved,reflexed,ruit,scar,sessile,shorter,side,slender,smooth,spaced,spreading,stalk,stalked,stout,straight,strongly,tamen,terete,tertiary,thick,time,trichome,unit,upper,vary,venation,visible,weakly,woody,ympodial	appearance,arrangement,border,branch,brown,bud,characteristic,colour,corolla,exertion,form,giving,glabrousnes,growth,height,history,inflorescence,life,lobing,na,new,number,ovary,perennial,plant,seed,shape,size,stigma,texture,type,width	-6,.5,/3,0-15,0-4,0-5,0.1-0.25,0.4-0.7,0.4-1,0.5-0.7,0.5-1.5,0.5-2,0.6-0.9,0.7-1.2,1-1.4,1-2,1-3,1-4,1-4.5-7,1.8-2.5,1/3-1/2,2-4,2.5-3,3-4,3-6,4-15-25,4.5-6,5-7,7-8,acute,almost,apically,articulated,base,berry,bright-red,cm,cuneate,curved,dark,deltate,densely,diameter,dull,elliptic,entire,erect,evenly,flattened,flattened-reniform,fruit,glabrous,gray-greenish,green,green-brown,lateral,leaf,length,lobed,long,mature,maturity,mauve,mm,moderately,obtuse,orange,orange-brown,ovate,pair,pale,per,poricidal,prickle,prickly,pubescent,rarely,rounded,shrub,simple,sometimes,sparsely,spherical,stellate,stellate-pubescent,straw-yellow,surface,tapering,tip,unbranched,way,white,wide,yellow,yellow-green,young	brown,na,perennial
314	wfo-0001029408	success	243	164	108	123	120	41	104	4	0,0.2-0.3,0.7-1.2,0.9-1.3,0.9-1.6,1-8,1.1-1.5,1.4-1.9,1.5-3,1.7-2.4,1.8-3.5,1/2,11-31,2-12,2-3.5,2-5,2.2-3.7,2/3,3-5,3.5-5,4-14,4-20,5-6.5,5-8,7-12,abaxially,acute,adaxially,anther,anthesi,apex,barely,bark,base,becoming,berry,blade,blunt-tipped,branch,branched,broadly,brown,bud,calyx,clavate,cm,conical,continued,corolla,cuneate,dark,decurrent,deltoid,diameter,distal,due,elliptic,entire,exserted,filament,fleshy,flower,fruit,fruiting,glabrous,globose,gray,green,growth,honeycombed,lanate,lateral,leaf,length,lilac,lobe,long,long-attenuate,margin,midvein,mm,moderately,mostly,oblong,orbicular,ovate,pale,pedicel,peduncle,petiole,pubescent,purplish,rarely,ray,reniform,reticulate-punctate,ripe,short-attenuate,shrub,side,simple,slightly,stelliform,stem,stigma,style,subcampanulate,suborbicular,terete,time,tomentose,top,tube,turbinate,unarmed,vein,velutinous,way,white,whitish,x,yellow,yellowish	-1.5,-10.5,.2-3.5-4.5,/10,0-100,0.3-5,0.5-2.5,1.6-2.8,1/2-3/4,1/4,2-4,2.5-7,4-7.5,5-24,5-6,5-merou,accrescent,acuminate,adaxiall,ag,alyx,apart,apical-lateral,articulated,axe,axillary,ba,capitat,chartaceous,dehiscing,dendritic-echinoi,dendritic-multangulate,densely,develope,directed,distall,eaf,echinoi,echinoid,eed,extend,faintly,few-rayed,free,hair,high,homostylous,indument,inserted,interpetalar,introrse,lacking,lanceolate,large,lobed,long-,long-stalked,longitudinal,lower,m.,main,many,mixed,multangulate,near,nearly,nflorescence,obscured,obtuse,often,older,orolla,ovate-lanceolate,overlapping,part,partly,perfect,persistent,plurifoliate,pore,porrect-stellate,present,pseudo-terminal,rachi,rather,relatively,ribbed,rotate-stellate,ruit,runk,sessile,short-,short-stalked,slit,small,sometimes,spaced,stamen,subovate,suture,tamen,testa,thick,thick-stalked,thick-textured,thin-stalked,tissue,tomentu,tomentum,touching,toward,tree,unarme,unit,usually,vary,well,wide,ympodial,young	appearance,arrangement,border,capitate,characteristic,colour,corrugation,drying,exertion,form,giving,glabrousnes,height,history,inflorescence,interjected,leaflet,life,lobing,midpoint,na,new,number,ovary,per,perennial,plant,prickle,primary,pseud-terminal,pseudostipule,seed,shape,size,surface,terminal,texture,thicknes,type,variation,width	0,0.2-0.3,0.7-1.2,0.9-1.3,0.9-1.6,1-8,1.1-1.5,1.4-1.9,1.5-3,1.7-2.4,1.8-3.5,1/2,11-31,2-12,2-3.5,2-5,2.2-3.7,2/3,3-5,3.5-5,4-14,4-20,5-6.5,5-8,7-12,abaxially,acute,adaxially,anthesi,barely,base,becoming,berry,blade,blunt-tipped,branched,broadly,brown,bud,calyx,clavate,cm,conical,continued,cuneate,dark,decurrent,deltoid,diameter,due,elliptic,entire,exserted,fleshy,flower,fruit,glabrous,globose,gray,green,growth,honeycombed,lanate,lateral,lilac,long,long-attenuate,midvein,mm,moderately,mostly,oblong,orbicular,ovate,pale,petiole,pubescent,purplish,rarely,reniform,reticulate-punctate,ripe,short-attenuate,shrub,side,simple,slightly,stelliform,stem,subcampanulate,suborbicular,terete,time,tomentose,top,turbinate,unarmed,velutinous,way,white,whitish,x,yellow,yellowish	capitate,na,perennial,pseud-terminal
315	wfo-0001029417	success	213	182	125	141	72	41	123	2	.5,0-7,0.2-0.6,0.4-8,0.7-3,1,1-2,1-8,1.3-8,1.5-1.8,1.5-10,1.5-8,12,2.8-3.5,3-14,3-5,4-7,5-15,8-15,8-9,abaxially,acuminate,acute,adaxially,anther,apex,apiculate,apparently,articulated,attenuate,axillary,base,basiscopic,berry,blue,broadly,brownish,bud,cell,central,chartaceous,clavate,cm,coarsely,condition,connivent,corolla,covering,dark,decurrent,deep,diameter,distal,dot,drying,erect,filament,flower,forked,fresh,fruit,generally,glabrous,globose,green,green-white,greenish,hair,hair-like,half,herb,interjected,lanceolate,lateral,leaflet,like,linear,lobe,long,make,margin,medium,membranous,minute,mm,moderately,mucilaginous,narrowly,non-glandular,odd-pinnate,often,orbicular,ovate,ovoid,pedicel,peduncle,perfect,petiole,pilose,plant,poricidal,pubescent,purple,rarely,ripe,rounded,scattered,seed,sessile,short,short-petiolulate,side,size,slightly,sometimes,star,stem,stigma,style,subtending,terminal,testal,thick,throughout,tinged,tip,trichome,tube,typically,unwinged,usually,violet,wall,wet,white,whitish,wide,widely,wing,x,yellow	1-1.5,1-10,1-4,2-4,2.5-10,5-merou,6-11,acumen,ag,along,alyx,apart,axe,blade,borne,capitat,ciliate,decreasing,digestion,dorsally,eaf,edge,eed,end,enzyme,erec,especially,exceeding,flat,folded,geminat,glabrou,greatly,hal,homostylous,honeycomb-shaped,lengthening,living,lower,lunate,midrib,minutely,nflorescence,orolla,pair,pentagonal,petiolulate,plurifoliate,pore,puberulent,rapidly,removed,rotate,ruit,seudostipule,singly,slit,spaced,specimen,stamen,ste,stolo,straight,subequal,tall,tamen,tem,tri-,tuber,unit,vary,ympodial	appearance,arrangement,bark,border,branch,calyx,capitate,characteristic,colour,corrugation,exertion,form,fruiting,giving,glabrousnes,growth,height,history,inflorescence,leaf,length,life,lobing,midpoint,na,new,number,ovary,per,prickle,primary,pseudostipule,ray,shape,surface,texture,thicknes,type,variation,vein,width	.5,0-7,0.2-0.6,0.4-8,0.7-3,1,1-2,1-8,1.3-8,1.5-1.8,1.5-10,1.5-8,12,2.8-3.5,3-14,3-5,4-7,5-15,8-15,8-9,abaxially,acuminate,acute,adaxially,apiculate,apparently,articulated,attenuate,axillary,basiscopic,berry,blue,broadly,brownish,bud,cell,central,chartaceous,clavate,cm,coarsely,condition,connivent,covering,dark,decurrent,deep,distal,dot,drying,erect,flower,forked,fresh,generally,glabrous,globose,green,green-white,greenish,hair,hair-like,half,herb,lanceolate,lateral,like,linear,long,make,medium,membranous,minute,mm,moderately,mucilaginous,narrowly,non-glandular,odd-pinnate,often,orbicular,ovate,ovoid,perfect,pilose,plant,poricidal,pubescent,purple,rarely,ripe,rounded,scattered,seed,sessile,short,short-petiolulate,side,slightly,sometimes,star,stem,subtending,terminal,testal,thick,throughout,tinged,tip,trichome,typically,unwinged,usually,violet,wall,wet,white,whitish,wide,widely,wing,x,yellow	capitate,na
316	wfo-0001029461	success	210	149	91	109	101	40	87	4	-1.5,-3,.5,0-2,0.1-0.25,0.6-1,0.7-1,0.8-1.5,1-1.6,1-3-6,1.2-1.7,1.2-1.8,1.3-2.2-3.2,1.5-2-4-5,1/4-1/2,2-2.4,2-2.8,2.5-3,3-20,4.5-7,5-10,5-25,7-10,almost,anther,apart,apex,attenuate,bark,base,becoming,berry,black,broad-deltate,brown,calyx,cell,chartaceous,cm,concolorous,cuneate,dark,densely,diameter,discolorous,distal,drying,dull,elliptic,evenly,filament,fine,flattened-reniform,fruit,fruiting,glabrous,green,leaf,length,lobe,lobed,long,margin,maturity,mauve,midpoint,mm,moderately,oblong,orange,outline,ovate,pair,pedicel,per,petiole,pit,plant,poricidal,prickle,prickly,primary,raised,ray,reddish,rounded,shiny,shrub,simple,small,smooth,sometimes,spaced,sparsely,spherical,stellate-pubescent,stem,style,subentire,surface,terete,tip,tube,vein,way,weakly,wide,yellow,young	-4.5,0-4,0.1,0.15-0.25,0.8,1-1.5-2,1-2,1-3,1-4,1-6,1/3,1/3-2/3,1/4-3/4,2-3,4-10-14,4-6.5,4-7,4.7-7.2,5-merous,7-12,8-9,abaxially,acuminat,alyx,ame,andromonoecious,apically,blade,breaking,brittle,c.,curved,distance,eaf,eed,elongating,erect,extending,faint,fifth,flattened,flower,four,free,glabrescent,gra,hermaphrodite,heterostylous,infructescence,lengt,long-styled,longer,lower,lowermost,mature,midvein,obovate,obtuse,older,orolla,oung,pendulous,pericarp,plurifoliat,porrect,portion,prickl,reduced,reflexed,ruit,sessile,shallow,short-styled,shorter,side,slender,slightly,spreading,stalk,stalked,staman,staminat,stellate,straight,strongly,tamen,tertiary,time,trichome,unarme,unarmed,unequal,unit,upper,variously,vary,venation,visible,woody,ympodial,zygomorphic	appearance,arrangement,border,branch,bud,characteristic,colour,corolla,exertion,form,giving,glabrousnes,gray,growth,height,history,inflorescence,interjected,lateral,leaflet,life,lobing,na,new,number,ovary,peduncle,perennial,plurifoliate,pseudostipule,seed,shape,size,stigma,terminal,texture,thicknes,type,variation,width	-1.5,-3,.5,0-2,0.1-0.25,0.6-1,0.7-1,0.8-1.5,1-1.6,1-3-6,1.2-1.7,1.2-1.8,1.3-2.2-3.2,1.5-2-4-5,1/4-1/2,2-2.4,2-2.8,2.5-3,3-20,4.5-7,5-10,5-25,7-10,almost,apart,attenuate,base,becoming,berry,black,broad-deltate,brown,cell,chartaceous,cm,concolorous,cuneate,dark,densely,diameter,discolorous,dull,elliptic,evenly,fine,flattened-reniform,glabrous,green,length,lobed,long,maturity,mauve,mm,moderately,oblong,orange,outline,ovate,pair,per,pit,poricidal,prickle,prickly,raised,reddish,rounded,shiny,shrub,simple,small,smooth,sometimes,spaced,sparsely,spherical,stellate-pubescent,subentire,surface,terete,tip,way,weakly,wide,yellow,young	gray,na,perennial,plurifoliate
317	wfo-0001029462	success	163	114	49	59	104	55	46	3	-4,0.5-1,0.5-2,1-3,1-6,1.5-7,10-15-25,2-6.5,2.5-3.5,2.5-5.5,3-18,6-9,acuminate,apex,base,calyx,chartaceous,cm,cuneate,dark,densely,diameter,ellipsoidal,elliptic,entire,flattened,fruit,glabrous,green,lanceolate,laterally,light,lobe,longitudinal,margin,membranaceous,mm,narrowly,ovate,ovoid,pedicel,peduncle,petiole,pubescent-pilose,purplish,reticulate,rounded,simple,somewhat,stigma,stripe,style,tree,triangular,truncate,tube,unbranched,white,x	-2,-5,1,1-2,1-4-15-30,1.5,1.5-2,1.5-3,10-22,2-3,20-35,3,3-27,3-4,3-5,3-6,3-7,4-20-30,4-foliat,5-30,7-19,7-8,8-9,abaxially,abruptly,absent,acute,adaxially,aggregate,apart,ape,articulated,axe,basal,beyond,blade,broad,campanulate,cell,ciliate,connective,connivent,constricted,curled,cylindrical,dentate,directed,eaf,eed,eglandular,equal,exceeding,exserted,flower,hair,leaving,lon,long,lower,m.,minutely,moderately,near,nflorescence,nther,obtuse,occasionally,often,orolla,oval,pedicellar,perfect,pore,puberulent,pubescent,pubescent-pilo,purpl,rachi,radiu,remnant,ruit,shorter,slightly,small,smooth,spaced,sparsely,stamen,stellate-,stone,tal,tem,thecae,time,tip,tomentose,truncat,ud,unit,vary,wide,without,yellow,ympodial	anther,appearance,arrangement,bark,border,branch,bud,characteristic,colour,corolla,corrugation,distal,drying,exertion,filament,form,fruiting,giving,glabrousnes,growth,height,history,inflorescence,interjected,lateral,leaf,leaflet,length,life,lobing,midpoint,na,new,number,ovary,per,perennial,plant,prickle,primary,pseudostipule,ray,seed,shape,size,stellate-campanulate,stem,surface,terminal,texture,thicknes,type,variation,vein,width	-4,0.5-1,0.5-2,1-3,1-6,1.5-7,10-15-25,2-6.5,2.5-3.5,2.5-5.5,3-18,6-9,acuminate,chartaceous,cm,cuneate,dark,densely,ellipsoidal,elliptic,entire,flattened,glabrous,green,lanceolate,laterally,light,longitudinal,membranaceous,mm,narrowly,ovate,ovoid,pubescent-pilose,purplish,reticulate,rounded,simple,somewhat,stripe,tree,triangular,truncate,unbranched,white,x	na,perennial,stellate-campanulate
318	wfo-0001029464	success	232	143	97	116	116	27	95	2	.9,0-2,0-80,0.2-0.5,0.8-2,00-200,1-10,1.2-3,1/4,1/4-1/2,10-15,10-23,2-3,2-3.5,2-4,2.2-2.5,2.4-4,2.5-5,2.5-8,2.9-3.2,3-20,3-7,4-7,6-15,8-13,9-15,acute,annual,anther,apex,apparently,bark,base,berry,black,branched,brown,calyx,chartaceous,cm,connivent,cordate,curved,dark,diameter,discolorous,drying,ellipsoid,erect,filament,flattened-reniform,flower,fruit,fruiting,glabrescent,globular,green,green-brown,herb,lateral,leaf,length,lobed,long,long-styled,lower,margin,maroon,maturity,mauve,mm,moderately,mottled,oblong,obtuse,occasionally,orange-brown,ovate,ovoid,pair,pedicel,peduncle,pendent,per,petiole,pink,plant,poricidal,prickle,prickly,primary,purple,red-brown,short-styled,simple,sometimes,stellate-pubescent,stem,striped,style,surface,tapering,terete,terminal,tip,tube,unarmed,upper,usually,variously,vein,way,white,wide,yellow-green,young	0-30,0-5,0.2,0.2-0.7,0.3-0.7,0.3-1,0.5,0.5-2,1,1-3,1-8,1.5-2,1/,1/4-1/3,1/4-1/3-2/3,10-40,10-50,12-50,3-5,3.5-5,4-8,4-8-merous,5-17,5-8,5.5-6,5.5-7.5,7-10,8-15,abaxial,abaxially,acicular,adaxial,alyx,ame,andromonoecious,apar,apart,apically,around,articulated,blade,broad,broad-deltate,brow,c.,cultivar,cup-shaped,deltate,difoliate,distal,distance,eaf,eed,elongated,elongating,equal,extending,free,fully,geminat,glabrous,glaucous,hair,hermaphrodite,heterostylous,infructescence,less,lobe,long-acuminat,longer,lowermost,mature,midpoint,midvein,minute,narrow-deltate,nflorescence,often,older,one,open,opening,orolla,oung,pendulous,pericarp,porrect,portion,prickl,ray,rounded,ruit,scar,sessile,side,smooth,spaced,sparsely,spreading,stalk,stalked,staminat,stellate,straight,tamen,tertiary,time,translucent,trichome,unit,vary,venation,visible,woody,yellow-orange,ympodial	1/2,arrangement,branch,bud,characteristic,colour,corolla,corrugation,exertion,form,glabrousnes,growth,height,history,inflorescence,life,lobing,na,new,number,ovary,seed,shape,size,stigma,texture,type	.9,0-2,0-80,0.2-0.5,0.8-2,00-200,1-10,1.2-3,1/4,1/4-1/2,10-15,10-23,2-3,2-3.5,2-4,2.2-2.5,2.4-4,2.5-5,2.5-8,2.9-3.2,3-20,3-7,4-7,6-15,8-13,9-15,acute,annual,apparently,base,berry,black,branched,brown,chartaceous,cm,connivent,cordate,curved,dark,diameter,discolorous,ellipsoid,erect,flattened-reniform,flower,glabrescent,globular,green,green-brown,herb,lateral,lobed,long,long-styled,lower,maroon,maturity,mauve,mm,moderately,mottled,oblong,obtuse,occasionally,orange-brown,ovate,ovoid,pair,pendent,per,pink,poricidal,prickle,prickly,purple,red-brown,short-styled,simple,sometimes,stellate-pubescent,striped,tapering,terete,terminal,tip,unarmed,upper,usually,variously,way,white,wide,yellow-green,young	1/2,na
319	wfo-0001029546	success	203	168	114	127	76	41	111	3	0.3-1,1-2,1-3.2,1-4.5,1.5-2,1.5-6.2,1.6-6.5,2-9,2.2-2.8,3.5-5,4.5-12.5,4.5-7,5,5-10,5-18,5-8,6.3-19.5,7-10,8-17,8-19.5,abaxially,absent,acuminate,acute,adaxially,anther,apex,apiculate,apparently,attenuate,axillary,base,berry,blue,brownish,bud,cell,chartaceous,clavate,cm,condition,connivent,cordate,corolla,covered,covering,curved,densely,diameter,distal,dot,drying,elliptical,filament,flower,forked,frequently,fresh,fruit,generally,glabrous,glandular,globose,green,green-white,greenish,hair-like,half,herb,interjected,lanceolate,lateral,leaf,leaflet,lobe,long,longer,make,membranous,mm,mucilaginous,non-glandular,oblique,odd-pinnate,often,ovoid,pedicel,peduncle,perfect,petiole,plant,poricidal,pubescent,purple,rarely,regular,ripe,seed,short,simple,size,slightly,soft,stem,stigma,straight,style,subtending,terminal,testal,thick,throughout,tinged,tip,trichome,tube,typically,unwinged,usually,wall,wet,white,whitish,wide,wing,x,yellow	0-2,1-10,1-5,2-4,3-8,4-10,5-merou,8,acumen,adaxiall,ag,alyx,apart,articulated,axe,blade,broadly,capitat,decreasing,decumben,decurrent,digestion,dorsally,eaf,edge,eed,elliptic,enzyme,erect,exceeding,flat,folded,geminat,glabrou,greatly,hair,homostylous,honeycomb-shaped,lengthening,like,living,lower,lunate,middl,minutely,mottle,nearly,nflorescence,orbicular,ovate,pair,pentagonal,petiolule,plurifoliate,pore,rachi,removed,rotate-pentagonal,ruit,sessile,seudostipule,slit,sometimes,spaced,specimen,stamen,ste,subequal,tall,tamen,tem,tri-,truncate,unit,vary,ympodial	appearance,arrangement,bark,border,branch,calyx,capitate,characteristic,colour,corrugation,exertion,form,giving,glabrousnes,growth,height,history,inflorescence,length,life,lobing,margin,midpoint,mottled,na,new,number,ovary,per,prickle,primary,pseudostipule,ray,shape,surface,texture,thicknes,type,variation,vein,width	0.3-1,1-2,1-3.2,1-4.5,1.5-2,1.5-6.2,1.6-6.5,2-9,2.2-2.8,3.5-5,4.5-12.5,4.5-7,5,5-10,5-18,5-8,6.3-19.5,7-10,8-17,8-19.5,abaxially,absent,acuminate,acute,adaxially,apiculate,apparently,attenuate,axillary,berry,blue,brownish,bud,cell,chartaceous,clavate,cm,condition,connivent,cordate,covered,covering,curved,densely,diameter,distal,dot,drying,elliptical,flower,forked,frequently,fresh,generally,glabrous,glandular,globose,green,green-white,greenish,hair-like,half,herb,lanceolate,lateral,lobe,long,longer,make,membranous,mm,mucilaginous,non-glandular,oblique,odd-pinnate,often,ovoid,perfect,plant,poricidal,pubescent,purple,rarely,regular,ripe,seed,short,simple,slightly,soft,straight,subtending,terminal,testal,thick,throughout,tinged,tip,trichome,tube,typically,unwinged,usually,wall,wet,white,whitish,wide,wing,x,yellow	capitate,mottled,na
320	wfo-0001029552	success	161	153	100	108	53	45	95	5	.25,.5,0.6-1,1-1.3,1-1.5,1-2,1-3,1-5,10-20,12,2-2.5,2.5-3,5-10-flowered,5.5-8,6-9,abaxially,abruptly,acuminate,acute,adaxially,along,anther,apex,area,bark,base,berry,branched,broadened,calyx,cm,conical,contracted,corolla,decurrent,deflexed,dendritic,densely,dia,drying,elliptic,erect,exserted,filament,flattened-reniform,fruiting,glabrous,globose,green,incrassate,inflorescence,later,lateral,leaf,like,lobe,lobed,long,long-styled,main,margin,minutely,mm,nearly,occasionally,older,onto,opposite,ovary,pair,pale,paler,pedicel,persistent,petiole,pitted,pore,poricidal,pubescent,shape,shaped,shining,short-styled,shrub,simple,size,slender,small,somewhat,sparsely,stem,stigma,strongly,style,surface,tan,tear-drop,tip,tree,tree-like,trichome,tube,vein,white,wide,x,yellowish,young	0.1-0.5,0.5,1.5-2,1.5-6.5,2-9,abaxial,anthesi,broadly,clavate,closely,deltate,denser,differing,difoliate,eaf,edicel,eed,flower,free,geminat,greyish-brow,heteromorphic,inflorescenc,lamina,lon,lower,major,middle,minor,minute,nflorescence,orbicular,overlappin,papillo,planar,portion,present,reflexed,rest,rounded,ruit,scar,scattered,slightly,spaced,swollen,tall,tub,ud,unit,widest,woody,ympodial	alternate,appearance,arrangement,border,branch,bud,characteristic,colour,corrugation,diameter,distal,exertion,form,fruit,giving,glabrousnes,greyish-brown,growth,height,history,interjected,leaflet,length,life,lobing,midpoint,na,new,number,papillose,peduncle,per,perennial,plant,prickle,primary,pseudostipule,ray,seed,terminal,texture,thicknes,type,variation,width	.25,.5,0.6-1,1-1.3,1-1.5,1-2,1-3,1-5,10-20,12,2-2.5,2.5-3,5-10-flowered,5.5-8,6-9,abaxially,abruptly,acuminate,acute,adaxially,along,area,base,berry,branched,broadened,calyx,cm,conical,contracted,decurrent,deflexed,dendritic,densely,dia,elliptic,erect,exserted,flattened-reniform,glabrous,globose,green,incrassate,inflorescence,later,lateral,leaf,like,lobed,long,long-styled,main,margin,minutely,mm,nearly,occasionally,older,onto,opposite,pair,pale,paler,persistent,petiole,pitted,pore,poricidal,pubescent,shaped,shining,short-styled,shrub,simple,slender,small,somewhat,sparsely,stem,strongly,style,surface,tan,tear-drop,tip,tree,tree-like,trichome,tube,vein,white,wide,x,yellowish,young	alternate,greyish-brown,na,papillose,perennial
321	wfo-0001029584	success	180	142	84	100	80	42	81	3	0-30,1,1-2,1-6,1.5-6.5,16.2-33,2-3,2-4,2.4-6.3,3-10,3-7,4-14,5.3-13.3,6-7,6.1-9.4,8-15,9.7-23.4,9.8-17,abaxially,acuminate,acute,adaxially,anther,apex,asymmetric,axillary,base,basiscopic,brownish,bud,cell,clavate,cm,condition,coriaceous,corolla,covering,dark,densely,diameter,distal,drying,elliptic,filament,forked,fresh,fruit,generally,glabrescent,glabrous,green,green-white,greenish,hair,hair-like,half,herb,interjected,lateral,leaf,leaflet,light,lobe,make,margin,mm,mucilaginous,oblong-lanceolate,odd-pinnate,ovate,ovoid,pedicel,peduncle,petiole,petiolulate,plant,pubescent,purple,seed,short,side,simple,size,stigma,style,subtending,terminal,testal,thick,throughout,tissue,tube,typically,unwinged,usually,wall,wet,white,whitish,x	1-3,3-5,4-15,4-5,4.5-11.5,5-merou,7-14,acumen,ag,alyx,apart,apparently,articulated,attenuate,axe,blade,borne,capitat,connivent,considerably,decreasing,dense,digestion,dorsally,eaf,edge,eed,end,enzyme,erry,finer,flat,flower,folded,geminat,hal,homostylous,honeycomb-shaped,larger,lengthening,linear,living,long,lower,middle,nflorescence,orbicular,orolla,pair,pentagonal,perfect,plurifoliate,pore,poricidal,present,proximal,removed,second,semi-erec,sessile,seudostipule,singly,slit,spaced,specimen,stolo,straight,substellate,tall,tamen,tem,tip,toward,tri-,tuber,unit,unknow,vary,yellow,ympodial	appearance,arrangement,bark,berry,border,branch,calyx,capitate,characteristic,colour,corrugation,exertion,form,fruiting,giving,glabrousnes,growth,height,history,inflorescence,length,life,lobing,midpoint,na,new,number,ovary,per,prickle,primary,pseudostipule,ray,shape,stem,surface,texture,thicknes,type,variation,vein,width	0-30,1,1-2,1-6,1.5-6.5,16.2-33,2-3,2-4,2.4-6.3,3-10,3-7,4-14,5.3-13.3,6-7,6.1-9.4,8-15,9.7-23.4,9.8-17,abaxially,acuminate,acute,adaxially,asymmetric,axillary,basiscopic,brownish,bud,cell,clavate,cm,condition,coriaceous,covering,dark,densely,distal,drying,elliptic,forked,fresh,generally,glabrescent,glabrous,green,green-white,greenish,hair,hair-like,half,herb,lateral,light,make,mm,mucilaginous,oblong-lanceolate,odd-pinnate,ovate,ovoid,petiolulate,plant,pubescent,purple,seed,short,side,simple,subtending,terminal,testal,thick,throughout,tissue,typically,unwinged,usually,wall,wet,white,whitish,x	berry,capitate,na
322	wfo-0001029593	success	181	165	105	122	59	43	100	5	-10,0.05,0.5-1,0.5-5,0.8-1,0.8-1.2,1,1-1.2,1-1.5,1-8,1.6-2.3,10-50,100,2-14,2.3,2.3-3.0,3-4,3.5-8,35-60,4-6,5-10,5-15,7-25,7.5-15,9-15,abaxially,abruptly,acuminate,acute,anther,anthesi,anticlinal,apex,apically,arising,attenuate,axil,axillary,base,basiscopically,bearing,berry,broadly,brown,calyx,capitate,cm,conical,deltate,densely,diameter,dry,drying,elliptic,enlarged,extremely,filament,filiform,flower,fruit,fruiting,glabrous,globose,green,half,hollow,irregular,lateral,leaf,leaflet,lobe,long,lower,markedly,minutely,mm,narrowing,oblique,obovate,occasionally,once-branched,ovary,ovoid-reniform,pair,papillose,pedicel,per,petiole,pinnate,plant,pointed,poricidal,primary,projection,pubescence,pubescent,rest,scar,seed,shape,shrub,simple,sinuous,slightly,somewhat,stigma,style,surface,terminal,thickening,tip,trichome,tube,uniseriate,usually,variable,vein,white,white-lenticellate,without,woody,x	1-2,2,2-3,2-5,adaxially,age,always,basal,cateniform,cell,clavat,colony,cone,decurrent,eaf,edicel,eed,entire,epidermal,exserted,free,glabrescent,growing,included,lamina,large,much,nflorescence,noddin,often,onto,open,opposite,perfectly,petiolule,place,portion,pubescen,purple,rachi,rarely,reflecting,ruit,short-styled,similar,single-stemmed,small,smaller,smooth,sparsely,tall,tem,tub,ud,unifoliat,unit,wider,winged,ympodial	appearance,arrangement,bark,border,branch,bud,cateniforme,characteristic,clavate,colour,corolla,corrugation,distal,exertion,form,giving,glabrousnes,growth,height,history,inflorescence,interjected,length,life,lobing,margin,midpoint,na,new,nodding,number,peduncle,perennial,prickle,pseudostipule,ray,size,stem,texture,thicknes,type,variation,width	-10,0.05,0.5-1,0.5-5,0.8-1,0.8-1.2,1,1-1.2,1-1.5,1-8,1.6-2.3,10-50,100,2-14,2.3,2.3-3.0,3-4,3.5-8,35-60,4-6,5-10,5-15,7-25,7.5-15,9-15,abaxially,abruptly,acuminate,acute,anthesi,anticlinal,apically,arising,attenuate,axil,axillary,base,basiscopically,bearing,berry,broadly,brown,capitate,cm,conical,deltate,densely,diameter,dry,drying,elliptic,enlarged,extremely,filiform,flower,glabrous,globose,green,half,hollow,irregular,long,lower,markedly,minutely,mm,narrowing,oblique,obovate,occasionally,once-branched,ovoid-reniform,pair,papillose,pedicel,pinnate,plant,pointed,poricidal,projection,pubescence,pubescent,rest,scar,shrub,simple,sinuous,slightly,somewhat,thickening,tip,trichome,uniseriate,usually,variable,white,white-lenticellate,without,woody,x	cateniforme,clavate,na,nodding,perennial
323	wfo-0001029601	success	187	143	83	99	88	44	80	3	0-37,0.2-0.8,0.5-5.8,1-2,1-3,1.1-2.7,1.2-2.3,1.7-6.5,2,2-12,2-9,2.2-4.5,2.3-5.9,2.8-10.5,3-10,4-13.5,5-41,6-10,6.6-22,abaxially,acute,adaxially,anther,apex,articulated,attenuate,axillary,base,berry,brownish,bud,clavate,cm,condition,connivent,coriaceous,corolla,dark,diameter,distal,dot,drying,elliptic,filament,forked,fresh,fruit,generally,glabrescent,glabrous,globose,green,green-white,greenish,hair,half,herb,interjected,lanceolate,lateral,leaf,leaflet,light,lobe,long,middle,mm,mucilaginous,narrow,odd-pinnate,ovate,ovoid,pedicel,peduncle,petiole,petiolulate,plant,puberulent,ripe,rounded,seed,short,size,slightly,small,stigma,style,subtending,terminal,throughout,tube,typically,unwinged,usually,wet,white,whitish,wing,x	0.5-8,1-4,1-53,2-3,2-7,3-5,3-7,5-merou,6.8-14.5,abaxiall,acumen,acuminate,ag,alyx,apart,apparently,asymmetric,axe,basiscopic,blade,borne,capitat,cell,covering,decreasing,digestion,dorsally,eaf,edge,eed,end,enzyme,erec,exceeding,flat,flower,folded,geminat,glabrou,hair-like,homostylous,honeycomb-shaped,larger,lengthening,linear,living,lower,make,middl,nflorescence,orbicular,orolla,pair,pentagonal,perfect,plurifoliate,pore,poricidal,removed,rotate,ruit,sessile,seudostipule,side,singly,slit,spaced,specimen,stamen,stolo,straight,subequal,subglabrou,tall,tamen,tem,testal,thick,tip,tissue,toward,tri-,tuber,unit,vary,wall,yellow,ympodial	appearance,arrangement,bark,border,branch,calyx,capitate,cayx,characteristic,colour,corrugation,erect,exertion,form,fruiting,giving,glabrousnes,growth,height,history,inflorescence,length,life,lobing,margin,midpoint,na,new,number,ovary,per,prickle,primary,pseudostipule,ray,shape,stem,surface,texture,thicknes,type,variation,vein,width	0-37,0.2-0.8,0.5-5.8,1-2,1-3,1.1-2.7,1.2-2.3,1.7-6.5,2,2-12,2-9,2.2-4.5,2.3-5.9,2.8-10.5,3-10,4-13.5,5-41,6-10,6.6-22,abaxially,acute,adaxially,articulated,attenuate,axillary,berry,brownish,bud,clavate,cm,condition,connivent,coriaceous,dark,diameter,distal,dot,drying,elliptic,forked,fresh,generally,glabrescent,glabrous,globose,green,green-white,greenish,hair,half,herb,lanceolate,light,long,middle,mm,mucilaginous,narrow,odd-pinnate,ovate,ovoid,petiolulate,plant,puberulent,ripe,rounded,short,slightly,small,subtending,terminal,throughout,typically,unwinged,usually,wet,white,whitish,wing,x	capitate,erect,na
324	wfo-0001029621	success	165	135	76	92	73	43	74	2	0.5-0.75,0.5-1.2,0.7-1.1,0.8-1,0.8-4.5,1-1.5,1-2,1.5-2,1.5-5,2/3,3-3.5,3.5-4.5,6-20,6-8,7-9,accrescent,acute,anther,apex,area,attenuate,bark,base,becoming,berry,branched,brown,calyx,cm,corolla,cup-shaped,dark,decurrent,dia,distal,dry,ellipsoid,erect,filament,fruit,fruiting,glabrous,globose,green,lanceolate,late,later,lateral,leaf,live,lobe,long,main,many,margin,material,merely,minutely,mm,oblanceolate,often,ovary,ovoid-reniform,pair,pale,pedicel,pitted,plant,puberulent,ripe,sessile,shaped,shrub,stem,stigma,style,surface,tan,tear-drop,terminal,time,tip,tube,vein,way,white,whorl-like,widened,woody,x,yellow,yellowish	.1,0.5-1,0.5-1.5,1.5-2.5,1/3,2.5-3,5-20-flowered,along,anthesi,apar,appearing,appressed,beneath,borne,caudate,cluster,completely,constricted,course,deltoid,densely,eaf,edicel,eed,elongate,enclosed,exsertio,fleshy,free,geminate,glabrate,irregularly,like,lobed,lon,lower,middle,nflorescence,occasionally,older,onto,papillate,papillo,papillose,planar,plurifoliat,pore,poricidal,portion,prominent,quite,rarely,reddish,reddish-gre,river,ruit,scar,shiny,small,somewhat,spaced,ste,straight,tall,tapering,thick,trichome,ud,uniseriate,unit,widest,ympodial,young	appearance,arrangement,border,branch,bud,characteristic,colour,corrugation,diameter,drying,exertion,form,giving,glabrousnes,growth,height,history,inflorescence,interjected,leaflet,length,life,lobing,midpoint,na,new,number,peduncle,per,petiole,prickle,primary,pseudostipule,ray,reddish-grey,seed,shape,size,texture,thicknes,type,variation,width	0.5-0.75,0.5-1.2,0.7-1.1,0.8-1,0.8-4.5,1-1.5,1-2,1.5-2,1.5-5,2/3,3-3.5,3.5-4.5,6-20,6-8,7-9,accrescent,acute,area,attenuate,base,becoming,berry,branched,brown,cm,cup-shaped,dark,decurrent,dia,dry,ellipsoid,erect,glabrous,globose,green,lanceolate,late,later,lateral,live,long,main,many,material,merely,minutely,mm,oblanceolate,often,ovoid-reniform,pair,pale,pitted,plant,puberulent,ripe,sessile,shaped,shrub,style,tan,tear-drop,terminal,time,tip,vein,way,white,whorl-like,widened,woody,x,yellow,yellowish	na,reddish-grey
325	wfo-0001029622	success	182	126	65	80	102	46	60	5	.1,.5,/3,0.5-1,0.8-1,1-1.2,1-4,1.5,2-11,2.5-3,3-4,30-35,45-50,5-6,abaxially,acute,adaxially,anther,apex,attenuate,bark,base,beneath,brown,bud,calyx,chartaceous,cm,consisting,corolla,deflexed,diameter,elliptic,elongate,entire,filament,flower,fruit,fruiting,glabrous,globose,green,included,inflorescence,lateral,leaf,lobe,long-acuminate,long-triangular,margin,mm,narrowly,obconic,oblong,onto,ovate,pair,pedicel,peduncle,petiole,reddish,rounded,sagittate,shiny,shrub,simple,single,size,slightly,stem,stigma,style,tapering,tip,tube,vein,way,white,within,x	.2,0.3,0.5,0.5-0.7,0.6-0.9,1-1.5,1-2.7,2-4,2-5,3-5,4-6.5,40,7-11,absent,accrescent,ag,alyx,anthesi,apparently,appearing,arising,axe,axil,blade,capitat,connivent,cylindrical,deciduous,differing,difoliate,dimorphic,eaf,eed,except,free,geminate,glabrou,ilament,immature,interlaced,internodal,jointed,known,lamina,less,lobed,long,longitudinal,m.,main,major,mature,measured,midrib,minor,minute,minutely,nflorescence,occasionally,often,older,one,opening,opposite,orolla,oung,ovate-lanceolate,papillose,pendent,pore,portion,present,probably,rachi,raised,reflexed,remaining,ruit,scar,second,shaped,slende,slender,slit,somewhat,stellate,straight,tal,tear-drop,thin,thus,trichome,tuft,ud,unarme,unifoliat,uniseriate,unit,vary,yellow,ympodial,young	.5-1,appearance,arrangement,berry,border,branch,capitate,cayx,characteristic,colour,corrugation,distal,drying,exertion,form,giving,glabrousnes,growth,height,history,interjected,leaflet,length,life,lobing,midpoint,na,new,number,ovary,per,plant,prickle,primary,pseudostipule,ray,seed,shape,surface,terminal,texture,thicknes,type,unarmed,variation,width	.1,.5,/3,0.5-1,0.8-1,1-1.2,1-4,1.5,2-11,2.5-3,3-4,30-35,45-50,5-6,abaxially,acute,adaxially,attenuate,base,beneath,brown,calyx,chartaceous,cm,consisting,deflexed,diameter,elliptic,elongate,entire,flower,glabrous,globose,green,included,lobe,long-acuminate,long-triangular,mm,narrowly,obconic,oblong,onto,ovate,pair,petiole,reddish,rounded,sagittate,shiny,shrub,simple,single,slightly,tapering,tip,way,white,within,x	.5-1,berry,capitate,na,unarmed
326	wfo-0001029625	success	166	153	113	126	40	27	109	4	..,.1-0.2,.5,0.5-1.3,0.5-2mm,0.8-1.4,0.8-1.8,1-1.5,1-2,1-3,1.2-1.6,2,2.5-.,3,3-3,3-3.5,3-5-8,4-10,4-4,4-5-celled,4-7-celled,4-9,5,5-10-15,5-6,6-9,8-13,9-25,along,anther,anthesi,bark,base,beneath,branch,branched,calyx,cell,cm,conical,corolla,cucullate,darker,deflexed,densely,diameter,elliptic,erect,filament,flattened,four,fruit,fruiting,glabrescent,glabrous,gland,gland-tipped,globose,green,greenish,growth,herb,inflorescence,lamina,later,like,lobe,lobed,long,margin,markedly,middle,mixed,mm,narrowly,nearly,new,occasionally,open,outer,outline,ovary,ovate-reniform,pair,pale,papillate,pedicel,peduncle,per,planar,point,pointed,primary,pubescent,purplish,rarely,reddish,regularly,scattered,single,sinuate,slightly,small,sparsely,stem,stigma,striate,stripe,strongly,style,surface,tan,testa,time,tinged,tip,triangular,trichome,tube,uniseriate,vein,wall,weight,white,x,young	0.5-1,0.5-2,100,abaxial,apical,branc,brittle,brow,capitat,cel,deflexe,deltate,denser,distinct,dry,eaf,edicel,eed,flower,frui,glandular,hyaline,lighter,lower,midline,minute,nflorescence,pericarp,plurifoliat,ruit,scar,shrub,single-stemmed,smooth,thin,tuft,ud,unit,without,ympodial	apex,arrangement,brown,bud,capitate,characteristic,colour,corrugation,drying,exertion,form,glabrousnes,height,history,leaf,length,life,lobing,na,petiole,plant,plurifoliate,seed,shape,size,texture,type	..,.1-0.2,.5,0.5-1.3,0.5-2mm,0.8-1.4,0.8-1.8,1-1.5,1-2,1-3,1.2-1.6,2,2.5-.,3,3-3,3-3.5,3-5-8,4-10,4-4,4-5-celled,4-7-celled,4-9,5,5-10-15,5-6,6-9,8-13,9-25,along,anther,anthesi,base,beneath,branched,cell,cm,conical,cucullate,darker,deflexed,densely,diameter,elliptic,erect,filament,flattened,four,fruit,glabrescent,glabrous,gland,gland-tipped,globose,green,greenish,herb,inflorescence,lamina,later,like,lobe,lobed,long,markedly,middle,mixed,mm,narrowly,nearly,occasionally,open,outer,outline,ovate-reniform,pair,pale,papillate,per,planar,point,pointed,pubescent,purplish,rarely,reddish,regularly,scattered,single,sinuate,slightly,small,sparsely,striate,stripe,strongly,tan,testa,time,tinged,tip,triangular,trichome,uniseriate,vein,wall,weight,white,x,young	brown,capitate,na,plurifoliate
327	wfo-0001029645	success	160	149	88	97	63	52	84	4	.5-1,0.2-0.5,0.5-2.5,0.5-7,1,1-1.5,1-2,1.3-7,1.5,1.5-2,2-4,2.5-17,2.5-4,3-15,3-7,3.5-4,337,4-8,5,5-8,6-12,7-12,750,?,acuminate,anther,apex,base,blue,brown,calyx,chartaceous,cm,corolla,cuneate,deltate,diameter,distally,entire,et,except,extra-axillary,fide,filament,finger,flattened,flower,fruit,glabrous,gland-tipped,globose,green,greenish,hair,herb,immature,kayap,line,lobe,margin,membranaceous,minutely,mm,moderately,nearly,obtuse,ovate,ovate-elliptic,pedicel,peduncle,petiole,puberulent,purple,radiu,rarely,red,rotate-stellate,rugose-verrucate,sagittate,short,side,simple,smith,sparsely,stigma,strongly,style,subcordate,tapered,triangular,truncate,tube,unbranched,vein,white,x,±	-1,0.3-0.5,1-4,2-3-foliat,3-10,4-5,abaxially,abundantly,acute,adaxially,aggregate,along,apart,around,articulated,axe,ba,blade,cell,connivent,cylindrical,decurrent,directed,distall,eaf,eed,free,glabrou,inserted,knapp,long,lower,major,mesocarp,nflorescence,orolla,part,perfect,pore,puberulen,rachi,ruit,sand-punctate,short-tomentose,shorter,shru,small,spaced,stone,tal,tamen,tem,thecae,tightly,time,tomento,truncat,unit,vary,veiny,wide,yellow,ympodial	.5,0.5-1,appearance,arrangement,bark,border,branch,bud,characteristic,colour,corrugation,distal,drying,exertion,form,fruiting,giving,glabrousnes,growth,height,history,inflorescence,interjected,lateral,leaf,leaflet,length,life,lobing,midpoint,na,new,number,ovary,per,plant,prickle,primary,pseudostipule,ray,seed,shape,shrub,size,stem,surface,terminal,texture,thicknes,type,variation,width	.5-1,0.2-0.5,0.5-2.5,0.5-7,1,1-1.5,1-2,1.3-7,1.5,1.5-2,2-4,2.5-17,2.5-4,3-15,3-7,3.5-4,337,4-8,5,5-8,6-12,7-12,750,?,acuminate,apex,base,blue,brown,chartaceous,cm,cuneate,deltate,distally,entire,et,except,extra-axillary,fide,finger,flattened,flower,glabrous,gland-tipped,globose,green,greenish,hair,herb,immature,kayap,line,lobe,margin,membranaceous,minutely,mm,moderately,nearly,obtuse,ovate,ovate-elliptic,puberulent,purple,radiu,rarely,red,rotate-stellate,rugose-verrucate,sagittate,short,side,simple,smith,sparsely,strongly,subcordate,tapered,triangular,truncate,unbranched,white,x,±	.5,0.5-1,na,shrub
328	wfo-0001029646	success	141	86	54	62	79	24	52	2	0.1-0.6,0.5-0.8,0.7-2.2,1-4,1.5-2,10-15,2-3,4-5.5,6-8,abaxially,acuminate,acute,adaxially,apex,attenuate,base,branched,calyx,cell,cm,corolla,covering,cyme,diameter,dichasial,dichasially,ebracteate,elliptic,epiphytic,finely,free,globose,green,hair-like,herbaceous,lateral,leaf,long,make,mm,monochasial,mucilaginous,narrowly,ovate,ovoid,pedicel,peduncle,perennial,petiole,plant,pubescent,seed,simple,stigma,style,testal,thick,throughout,tone,wall,white,yellow-green	0.5,1.5-4.9,3-14,3-6-foliat,5-15,7-15,acumen,apical,apically,articulate,commonly,dehiscent,digestion,distal,dorsally,eaf,edge,eed,emoval,enzyme,equaling,filament,flat,flower,folded,forked,generally,globo,green-white,ground,growing,half,honeycomb,introrse,linear,living,lobe,lon,lower,maturing,mos,mould,mucronate,nflorescence,nther,oak,often,orolla,ovat,pattern,perfect,pine,plan,poricidally,proximal,rarely,reveal,ruit,seudostipule,short,slit,specimen,stamen,stellate,straight,tall,tem,throughou,tree,tuber-bearing,typically,unit,vary,viole,wide,without,yellow,ympodial,¼	anther,arrangement,branch,characteristic,colour,form,fruit,glabrousnes,growth,height,history,inflorescence,length,life,new,ovary,shape,size,stem,surface,texture,type,violet,wet	0.1-0.6,0.5-0.8,0.7-2.2,1-4,1.5-2,10-15,2-3,4-5.5,6-8,abaxially,acuminate,acute,adaxially,attenuate,branched,cell,cm,covering,cyme,diameter,dichasial,dichasially,ebracteate,elliptic,epiphytic,finely,free,globose,green,hair-like,herbaceous,lateral,long,make,mm,monochasial,mucilaginous,narrowly,ovate,ovoid,perennial,pubescent,seed,simple,style,testal,thick,throughout,tone,wall,white,yellow-green	violet,wet
329	wfo-0001029652	success	160	133	74	90	70	43	73	1	.5,0.5-4,0.75-1,0.8-1,1-3,1.5-2,2-2.5,2-4,2.5-3,3.5-4,3/4,4-4.5,6-15,7-9,abaxially,adaxially,along,anther,apex,attenuate,bark,base,berry,calyx,cm,conical,corolla,curling,deflexed,drying,elliptic-ovate,exserted,filament,filiform,fruiting,glabrous,globose,golden,golden-red,green,greenish-white,hispid,lateral,leaf,lobe,lobed,long,long-acuminate,long-styled,main,margin,middle,minute,minutely,mm,narrowly,near,occasionally,ovary,ovoid-reniform,pair,pale,papillose,pedicel,petiole,pitted,pubescent,reddish-brown,shaped,short-styled,shrub,simple,size,slender,stem,stigma,style,surface,tan,tear-drop,tip,trichome,tube,undulate,uniseriate,vein,way,white,widest,x	.25,.3,0.5-1,1,1-2,2,25,anthesi,apar,ape,apical,arch,arching,ba,bearing,broadly,cone,deciduous,deltate,denser,dia,differing,difoliate,eaf,edicel,eed,evenly,flower,free,geminat,hard,heteromorphic,included,joining,lamina,like,lon,lower,major,maturity,midrib,minor,nflorescence,older,opposite,papillo,pericarp,pore,poricidal,portion,projection,reflexed,ruit,scar,series,slende,slightly,soon,spaced,sparsely,swollen,tall,thickened,time,tub,ud,unit,within,ympodial,young	appearance,arrangement,border,branch,bud,characteristic,colour,corrugation,diameter,distal,exertion,form,fruit,giving,glabrousnes,growth,height,history,inflorescence,interjected,leaflet,length,life,lobing,midpoint,na,new,number,peduncle,per,plant,prickle,primary,pseudostipule,ray,seed,shape,terminal,texture,thicknes,type,variation,width	.5,0.5-4,0.75-1,0.8-1,1-3,1.5-2,2-2.5,2-4,2.5-3,3.5-4,3/4,4-4.5,6-15,7-9,abaxially,adaxially,along,apex,attenuate,base,berry,calyx,cm,conical,curling,deflexed,elliptic-ovate,exserted,filiform,glabrous,globose,golden,golden-red,green,greenish-white,hispid,lateral,lobed,long,long-acuminate,long-styled,main,middle,minute,minutely,mm,narrowly,near,occasionally,ovoid-reniform,pair,pale,papillose,pitted,pubescent,reddish-brown,shaped,short-styled,shrub,simple,slender,tan,tear-drop,tip,trichome,tube,undulate,uniseriate,vein,way,white,widest,x	na
330	wfo-0001029673	success	159	137	82	97	62	40	81	1	.5,0.5-1,0.7-1.1,0.8-1,1-10,1-2,1.2-3.5,1.5-1.8,1.5-2,10-20,2-2.5,2.5,3-5,3/4,4-6,5.5-15,absent,accrescent,acuminate,acute,age,anther,anthesi,apex,appearing,bark,base,becoming,berry,black,branch,calyx,clavate,cm,conical,corolla,deep,dendritic,densely,diameter,elliptic,exserted,filament,fork,fruit,fruiting,glabrous,globose,greyish,greyish-yellow,growth,later,lateral,leaf,length,lenticular,lobe,minutely,mm,narrowly,nodding,occasionally,ovary,overtopping,pair,pedicel,petiole,pitted,planar,plurifoliate,pore,poricidal,pubescent,purple,reddish-brown,reflexed,secondary,shoot,shrub,slightly,slit-like,small,somewhat,sparsely,stem,stigma,strongly,style,surface,terminal,tip,tree,trichome,tube,vein,violet,x	0.75-1,1-5,2-3,2-4,5-25,abaxial,abaxially,adaxial,adaxially,along,apical,basal,blade,branching,broadly,decurrent,deflexed,deltoid,denser,dichasia,eaf,edicel,eed,ew,flower,free,greyish-yello,individual,inserted,lamina,like,lon,long,longer,lower,m.,monochasial,nflorescence,older,papillo,pericarp,petal,portion,prominent,pyramidal,ruit,scar,sleeve,stamen,tall,tapering,thin,time,triangular,tub,ud,unit,wide,winged,woody,ympodial,young	appearance,arrangement,border,bud,characteristic,colour,corrugation,distal,drying,exertion,form,giving,glabrousnes,height,history,inflorescence,interjected,leaflet,life,lobing,margin,midpoint,na,new,number,peduncle,per,plant,prickle,primary,pseudostipule,ray,seed,shape,size,texture,thicknes,type,variation,width	.5,0.5-1,0.7-1.1,0.8-1,1-10,1-2,1.2-3.5,1.5-1.8,1.5-2,10-20,2-2.5,2.5,3-5,3/4,4-6,5.5-15,absent,accrescent,acuminate,acute,age,anthesi,apex,appearing,base,becoming,berry,black,branch,calyx,clavate,cm,conical,deep,dendritic,densely,diameter,elliptic,exserted,fork,glabrous,globose,greyish,greyish-yellow,later,lateral,length,lenticular,minutely,mm,narrowly,nodding,occasionally,overtopping,pair,pitted,planar,plurifoliate,pore,poricidal,pubescent,purple,reddish-brown,reflexed,secondary,shoot,shrub,slightly,slit-like,small,somewhat,sparsely,strongly,terminal,tip,tree,trichome,tube,vein,violet,x	na
331	wfo-0001029680	success	212	151	93	109	103	42	92	1	0.1,0.5–1.5,0.6–1.2,0.6–2.0,1.0–1.1,1.0–1.5,1.0–1.8,1.1–1.2,1.4–7.5,1.7–7,1.8–3.8,11–16,11–25,12,1–2,2.2–4.2,3.0–4.2,3–6,4.0–16,4.0–6.5,4.5–20,4.5–7.0,50,5–11,8–32,acute,annual,anther,anthesi,apex,axillary,base,becoming,bipinnate,blue,borne,branched,brown,calyx,clavate,cm,connivent,decurrent,diameter,divided,filament,flattened,fleshy,flower,fruit,glabrous,globose,green,herb,indistinct,leaf,length,light,lobe,long,margin,mm,moderately,oblong,obovate,obtuse,ovate,pair,pale,pedicel,peduncle,pentagonal,petiole,pinnae,pinnate,pitted,poricidal,primary,pubescent,purple,rarely,red,ripe,rotate,shallowly,shoot,size,sometimes,sparsely,stem,stigma,style,surface,terminal,time,tip,tripinnate,tube,turning,violet,white,winged,woody,x,yellow,–10,–12.5,–19,–3	.0,0.4,0.6,0.9–1.0,1,1.0,1.4–2.5,1.5,1.6–2.7,10,1–3,1–6,1–8,2–20,3.3–5.5,3–22,4–10,4–30,5,5.5–8.5,7–10,abaxially,absen,adaxiall,adaxially,ag,along,apart,appressed,arequipa,arranged,articulated,asymmetrically,axe,ba,beyond,blade,cell,cylindrical,decreasing,densely,difoliate,eaf,eed,entire,equal,erect,extending,flange,forming,geminat,hair,irregularly,lon,longitudinal,lower,m.,midrib,multicellular,narrow,nflorescence,node,occasionally,often,opening,orolla,parallel,pendant,perfect,plurifoliate,pore,prostrate,rapidly,ruit,running,secondary,shaped,side,simple,spaced,specimen,split,stone,straight,subglabrous,tacna,tal,tamen,tear-drop,tem,tertiary,unicellular,uniseriate,unit,usually,vary,wide,wing,winge,ympodial,–3.2,–46,–48	appearance,arrangement,border,bud,characteristic,colour,corolla,corrugation,distal,drying,exertion,form,fruiting,giving,glabrousnes,growth,height,history,inflorescence,interjected,lateral,leaflet,life,lobing,midpoint,na,new,number,ovary,per,plant,prickle,pseudostipule,ray,seed,shape,texture,thicknes,type,variation,vein,width	0.1,0.5–1.5,0.6–1.2,0.6–2.0,1.0–1.1,1.0–1.5,1.0–1.8,1.1–1.2,1.4–7.5,1.7–7,1.8–3.8,11–16,11–25,12,1–2,2.2–4.2,3.0–4.2,3–6,4.0–16,4.0–6.5,4.5–20,4.5–7.0,50,5–11,8–32,acute,annual,anthesi,axillary,becoming,bipinnate,blue,borne,branched,brown,clavate,cm,connivent,decurrent,diameter,divided,flattened,fleshy,flower,fruit,glabrous,globose,green,herb,indistinct,light,long,mm,moderately,oblong,obovate,obtuse,ovate,pair,pale,pentagonal,petiole,pinnae,pinnate,pitted,poricidal,primary,pubescent,purple,rarely,red,ripe,rotate,shallowly,shoot,sometimes,sparsely,terminal,time,tip,tripinnate,turning,violet,white,winged,woody,x,yellow,–10,–12.5,–19,–3	na
332	wfo-0001029704	success	144	123	80	88	56	35	76	4	0-1.5,1-2,1.5-2.5,1.5-3,1000-1200,15-25,2-2.5,2-3,2-5,3-4-celled,3-5,4,7-10,9-20,acuminate,acute,along,anther,apex,base,berry,blue,branch,broadly,brown,c.,calyx,cm,composed,conical,corolla,cuneate,cut,dark,deeply,dia,ellipsoid,exerted,extra-axillary,few-flowered,filament,flower,fork,fruiting,glabrous,globose,green,halfway,leaf,less,lobed,midrib,minute,minutely,mm,mottled,obovate,obovoid,occasionally,one,ovary,pedicel,peduncle,petiole,pinnatisect,poricidal,pubescent,purple,record,reddish,reticulate,shrub,simple,single,stigma,stout,striped,style,subdiscoidal,surface,tip,trichome,tube,variously,vein,white,within,x	.5,0.5,1,1-4,1.5,1.5-2.5-3,140-185,4-7,5,7-10-14-17,acuman,also,anthesi,apparently,aspect,axi,cell,cunate,deflexed,diam,eaf,eed,enlarged,erect,especially,flowering,gradually,lanceolate,lengthening,lobe,long,lower,moderately,nflorescence,plurifoliat,pore,rounded,ruit,shoot,short,sinus,slit,sombre,sprawling,stellate,stone,straight,subglobo,swollen,tub,twig,ud,unit,variable,ympodial,young	arrangement,bark,bud,characteristic,colour,corrugation,diameter,drying,exertion,form,fruit,glabrousnes,growth,height,history,inflorescence,length,life,lobing,margin,na,new,number,per,perennial,plant,plurifoliate,primary,seed,shape,size,stem,subglobose,texture,type	0-1.5,1-2,1.5-2.5,1.5-3,1000-1200,15-25,2-2.5,2-3,2-5,3-4-celled,3-5,4,7-10,9-20,acuminate,acute,along,base,berry,blue,branch,broadly,brown,c.,calyx,cm,composed,conical,cuneate,cut,dark,deeply,dia,ellipsoid,exerted,extra-axillary,few-flowered,flower,fork,glabrous,globose,green,halfway,less,lobed,midrib,minute,minutely,mm,mottled,obovate,obovoid,occasionally,one,pinnatisect,poricidal,pubescent,purple,record,reddish,reticulate,shrub,simple,single,stout,striped,subdiscoidal,surface,tip,trichome,tube,variously,vein,white,within,x	na,perennial,plurifoliate,subglobose
333	wfo-0001029727	success	257	131	73	96	161	35	71	2	-3,/3,0-30,0-4,0.4-1,0.7-0.9,1-1.2,1-4,1.5-5.5-10,1.6-3,1/3-1/2,2.5-3.2,2.8-4,3-11,3-6,acuminate,acute,anther,anthesi,apex,apparently,articulated,bark,base,berry,brown,calyx,chartaceous,clavate,climber,cm,colourles,cordate,corolla,cupular,densely,diameter,drying,erect,filament,finely,flattened-reniform,glabrous,lateral,leaf,length,lobe,lobed,long,margin,mauve,midpoint,mm,obconical,oblong,occasional,orange-brown,ovate,pair,papillose,pedicel,peduncle,per,petiole,pitted,poricidal,prickle,prickly,primary,ray,red-brown,reddish,rounded,seed,shallowly,shape,shrub,simple,size,smooth,stellate,stellate-pubescent,stem,stigma,style,subentire,surface,tapering,terminal,tip,trichome,tube,vein,way,wide,yellowish	.5,0-15,0-2,0-20,0-40,0-5,0-8,0.1-5,0.15-0.2,0.15-0.3,0.2,0.2-0.5,0.2-2.5,0.3,0.4,0.5,0.5-1.2,0.5-3,0.7-1,1,1-2,1-2-5,1.2-2,1.5-2.3,1.5-2.5,1.5-3,1/2-2/3,1/4,1/8-1/5-1/3,2.5,2.5-5.5,3-7,3/,4-7,4-merou,4-merous,4.5,4.5-5.5-7,5-12,5-8,5-9,5.5-7,6-11,7-10,abaxial,abaxially,acicular,adaxial,age,almost,along,alternate,alyx,ame,apar,apart,apically,blade,branched,bristle,c.,connivent,covered,curved,darker,deltate,deltoid,developing,different,dimorphic,discolorous,divided,eaf,edge,eed,elongating,equal,except,extending,ferrugineous,filiform,filiform-acuminat,fissure,flower,free,geminate,increasing,inside,lengthening,less,like,lon,longer,lower,m.,mature,middle,midvein,minor,minutely,mixture,moderately,narrow-deltate,nflorescence,nther,older,one,open,orolla,oung,outside,papillo,perfec,perfect,pit,plurifoliat,pore,porrect,portion,prickl,protruding,pubescent,raised,rarely,red-brow,reduced,regular,scandent,scar,series,sessile,short,sinus,sometimes,spaced,spreading,stalk,stalked,straight,strongly,tamen,tearing,terete,tertiary,time,toward,translucent,transverse,unarmed,uneven,unit,upper,variable,variously,vary,venation,violet,visible,x,ympodial,young	appearance,arrangement,border,branch,bud,characteristic,colour,corrugation,distal,exertion,form,fruit,fruiting,giving,glabrousnes,growth,height,history,inflorescence,interjected,leaflet,life,lobing,na,new,number,ovary,perennial,plant,pseudostipule,texture,thicknes,type,variation,width	-3,/3,0-30,0-4,0.4-1,0.7-0.9,1-1.2,1-4,1.5-5.5-10,1.6-3,1/3-1/2,2.5-3.2,2.8-4,3-11,3-6,acuminate,acute,anthesi,apparently,articulated,base,berry,brown,chartaceous,clavate,climber,cm,colourles,cordate,corolla,cupular,densely,diameter,drying,erect,finely,flattened-reniform,glabrous,lateral,lobed,long,mauve,mm,obconical,oblong,occasional,orange-brown,ovate,pair,papillose,per,pitted,poricidal,prickly,red-brown,reddish,rounded,shallowly,shrub,simple,smooth,stellate,stellate-pubescent,subentire,tapering,terminal,tip,trichome,way,wide,yellowish	na,perennial
334	wfo-0001029731	success	246	145	91	105	141	40	89	2	.5,.6,1-2,1-2.5,1.5,1.5-2.5,10-20,2.5,2.5-4.5,3-4,31,4,4-9,6,6-7,8-9,acquiring,acuminate,acute,almost,along,anther,apex,apically,bark,base,berry,black,branch,branched,brown,calyx,clavate,cm,concolorous,conical,coriaceous,corolla,crinkled,cuneate,diameter,dilated,distributed,drying,elliptic,entire,epiphyte,erect,evenly,exserted,filament,flaring,fruit,fruiting,glabrous,ground,lateral,leaf,liana,linear,lobe,lobed,long,long-ellipsoid,longitudinal,margin,maturity,mauve,midvein,mm,obconical,oblong,obovate,orange-brown,pedicel,peduncle,petiole,primary,pyriform,revolute,ribbed,ridge,ridged,rounded,several,slender,sometimes,sparsely,stem,stigma,style,succulent,surface,terminal,thick,toward,tube,vein,white,wide,widely,winged,woody,x,yellow-green	0.05,0.1-0.8,0.25-0.3,1,1-1.5,1.5-3,1/3,1994,2,2-3,2-6,3,3-10,4-5,7-11,abaxially,accrescent,adaxially,age,alyx,anthesi,apar,apparently,arcy,articulated,basal,basally,beak,becoming,boundary,branching,broadly,bumpy,clearly,connate,darker,delimited,delineated,deltoid,dense,development,different,domatia,dorsal,dorsifixed,dry,dull,eaf,early,elongating,enlarge,equal,even,faint,filiform,fine,finely,flattened,fleshy,flower,free,hair,iscoid,lamina,large,later,lengthening,less,like,lon,longitudinally,lower,main,mature,much,narrowly,nflorescence,nther,obtuse,occasionally,often,orolla,pair,papillae,papillose,part,pendulous,perfec,pericarp,persisting,plurifoliat,pore,poricidal,portion,prominent,protruding,rachi,raised,rakotozafy,rarely,reflexed,reported,ruit,scar,see,shallowly,shorter,simple,sinus,slightly,small,smaller,smoot,straight,stretched,stump,sunk,tearing,thickened,thinner,though,time,tip,trichome,tub,tuft,ud,unit,usually,vary,venation,ventral,visibl,visible,well-developed,wing,wrinkling,yellow,ympodial,young,’	appearance,arrangement,border,bud,characteristic,colour,corrugation,distal,exertion,form,giving,glabrousnes,growth,height,history,inflorescence,interjected,leaflet,length,life,lobing,midpoint,na,new,number,ovary,per,plant,prickle,pseudostipule,ray,seed,shape,size,smooth,texture,thicknes,type,variation,width	.5,.6,1-2,1-2.5,1.5,1.5-2.5,10-20,2.5,2.5-4.5,3-4,31,4,4-9,6,6-7,8-9,acquiring,acuminate,acute,almost,along,apex,apically,base,berry,black,branch,branched,brown,calyx,clavate,cm,concolorous,conical,coriaceous,corolla,crinkled,cuneate,diameter,dilated,distributed,drying,elliptic,entire,epiphyte,erect,evenly,exserted,flaring,glabrous,ground,lateral,liana,linear,lobed,long,long-ellipsoid,longitudinal,maturity,mauve,midvein,mm,obconical,oblong,obovate,orange-brown,pyriform,revolute,ribbed,ridge,ridged,rounded,several,slender,sometimes,sparsely,succulent,surface,terminal,thick,toward,tube,white,wide,widely,winged,woody,x,yellow-green	na,smooth
335	wfo-0001029741	success	137	129	74	90	47	39	73	1	.4,.5,0.9-1.2,1-3.5,1.1-1.3,1.5-4,1.5-6,10-50-flowered,2-2.5,2.5-7.8,3,9.5-22.5,?,accrescent,acute,age,anther,apex,attenuate,base,becoming,berry,black,calyx,capitate,cm,completely,corolla,dark,dia,drying,early,elliptic,exserted,filament,fruit,fruiting,furcate,glabrous,globose,green,growth,inflorescence,lateral,leaf,lenticellate,lighter,lobe,lobed,long,middle,minutely,mm,nearly,new,opposite,ovary,ovate,papillose,pedicel,petiole,pore,poricidal,prominent,proximal,quite,raised,reddish-brown,shaped,shrub,size,slender,slightly,stem,stigma,straight,style,tapering,tear-drop,tip,tree,tube,usually,variable,vein,weak,white,widest,woody,x	0.5-1.5,0.8-3.5,1-1.5,1.5,2.2-9,anthesi,apiculate,branched,ca,caly,closely,deflexed,deltoid,differing,difoliate,divisio,dry,eaf,edicel,eed,erect,flower,free,geminat,glabrou,immature,known,lon,lower,main,major,minor,nflorescence,overlapping,pair,papillo,planar,portion,produced,ruit,scar,spaced,tall,ud,unit,wood,ympodial	arrangement,bark,branch,bud,characteristic,colour,corrugation,diameter,distal,exertion,form,glabrousnes,height,history,interjected,leaflet,length,life,lobing,margin,midpoint,na,number,peduncle,per,plant,prickle,primary,pseudostipule,ray,seed,shape,surface,terminal,texture,thicknes,type,variation,width	.4,.5,0.9-1.2,1-3.5,1.1-1.3,1.5-4,1.5-6,10-50-flowered,2-2.5,2.5-7.8,3,9.5-22.5,?,accrescent,acute,age,attenuate,base,becoming,berry,black,calyx,capitate,cm,completely,dark,dia,drying,early,elliptic,exserted,fruit,furcate,glabrous,globose,green,leaf,lenticellate,lighter,lobed,long,middle,minutely,mm,nearly,opposite,ovate,papillose,pore,poricidal,prominent,proximal,quite,raised,reddish-brown,shaped,shrub,size,slender,slightly,straight,tapering,tear-drop,tip,tree,tube,usually,variable,weak,white,widest,woody,x	na
336	wfo-0001029744	success	113	85	54	66	47	19	52	2	0.3-0.6,1.5,2-4,5-8,50,8-10-flowered,acute,apart,apex,bark,base,blunt,branch,calyx,cm,deltate,densely,difoliate,elliptic,entire,extreme,flattened,flexuous,form,fruit,geminate,glabrescent,glabrous,golden,incrassate,lanceolate,leaf,lobe,long-acuminate,margin,minutely,mm,narrowly,oblanceolate,oblique,occasionally,older,ovoid-reniform,pale,pedicel,petiole,pitted,pubescent,revolute,scar,shape,shrub,simple,single-celled,slightly,small,sometimes,somewhat,stem,surface,thin,tip,trichome,unifoliate,uniseriate,young	0.5-1,1,1.5-3.2,2,7-15,8-11,abaxially,adaxially,along,beginning,brow,dendritic,denser,distinct,eaf,eed,examined,fide,inflorescenc,lamina,leave,looping,lower,major,marginal,mature,minor,nflorescence,node,non-reproductive,opposite,pair,primary,pubescence,see,similar,smaller,smith,spaced,thee,ud,unicellular,unit,vein,white,x,ympodial	3,abaxial,adaxial,arrangement,brown,characteristic,colour,growth,hair,height,history,inflorescence,length,life,plant,seed,spacing,texture,width	0.3-0.6,1.5,2-4,5-8,50,8-10-flowered,acute,apart,blunt,branch,cm,deltate,densely,difoliate,elliptic,entire,extreme,flattened,flexuous,geminate,glabrescent,glabrous,golden,incrassate,lanceolate,leaf,long-acuminate,minutely,mm,narrowly,oblanceolate,oblique,occasionally,older,ovoid-reniform,pale,pitted,pubescent,revolute,shrub,simple,single-celled,slightly,small,sometimes,somewhat,stem,thin,tip,unifoliate,uniseriate,young	3,brown
337	wfo-0001029746	success	179	138	78	96	83	42	77	1	0.3-2,0.7-1,1,1-1.3,1-1.5,1.2-1.5,1.5,2-7,3,3-4,4-9,6,8-11,acuminate,acute,anther,anthesi,apex,base,berry,broadly,brown,calyx,capitate,centre,cm,conical,cordate,corolla,crenate,cup-shaped,dark,darker,densely,diameter,ellipsoid,entire,erect,exerted,filament,flattened,fleshy,fruit,fruiting,glabrous,glandular,globose,greenish,herb,heteromorphic,hollow,inflorescence,internodal,irregularly,leaf,less,lobe,margin,mature,minutely,mm,nodding,orange,ovary,ovate,ovoid,pair,pale,papillose,pedicel,peduncle,petiole,pitted,primary,principal,pubescent,purple,red,reddish,reflexed,shallowly,simple,slender,slightly,somewhat,stem,stigma,strongly,style,subshrub,surface,triangular,tube,vein,x,–3	.5,0.5-1,2,2-2.5,2-4,2-8,3-4-pluri-foliate,3-4.5,3-6,6-7,8-10,abaxially,adaxially,age,apart,bearing,becoming,blackish,c.,cell,ciliate,color,crowded,curved,eaf,edicel,eed,elliptic,enlarged,flower,flush,free,gland-tipped,growing,horn,lamina,lengthening,lon,long,longer,longest,lower,markedly,maturit,mid-length,mixed,narrowly,near,nflorescence,occasionally,papillo,pericarp,plan,pore,poricidal,portion,pubescen,rachi,ruit,scar,shortest,single,slit,spaced,sparse,sparsely,spreading,straight,testal,thin,third,tip,trichome,ud,uniseriate,unit,upper,upward,wall,widely,widest,woody,ympodial	appearance,arrangement,bark,border,branch,bud,characteristic,colour,corrugation,distal,drying,exertion,form,giving,glabrousnes,growth,height,history,interjected,lateral,leaflet,length,life,lobing,midpoint,na,new,number,per,plant,prickle,pseudostipule,ray,seed,shape,size,terminal,texture,thicknes,type,variation,width	0.3-2,0.7-1,1,1-1.3,1-1.5,1.2-1.5,1.5,2-7,3,3-4,4-9,6,8-11,acuminate,acute,anthesi,berry,broadly,brown,calyx,capitate,centre,cm,conical,cordate,crenate,cup-shaped,dark,darker,densely,diameter,ellipsoid,entire,erect,exerted,flattened,fleshy,glabrous,glandular,globose,greenish,herb,heteromorphic,hollow,internodal,irregularly,leaf,less,margin,mature,minutely,mm,nodding,orange,ovate,ovoid,pair,pale,papillose,pitted,principal,pubescent,purple,red,reddish,reflexed,shallowly,simple,slender,slightly,somewhat,strongly,subshrub,triangular,vein,x,–3	na
338	wfo-0001029769	success	142	135	96	104	38	31	92	4	.25,.5,1-1.2,1-3,1.5-2,2.5-3,2.5-8,3.5-4,30-60-flowered,4,5-8,6-17,7-8,8-9,8.5-17,abaxially,acuminate,acute,adaxially,along,anther,anthesi,apex,bark,base,bearing,berry,branch,brochidodromu,brown,calyx,capitate,cerro,cm,conical,corolla,curl-tipped,cyathiform,dark,densely,dia,elliptic,exserted,filament,filiform,flower,fresh,fruiting,glabrous,globose,golden,green,hen,horizontally,inglé,lateral,leaf,less,lobe,lobed,long,main,margin,midrib,minutely,mm,nearly,onto,ovary,ovoid-reniform,pair,papillose,pedicel,petiole,pitted,puberulent,pubescent,reflexed,ried,scattered,shaped,shrub,simple,smooth,somewhat,sparsely,stem,stigma,style,surface,swollen,tear-drop,three,time,tip,trichome,tube,two,uniseriate,vein,white,wide,winged,x	0.5-1.5,1.5-2.5,4-5,apar,ape,archin,ba,deflexed,deltoid,eaf,edicel,eed,free,internodal,like,lon,lower,nflorescence,older,opposite,papillo,pore,poricidal,portion,ruit,scar,spaced,straight,tall,tub,ud,unevenly,unifoliat,unit,widely,woody,ympodial,young	arching,arrangement,bud,characteristic,colour,corrugation,diameter,drying,exertion,form,fruit,glabrousnes,growth,height,history,inflorescence,length,life,lobing,na,new,peduncle,perennial,plant,primary,seed,shape,size,texture,type,unifoliate	.25,.5,1-1.2,1-3,1.5-2,2.5-3,2.5-8,3.5-4,30-60-flowered,4,5-8,6-17,7-8,8-9,8.5-17,abaxially,acuminate,acute,adaxially,along,anthesi,apex,base,bearing,berry,brochidodromu,brown,calyx,capitate,cerro,cm,conical,curl-tipped,cyathiform,dark,densely,dia,elliptic,exserted,filiform,flower,fresh,glabrous,globose,golden,green,hen,horizontally,inglé,lateral,less,lobe,lobed,long,main,margin,midrib,minutely,mm,nearly,onto,ovoid-reniform,pair,papillose,petiole,pitted,puberulent,pubescent,reflexed,ried,scattered,shaped,shrub,simple,smooth,somewhat,sparsely,surface,swollen,tear-drop,three,time,tip,trichome,tube,two,uniseriate,vein,white,wide,winged,x	arching,na,perennial,unifoliate
339	wfo-0001029780	success	204	161	105	122	82	39	103	2	1-1.2,1-2,1.4-1.9,1.5-2,11-24,120-210,15-22,15-45,2-2.5,2-2.8,2-3.5,2-5.5,2.4-4.2,20-60,3,3-6,4-6,5-7,5.5-13,50-70,600-950,8-12,?,abaxially,absent,acumen,acute,adaxially,anther,apex,apparently,attenuate,axe,axillary,base,berry,brownish,bud,chartaceous,cm,condition,connivent,cordate,corolla,cuneate,dark,densely,diameter,distal,drying,filament,flower,forked,fresh,fruit,generally,glabrous,gland,glandular,globose,green,green-white,greenish,hair,half,head,herb,interjected,invested,lanceolate,lateral,leaflet,length,like,lobe,long,longer,margin,membranous,minute,mm,mucilaginous,non-glandular,obtuse,odd-pinnate,ovate,ovoid,pale,pedicel,peduncle,perfect,petiole,pinkish,plant,pubescent,rarely,ripe,rotate,seed,short,size,stem,stigma,streak,stripe,style,subtending,terminal,tetralobulate,throughout,tip,trichome,truncate,tube,typically,unwinged,usually,wet,white,whitish,x,yellow	1-10,2-12,3.5-7.3,4.5-6,5-merou,5.5,ag,along,alyx,apart,articulated,blade,borne,capitat,cell,ciliate,covering,decumbent,digestion,dorsally,eaf,edge,eed,end,enzyme,erec,especially,exceeding,except,flat,folded,geminat,glabrou,greatly,hair-like,hal,high,homostylous,honeycomb-shaped,lengthening,living,lower,make,midrib,minutely,nflorescence,often,orbicular,orolla,pair,petiolulate,petiolule,plurifoliate,pore,poricidal,proximal,puberulent,reduced,removed,ruit,sessile,seudostipule,singly,slit,spaced,specimen,stamen,ste,stolo,straight,subequal,tall,tamen,tem,testal,thick,tri-,tuber,unit,vary,wall,ympodial	appearance,arrangement,bark,border,branch,calyx,capitate,characteristic,colour,corrugation,exertion,form,giving,glabrousnes,growth,height,history,inflorescence,leaf,life,lobing,midpoint,na,new,number,ovary,per,prickle,primary,pseudostipule,ray,shape,surface,texture,thicknes,type,variation,vein,width	1-1.2,1-2,1.4-1.9,1.5-2,11-24,120-210,15-22,15-45,2-2.5,2-2.8,2-3.5,2-5.5,2.4-4.2,20-60,3,3-6,4-6,5-7,5.5-13,50-70,600-950,8-12,?,abaxially,absent,acumen,acute,adaxially,apparently,attenuate,axe,axillary,berry,brownish,bud,chartaceous,cm,condition,connivent,cordate,cuneate,dark,densely,diameter,distal,drying,flower,forked,fresh,generally,glabrous,gland,glandular,globose,green,green-white,greenish,hair,half,head,herb,invested,lanceolate,length,like,long,longer,membranous,minute,mm,mucilaginous,non-glandular,obtuse,odd-pinnate,ovate,ovoid,pale,perfect,pinkish,plant,pubescent,rarely,ripe,rotate,short,stem,streak,stripe,subtending,terminal,tetralobulate,throughout,tip,trichome,truncate,typically,unwinged,usually,wet,white,whitish,x,yellow	capitate,na
340	wfo-0001029784	success	229	145	84	109	120	36	81	3	.5,0-4,0.2-0.3,0.2-0.7-1.2,0.25-0.3,0.3-0.5,0.3-1,0.4-0.45,0.4-0.6,0.4-1-2,0.5-1.2-2.5,0.5-1.5,0.6-1,0.9-1.2,1-1.1,1-1.2,1-1.5,1-2.5-3.5,1-4,1.0-1.3,1.7-2.6,2,2-2.5-5,2/3,5-10-12,acuminate,acute,anther,anthesi,apex,appearance,articulated,base,berry,broadly,brown,calyx,capitate,cm,conical,corolla,crenate-serrate,dark,densely,diameter,distal,eglandular,elliptic,exserted,filament,flower,fruit,fruiting,giving,globose,golden,green,hair-like,half,halfway,herb,imparipinnate,inflorescence,interjected,interrupted,lanceolate,lateral,leaflet,like,lobe,long,margin,mm,mostly,narrowly,obovate,outgrowth,ovary,pale,pedicel,peduncle,perennial,petiole,plant,primary,proximal,pseudostipule,pubescent,reflexed,silky,simple,soft,sparsely,stem,stigma,stripe,strongly,style,surface,terminal,thick,trichome,truncate,tube,vein,velvety,wide,x,yellow	.1,.2,0.1-0.15,0.1-0.2-0.3,0.1-0.5,0.2,0.2-0.5,0.3-0.35,0.3-0.4,0.4-0.5,0.5,1,1-2,1-2-4.5,1-2-celled,1.5-3-5,1/3,2-3-celled,2-4,2-5-14,2-foliate,2-locular,3-5-8,abaxial,abaxially,absent,abundant,adaxially,adpressed,along,angled,apical,appendage,arising,articulation,axi,basal,basicopically,beneath,bract,cell,column,crenation,decurrent,deeper,developed,distributed,due,eaf,edicel,eed,enclosing,entire,evenly,glabrescent,glabrous,glandular,gree,hal,head,included,internode,interspersed,irregularly,lamina,larger,live,lon,long-acuminate,loosely,lower,markedly,maturing,multicellular,nflorescence,node,northern,occasionally,often,orbicular,pair,paler,patent,pentagonal,petiolule,population,present,pubescence,rarely,ripe,robust,ruit,scattered,secondary,sessile,smaller,sometimes,somewhat,sparse,spreadin,staminal,sterile,stout,straight,tem,tertiary,testa,trailing,ud,undulate,unicellular,uniseriate,unit,unseriate,usually,wall,white,winged,woody,ympodial	1.5-3.5,5-8,arrangement,bark,border,branch,bud,characteristic,colour,corrugation,drying,exertion,form,glabrousnes,growth,height,history,leaf,length,life,lobing,midpoint,na,new,number,per,prickle,ray,seed,shape,size,texture,thicknes,type,variation,width	.5,0-4,0.2-0.3,0.2-0.7-1.2,0.25-0.3,0.3-0.5,0.3-1,0.4-0.45,0.4-0.6,0.4-1-2,0.5-1.2-2.5,0.5-1.5,0.6-1,0.9-1.2,1-1.1,1-1.2,1-1.5,1-2.5-3.5,1-4,1.0-1.3,1.7-2.6,2,2-2.5-5,2/3,5-10-12,acuminate,acute,anthesi,articulated,berry,broadly,brown,calyx,capitate,cm,conical,crenate-serrate,dark,densely,diameter,distal,eglandular,elliptic,exserted,flower,globose,golden,green,hair-like,half,halfway,herb,imparipinnate,interrupted,lanceolate,like,long,mm,mostly,narrowly,obovate,outgrowth,pale,perennial,proximal,pubescent,reflexed,silky,simple,soft,sparsely,stem,stripe,strongly,thick,trichome,truncate,velvety,wide,x,yellow	1.5-3.5,5-8,na
341	wfo-0001029785	success	223	157	104	118	105	39	102	2	0-2,0.1-0.5,0.3-2.2,0.4-4.9,0.8-1,1-1.2,1-2,1-5,1.2-3.2,1.5-3.6,1.8-3.5,1.8-7,10-26,3-6,3.5-5,3.8-7.2,4-10.5,5-16,6,8-11,abaxially,acute,adaxially,anther,apex,attenuate,axillary,base,berry,brownish,bud,cell,chartaceous,clavate,cm,commonly,condition,connivent,corolla,covering,cuneate,dark,darker,diameter,distal,drying,filament,forked,fresh,fruit,generally,glabrous,globose,green,green-white,greenish,hair,hair-like,half,herb,interjected,invested,lanceolate,lateral,leaf,leaflet,like,lobe,long,make,margin,membranous,mm,mucilaginous,multiple-celled,non-glandular,oblique,odd-pinnate,outer,ovoid,pedicel,peduncle,petiole,plant,poricidal,pubescent,purple,purple-tinged,ripe,rounded,seed,short,size,slightly,sparsely,stem,stigma,style,subglabrous,subtending,terminal,testal,thick,throughout,tip,tube,typically,unbranched,unwinged,usually,vein,violet,wall,wet,whitish,wide,x,yellow	0-3,1-10,2-4,3-4,3-8,5-9,5-merou,absent,acumen,ag,along,alyx,apart,apparently,articulation,axe,blade,borne,broadly,capitat,cordate,decreasing,decumbent,denser,digestion,dorsally,eaf,edge,eed,elliptic,end,enzyme,erec,especially,exceeding,flat,flower,folded,geminat,glabrou,greatly,homostylous,honeycomb-shaped,larger,lengthening,living,lower,markedly,medium,middle,midrib,minute,minutely,mottled,much,nflorescence,obovate,obtuse,one-quarte,orbicular,orolla,ovate,pair,pale,pentagonal,perfect,petiolulate,petiolule,plurifoliate,point,pore,present,puberulent,quite,rarely,removed,rotate,ruit,scale-like,sessile,seudostipule,shallowly,singly,slit,sometimes,spaced,specimen,stamen,ste,stolo,straight,stripe,tall,tamen,tem,toward,tri-,truncate,tuber,unequal,unit,variable,vary,white,ympodial	appearance,arrangement,bark,border,branch,calyx,capitate,characteristic,colour,corrugation,exertion,form,fruiting,giving,glabrousnes,growth,height,history,inflorescence,length,life,lobing,midpoint,na,new,number,ovary,per,prickle,primary,pseudostipule,ray,shape,surface,texture,thicknes,type,variation,width	0-2,0.1-0.5,0.3-2.2,0.4-4.9,0.8-1,1-1.2,1-2,1-5,1.2-3.2,1.5-3.6,1.8-3.5,1.8-7,10-26,3-6,3.5-5,3.8-7.2,4-10.5,5-16,6,8-11,abaxially,acute,adaxially,attenuate,axillary,berry,brownish,bud,cell,chartaceous,clavate,cm,commonly,condition,connivent,corolla,covering,cuneate,dark,darker,distal,drying,forked,fresh,generally,glabrous,globose,green,green-white,greenish,hair,hair-like,half,herb,invested,lanceolate,lateral,like,lobe,long,make,margin,membranous,mm,mucilaginous,multiple-celled,non-glandular,oblique,odd-pinnate,outer,ovoid,plant,poricidal,pubescent,purple,purple-tinged,ripe,rounded,seed,short,slightly,sparsely,stem,subglabrous,subtending,terminal,testal,thick,throughout,tip,tube,typically,unbranched,unwinged,usually,violet,wall,wet,whitish,wide,x,yellow	capitate,na
342	wfo-0001029789	success	167	125	64	80	87	45	60	4	0-2,0.2-0.5,0.5-2.8,0.8-3.5,1-3,1.7-8.5,1.8-6.5,12,2-6.5,2.7-4.7,3-8.5,4-10,5-7,7-16.6,8-9,acuminate,acute,anther,apex,axillary,base,basiscopic,blue,broadly,bud,chartaceous,clavate,cm,corolla,dark,decurrent,diameter,distal,filament,fruit,generally,glabrous,green,hair,half,herb,interjected,lanceolate,lateral,leaf,leaflet,light,lilac,linear,lobe,long-attenuate,membranous,minute,mm,narrowly,odd-pinnate,ovary,ovate,pedicel,peduncle,petiole,plant,pubescent,rarely,sessile,short,side,simple,size,sparsely,stigma,style,subglabrous,subtending,terminal,tinged,tube,typically,white,x	1-10,1-2,1.5-2,2-25,2-3,2-6,3-5,4-13,5-merou,6,6-7,7-21,abaxially,acumen,adaxiall,adaxially,ag,alyx,apart,apparently,articulated,attenuate,axe,blade,capitat,connivent,decreasing,dorsally,eaf,edge,eed,erec,exceeding,flat,flower,folded,forked,formed,geminat,greatly,hal,homostylous,lant,lengthening,like,long,lower,lunate,maturing,minutely,mottled,never,nflorescence,orbicular,orolla,pair,pentagonal,perfect,petiolulate,plurifoliate,pore,poricidal,pubescen,purpl,rachi,rotate,seudostipule,slightly,slit,spaced,stamen,star,ste,sterile,straight,subequal,tall,tamen,tem,tip,toward,tri-,unit,usually,vary,yellow,ympodial	appearance,arrangement,bark,border,branch,calyx,capitate,characteristic,colour,corrugation,drying,erect,exertion,form,fruiting,giving,glabrousnes,growth,height,history,inflorescence,length,life,lobing,margin,midpoint,na,new,number,per,prickle,primary,pseudostipule,purple,ray,seed,shape,stem,surface,texture,thicknes,type,variation,vein,width	0-2,0.2-0.5,0.5-2.8,0.8-3.5,1-3,1.7-8.5,1.8-6.5,12,2-6.5,2.7-4.7,3-8.5,4-10,5-7,7-16.6,8-9,acuminate,acute,axillary,basiscopic,blue,broadly,bud,chartaceous,clavate,cm,dark,decurrent,distal,generally,glabrous,green,hair,half,herb,lanceolate,light,lilac,linear,long-attenuate,membranous,minute,mm,narrowly,odd-pinnate,ovate,plant,pubescent,rarely,sessile,short,side,simple,sparsely,subglabrous,subtending,terminal,tinged,typically,white,x	capitate,erect,na,purple
343	wfo-0001029810	success	149	124	84	96	53	28	81	3	.25,.5,0.5-3,1-1.3,1-10,1-2,1-3,1.1-2.3,1.5-3,2-3,3-6,5-15-flowered,5-16,5-6,acuminate,acute,adaxially,along,anther,apex,apically,arachnoid,attenuate,bark,base,berry,brown,calyx,capitate,cm,compact,compressed,congested,conical,corolla,dark,dendritic,densely,dia,drying,ellipsoid,elliptic,exserted,filament,fruiting,glabrous,globose,green,inflorescence,internodal,later,leaf,like,lobed,long,margin,minutely,mm,narrowly,nearly,occasionally,opposite,ovary,ovoid-reniform,pale,papillose,pedicel,petiole,pitted,pointed,pubescent,reddish-brown,rest,shaped,shining,shrub,simple,size,slender,small,sparsely,stem,stigma,style,surface,tan,tapering,tear-drop,tree,trichome,tube,vein,white,wide,yellowish,young	0.5-1,1-1.5,2-5,2.5-3,3-3.5,3-4,4-10,8-12,abaxially,anthesi,ape,closely,deflexed,deltate,differing,difoliate,eaf,edicel,eed,fleshy,free,geminat,glabrou,large,lateral,lenticel,less,lobe,lon,lower,main,major,middle,minor,nflorescence,older,overlappin,papillo,planar,pore,poricidal,portion,ruit,scar,spaced,tall,tip,tub,ud,unit,widest,woody,ympodial	alternate,arrangement,branch,bud,characteristic,colour,corrugation,diameter,exertion,form,fruit,glabrousnes,growth,height,history,length,life,lobing,na,new,peduncle,perennial,plant,primary,seed,shape,texture,type	.25,.5,0.5-3,1-1.3,1-10,1-2,1-3,1.1-2.3,1.5-3,2-3,3-6,5-15-flowered,5-16,5-6,acuminate,acute,adaxially,along,apex,apically,arachnoid,attenuate,base,berry,brown,calyx,capitate,cm,compact,compressed,congested,conical,dark,dendritic,densely,dia,ellipsoid,elliptic,exserted,glabrous,globose,green,inflorescence,internodal,later,leaf,like,lobed,long,minutely,mm,narrowly,nearly,occasionally,opposite,ovoid-reniform,pale,papillose,pitted,pointed,pubescent,reddish-brown,rest,shaped,shining,shrub,simple,slender,small,sparsely,tan,tapering,tear-drop,tree,trichome,tube,vein,white,wide,yellowish,young	alternate,na,perennial
344	wfo-0001029811	success	224	184	128	147	77	37	125	3	-3,0,0-30,0-35,0.1-0.4,0.3-1,0.3-1.5,0.5-2,0.8-1.5,1,1-1.5,1-3,1.3-1.7,1.5-2.5,1.5-6,1/2-2/3,1/3,1/3-2/3,13-20,2-2.5,2-5,2-5.5,2.5-3,2.8-3.2,3-5,3-5.5,3-7,3.5-4.5,4.5-5,5-11,5-40,5-9,6-12,7-18,7-9,8-12,acicular,anther,apart,apex,apically,apparently,articulated,bark,base,berry,broad-deltate,brown,calyx,cell,chartaceous,cm,connivent,cordate,cuneate,dark,densely,diameter,discolorous,distal,distance,drying,erect,extending,filament,flattened,flattened-reniform,flower,fruit,fruiting,glabrous,glandular,hair,herb,lateral,leaf,length,less,lobe,lobed,lobing,long,long-styled,lower,margin,maturity,mauve,midpoint,midvein,minute,mm,moderately,obtuse,one,open,orange-brown,outline,ovate,pair,pedicel,peduncle,per,perpendicular,petiole,pit,plant,poricidal,porrect,prickle,prickly,primary,raised,ray,scandent,secondary,sessile,short-styled,shrub,side,simple,slightly,small,smooth,sometimes,spaced,spherical,stellate,stellate-pubescent,stem,stout,straight,style,surface,tapering,terete,time,tip,trichome,tube,unbranched,upper,usually,vein,way,wide,yellow,yellow-green	-merous,.5,/3,0.1-0.3,0.2,0.2-0.6,1-2.5,1/,10-22,15-23,15-50,20-100,4-8,5-17,5-6,8-18,abaxial,abaxially,adaxial,alyx,andromonoecious,apar,blade,cream,eaf,eed,elongate,elongating,equal,eye,faint,fewer,free,green,green-brow,hermaphrodite,heterostylous,inflated,infructescence,long-acuminat,longer,lowermost,marking,mature,multangulate,naked,narrow-deltate,nflorescence,often,older,orolla,oung,pale,pendulous,pericarp,plurifoliat,portion,prickl,ruit,scar,short,shorter,sparsely,spreading,stalk,stalked,staminat,tamen,tertiary,unarmed,unit,vary,venation,visible,woody,ympodial,young	1/2,appearance,arrangement,border,branch,bud,characteristic,colour,corolla,corrugation,exertion,form,giving,glabrousnes,green-brown,growth,height,history,inflorescence,interjected,leaflet,life,na,new,number,ovary,pseudostipule,seed,shape,size,stigma,terminal,texture,thicknes,type,variation,width	-3,0,0-30,0-35,0.1-0.4,0.3-1,0.3-1.5,0.5-2,0.8-1.5,1,1-1.5,1-3,1.3-1.7,1.5-2.5,1.5-6,1/2-2/3,1/3,1/3-2/3,13-20,2-2.5,2-5,2-5.5,2.5-3,2.8-3.2,3-5,3-5.5,3-7,3.5-4.5,4.5-5,5-11,5-40,5-9,6-12,7-18,7-9,8-12,acicular,apart,apically,apparently,articulated,base,berry,broad-deltate,brown,cell,chartaceous,cm,connivent,cordate,cuneate,dark,densely,diameter,discolorous,distance,drying,erect,extending,flattened,flattened-reniform,flower,glabrous,glandular,hair,herb,lateral,less,lobe,lobed,lobing,long,long-styled,lower,maturity,mauve,midvein,minute,mm,moderately,obtuse,one,open,orange-brown,outline,ovate,pair,per,perpendicular,pit,poricidal,porrect,prickle,prickly,raised,scandent,secondary,sessile,short-styled,shrub,side,simple,slightly,small,smooth,sometimes,spaced,spherical,stellate,stellate-pubescent,stem,stout,straight,tapering,terete,time,tip,trichome,unbranched,upper,usually,way,wide,yellow,yellow-green	1/2,green-brown,na
345	wfo-0001029978	success	208	142	83	103	105	39	80	3	0.5-0.6,0.7-1.9,0.8,0.9-2.3,1-2,1.3-1.5,1.4-1.5,1.5-3.1,1.8-5,11-19,15-27,2-4,3-5,3.1-6.3,3.2-2.5,3.5-9.5,3.7-8.1,4.2-5.2,5,5-16.5,8-10,acuminate,anther,apex,apparently,articulated,attenuate,axillary,base,berry,brownish,bud,chartaceous,clavate,cm,coarsely,condition,conical,connivent,corolla,dark,diameter,distal,drying,elliptic,filament,finely,flower,forked,fresh,fruit,generally,glabrous,green,greenish,hair,half,herb,interjected,lanceolate,lateral,leaf,leaflet,less,light,lobe,long,margin,medium,membranous,middle,minute,mm,mottled,narrow,odd-pinnate,ovate,ovoid,pedicel,peduncle,perfect,petiole,plant,pubescent,purple,ray,ripe,seed,simple,size,sparsely,stem,stigma,style,subsessile,subtending,terminal,tube,usually,whitish,wide,wing,x	0.3-0.4,0.3-0.7,1-10,3-7,4-11,4-7,5-merou,abaxially,acumen,adaxially,ag,along,alyx,apart,arranged,asymmetrical,axe,basiscopic,bead,blade,capitat,cell,ciliate,commonly,covering,darker,decreasing,digestion,dorsally,eaf,edge,eed,enzyme,erec,especially,exceeding,flat,folded,fourt,geminat,glabrou,gradually,green-white,hair-like,homostylous,honeycomb-shaped,larger,lengthening,like,living,lower,make,midrib,minutely,moniliform,mucilaginous,multiple,necklace,nflorescence,orbicular,orolla,pair,pentagonal,petiolule,plurifoliate,pore,poricidal,puberulent,pubescen,removed,rotate,ruit,secondary,semierect,sessile,seudostipule,side,slightly,slit,spaced,specimen,stamen,ste,stolon,straight,subequal,symmetrical,tall,tamen,tem,testal,thick,throughout,tip,tissue,toward,tri-,tuber,typically,unit,vary,wall,wet,yellow,ympodial	appearance,arrangement,bark,border,branch,calyx,capitate,characteristic,colour,corrugation,exertion,form,fourth,giving,glabrousnes,growth,height,history,inflorescence,length,life,lobing,midpoint,na,new,number,ovary,per,prickle,primary,pseudostipule,shape,surface,texture,thicknes,type,variation,vein,width	0.5-0.6,0.7-1.9,0.8,0.9-2.3,1-2,1.3-1.5,1.4-1.5,1.5-3.1,1.8-5,11-19,15-27,2-4,3-5,3.1-6.3,3.2-2.5,3.5-9.5,3.7-8.1,4.2-5.2,5,5-16.5,8-10,acuminate,apparently,articulated,attenuate,axillary,berry,brownish,bud,chartaceous,clavate,cm,coarsely,condition,conical,connivent,dark,distal,drying,elliptic,finely,flower,forked,fresh,generally,glabrous,green,greenish,hair,half,herb,lanceolate,less,light,long,medium,membranous,middle,minute,mm,mottled,narrow,odd-pinnate,ovate,ovoid,perfect,plant,pubescent,purple,ripe,simple,sparsely,subsessile,subtending,terminal,usually,whitish,wide,wing,x	capitate,fourth,na
346	wfo-0001029980	success	173	166	115	124	49	42	112	3	.1,0.1-0.25,0.25-0.5,0.5-1,0.5-1.2,0.5-2.5,0.5-5,0.7-1.3,0.8-1.2,1-1.7,1.2-2.5,1.5-2,2-5,2/3,3-4,3-9,5-50-flowered,6.4-17,abaxially,acute,anther,anthesi,apex,appearing,appressed,axil,bark,base,berry,black,bright,brown,bud,calyx,cm,corolla,curved,dark,decurrent,deflexed,density,dia,difoliate,dried,drying,elliptic,especially,exserted,filament,five,flattened-reniform,fruiting,glabrous,globose,gray,greatly,green,greenish-white,knob,lateral,leaf,live,lobe,lobed,long,main,margin,material,minutely,mm,near,node,often,older,one,onto,opposite,ovary,ovate,pale,papillose,pedicel,petiole,pitted,plant,pore,poricidal,puberulent,reflexed,rounded,shape,shaped,shiny,shrub,side,simple,size,slender,slightly,small-capitate,somewhat,soon,stem,stigma,straight,style,surface,tan,tapering,tear-drop,tip,trichome,tube,tuft,unicellular,uniseriate,unit,varying,vein,way,white,winged,x,young	.5,0.25-1,0.9-4.5,1-1.5,1.5-6,2-6,5-10,adaxially,apar,ba,closely,conical,deltoid,differing,eaf,edicel,eed,elevation,free,geminat,high,impressed,incrassate,lon,lower,major,middle,minor,nflorescence,orbicular,overlapping,pair,paler,portion,prominent,proximal,race,ruit,scar,spaced,specimen,tall,ud,venezuelan,whit,widest,woody,yellowish,ympodial	appearance,arrangement,border,branch,characteristic,colour,corrugation,diameter,distal,exertion,form,fruit,geminate,giving,glabrousnes,growth,height,history,inflorescence,interjected,leaflet,length,life,lobing,midpoint,na,new,number,peduncle,per,prickle,primary,pseudostipule,ray,seed,sympodial,terminal,texture,thicknes,type,variation,width	.1,0.1-0.25,0.25-0.5,0.5-1,0.5-1.2,0.5-2.5,0.5-5,0.7-1.3,0.8-1.2,1-1.7,1.2-2.5,1.5-2,2-5,2/3,3-4,3-9,5-50-flowered,6.4-17,abaxially,acute,anthesi,appearing,appressed,axil,bark,base,berry,black,bright,brown,bud,calyx,cm,curved,dark,decurrent,deflexed,density,dia,difoliate,dried,drying,elliptic,especially,exserted,five,flattened-reniform,glabrous,globose,gray,greatly,green,greenish-white,knob,lateral,leaf,live,lobe,lobed,long,main,margin,material,minutely,mm,near,node,often,older,one,onto,opposite,ovate,pale,papillose,petiole,pitted,plant,pore,poricidal,puberulent,reflexed,rounded,shaped,shiny,shrub,side,simple,slender,slightly,small-capitate,somewhat,soon,stem,straight,tan,tapering,tear-drop,tip,trichome,tube,tuft,unicellular,uniseriate,unit,varying,vein,way,white,winged,x,young	geminate,na,sympodial
347	wfo-0001029989	success	161	141	85	98	63	43	83	2	.2,.5,/2,0.5-1,0.5-1.5,1-1.5,1-2.5,1.3-2.3,1.5-2.5,10-14,2.5-3,3-5,3-8,3.5-8,4-4.5,5-10-flowered,5-6,7-20,abaxially,acute,adaxially,anther,apex,bark,base,berry,branch,branched,calyx,capitate,cm,congested,conical,corolla,dendritic,densely,dia,difoliate,drying,elliptic,exserted,filament,flattened,fruiting,glabrous,globose,golden,gray,green,greenish-black,incrassate,inflorescence,internodal,lateral,leaf,lenticular,like,lobe,lobed,long,main,margin,minutely,mm,nearly,nodding,occasionally,opposite,ovary,pair,pedicel,petiole,pitted,pubescent,reddish,reddish-brown,rest,shaped,shining,short-style,shrub,simple,small,stem,stigma,style,surface,tear-drop,tree,tree-like,trichome,tube,unifoliate,vein,way,white,wide,x	0.25-0.5,1-2,1-4,abaxial,anthesi,broadly,brownish-re,central,closely,collection,deflexed,deltoid,dense,described,dimaeter,discussion,due,eaf,edicel,eed,erect,fleshy,free,geminat,heteromorphic,inflorescenc,lamina,lon,lower,middle,nflorescence,northern,older,overlappin,papillo,peru,peruvian,perú,petal,petaloid,planar,population,pore,poricidal,portion,probably,pubescence,ruit,scar,scattered,see,somewhat,spaced,sparsely,tall,tip,ud,unit,widest,woody,yellow,ympodial,young	appearance,arrangement,border,brownish-red,bud,characteristic,colour,corrugation,diameter,distal,exertion,form,fruit,giving,glabrousnes,growth,height,history,interjected,leaflet,length,life,lobing,midpoint,na,new,number,peduncle,per,plant,prickle,primary,pseudostipule,ray,seed,shape,size,terminal,texture,thicknes,type,variation,width	.2,.5,/2,0.5-1,0.5-1.5,1-1.5,1-2.5,1.3-2.3,1.5-2.5,10-14,2.5-3,3-5,3-8,3.5-8,4-4.5,5-10-flowered,5-6,7-20,abaxially,acute,adaxially,base,berry,branched,calyx,capitate,cm,congested,conical,dendritic,densely,dia,difoliate,elliptic,exserted,flattened,glabrous,globose,golden,gray,green,greenish-black,incrassate,inflorescence,internodal,lateral,leaf,lenticular,like,lobed,long,main,margin,minutely,mm,nearly,nodding,occasionally,opposite,pair,pitted,pubescent,reddish,reddish-brown,rest,shaped,shining,short-style,shrub,simple,small,style,tear-drop,tree,tree-like,trichome,tube,unifoliate,vein,way,white,wide,x	brownish-red,na
348	wfo-0001030000	success	146	139	77	84	62	55	75	2	-pilose,0.5-1,0.5-3,1,1-10,1-2,1.5-2,1.5-2.5-3.5,10-30-50,15-25,2-2.5,2-4,2.5-4-4.5-7,25-30-50,3-4,3.5-5,4-5,7-15,acute,adaxially,also,apex,articulated,axe,base,calyx,cm,connivent,conspicuous,cucullate,densely,dia,diameter,eglandular,ellipsoidal,flattened,flower,fruit,glabrous,globose,green,hair,immature,leaving,lobe,long,margin,mature,mm,moderately,narrowly,oblong,obtuse,occasionally,orange,ovoid,pedicel,pedicellar,peduncle,perfect,pilose,puberulent,pubescent,purplish,rachi,remnant,scar,shrub,slightly,small,sparsely,spotted,stigma,style,tinge,tree,triangular,truncate,tube,unbranched,white,x,yellow,yellow-brown	-4,0.5-14,0.5-2-2.5,1-2.5-3,1.5-3-16,10-20,2-3,2-5,3-4-foliat,abaxially,absent,aggregate,apart,ape,apiculate,biglandula,cell,chartaceous,ciliat,connective,coriaceous,creamy-whit,deltate,dilated,directed,distally,eed,equal,exceeding,laterally,lon,lower,nflorescence,nther,orolla,pore,produced,pubescen,radiu,rarely,ruit,shorter,smal,spaced,stamen,stellate,stone,strongly,subcoriaceous,swelling,tal,tem,thecae,tip,tomentose,ud,umbrella-shaped,unit,vary,wide,yellowish,ympodial	anther,appearance,arrangement,bark,biglandular,border,branch,bud,characteristic,colour,corolla,corrugation,distal,drying,exertion,filament,form,fruiting,giving,glabrousnes,growth,height,history,inflorescence,interjected,lateral,leaf,leaflet,length,life,lobing,midpoint,na,new,number,ovary,per,petiole,plant,prickle,primary,pseudostipule,ray,seed,shape,size,stem,surface,terminal,texture,thicknes,type,variation,vein,width	-pilose,0.5-1,0.5-3,1,1-10,1-2,1.5-2,1.5-2.5-3.5,10-30-50,15-25,2-2.5,2-4,2.5-4-4.5-7,25-30-50,3-4,3.5-5,4-5,7-15,acute,adaxially,also,apex,articulated,axe,base,cm,connivent,conspicuous,cucullate,densely,dia,eglandular,ellipsoidal,flattened,flower,fruit,glabrous,globose,green,hair,immature,leaving,long,mature,mm,moderately,narrowly,oblong,obtuse,occasionally,orange,ovoid,pedicellar,perfect,pilose,puberulent,pubescent,purplish,rachi,remnant,scar,shrub,slightly,small,sparsely,spotted,tinge,tree,triangular,truncate,unbranched,white,x,yellow,yellow-brown	biglandular,na
349	wfo-0001030000	success	167	149	89	96	71	53	87	2	-pilose,0.5-1,0.5-1-5,0.5-13,0.5-3,1-10,1-2,1.5-2.5-3.5,1.5-3-16,10-30-50,15-25,2-2.5,2-4,2-4-25,2.5-4-4.5-7,25-30-50,3-4,3-5-25,3.5-5,4-5,7-15,abaxially,acuminate,acute,adaxially,also,apex,apiculate,axe,basal,base,calyx,cm,connivent,cordate,cucullate,deltate,densely,dia,diameter,eglandular,ellipsoidal,entire,flattened,flower,fruit,glabrescent,glabrous,globose,green,hair,immature,lobe,long,margin,mature,mm,moderately,narrowly,oblique,oblong,obtuse,occasionally,often,orange,ovate,ovoid,pedicel,peduncle,perfect,petiole,pilose,puberulent,pubescent,purplish,shrub,simple,slightly,small,sparsely,spotted,stigma,style,subcoriaceous,tinge,tip,tree,triangular,truncate,tube,unbranched,vein,white,x,yellow,yellow-brown	-4,0.5-14,0.5-2-2.5,1,1-1.5-2,1-2.5-3,1.5-2,10-20,2-3,2-5,3-4-foliat,absent,aggregate,apart,ape,articulated,biglandula,blade,cell,chartaceous,ciliat,connective,conspicuous,coriaceous,creamy-whit,dilated,directed,distally,eaf,eed,elliptic,equal,exceeding,laterally,leaving,lon,lower,nflorescence,nther,orolla,pedicellar,pilo,pore,produced,pubescen,rachi,radiu,rarely,remnant,ruit,scar,shorter,smal,spaced,stamen,stellate,stone,strongly,swelling,tal,tem,thecae,time,tomentose,ud,umbrella-shaped,unit,vary,wide,yellowish,ympodial	anther,appearance,arrangement,bark,biglandular,border,branch,bud,characteristic,colour,corolla,corrugation,distal,drying,exertion,filament,form,fruiting,giving,glabrousnes,growth,height,history,inflorescence,interjected,lateral,leaf,leaflet,length,life,lobing,midpoint,na,new,number,ovary,per,plant,prickle,primary,pseudostipule,ray,seed,shape,size,stem,surface,terminal,texture,thicknes,type,variation,width	-pilose,0.5-1,0.5-1-5,0.5-13,0.5-3,1-10,1-2,1.5-2.5-3.5,1.5-3-16,10-30-50,15-25,2-2.5,2-4,2-4-25,2.5-4-4.5-7,25-30-50,3-4,3-5-25,3.5-5,4-5,7-15,abaxially,acuminate,acute,adaxially,also,apex,apiculate,axe,basal,base,cm,connivent,cordate,cucullate,deltate,densely,dia,eglandular,ellipsoidal,entire,flattened,flower,fruit,glabrescent,glabrous,globose,green,hair,immature,lobe,long,mature,mm,moderately,narrowly,oblique,oblong,obtuse,occasionally,often,orange,ovate,ovoid,perfect,pilose,puberulent,pubescent,purplish,shrub,simple,slightly,small,sparsely,spotted,subcoriaceous,tinge,tip,tree,triangular,truncate,unbranched,vein,white,x,yellow,yellow-brown	biglandular,na
350	wfo-0001030004	success	177	135	94	108	69	27	91	3	0-0.5,0-1.5,0.2-1,0.8-1.1,1.2-2,1.5-2.5,15,15-20,2-20,20-200-flowered,3-3.5,3.5-5,4-15,5-25,9-30,across,acuminate,acute,adaxially,anther,apex,axillary,bark,basal,base,berry,branched,branching,broadly,bushy,calyx,capitate,cm,conical,corolla,crotaloid,dendritic,densely,dia,drying,elliptic,erect,exserted,filament,flattened-reniform,fruiting,giving,glabrous,globose,green,inflorescence,later,lateral,leaf,lobed,long,loose,main,many,margin,minutely,mm,much,nearly,obovate,obovoid,occasionally,often,onto,ovary,pair,pale,pedicel,petiole,pitted,plant,plurifoliate,portion,pubescent,seed,sessile,shaped,shrub,small,sparsely,stem,stigma,stout,strongly,style,surface,tan,tear-drop,terminal,time,translucent,tree,trichome,tube,variously,vein,white,wide,winged,x,yellowish,yellowish-green,young	.3,0.3-1,1-1.5,1-2,3-4,abaxial,abaxially,along,always,anthesi,apar,appearanc,barely,blade,body,collection,cone,decurrent,deltate,dense,denser,diamete,distal,eaf,edicel,eed,especially,flat,fleshy,free,greenish-yello,hard,incrassate,juvenile,knob,lamina,large,like,lobe,lower,middle,nflorescence,older,papillate,papillo,pericarp,planar,pore,poricidal,possessing,prominent,pubescence,rest,ruit,scar,simple,spaced,surpassing,tall,thick,thin,tip,tub,tuft,ud,unevenly,widest,woody,ympodia	appearance,arrangement,branch,bud,characteristic,colour,corrugation,diameter,exertion,form,fruit,glabrousnes,greenish-yellow,growth,height,history,length,life,lobing,na,new,peduncle,primary,shape,size,texture,type	0-0.5,0-1.5,0.2-1,0.8-1.1,1.2-2,1.5-2.5,15,15-20,2-20,20-200-flowered,3-3.5,3.5-5,4-15,5-25,9-30,across,acuminate,acute,adaxially,axillary,basal,base,berry,branched,branching,broadly,bushy,calyx,capitate,cm,conical,crotaloid,dendritic,densely,dia,elliptic,erect,exserted,flattened-reniform,giving,glabrous,globose,green,later,lateral,leaf,lobed,long,loose,main,many,minutely,mm,much,nearly,obovate,obovoid,occasionally,often,onto,pair,pale,pitted,plurifoliate,portion,pubescent,sessile,shaped,shrub,small,sparsely,stem,stout,strongly,tan,tear-drop,terminal,time,translucent,tree,trichome,tube,variously,vein,white,wide,winged,x,yellowish,yellowish-green,young	appearance,greenish-yellow,na
351	wfo-0001030007	success	168	148	98	105	63	43	92	6	.4,.5,0.2-1,0.8-1,1-1.5,1-15,1-2,1.6-2.2,15-20,2-4,3/4,4.5-5,6-10-flowered,7-10,7-9,abrupt,acuminate,acute,along,anther,apex,bark,base,becoming,beneath,berry,brown,bud,calyx,campanulate,clavate,cm,corolla,decurrent,densely,dia,dry,elliptic,exserted,filament,flattened,fruiting,glabrate,glabrous,globose,golden,golden-pubescent,green,lateral,leaf,live,lobe,lobed,long,main,margin,material,midrib,minutely,mm,oblique,obovoid,onto,ovary,pair,pale,papillose,pedicel,petiole,pitted,plant,pore,poricidal,pubescent,raised,reniform,shaped,shrub,simple,slender,slightly,small,soft,soon,sparsely,stem,stigma,straight,style,surface,tapering,tear-drop,tip,tree,trichome,tube,type,uniseriate,vein,way,white,widening,winged,x,young	.05,0.1-0.5,0.5-1,1.5-5,2-7,3-5,anthesi,apart,ba,branched,broadly,closely,cork,dark,deltoid,difoliate,edicel,eed,erect,fleshy,free,geminateleaf,gre,hooded,impressed,incrassate,inflorescenc,like,lon,longer,lower,major,middle,minor,nflorescence,occasionally,older,one,opposite,outline,papillo,planar,portion,prominent,rest,rounded,ruit,scar,short,shorter,spaced,specimen,tall,thick,thickened,trunk,tub,two,ud,unit,widest,woody,ympodial	alternate,appearance,arrangement,border,branch,characteristic,colour,corky,diameter,distal,exertion,form,fruit,giving,glabrousnes,grey,growth,height,history,inflorescence,interjected,leaflet,length,life,lobing,midpoint,na,new,number,peduncle,per,prickle,primary,pseudostipule,ray,seed,shape,size,terminal,texture,thicknes,variation,width	.4,.5,0.2-1,0.8-1,1-1.5,1-15,1-2,1.6-2.2,15-20,2-4,3/4,4.5-5,6-10-flowered,7-10,7-9,abrupt,acuminate,acute,along,base,becoming,beneath,berry,brown,bud,calyx,campanulate,clavate,cm,corolla,decurrent,densely,dia,dry,elliptic,exserted,flattened,glabrate,glabrous,globose,golden,golden-pubescent,green,lateral,leaf,live,lobed,long,main,material,midrib,minutely,mm,oblique,obovoid,onto,pair,pale,papillose,petiole,pitted,plant,pore,poricidal,pubescent,raised,reniform,shaped,shrub,simple,slender,slightly,small,soft,soon,sparsely,stem,straight,tapering,tear-drop,tip,tree,trichome,tube,uniseriate,vein,way,white,widening,winged,x,young	-1.5,alternate,corky,di,grey,na
352	wfo-0001030010	success	156	129	91	101	55	28	88	3	.5,.75,/4,0.5-5,0.9-1.1,1-1.3,1-1.5,1.5-2,10-15,10-50-flowered,11-12,2-2.2,2-7,2.5,20-40,5-7,acuminate,acute,anther,apex,area,attenuate,bark,basal,base,beneath,berry,brown,bud,calyx,cm,corolla,cyathiform,dark,deciduous,decurrent,dia,exserted,f,filament,fruit,fruiting,furcate,glabrate,glabrous,globose,green,grey,lateral,leaf,lobed,long,main,margin,midrib,minute,minutely,mm,near,nearly,obovate,occasionally,often,older,opposite,orange,ovary,ovoid-reniform,pair,papillose,pedicel,petiole,pitted,puberulent,reddish,shaped,shrub,simple,size,slightly,small,smooth,soon,stem,stigma,style,surface,tapering,tear-drop,tiny,tip,tree,trichome,tube,uniseriate,vein,way,white,winged,x,young	0.7-1,1-2,1.2-1.5,3-5,4-4.5,7-10,anthesi,appearing,closely,deflexed,deltate,differing,difoliate,distal,dry,eaf,edicel,eed,ellipsoid,fleshy,free,geminat,hooded,lobe,lon,lower,m.,major,materia,material,middle,minor,nflorescence,one,overlappin,persistent,planar,pore,poricidal,portion,prominent,rather,ruit,scar,shin,spaced,straight,styl,tall,trunk,ud,unit,widest,woody,ympodial	alternate,arrangement,branch,characteristic,colour,corrugation,diameter,drying,exertion,form,glabrousnes,growth,height,history,inflorescence,length,life,lobing,na,new,peduncle,plant,primary,seed,shape,shiny,texture,type	.5,.75,/4,0.5-5,0.9-1.1,1-1.3,1-1.5,1.5-2,10-15,10-50-flowered,11-12,2-2.2,2-7,2.5,20-40,5-7,acuminate,acute,area,attenuate,basal,base,beneath,berry,brown,calyx,cm,cyathiform,dark,deciduous,decurrent,dia,exserted,f,furcate,glabrate,glabrous,globose,green,grey,lateral,leaf,lobed,long,main,midrib,minute,minutely,mm,near,nearly,obovate,occasionally,often,older,opposite,orange,ovoid-reniform,pair,papillose,petiole,pitted,puberulent,reddish,shaped,shrub,simple,slightly,small,smooth,soon,stem,style,surface,tapering,tear-drop,tiny,tip,tree,trichome,tube,uniseriate,vein,way,white,winged,x,young	alternate,na,shiny
353	wfo-0001030023	success	168	134	72	79	89	55	68	4	0.5-1,1-8,1.5-7,10-25,2.5-3.5,20-30,3-4.5,3-5,4,4-12,5,5-16,5-6,6-26,7-9,abaxially,acute,adaxially,apex,apiculate,basal,base,calyx,cm,connivent,cordate,cuneate,deeply,densely,diameter,ellipsoidal,elliptic,entire,finely,flattened,fleshy,fruit,glabrous,glandular-puberulent,globose,greenish-white,lanceolate,lobe,long,loosely,margin,membranaceous,mm,moderately,narrowly,oblique,oblong,obtuse,occasionally,often,ovate,pedicel,peduncle,peltiform,petiole,probably,puberulent,pubescent,purplish-,short-acuminate,simple,sparsely,stellate,stigma,style,tip,tree,triangular,truncate,tube,unknown,vein,x,yellowish	-,0-100+,1,1-2,1-4-10,1.5-2,10-30-50+,12-18,13-20,2,2-3,4-foliat,5-11-40+,6-7,aggregate,apart,ape,articulated,axe,beyond,blade,branched,capitat,cell,ciliate,color,connective,cylindrical,denser,dilated,directed,distally,eaf,eed,especially,exceeding,except,exserted,flower,forked,glandular-puberulen,hair,highly,leaving,lon,lower,main,narrow,near,nflorescence,nther,orolla,pedicellar,perfect,pore,presen,present,prominent,pubescen,pubescence,pubescent-pilo,rachi,radiu,remnant,ripe,ruit,shorter,slightly,small,somewhat,spaced,stamen,stone,subcoriaceous,swelling,tal,tem,thecae,time,ud,unbranched,unit,unknow,usually,vary,villous,wide,ympodial,young	anther,appearance,arrangement,bark,border,branch,bud,capitate,characteristic,colour,corolla,corrugation,distal,drying,exertion,filament,form,fruiting,giving,glabrousnes,growth,height,history,inflorescence,interjected,lateral,leaf,leaflet,length,life,lobing,midpoint,na,new,number,ovary,per,perennial,plant,prickle,primary,pseudostipule,pubescent-pilose,ray,seed,shape,size,stem,surface,terminal,texture,thicknes,type,variation,width	0.5-1,1-8,1.5-7,10-25,2.5-3.5,20-30,3-4.5,3-5,4,4-12,5,5-16,5-6,6-26,7-9,abaxially,acute,adaxially,apex,apiculate,basal,cm,connivent,cordate,cuneate,deeply,densely,ellipsoidal,elliptic,entire,finely,flattened,fleshy,fruit,glabrous,glandular-puberulent,globose,greenish-white,lanceolate,lobe,long,loosely,membranaceous,mm,moderately,narrowly,oblique,oblong,obtuse,occasionally,often,ovate,peltiform,probably,puberulent,pubescent,purplish-,short-acuminate,simple,sparsely,stellate,tip,tree,triangular,truncate,unknown,x,yellowish	capitate,na,perennial,pubescent-pilose
354	wfo-0001030032	success	250	150	88	116	134	34	86	2	0.2-0.3,0.5,0.5-0.6,0.5-1.5,0.8-1.0,0.8-1.1,1-1.3,1-1.5,1.5-2,1.5-2.5,11-20,13-35,2-3-locular,2-3.5,2-4,2-5,2-lobed,2.4-3.5,3.0-3.5,3.5-12,30,4-5,4.3-5.0,5-plurifoliate,6-11,7-16,7.5-10,8-10,8-20,acuminate,acute,anther,apex,appearance,articulated,base,border,branched,bright,brown,calyx,capitate,cm,completely,conical,corolla,dark,decurrent,deltate,densely,diameter,elliptic,entire,exserted,filament,fruit,fruiting,glabrous,golden,green,greenish-brown,hair-like,halfway,imparipinnate,interjected,interrupted,irregularly,lateral,leaf,leaflet,length,lobe,long,many,margin,middle,mm,oblanceolate,obovate,occasionally,opposite,orbicular,outgrowth,ovary,pale,pedicel,peduncle,petiole,pithy,present,primary,pseudostipule,pubescent,seed,silky,somewhat,splitting,stem,stigma,straight,style,subopposite,surface,terminal,thick,time,truncate,tube,unit,vein,vine,white,wide,winged,woody,yellow	+,.05,.5,0.1-0.4,0.1-0.5,0.2,0.2-0.5,0.25-0.4,0.4-1.5,0.5-0.7,0.5-1,0.5-2,0.6-1.1,0.7-0.8,1-2-celled,1-3,1-celled,2,2-10,2-60,3,3-5,4-6-celled,4-celled,60-80,8-10-celled,abaxially,absent,abundant,adaxial,adaxially,along,also,anthesi,apical,appendage,articulation,basal,basally,basiscopically,bent,branche,breaking,cell,clambering,column,conspicuou,densest,desne,dry,eaf,ebracteate,edicel,eed,flower,free,give,glandular,gree,hea,head,herbarium,internode,lamina,large,larger,leave,like,longest,lower,markedly,midvein,mixed,moderately,much,multicellular,nflorescence,node,oblique,often,older,onto,pair,paler,patent,petiolule,pubescence,rachi,reflexed,rest,rotate,rotate-stellate,rough,round,ruit,secondary,set,shorter,simple,slightly,smaller,soft,sometimes,sparsely,sparser,specimen,spreading,stamen,staminal,sterile,swollen,tall,tangled,tem,tertiary,testa,thickened,tiny,tip,touch,transparent,trichome,ud,unicellular,uniseriate,usually,vegetatio,venation,wall,weaker-walled,well-developed,ympodial,younger,½-3/4	arrangement,branch,bud,characteristic,colour,corrugation,distal,drying,exertion,form,giving,glabrousnes,growth,height,history,inflorescence,life,lobing,midpoint,na,new,number,per,plant,prickle,ray,shape,size,sympodial,texture,thicknes,type,variation,width	0.2-0.3,0.5,0.5-0.6,0.5-1.5,0.8-1.0,0.8-1.1,1-1.3,1-1.5,1.5-2,1.5-2.5,11-20,13-35,2-3-locular,2-3.5,2-4,2-5,2-lobed,2.4-3.5,3.0-3.5,3.5-12,30,4-5,4.3-5.0,5-plurifoliate,6-11,7-16,7.5-10,8-10,8-20,acuminate,acute,articulated,branched,bright,brown,calyx,capitate,cm,completely,conical,dark,decurrent,deltate,densely,diameter,elliptic,entire,exserted,glabrous,golden,green,greenish-brown,hair-like,halfway,imparipinnate,interrupted,irregularly,long,many,middle,mm,oblanceolate,obovate,occasionally,opposite,orbicular,outgrowth,pale,pithy,present,pubescent,silky,somewhat,splitting,straight,subopposite,thick,time,truncate,unit,vine,white,wide,winged,woody,yellow	na,sympodial
355	wfo-0001030048	success	156	145	108	112	44	33	102	6	.5,0.5-1.5,1-1.5,1.2-2,1.3-1.6,1.5-3.5,1.5-7,10-16,2-5,3-3.5,3-5,4-15,4-4.5,5-10-flowered,5-8,abaxial,abaxially,acute,adaxially,along,anther,anthesi,apex,apically,arachnoid,bark,base,becoming,berry,bi-colored,bi-lobed,blue,brown,calyx,clavate,cm,completely,conical,corolla,covered,decurrent,deflexed,densely,dia,difoliate,drying,ellipsoid,elliptic,exserted,felt-like,filament,fruiting,glabrate,glabrous,globose,golden,green,greyish,impressed,internodal,lamina,lateral,leaf,lightly,lobe,lobed,long,main,margin,matted,minutely,mm,nearly,occasionally,older,onto,opposite,ovary,ovoid-reniform,pair,pale,pedicel,petiole,pitted,planar,pointed,prominent,pubescent,reddish-brown,shaped,shiny,shrub,simple,small,somewhat,stem,stigma,strongly,style,surface,tan,tear-drop,tree,trichome,trifoliate,tube,unit,vein,white,wide,yellowish,young	1-2,2-3,5973,ape,apparently,broadly,closely,deltate,eaf,edicel,eed,fide,fleshy,four-angle,free,geminat,inflorescenc,like,lon,lower,middle,nflorescence,overlappin,papillo,papillose,pore,poricidal,portion,rather,rest,ruit,scar,solomon,spaced,sparsely,tall,thick,thickened,tip,tub,ud,widest,woody,ympodial	arrangement,branch,bud,characteristic,colour,corrugation,diameter,exertion,form,four-angled,fruit,geminate,glabrousnes,growth,height,history,inflorescence,length,life,lobing,na,new,peduncle,perennial,plant,primary,seed,shape,size,sympodial,texture,type,ye	.5,0.5-1.5,1-1.5,1.2-2,1.3-1.6,1.5-3.5,1.5-7,10-16,2-5,3-3.5,3-5,4-15,4-4.5,5-10-flowered,5-8,abaxial,abaxially,acute,adaxially,along,anthesi,apex,apically,arachnoid,bark,base,becoming,berry,bi-colored,bi-lobed,blue,brown,calyx,clavate,cm,completely,conical,covered,decurrent,deflexed,densely,dia,difoliate,drying,ellipsoid,elliptic,exserted,felt-like,glabrate,glabrous,globose,golden,green,greyish,impressed,internodal,lamina,lateral,leaf,lightly,lobe,lobed,long,main,matted,minutely,mm,nearly,occasionally,older,onto,opposite,ovoid-reniform,pair,pale,petiole,pitted,planar,pointed,prominent,pubescent,reddish-brown,shaped,shiny,shrub,simple,small,somewhat,stem,strongly,tan,tear-drop,tree,trichome,trifoliate,tube,unit,vein,white,wide,yellowish,young	four-angled,geminate,na,perennial,sympodial,ye
356	wfo-0001030053	success	140	102	55	70	70	32	52	3	0.5-1,1-1.3,1-13,1.3-3.5,1.5-5.5,1.8-2,10-20,2.5-3,3.5-4,7-9,abruptly,acuminate,acute,apex,apical,base,berry,branch,branched,brown,calyx,cm,corolla,cyathiform,decurrent,diameter,elliptic,entire,exserted,far,filiform,flattened,fruiting,glabrous,greenish,growth,inflorescence,many,margin,minutely,mm,new,nipple,pair,pale,pedicel,peduncle,per,petiole,pitted,primary,reniform,revolute,shining,shiny,simple,slightly,stem,surface,terminal,time,truncate,tube,turbinate,vein,vine,white,woody,x,yellowish	0.5,100,2-2.5,4-7-11,5,5-merou,<,abscission,aiding,alyx,anthesi,apart,apiculae,ark,around,articulated,bfeore,cell,climbin,completely,coriaceous,eaf,eed,fide,fine,flower,fragrant,frui,hyaline,irregularly,leaving,lobe,lobed,long,lower,mentz,near,nflorescence,older,orolla,papilla,papillo,parallel,peg,pendant,perfect,plurifoliat,rectangular,rim,scar,secondary,shallowly,shin,sleeve,small,spaced,spreadin,spreading,strongly,support,tem,testal,tiny,tip,twining,ud,unit,usually,venation,ympodial	4-11,anther,arrangement,bark,bud,characteristic,colour,corrugation,drying,exertion,filament,form,fruit,glabrousnes,height,history,leaf,length,life,lobing,na,number,ovary,papillose,plant,seed,shape,size,stigma,style,texture,type	0.5-1,1-1.3,1-13,1.3-3.5,1.5-5.5,1.8-2,10-20,2.5-3,3.5-4,7-9,abruptly,acuminate,acute,apical,berry,branched,brown,calyx,cm,cyathiform,decurrent,elliptic,entire,exserted,far,filiform,flattened,glabrous,greenish,many,minutely,mm,nipple,pair,pale,pitted,reniform,revolute,shining,shiny,simple,slightly,terminal,time,truncate,tube,turbinate,vine,white,woody,x,yellowish	4-11,na,papillose
357	wfo-0001030057	success	141	141	85	93	48	48	83	2	-2,2-3-celled,2-4,2-4.5,2-6,2.1-4.1,20-30,20-80,3.5-8,4.3-8.2,5.5-12,7-14,8,8-19,abaxially,absent,acuminate,acute,adaxially,apex,apparently,articulated,axillary,base,berry,brownish,bud,cell,chartaceous,cm,condition,cordate,covering,cuneate,diameter,distal,drying,elliptic,flower,forked,fresh,fruit,generally,globose,green,green-white,greenish,hair,hair-like,half,herb,high,interjected,lateral,leaf,leaflet,like,long,make,membranous,mm,mottled,mucilaginous,narrow,odd-pinnate,ovate,ovoid,pedicel,peduncle,perfect,petiole,plant,pubescent,purple,seed,short,size,sometimes,stem,subglabrous,subtending,terminal,testal,thick,throughout,truncate,unwinged,usually,wall,wet,whitish,wing,x	1-10,1-2,3-5,4-10,apart,axe,blade,borne,broadly,decreasing,digestion,eaf,eed,end,enzyme,erec,extremely,geminat,glabrou,greatly,honeycomb-shaped,larger,living,lunate,nflorescence,pair,petiolule,plurifoliate,removed,ruit,scale-like,seudostipule,singly,small,spaced,specimen,ste,stolo,suborbicular,tall,tem,thir,toward,tri-,tuber,typically,unit,ympodial	anther,appearance,arrangement,bark,border,branch,calyx,characteristic,colour,corolla,corrugation,exertion,filament,form,fruiting,giving,glabrousnes,growth,height,history,inflorescence,length,life,lobe,lobing,margin,midpoint,na,new,number,ovary,per,prickle,primary,pseudostipule,ray,shape,stigma,style,surface,texture,thicknes,third,tube,type,variation,vein,width	-2,2-3-celled,2-4,2-4.5,2-6,2.1-4.1,20-30,20-80,3.5-8,4.3-8.2,5.5-12,7-14,8,8-19,abaxially,absent,acuminate,acute,adaxially,apparently,articulated,axillary,berry,brownish,bud,cell,chartaceous,cm,condition,cordate,covering,cuneate,diameter,distal,drying,elliptic,flower,forked,fresh,generally,globose,green,green-white,greenish,hair,hair-like,half,herb,high,lateral,like,long,make,membranous,mm,mottled,mucilaginous,narrow,odd-pinnate,ovate,ovoid,perfect,plant,pubescent,purple,seed,short,sometimes,stem,subglabrous,subtending,terminal,testal,thick,throughout,truncate,unwinged,usually,wall,wet,whitish,wing,x	na,third
358	wfo-0001030057	success	197	163	107	122	75	41	104	3	-10,-2,.5-3.5,1-2,2-3-celled,2-4,2-4.5,2-6,2.1-4.1,20-30,20-80,3.5-8,4.3-8.2,5-10,5-6,5.5-12,7-14,8,8-19,abaxially,absent,acuminate,acute,adaxially,anther,apex,apparently,articulated,axillary,base,berry,brownish,bud,cell,chartaceous,cm,condition,connivent,cordate,corolla,covering,cuneate,diameter,distal,drying,elliptic,filament,flower,forked,fresh,fruit,generally,glabrous,globose,green,green-white,greenish,greenish-yellow,hair,hair-like,half,herb,high,interjected,lanceolate,lateral,leaf,leaflet,like,linear,lobe,long,make,margin,membranous,middle,mm,mottled,mucilaginous,narrow,odd-pinnate,ovate,ovate-lanceolate,ovoid,pedicel,peduncle,pentagonal,perfect,petal,petiole,plant,poricidal,pubescent,purple,rotate,seed,short,size,sometimes,star,stem,stigma,striped,style,subglabrous,subtending,terminal,testal,thick,throughout,tip,truncate,tube,unwinged,usually,wall,wet,white,whitish,wing,x,yellow	1-10,2-3,2-5,3-5,4-10,5-merou,acumen,ag,along,alyx,apart,axe,blade,borne,broadly,ciliate,decreasing,digestion,dorsally,eaf,edge,eed,end,enzyme,erec,especially,exceeding,extremely,flat,folded,geminat,glabrou,globo,greatly,homostylous,honeycomb-shaped,larger,lengthening,living,lower,lunate,midrib,minutely,nflorescence,orolla,pair,petiolule,plurifoliate,pore,puberulent,removed,ruit,scale-like,seudostipule,singly,slit,small,spaced,specimen,stamen,ste,stolo,straight,suborbicular,tall,tamen,tem,thir,toward,tri-,tuber,typically,unit,vary,ympodial	appearance,arrangement,bark,border,branch,calyx,characteristic,colour,corrugation,erect,exertion,form,fruiting,giving,glabrousnes,growth,height,history,inflorescence,length,life,lobing,midpoint,na,new,number,ovary,per,prickle,primary,pseudostipule,ray,shape,surface,texture,thicknes,third,type,variation,vein,width	-10,-2,.5-3.5,1-2,2-3-celled,2-4,2-4.5,2-6,2.1-4.1,20-30,20-80,3.5-8,4.3-8.2,5-10,5-6,5.5-12,7-14,8,8-19,abaxially,absent,acuminate,acute,adaxially,apparently,articulated,axillary,berry,brownish,bud,cell,chartaceous,cm,condition,connivent,cordate,covering,cuneate,diameter,distal,drying,elliptic,flower,forked,fresh,generally,glabrous,globose,green,green-white,greenish,greenish-yellow,hair,hair-like,half,herb,high,lanceolate,lateral,like,linear,long,make,membranous,middle,mm,mottled,mucilaginous,narrow,odd-pinnate,ovate,ovate-lanceolate,ovoid,pentagonal,perfect,petal,plant,poricidal,pubescent,purple,rotate,seed,short,sometimes,star,stem,striped,subglabrous,subtending,terminal,testal,thick,throughout,tip,truncate,unwinged,usually,wall,wet,white,whitish,wing,x,yellow	erect,na,third
359	wfo-0001030080	success	186	149	91	107	79	42	88	3	0.3-7,0.4-1.5,0.5-4,1-2,1-3,1.5-2,1.5-2.5,1.8-4.5,2.1-7.1,3-10,3.3-7.7,4-12,5-7,5.5-9.9,6.5-18.6,8-16,8-23,9.9-33,abaxially,absent,acuminate,adaxially,anther,apex,apparently,articulated,axe,axillary,base,berry,brownish,bud,cell,clavate,cm,condition,coriaceous,corolla,covering,cuneate,dark,decurrent,diameter,distal,dot,drying,elliptic,filament,flower,forked,fresh,fruit,generally,glabrescent,glabrous,green,green-white,greenish,hair,hair-like,half,herb,high,interjected,lanceolate,lateral,leaf,leaflet,light,lobe,make,medium,mm,mottled,mucilaginous,odd-pinnate,onto,ovate,ovoid,pedicel,peduncle,perfect,petiole,plant,purple,pyriform,rachi,seed,size,sometimes,stigma,style,subtending,terminal,testal,thick,throughout,tiny,tube,usually,wall,wet,white,whitish,width,winged,x	1999,2-3,2-4,3-5,4-7,5-13.5,5-merou,abaxiall,acumen,ag,along,alyx,apart,arranged,bead,blade,capitat,ccording,connivent,decreasing,digestion,dorsally,eaf,edge,eed,enzyme,erec,exceeding,flat,folded,geminat,glabrou,hal,homostylous,honeycomb-shaped,inconspicuous,larger,lengthening,like,linear,living,long,lower,moniliform,multiple,necklace,nflorescence,ochoa,orolla,pair,plurifoliate,pore,poricidal,removed,second,seudostipule,slightly,slit,spaced,specimen,stamen,stellate,stolon,straight,strongly,subequal,tall,tamen,tem,tip,toward,tri-,tuber,typically,unit,unknown,vary,yellow,ympodial	appearance,arrangement,bark,border,branch,calyx,capitate,characteristic,colour,corrugation,erect,exertion,form,fruiting,giving,glabrousnes,growth,height,history,inflorescence,length,life,lobing,margin,midpoint,na,new,number,ovary,per,prickle,primary,pseudostipule,ray,shape,stem,surface,texture,thicknes,type,variation,vein	0.3-7,0.4-1.5,0.5-4,1-2,1-3,1.5-2,1.5-2.5,1.8-4.5,2.1-7.1,3-10,3.3-7.7,4-12,5-7,5.5-9.9,6.5-18.6,8-16,8-23,9.9-33,abaxially,absent,acuminate,adaxially,apparently,articulated,axe,axillary,berry,brownish,bud,cell,clavate,cm,condition,coriaceous,covering,cuneate,dark,decurrent,distal,dot,drying,elliptic,flower,forked,fresh,generally,glabrescent,glabrous,green,green-white,greenish,hair,hair-like,half,herb,high,lanceolate,lateral,light,make,medium,mm,mottled,mucilaginous,odd-pinnate,onto,ovate,ovoid,perfect,plant,purple,pyriform,rachi,seed,sometimes,subtending,terminal,testal,thick,throughout,tiny,usually,wall,wet,white,whitish,winged,x	capitate,erect,na
360	wfo-0001030081	success	157	123	82	89	68	34	78	4	.5,0.5-1,0.5-1.5,0.5-2.5,1,1-2,1-3,1-4,1-5,1.5,1.5-7,10-20,10-35,2-foliate,4-6,5-12,5-15,absent,acute,anther,apex,base,berry,brown,calyx,center,chartaceous,ciliate,cm,cordate,decurrent,densely,diameter,dm,drying,edge,elliptic,elliptic-ovoid,entire,few-branched,filament,fine,flower,fruit,geniculate,glabrous,globose,hair,herb,immature,linear-lanceolate,long,margin,maturing,membranaceous,mm,moderately,nearly,oblong,obtuse,often,parallel,pedicel,peduncle,per,petiole,pubescent,radiating,raised,ridge,rounded,running,semitransparent,shallow,short,single-,sparsely,stigma,style,surface,triangular,tube,two-celled,unbranched,usually,vein,white,x,yellow	0.25-0.5,1-2-celled,1.5-3,1st,2-4,2-7,2nd,3-10,3-6,abaxially,abundant,adaxiall,adaxially,along,apically,axe,beyond,blade,cell,connected,dehiscing,denser,eaf,eed,emarginat,equal,explosively,exserted,flat,frui,geminat,held,interpetalar,lobe,longer,lower,lying,maturit,mesocarp,nfloresence,notch,one,orolla,other,placenta,pointing,pressure,pubescen,rachi,rarely,rotate,ruit,slightly,small,sometimes,stamen,straight,swollen,tal,tamen,tem,tissue,unit,vary,watery,wid,woody,ympodial	arrangement,bark,branch,bud,characteristic,colour,corolla,corrugation,emarginate,exertion,form,geminate,glabrousnes,growth,height,history,inflorescence,leaf,length,life,lobing,na,new,number,ovary,plant,primary,seed,shape,size,stem,texture,type,wide	.5,0.5-1,0.5-1.5,0.5-2.5,1,1-2,1-3,1-4,1-5,1.5,1.5-7,10-20,10-35,2-foliate,4-6,5-12,5-15,absent,acute,apex,base,berry,brown,center,chartaceous,ciliate,cm,cordate,decurrent,densely,diameter,dm,drying,edge,elliptic,elliptic-ovoid,entire,few-branched,fine,flower,fruit,geniculate,glabrous,globose,hair,herb,immature,linear-lanceolate,long,margin,maturing,membranaceous,mm,moderately,nearly,oblong,obtuse,often,parallel,petiole,pubescent,radiating,raised,ridge,rounded,running,semitransparent,shallow,short,single-,sparsely,triangular,two-celled,unbranched,usually,white,x,yellow	emarginate,geminate,na,wide
361	wfo-0001030083	success	146	121	78	86	60	35	73	5	.5,.75,0.5-2,0.8-1,0.8-3,1-1.5,1-2,10-30,2,2-3,2-5-flowered,3/4,4-15,4-6,9-11,acute,anther,apex,bark,base,berry,broadly,calyx,cm,corolla,cup-shaped,decurrent,deeply,dia,drying,elliptic,exserted,flower,fruit,fruiting,glabrous,globose,green,greenish-white,hyaline,leaf,lobed,long,long-acuminate,long-styled,membranous,minutely,mm,narrowly,onto,ovary,ovate,ovoid-reniform,pair,pale,papillose,pedicel,petiole,pitted,poricidal,red-papillose,reddish-gold,shallowly,short-styled,shrub,simple,single-stemmed,slender,small-capitate,soon,stem,stigma,straight,strongly,style,surface,tan,tapering,thin,tip,tube,vein,way,white,winged,x	0.1,0.25-0.5,0.5-1,1.5-3,3-4,accrescent,anthesi,beginning,closely,dar,deciduous,deflexed,deltoid,dry,eaf,edicel,eed,elongate,fleshy,greyish-re,inflorescenc,internodal,lateral,lobe,lon,lower,main,middle,near,nflorescence,older,opposite,overlapping,paler,papillae,pore,prominent,proximal,raised,reflexed,ruit,scar,shaped,slightly,somewhat,spaced,specimen,tall,tear-drop,terminal,thickened,translucent,tub,ud,unifoliat,unit,widest,woody,ympodial,young	arrangement,branch,bud,characteristic,colour,corrugation,dark,diameter,exertion,filament,form,glabrousnes,greyish-red,growth,height,history,inflorescence,length,life,lobing,margin,na,new,number,peduncle,per,perennial,plant,primary,seed,shape,size,texture,type,unifoliate	.5,.75,0.5-2,0.8-1,0.8-3,1-1.5,1-2,10-30,2,2-3,2-5-flowered,3/4,4-15,4-6,9-11,acute,base,berry,broadly,calyx,cm,cup-shaped,decurrent,deeply,dia,drying,elliptic,exserted,flower,glabrous,globose,green,greenish-white,hyaline,lobed,long,long-acuminate,long-styled,membranous,minutely,mm,narrowly,onto,ovate,ovoid-reniform,pair,pale,papillose,petiole,pitted,poricidal,red-papillose,reddish-gold,shallowly,short-styled,shrub,simple,single-stemmed,slender,small-capitate,soon,stem,straight,strongly,tan,tapering,thin,tip,tube,way,white,winged,x	dark,greyish-red,na,perennial,unifoliate
362	wfo-0001030093	success	181	149	93	105	76	44	88	5	0.1-0.3,0.2-0.5,0.5-1.1,0.6-1.5,1-1.5,1-12,1-5,2-2.5,3-4,3.5-12,4-6,7-30,7-9,8-9,acuminate,acute,anther,apex,attenuate,bark,base,becoming,beneath,berry,branched,brownish-tan,calyx,campanulate,case,clavate,cm,continues,corolla,cuneate,densely,dia,ellipsoid,elliptic,erect,especially,exserted,filament,fruiting,glabrous,globose,golden,green,greenish-white,growth,hirsutulous,lateral,leaf,lobe,lobed,main,margin,minutely,mm,narrowly,nearly,new,obovate,occasionally,often,opposite,ovary,ovoid-reniform,pair,pale,paler,pedicel,petiole,pitted,plant,population,puberulent,pubescent,shaped,shiny,shoot,shrub,simple,size,slender,slightly,small,soon,southern,stem,stigma,straight,style,surface,tapering,tear-drop,terminal,tiny,tree,trichome,tube,uniseriate,vein,white,x,yellowish	.2,.5,0,0.2,0.2-1,0.75-1,1.3-4.5,2.5-11,5-50-flowered,5-8,anthesi,apar,closely,collection,commonly,deflexed,deltoid,differing,difoliate,eaf,edicel,eed,evenly,except,expanded,flower,forest,free,furcate,geminat,greyish-brow,guyanese,hyaline,impressed,inundated,like,lon,long,long-styled,lower,major,many,member,middle,minor,nflorescence,older,one,onto,open,orbicular,papillo,persisting,pore,poricidal,portion,present,quite,reflexed,remaining,ruit,scar,short-styled,spaced,tall,thickened,time,tip,tub,ud,underside,unit,widest,woody,ympodial,young	1.5-4,alternate,appearance,arrangement,border,branch,bud,characteristic,colour,corrugation,diameter,distal,drying,exertion,form,fruit,giving,glabrousnes,greyish-brown,height,history,inflorescence,interjected,leaflet,length,life,lobing,midpoint,na,number,papillose,peduncle,per,prickle,primary,pseudostipule,ray,seed,shape,texture,thicknes,type,variation,width	0.1-0.3,0.2-0.5,0.5-1.1,0.6-1.5,1-1.5,1-12,1-5,2-2.5,3-4,3.5-12,4-6,7-30,7-9,8-9,acuminate,acute,attenuate,base,becoming,beneath,berry,branched,brownish-tan,calyx,campanulate,case,clavate,cm,continues,cuneate,densely,dia,ellipsoid,elliptic,erect,especially,exserted,glabrous,globose,golden,green,greenish-white,growth,hirsutulous,lateral,leaf,lobed,main,minutely,mm,narrowly,nearly,obovate,occasionally,often,opposite,ovoid-reniform,pair,pale,paler,pitted,plant,population,puberulent,pubescent,shaped,shiny,shoot,shrub,simple,slender,slightly,small,soon,southern,straight,tapering,tear-drop,terminal,tiny,tree,trichome,tube,uniseriate,vein,white,x,yellowish	1.5-4,alternate,greyish-brown,na,papillose
363	wfo-0001030145	success	152	102	69	77	75	25	69	0	-3,0.2-2,0.3-1-2.5,0.5,0.5-1,1,1-2,1-3,1.5-2,10-12,2.5-6.5,3-10,3-5,6-40,abaxially,acute,adaxially,adpressed,also,apex,articulated,basal,base,calyx,cm,compound,cuneate,deltate,densely,diameter,ellipsoidal,elliptic-ovate,entire,flower,forked,fruit,glabrous,glandular,globose,hair,herb,leaf,leaving,less,lobe,long,margin,mm,moderately,narrowly,near,obtuse,ovate-elliptic,pedicel,pedicellar,peduncle,petiole,pilose,puberulent,remnant,shrub,simple,sinuate,slender,slightly,sparsely,stigma,style,subcordate,subcoriaceous,ternately,triangular,truncate,unbranched,unknown,violet,x	-2,0.5-4,1-1.5,1-5,1.5,1.5-4.5,1.5-7,2-3,2-4,3,3-4,4-5,4-8,4-foliat,8-11,absent,aggregate,apart,ape,axe,beyond,blade,campanulate,cell,chartaceous,color,connective,cylindrical,directed,distally,dunal,eaf,eed,elliptic,exceeding,exserted,fide,fleshy,lanceolate,larger,lateral,leaflet,lon,lower,nflorescence,nther,orolla,pore,presen,puberulen,rachi,radiu,reddish,ripe,ruit,shorter,somewhat,spaced,stamen,stone,tal,tem,terminal,thecae,time,tomento,toward,truncat,tube,ud,unit,vary,wide,yellow,ympodial	anther,arrangement,bud,characteristic,colour,corolla,form,growth,height,history,inflorescence,length,life,lobing,number,ovary,per,plant,seed,shape,size,stem,surface,texture,type	-3,0.2-2,0.3-1-2.5,0.5,0.5-1,1,1-2,1-3,1.5-2,10-12,2.5-6.5,3-10,3-5,6-40,abaxially,acute,adaxially,adpressed,also,apex,articulated,basal,base,cm,compound,cuneate,deltate,densely,ellipsoidal,elliptic-ovate,entire,flower,forked,fruit,glabrous,glandular,globose,hair,herb,leaving,less,lobe,long,mm,moderately,narrowly,near,obtuse,ovate-elliptic,pedicellar,pilose,puberulent,remnant,shrub,simple,sinuate,slender,slightly,sparsely,style,subcordate,subcoriaceous,ternately,triangular,truncate,unbranched,unknown,violet,x	
364	wfo-0001030146	success	210	146	89	111	99	35	88	1	0.5–1,0.6–0.7,0.6–2,0.9–1,1.2–1.5,1.5–2,16–20,1–1.1,1–1.5,2.5–9,20–30,2–5,3–4,3–6,40–50,5–8,6.5–16,8–15,9–9.5,acuminate,acute,along,anther,anthesi,apex,axe,base,berry,branched,branching,brown,brownish,c.,calyx,capitate,cm,coriaceous,corolla,cup-shaped,dark,deltate,densely,diameter,drying,ellipsoidal,elliptic,entire,filament,flattened-reniform,fresh,fruiting,glabrous,globose,golden,green,growth,halfway,inflorescence,leaf,length,like,lobe,long,many,margin,midpoint,minutely,mm,narrowly,new,nodding,olive,pair,pale,part,pedicel,peduncle,peltate,per,persistent,petiole,pitted,plant,primary,pubescent,ray,reddish,revolute,ripe,scurfy,short-stalked,simple,small,stem,stigma,stout,style,surface,tan,terminal,time,tree,treelet,trichome,tube,upper,vein,way,white,wide,–18	.1,.2,.5,0.2–0.4,0.5,20,4–30,4–4.5,5-merou,60+,6–7,>,abaxial,abaxially,absent,adaxial,ag,almost,alyx,apar,appearing,ark,articulated,beig,beneath,bright,cell,center,closely,connivent,covered,deeply,dense,dichasia,discolorous,eaf,echinoid,edge,eed,elongate,erec,exserted,flower,free,fused,gradually,ilament,impressed,lamina,layer,lengthening,less,lobed,loosely,lower,multangulate,narrowing,nflorescence,older,orolla,papillose,perfect,pericarp,plurifoliate,pore,poricidal,portion,projection,pubescence,reflexed,regularly,rhachi,ruit,scar,sessile,shiny,slit,spaced,sparsely,stellate,strongly,subtended,tall,tangled,tem,testal,thin,tiny,tip,ud,undersurface,unevenly,unit,vary,varying,visible,woody,yellow,ympodial	appearance,arrangement,bark,border,branch,bud,characteristic,colour,corrugation,distal,exertion,form,fruit,giving,glabrousnes,height,history,interjected,lateral,leaflet,life,lobing,na,number,ovary,prickle,pseudostipule,seed,shape,size,texture,thicknes,type,variation,width	0.5–1,0.6–0.7,0.6–2,0.9–1,1.2–1.5,1.5–2,16–20,1–1.1,1–1.5,2.5–9,20–30,2–5,3–4,3–6,40–50,5–8,6.5–16,8–15,9–9.5,acuminate,acute,along,anthesi,axe,base,berry,branched,branching,brown,brownish,c.,calyx,capitate,cm,coriaceous,cup-shaped,dark,deltate,densely,drying,ellipsoidal,elliptic,entire,flattened-reniform,fresh,glabrous,globose,golden,green,halfway,inflorescence,length,like,long,many,minutely,mm,narrowly,nodding,olive,pair,pale,part,peltate,persistent,pitted,pubescent,reddish,revolute,ripe,scurfy,short-stalked,simple,small,stem,stout,tan,terminal,time,tree,treelet,trichome,tube,upper,way,white,wide,–18	na
365	wfo-0001030147	success	156	114	50	67	89	47	47	3	0.5-2,1-4,1-5,14-35,15-30,2-10,2-10.5,2-13,2-3,2-5,2.5-7.5,4-5.5,4.2-7.5,5-8,acuminate,acute,apex,articulate,base,blue,branched,calyx,cm,conical,corolla,cuneate,cyme,deep,diameter,dichasial,dichasially,distal,ebracteate,elliptical,filament,finely,green,green-white,herbaceous,interjected,lateral,leaf,leaflet,lobe,long-attenuate,medium,mm,monochasial,mucilaginous,oblique,odd-pinnate,ovate,ovoid,pedicel,peduncle,perennial,petiole,plant,pubescent,purple,rotate,rounded,seed,size,stigma,style,terminal	0-5,1.0-2.0,1.0-2.2,10-19,2,3-5-7-8,3-6-foliat,4-3.,4.5-10,8-38,abaxiall,abaxially,acumen,adaxially,apical,apically,attenuate,cell,connate,covering,dehiscent,digestion,diminishing,dorsally,eaf,edge,eed,emoval,enzyme,exceeding,flat,flower,folded,forked,generally,globo,gradually,hair-like,half,honeycomb,introrse,living,lon,long,lower,lunat,make,maturing,narrowly,nflorescence,nther,obtuse,often,orolla,pair,pattern,perfect,petiolule,plan,poricidally,proximal,reveal,ruit,sessile,seudostipule,short,slit,specimen,stamen,straight,subequal,subsessile,tal,tem,testal,thick,throughou,throughout,tip,toward,tuber-bearing,typically,unit,vary,wall,wide,yellow,ympodial,¼	4-31,anther,appearance,arrangement,bark,border,branch,bud,characteristic,colour,corrugation,drying,exertion,form,fruit,fruiting,giving,glabrousnes,globose,growth,height,history,inflorescence,length,life,lobing,margin,midpoint,na,new,number,ovary,per,prickle,primary,pseudostipule,ray,shape,stem,surface,texture,thicknes,tube,type,variation,vein,width	0.5-2,1-4,1-5,14-35,15-30,2-10,2-10.5,2-13,2-3,2-5,2.5-7.5,4-5.5,4.2-7.5,5-8,acuminate,acute,articulate,blue,branched,cm,conical,cuneate,cyme,deep,dichasial,dichasially,ebracteate,elliptical,finely,green,green-white,herbaceous,lobe,long-attenuate,medium,mm,monochasial,mucilaginous,oblique,odd-pinnate,ovate,ovoid,perennial,pubescent,purple,rotate,rounded	4-31,globose,na
366	wfo-0001030151	success	174	155	97	104	70	51	94	3	0.2-0.5,0.5,1-17,1-3,1.5-2.5,10-25,15-35-50,2-25,2-6,2-7-compound,20-30,3-14,3-5,3.5-32,5-6,6-9,abaxially,abundantly,acuminate,acute,adaxial,adaxially,apex,apiculate,around,axe,basal,base,beyond,blade,blotch,calyx,chartaceous,cm,connate,cordate,cuneate,decurrent,deltate,diameter,eglandular,elliptic,entire,except,exserted,flower,fruit,glabrous,glandular,glandular-puberulent,globose,hair,lanceolate,leaf,leaflet,less,lilac-tinged,line,lobe,long,longitudinal,margin,membranaceous,mm,narrowly,oblique,oblong,obovate,often,pedicel,peduncle,perfect,petiole,pinnately,probably,puberulent,pyriform,ring,ripe,sand-punctate,scattered,shallowly,short,simple,slender,slightly,sometimes,sparsely,stamen,stigma,stripe,style,surface,tip,tree,triangular,truncate,tube,unbranched,vein,white,x,yellow,yellow-green	-3,0.3-0.5,0.5-1,1,1-1.5,1-2,1-5,1.5-2,10-20,2-11,2-3,4-5,4-foliat,?,absent,aggregate,apart,ape,articulated,cell,channe,ciliat,compound,connective,cylindrical,directed,distally,eaf,eed,exceeding,glabrate,leaving,lon,lower,near,nflorescence,nther,obtuse,orolla,pedicellar,pore,presence,purplish,rachi,radiu,remnant,ruit,sand-punctat,shorter,small,somewhat,spaced,stalked,stellate,stone,tal,tem,thecae,time,toward,truncat,ud,unit,unknow,vary,veiny,white-puberulent,whitish,wide,ympodial	anther,appearance,arrangement,bark,border,branch,bud,channel,characteristic,colour,corolla,corrugation,distal,drying,exertion,filament,form,fruiting,giving,glabrousnes,growth,height,history,inflorescence,interjected,lateral,length,life,lobing,midpoint,na,new,number,ovary,per,perennial,plant,prickle,primary,pseudostipule,ray,seed,shape,size,stem,terminal,texture,thicknes,type,variation,width	0.2-0.5,0.5,1-17,1-3,1.5-2.5,10-25,15-35-50,2-25,2-6,2-7-compound,20-30,3-14,3-5,3.5-32,5-6,6-9,abaxially,abundantly,acuminate,acute,adaxial,adaxially,apex,apiculate,around,axe,basal,beyond,blade,blotch,chartaceous,cm,connate,cordate,cuneate,decurrent,deltate,eglandular,elliptic,entire,except,exserted,flower,fruit,glabrous,glandular,glandular-puberulent,globose,hair,lanceolate,less,lilac-tinged,line,lobe,long,longitudinal,membranaceous,mm,narrowly,oblique,oblong,obovate,often,perfect,petiole,pinnately,probably,puberulent,pyriform,ring,ripe,sand-punctate,scattered,shallowly,short,simple,slender,slightly,sometimes,sparsely,stamen,stripe,style,surface,tip,tree,triangular,truncate,unbranched,vein,white,x,yellow,yellow-green	channel,na,perennial
367	wfo-0001030153	success	147	124	83	100	47	24	82	1	.1,.2,/3,0.2-1,0.8-0.9,1-2,1-2.5,1.3-1.5,1.3-1.9,2-8,2-lobed,3-4,3-5,3-50,3.5-10.5,5-6,6-8,abaxially,absent,acuminate,acute,adaxially,age,anther,apex,apparently,attenuate,bark,base,berry,branched,brittle,calyx,clavate,cm,conical,corolla,dark,diameter,distinct,domatia,dry,ellipsoid,elliptic,entire,erect,exerted,filament,flower,fruiting,glabrous,globose,green,growth,impressed,internodal,lanceolate,lengthening,margin,minutely,mm,narrowly,new,occasionally,older,ovary,pair,papillate,pedicel,peduncle,petiole,pit-like,pore,poricidal,primary,revolute,ripe,simple,slightly,slit,small,specimen,stem,stigma,strongly,style,surface,terminal,thin,time,tip,tree,treelet,tube,vein,way,white,x,yellowish,young	0.8-1.3,1-1.2,1-1.5,1-10,1.5-2,2.5-4,anthesi,apart,ape,apiculate,axil,broadly,caly,campanulate,deltate,densely,dot,eaf,enlarged,free,glabrou,irregularly,known,less,lobe,lobed,lower,markedly,membranous,nflorescence,nodding,ot,paler,papillat,perfect,plane,plurifoliat,portion,rachi,resinous,ruit,scar,spaced,straight,ud,unit,ympodial	arrangement,branch,bud,characteristic,colour,corrugation,drying,exertion,form,fruit,glabrousnes,height,history,inflorescence,leaf,length,life,lobing,na,plant,shape,size,texture,type	.1,.2,/3,0.2-1,0.8-0.9,1-2,1-2.5,1.3-1.5,1.3-1.9,2-8,2-lobed,3-4,3-5,3-50,3.5-10.5,5-6,6-8,abaxially,absent,acuminate,acute,adaxially,age,apex,apparently,attenuate,base,berry,branched,brittle,calyx,clavate,cm,conical,dark,diameter,distinct,domatia,dry,ellipsoid,elliptic,entire,erect,exerted,flower,glabrous,globose,green,impressed,internodal,lanceolate,lengthening,minutely,mm,narrowly,occasionally,older,pair,papillate,pit-like,pore,poricidal,revolute,ripe,simple,slightly,slit,small,specimen,stem,strongly,terminal,thin,time,tip,tree,treelet,way,white,x,yellowish,young	na
368	wfo-0001030167	success	141	115	55	55	86	60	39	16	.8,.9,0.6,acuminate,anther,apex,base,berry,branch,calyx,chartaceous,cm,densely,diameter,entire,extra-axillary,filament,flattened,flower,fruit,fruiting,glabrous,green,herbaceous,lanceolate,lobe,margin,maturity,membranaceous,mm,obtuse,ovate,ovoid,pedicel,peduncle,petiole,pinnate,pointed,reflexed,rounded,sand-punctate,simple,slender,somewhat,stigma,style,thinly,tip,tube,unbranched,vein,vine,weakly,white,x	0.1–0.2,0.5–0.6,0.5–0.7,0.6–0.8,0.7–1.2,0.8–1,1.2–2.5,1.5–2,1.5–7,12,14–19,15–20,17–58,1–1.2,1–1.5,2–3,2–4.5,4.5–8,4–10,4–4.5,4–5,4–7,5-merous,8–10,abaxially,accrescent,acute,adaxially,along,alyx,apar,apically,axe,blade,c.,ciliat,ciliate,clavate,climbing,contiguously,eaf,eed,enlarged,fertile,gap,glabrou,immature,less,long,lower,m.,membranous,minutely,moderately,near,nearly,nflorescence,nternode,orolla,pair,penden,perfec,petal,plurifoliat,rachi,ruit,scar,secondary,seen,slightly,spaced,sparsely,stellate,subequal,symmetrical,tamen,tem,time,truncat,unit,unknown,vary,vegetation,venation,wide,ympodial	0.1-0.2,0.6-0.8,0.7-1.2,0.8-1,1-1.5,1.5-2,1.5-7,14-19,15-20,2-4.5,4-4.5,4.5-8,8-10,appearance,arrangement,border,bud,characteristic,colour,corolla,corrugation,distal,drying,exertion,form,giving,growth,height,history,inflorescence,interjected,lateral,leaf,leaflet,length,life,lobing,midpoint,na,number,ovary,pendent,per,plant,prickle,primary,pseudostipule,ray,seed,shape,size,stem,surface,terminal,texture,thicknes,truncate,type,variation,width	.8,.9,0.6,acuminate,apex,berry,chartaceous,cm,densely,entire,extra-axillary,flattened,flower,fruit,glabrous,green,herbaceous,lanceolate,maturity,membranaceous,mm,obtuse,ovate,ovoid,pinnate,pointed,reflexed,rounded,sand-punctate,simple,slender,somewhat,thinly,tip,unbranched,vine,weakly,white,x	0.1-0.2,0.6-0.8,0.7-1.2,0.8-1,1-1.5,1.5-2,1.5-7,14-19,15-20,2-4.5,4-4.5,4.5-8,8-10,na,pendent,truncate
369	wfo-0001030176	success	171	134	72	87	84	47	69	3	-4.25,.2,.7,0.5-2,0.7-1.4,0.7–0.8,1,1.2,1.2-2.5,1.6,2-3,2.25-3.25,2.5–7.5,2.5–9,3-5,3-lobed,6-8,6–8,acute,anther,apex,attenuate,base,berry,bilobed,branch,broadly,calyx,chartaceous,ciliate,cm,connivent,decumbent,depressed-globose,diameter,especially,extra-axillary,few-branched,filament,flattened-reniform,flower,fruit,fruiting,glabrous,hair,herb,lanceolate-oblong,lateral,light,lobe,long,margin,midrib,mm,nearly,node,numerous,often,ovate,pale,pedicel,peduncle,petiole,plant,prostrate,pubescent,rarely,recurved,ripe,rotate-stellate,simple,slightly,sometimes,somewhat,sparsely,stigma,style,terminal,tube,unbranched,vein,violet,white,x,yellow,yellow-orange,young	-1.4,-6.25,.75-1.5,0.4-1.5,0.5,0.6-0.9,1-2,1-5,1.5-2,1.5-2.5,1/3,1/6,2-foliate,2.5,2–3,3.75-5,4-9,5-merou,abaxially,accrescent,adaxiall,adaxially,alyx,angulate,apart,apparently,articulated,asymmetrically,axe,ba,basal,bi-lobed,blade,broad,capitat,contact,covering,cylindrical,dehiscent,downward,eaf,eed,erec,forming,geminat,hermaphroditic,hold,interlobal,juic,lance-ovate,line,lon,longitudinall,lower,major,mesocarp,minutely,near,nflorescence,oblong,orolla,partially,patch,perfect,pore,rachi,recurve,rooting,round,ruit,sinus,soil,spaced,tamen,tem,time,tip,triangular,unit,vary,white-puberulent,wide,winged,ympodial	appearance,arrangement,bark,border,bud,capitate,characteristic,colour,corolla,corrugation,distal,drying,exertion,form,giving,glabrousnes,growth,height,history,inflorescence,interjected,leaf,leaflet,length,life,lobing,midpoint,na,new,number,olong,ovary,per,prickle,primary,pseudostipule,ray,seed,shape,size,stem,surface,texture,thicknes,type,variation,width	-4.25,.2,.7,0.5-2,0.7-1.4,0.7–0.8,1,1.2,1.2-2.5,1.6,2-3,2.25-3.25,2.5–7.5,2.5–9,3-5,3-lobed,6-8,6–8,acute,attenuate,base,berry,bilobed,broadly,chartaceous,ciliate,cm,connivent,decumbent,depressed-globose,diameter,especially,extra-axillary,few-branched,flattened-reniform,flower,fruit,glabrous,hair,herb,lanceolate-oblong,light,long,midrib,mm,nearly,node,numerous,often,ovate,pale,prostrate,pubescent,rarely,recurved,ripe,rotate-stellate,simple,slightly,sometimes,somewhat,sparsely,unbranched,violet,white,x,yellow,yellow-orange,young	capitate,na,olong
370	wfo-0001030180	success	135	109	66	77	58	32	63	3	.1,.5,0.9-1.8,1-1.5,1.1-1.2,3-8,4.5-5,6,8-10,8.5-23,?,abruptly,anther,apex,appearing,attenuate,bark,base,berry,calyx,clavate,cm,corolla,dark,decurrent,dia,ellipsoid,erect,exserted,filament,fruit,fruiting,furcate,glabrate,glabrous,globose,green,height,immature,lateral,leaf,linear,lobed,long-acuminate,main,mm,narrowing,nearly,occasionally,opposite,ovary,pair,papillate,pedicel,petiole,puberulent,shaped,shrub,slightly,soon,sparsely,stem,stigma,straight,style,surface,tear-drop,terminal,trichome,tube,uniseriate,unknown,vein,white,winged,x,yellowish	.75,0.05-1,0.5-1,0.8-2,10-30-flowered,3-4,accrescent,anthesi,apart,apiculate,becoming,clu,deflexe,deltoid,eaf,edicel,eed,free,inflorescenc,interpetalar,known,lenticellat,lobe,lon,long,lower,middle,minute,minutely,nflorescence,older,overlapping,papillose,peduncl,planar,plurifoliat,pore,poricidal,portion,prominent,proximal,raised,rounded,ruit,scar,sinus,slender,spaced,thin,tip,ud,unevenly,unit,widely,widest,woody,ympodial,young	alternate,arrangement,branch,bud,characteristic,colour,corrugation,deflexed,diameter,drying,exertion,form,glabrousnes,growth,history,inflorescence,length,life,lobing,margin,na,new,number,peduncle,per,plant,primary,seed,shape,size,texture,type	.1,.5,0.9-1.8,1-1.5,1.1-1.2,3-8,4.5-5,6,8-10,8.5-23,?,abruptly,appearing,attenuate,base,berry,calyx,clavate,cm,dark,decurrent,dia,ellipsoid,erect,exserted,furcate,glabrate,glabrous,globose,green,immature,lateral,leaf,linear,lobed,long-acuminate,main,mm,narrowing,nearly,occasionally,opposite,pair,papillate,petiole,puberulent,shaped,shrub,slightly,soon,sparsely,straight,tear-drop,terminal,trichome,tube,uniseriate,unknown,vein,white,winged,x,yellowish	alternate,deflexed,na
371	wfo-0001030189	success	185	142	83	102	83	40	80	3	/3,0-1,0-30,0.2-0.3,0.2-0.5,0.5-1.6,0.9-1.1,1,1-1.5,1.1-2.7-4,1.3-4.2,1.5-4.5,1.5-5,1/3,2-3,2-5.5,2.5-4,3-4,3.2-4.5,4-5.5,5-10,5-6,abaxially,anther,apex,apparently,articulated,bark,base,berry,branched,calyx,chartaceous,cm,concolorous,cordate,densely,diameter,drying,dull,elliptic,entire,erect,evenly,filament,flattened-reniform,flower,fruit,fruiting,glabrescent,gray,green,lateral,leaf,length,lobe,long,lower,margin,maturity,mauve,midpoint,mm,moderately,oblong,obtuse,orange,ovate,pair,pedicel,peduncle,per,petiole,poricidal,primary,purple,ray,red,rounded,scandent,shrub,simple,sometimes,sparsely,spherical,stellate-pubescent,stem,style,surface,tapering,terete,terminal,tip,tube,unarmed,upper,vein,way,wide,yellow,yellow-green,young	.2,0-15,0.1,0.1-0.2,1-2,1-3-cellular,1-4-cellula,1-4-cellular,1.5-2,1/,1/6-1/3-1/2,2,4-13,5-8,5-8-10,5-merous,6-10,6-12,8-18,acut,alyx,apar,apically,appressed,blade,connivent,curved,deltate,eaf,eed,elongating,equal,faint,foliaceous,free,frui,glabrescen,glabrous,gland-tipped,infructescence,lobed,longer,mature,nflorescence,often,older,one,open,orolla,oung,perfec,pericarp,plurifoliat,porrect,portion,recurved,red-brow,reflexed,ruit,scar,sessile,shorter,slender,smooth,somewhat,spaced,spreading,stalk,stalked,stellate,strongly,tamen,tertiary,time,trichome,unarme,unit,variously,vary,venation,visible,woody,ympodial	1/4,appearance,arrangement,border,branch,bud,characteristic,colour,corolla,corrugation,distal,exertion,form,giving,glabrousnes,growth,height,history,inflorescence,interjected,leaflet,life,lobing,na,new,number,ovary,plant,prickle,pseudostipule,red-brown,seed,shape,size,stigma,texture,thicknes,type,variation,width	/3,0-1,0-30,0.2-0.3,0.2-0.5,0.5-1.6,0.9-1.1,1,1-1.5,1.1-2.7-4,1.3-4.2,1.5-4.5,1.5-5,1/3,2-3,2-5.5,2.5-4,3-4,3.2-4.5,4-5.5,5-10,5-6,abaxially,apparently,articulated,base,berry,branched,chartaceous,cm,concolorous,cordate,densely,diameter,drying,dull,elliptic,entire,erect,evenly,flattened-reniform,flower,glabrescent,gray,green,lateral,long,lower,maturity,mauve,mm,moderately,oblong,obtuse,orange,ovate,pair,per,poricidal,purple,red,rounded,scandent,shrub,simple,sometimes,sparsely,spherical,stellate-pubescent,tapering,terete,terminal,tip,unarmed,upper,way,wide,yellow,yellow-green,young	1/4,na,red-brown
372	wfo-0001030219	success	191	143	87	94	97	49	82	5	0.1–0.3,0.2–2.3,0.5,0.5–,0.7–1.1,1.0–1.2,1.0–2.2,1.5,1.6–,2.0–2.5,2.0–3.2,2.4–6.0,2–,2–3,3,4.5–5.5,4.8–11.5,4–5,4–7,60,6–8,9–10,abaxially,acute,adaxially,anther,anthesi,apex,base,black,blue,branched,brown,calyx,cm,decurrent,deeply,densely,diameter,elliptic,filament,flattened,flower,fruit,glabrescent,glabrous,globose,green,hair,incised,indistinct,lanceolate,leaf,lilac,lobe,long,margin,marking,mm,moderately,multicellular,number,oblong,olive,ovate,pair,pale,paler,pedicel,peduncle,perennial,petiole,pitted,pubescent,purple,regularly,shallowly,shrub,simple,size,spaced,sparsely,stigma,style,surface,time,tube,unicellular,uniseriate,velutinous,winged,woody,x,–9.5	0.4–1.0,0.8–3.0,0–,1.0–1.5,1.0–2.0,1.3–2.9,1.4–2.8,10,15,1–2.5,2.0–5.5,2–2.5,2–4.5,5,5–,5–8,6–,6–10,7–11,8–18,9–12,abaxiall,acut,adaxiall,adnate,ag,along,anisophyllous,apart,apical,apparently,appearing,arising,arranged,articulated,axe,ba,basal,blade,bract–like,cell,chartaceous,clavat,concave,connivent,convex,cylindrical,decreasing,diamete,difoliate,directed,distally,eaf,eed,equal,erect,geminat,internode,longitudinal,lower,nflorescence,opening,opposed,oppositely,orolla,pentagonal,perfect,pore,present,procumbent,rapidly,red–purple,rounded,ruit,serrate,sessile,sid,side,smaller,split,stone,straight,stripe,strongly,tal,tamen,tem,two,unit,vary,white,wide,wing,yellow,ympodial,–3.0,–7.0	.5,appearance,arrangement,border,branch,bud,characteristic,clavate,colour,corolla,distal,drying,exertion,form,fruiting,giving,glabrousnes,growth,height,history,inflorescence,interjected,lateral,leaflet,length,life,lobing,mentioned,midpoint,na,new,opposite,ovary,per,plant,prickle,primary,pseudostipule,ray,seed,shape,stem,terminal,texture,thicknes,type,variation,vein,width	0.1–0.3,0.2–2.3,0.5,0.5–,0.7–1.1,1.0–1.2,1.0–2.2,1.5,1.6–,2.0–2.5,2.0–3.2,2.4–6.0,2–,2–3,3,4.5–5.5,4.8–11.5,4–5,4–7,60,6–8,9–10,abaxially,acute,adaxially,anthesi,base,black,blue,branched,brown,cm,decurrent,deeply,densely,diameter,elliptic,flattened,flower,fruit,glabrescent,glabrous,globose,green,hair,incised,indistinct,lanceolate,leaf,lilac,lobe,long,marking,mm,moderately,multicellular,number,oblong,olive,ovate,pair,pale,paler,perennial,petiole,pitted,pubescent,purple,regularly,shallowly,shrub,simple,spaced,sparsely,time,unicellular,uniseriate,velutinous,winged,woody,x,–9.5	.5,clavate,mentioned,na,opposite
373	wfo-0001030225	success	151	123	61	72	79	51	60	1	.5-2.5,1,1-4,1-6,10-15-30,10-30,2-18,2-3,2-6,3-11-compound,3-20,3-5,4-5,8-15,abaxially,acuminate,acute,adaxially,apex,apical,basal,base,bilobed,calyx,cm,conivent,cordate,cuneate,densely,diameter,elliptic-ovate,entire,expanded,flower,forked,fruit,glabrous,gland,globose,leaf,leaflet,less,lobe,long,margin,mm,moderately,narrowly,oblong,obtuse,pedicel,peduncle,petiole,pinnately,possibly,puberulent,purple,shallowly,shrub,simple,small,sparsely,stigma,style,succulent,tree,triangular,truncate,tube,two,unbranched,x	-1.5,-11,.5,0-20,0-45,0-5,1.5,1.5-2.5-7,2,2-2.5-4,3-4,3-foliat,absent,apart,ape,apically,articulated,ature,axe,beyond,blade,campanulate,color,compound,connective,coriaceous,cylindrical,deltate,dilated,directed,distally,eaf,eed,equal,especially,exceeding,exserted,fleshy,glabrate,immature,laterally,leaving,lower,minutely,nflorescence,nther,one,orolla,papillose,perfect,pore,prominent,puberulen,rachi,radiu,scar,see,seen,slightly,somewhat,spaced,stalked,stamen,stellate,strongly,tal,tem,thecae,time,tip,tomento,toward,ud,unit,unknow,unknown,vary,wide,ympodial	anther,appearance,arrangement,bark,border,branch,bud,characteristic,colour,corolla,corrugation,distal,drying,exertion,filament,form,fruiting,giving,glabrousnes,growth,height,history,inflorescence,interjected,lateral,length,life,lobing,midpoint,na,new,number,ovary,per,plant,prickle,primary,pseudostipule,ray,seed,shape,size,stem,surface,terminal,texture,thicknes,type,variation,vein,width	.5-2.5,1,1-4,1-6,10-15-30,10-30,2-18,2-3,2-6,3-11-compound,3-20,3-5,4-5,8-15,abaxially,acuminate,acute,adaxially,apex,apical,basal,bilobed,cm,conivent,cordate,cuneate,densely,diameter,elliptic-ovate,entire,expanded,flower,forked,glabrous,gland,globose,less,lobe,long,mm,moderately,narrowly,oblong,obtuse,pinnately,possibly,puberulent,purple,shallowly,shrub,simple,small,sparsely,succulent,tree,triangular,truncate,two,unbranched,x	na
374	wfo-0001030250	success	169	143	85	96	73	47	79	6	/4,0.5-1,1-1.5,1-3,1.1-1.2,1.4-1.5,1.7-7,1.9-2.6,11.2-22,11.3,2-2.5,2.5-3.25,25,3-5,3.4-6.6,3.5-4,4-7,5-6,6-8,anther,apex,attenuate,bark,base,berry,brown,bullate,calyx,capitate,cm,conical,corolla,cuneate,curved,dark,decurrent,dia,dry,elliptic-ovate,exerted,filament,fruiting,glabrous,globose,green,greenish-white,greenish-yellow,horizontally,inflorescence,lateral,leaf,lobe,lobed,long-acuminate,main,minutely,mm,node,ovary,ovoid-reniform,pair,pale,paler,papillose,pedicel,petiole,pitted,sea-green,seed,shape,shaped,shrub,simple,size,slender,slightly,smooth,soon,specimen,spreading,stem,stigma,straight,style,surface,tan,tapering,tear-drop,translucent-green,tube,vein,way,white-lenticellate,wide,winged,x	.5,0-seeded,1.1-3.5,1.25-1.5,2.1-6,5-50-flowered,across,anthesi,apart,appearing,arching,beginning,beneath,broadly,carinate-hooded,consisting,cup-shaped,deflexed,differing,difoliate,eaf,edicel,eed,elliptic,five,free,fresh,geminat,glabrou,inflorescenc,irregularly,lon,long,lower,major,maturity,middle,minor,n,nflorescence,occasionally,older,one,opposite,orbicular,orbiculate,papillo,pendulous,pit,pore,poricidal,portion,projection,prominent,proximal,raised,reflexed,rim,ruit,scar,shallow,spaced,tall,tip,translucent,two,ud,unit,usually,white-lenticellat,widest,woody,ympodial	0.5,50,alternate,appearance,arrangement,border,branch,bud,characteristic,colour,corrugation,decurren,diameter,distal,drying,exertion,form,fruit,giving,glabrousnes,growth,height,history,interjected,leaflet,length,life,lobing,margin,midpoint,na,new,number,peduncle,per,perennial,plant,prickle,primary,pseudostipule,ray,terminal,texture,thicknes,type,variation,width	/4,0.5-1,1-1.5,1-3,1.1-1.2,1.4-1.5,1.7-7,1.9-2.6,11.2-22,11.3,2-2.5,2.5-3.25,25,3-5,3.4-6.6,3.5-4,4-7,5-6,6-8,attenuate,base,berry,brown,bullate,calyx,capitate,cm,conical,cuneate,curved,dark,decurrent,dia,dry,elliptic-ovate,exerted,glabrous,globose,green,greenish-white,greenish-yellow,horizontally,lateral,leaf,lobe,lobed,long-acuminate,main,minutely,mm,node,ovoid-reniform,pair,pale,paler,papillose,pitted,sea-green,shaped,shrub,simple,slender,slightly,smooth,soon,specimen,spreading,straight,tan,tapering,tear-drop,translucent-green,tube,vein,way,white-lenticellate,wide,winged,x	0.5,50,alternate,decurren,na,perennial
375	wfo-0001030271	success	195	142	82	99	96	43	79	3	0-2,0.15-0.75,0.5-1.2,0.7-9.5,0.9-2.5,0.9-3.6,1-2,1-2.5,1.4-2.1,1.9-6.6,15-61,2-2.7,2-6,2.4-5.6,3-10,3.4-7.5,4-7,5.6-12.3,abaxially,acute,adaxially,anther,apex,articulated,attenuate,axillary,base,berry,blue,brownish,bud,clavate,cm,coloration,completely,condition,coriaceous,corolla,dark,deep,diameter,distal,drying,elliptic,erect,filament,forked,fresh,fruit,generally,glabrous,green,green-white,greenish,half,herb,interjected,lanceolate,lateral,leaf,leaflet,light,lilac,lobe,long,medium,mm,mottled,mucilaginous,odd-pinnate,ovate,ovoid,pedicel,peduncle,petiole,petiolulate,plant,purple,ripe,rounded,seed,size,slightly,spot,stigma,style,subtending,terminal,throughout,tube,typically,unwinged,usually,vein,wet,white,whitish,wide,x	1-3,1-4,1-6,1-7,2-3,2-4,3-5,4-22,5-8,5-merou,6-15,acumen,adaxiall,ag,along,alyx,apart,apparently,arranged,asymmetric,axe,basiscopic,bead,blade,capitat,cell,connivent,considerably,covering,decreasing,digestion,dorsally,eaf,edge,eed,enzyme,exceeding,flat,flower,folded,geminat,glabrou,habi,hair-like,homostylous,honeycomb-shaped,larger,lengthening,like,linear,living,lower,make,middl,moniliform,multiple,necklace,nflorescence,orbicular,orolla,pair,pentagonal,perfect,plurifoliate,pore,poricidal,removed,rosette,rotate,ruit,sessile,seudostipule,side,slit,sometimes,spaced,specimen,stamen,stolon,straight,symmetric,tall,tamen,tem,testal,thick,tip,tissue,toward,tri-,tuber,unit,vary,wall,yellow,ympodial	appearance,arrangement,bark,border,branch,calyx,capitate,cayx,characteristic,colour,corrugation,exertion,form,fruiting,giving,glabrousnes,growth,height,history,inflorescence,length,life,lobing,margin,middle,midpoint,na,new,number,ovary,per,prickle,primary,pseudostipule,ray,shape,stem,surface,texture,thicknes,type,variation,width	0-2,0.15-0.75,0.5-1.2,0.7-9.5,0.9-2.5,0.9-3.6,1-2,1-2.5,1.4-2.1,1.9-6.6,15-61,2-2.7,2-6,2.4-5.6,3-10,3.4-7.5,4-7,5.6-12.3,abaxially,acute,adaxially,articulated,attenuate,axillary,berry,blue,brownish,bud,clavate,cm,coloration,completely,condition,coriaceous,dark,deep,distal,drying,elliptic,erect,forked,fresh,generally,glabrous,green,green-white,greenish,half,herb,lanceolate,light,lilac,long,medium,mm,mottled,mucilaginous,odd-pinnate,ovate,ovoid,petiolulate,plant,purple,ripe,rounded,slightly,spot,subtending,terminal,throughout,typically,unwinged,usually,vein,wet,white,whitish,wide,x	capitate,middle,na
376	wfo-0001030272	success	179	157	102	117	62	40	99	3	-6,.3,.5,/4,0-20,0.05-0.1,0.5-1,0.5-1.5,0.5-2,0.6-0.9,0.65-1,0.7-2.5,0.8-1.5,1,1-1.5,1-2.8,1.2-1.8,1.5-2.5,10-20,2-6.5,2.5-3,2.5-3.5,2.8-3.5,3.5-5,4-6,4-8,abaxially,acute,almost,anther,apex,apically,apparently,articulated,bark,base,berry,bright,calyx,cm,concolorous,deltate,densely,diameter,drying,elliptic,entire,erect,evenly,filament,flattened-reniform,flower,fruit,fruiting,glabrescent,glabrous,gland,green,lateral,leaf,length,less,lobe,long,long-attenuate,margin,maturity,mauve,membranous,midpoint,mm,moderately,multangulate,near,obtuse,one,open,orange-brown,pair,pedicel,peduncle,per,petiole,poricidal,primary,ray,red,red-brown,reduced,rounded,sessile,shallowly,shrub,simple,slender,sometimes,sparsely,spherical,stellate-pubescent,stem,straight,style,surface,tapering,terete,terminal,time,tip,trichome,tube,unarmed,unbranched,undulate,vein,way,wide,young	0.05-1.5,1.5-3,1/3,1/3-2/3,2-2.5,3-8,4-10,4-15,5-7,5-merous,acut,alyx,ame,apar,ba,blade,c.,connivent,difoliate,eaf,eed,elongating,equal,free,geminat,glabrescen,glandular,gra,hair,infructescence,lobed,longer,lower,mature,minute,narrow-deltate,nflorescence,older,orolla,oung,perfec,pericarp,porrect,portion,reflexe,ruit,scar,shorte,smooth,spaced,spreading,stellate,tamen,tertiary,unarme,unit,upper,vary,venation,visible,woody,ympodial	appearance,arrangement,border,branch,bud,characteristic,colour,corolla,corrugation,distal,exertion,form,giving,glabrousnes,gray,growth,height,history,inflorescence,interjected,leaflet,life,lobing,na,new,number,ovary,perennial,plant,prickle,pseudostipule,seed,shape,size,stigma,texture,thicknes,type,variation,width	-6,.3,.5,/4,0-20,0.05-0.1,0.5-1,0.5-1.5,0.5-2,0.6-0.9,0.65-1,0.7-2.5,0.8-1.5,1,1-1.5,1-2.8,1.2-1.8,1.5-2.5,10-20,2-6.5,2.5-3,2.5-3.5,2.8-3.5,3.5-5,4-6,4-8,abaxially,acute,almost,apically,apparently,articulated,base,berry,bright,cm,concolorous,deltate,densely,diameter,drying,elliptic,entire,erect,evenly,flattened-reniform,flower,glabrescent,glabrous,gland,green,lateral,less,lobe,long,long-attenuate,maturity,mauve,membranous,midpoint,mm,moderately,multangulate,near,obtuse,one,open,orange-brown,pair,per,poricidal,ray,red,red-brown,reduced,rounded,sessile,shallowly,shrub,simple,slender,sometimes,sparsely,spherical,stellate-pubescent,straight,surface,tapering,terete,terminal,time,tip,trichome,unarmed,unbranched,undulate,way,wide,young	gray,na,perennial
377	wfo-0001030287	success	148	129	65	75	73	54	61	4	-40,0-15,0.5-1,1-2,1-2.5,1-4,1-5.5,1.5-10,1.5-2.5,2,2-10,2-12,2-3-9-11,2.5-4,4-5,4.5-6,5-10,acute,apex,base,bluish,branched,calyx,chartaceous,cm,compound,deltate,dendritically,densely,diameter,eglandular,ellipsoidal,elliptic-ovate,entire,flattened,flower,forked,glabrous,gland,hair,herb,lanceolate,lateral,leaf,leaflet,lilac,lobe,long-stalked,margin,mm,moderately,narrowly,oblong,ovoid,pedicel,peduncle,petiole,pinnately,pubescent,purple,rugulose,scattered,shrub,simple,stigma,strongly,style,subcordate,subcoriaceous,tip,truncate,tube,unbranched,unknown,x	-foliat,-many,.5-2.5,1,1-10,1-15,1-3,1966,2-5,3,4-6,8-13,?,abaxially,adaxiall,adaxially,aggregate,apart,articulated,axe,basiscopically,blade,cell,color,connivent,cylindrical,decurrent,dendritic,dendritic-pubescen,directed,distall,down,eaf,eed,fide,glandular,leaving,lon,long,lower,membranaceous,nflorescence,nther,obtuse,often,orolla,pedicellar,pore,presen,puberulent,rachi,radiu,ruit,scar,slightly,smith,spaced,sparsely,sparser,stalked,stellate,stone,subcapitat,tal,tem,time,triangular,unit,upper,vary,wide,yellow,ympodial	anther,appearance,arrangement,bark,border,branch,bud,characteristic,colour,corolla,corrugation,dendritic-pubescent,distal,drying,exertion,filament,form,fruit,fruiting,giving,glabrousnes,green,growth,height,history,inflorescence,interjected,length,life,lobing,midpoint,na,new,number,ovary,per,plant,prickle,primary,pseudostipule,ray,seed,shape,size,stem,subcapitate,surface,terminal,texture,thicknes,type,variation,vein,width	-40,0-15,0.5-1,1-2,1-2.5,1-4,1-5.5,1.5-10,1.5-2.5,2,2-10,2-12,2-3-9-11,2.5-4,4-5,4.5-6,5-10,acute,base,bluish,branched,chartaceous,cm,compound,deltate,dendritically,densely,eglandular,ellipsoidal,elliptic-ovate,entire,flattened,flower,forked,glabrous,gland,hair,herb,lanceolate,lilac,long-stalked,mm,moderately,narrowly,oblong,ovoid,pinnately,pubescent,purple,rugulose,scattered,shrub,simple,strongly,subcordate,subcoriaceous,tip,truncate,unbranched,unknown,x	dendritic-pubescent,green,na,subcapitate
378	wfo-0001030300	success	232	169	112	131	101	38	107	5	-7,0.2-0.5,0.4-0.5,0.4-4.5,0.5,0.5-0.6,0.5-1,0.5-4,0.5-5,0.6-0.8-1,0.7-1.2,0.7-1.5,0.8-3,0.8-4,0.9-1,1,1-1.3,1-2,1-4,1.4-2.4,2-2.1,2-2.5,2-foliate,2-locular,3/4,4-11,absent,adaxially,almost,anther,anthesi,apex,appearance,appendage,articulated,basal,base,bifid,brittle,broadly,brown,calyx,capitate,cell,cm,cordate,corolla,crenate,curved,deltate,densely,diameter,distal,ellipsoidal,elliptical,elongate,entire,filament,finely,fruit,fruiting,glabrous,globose,glutinous-viscose,golden,green,hair-like,halfway,herb,imparipinnate,inflorescence,interjected,interrupted,introrse,irregularly,large,lateral,leaflet,less,like,lobe,long,margin,minute,mm,obovate,occasionally,once-branched,orbicular,outgrowth,ovary,pale,pedicel,peduncle,pentagonal,perennial,petiole,plant,population,pore,primary,pseudostipule,pubescent,rounded,silky,simple,slightly,sparsely,spathulate,spreading,stem,stigma,strongly,style,surface,terminal,testa,thick,triangular,tube,unit,united,usually,vein,wall,wide,woody,yellow,yellowish,yellowish-green,zygomorphic	.5,0.1,0.1-0.15,0.15-1,0.2,0.2-1.5,0.4-1.5,0.5-0.6-0.9,0.6-0.7-1,0.7-0.8,0.8-1,1-2-celled,1-6,1-celled,1.2-2.2-7.5,1.5-2.5,1.5-3.5-13,2-3,2-4,4-celled,6-15,6-8-celled,9-12,abaxially,abundant,acute,adaxial,although,always,apical,articulation,ba,bent,beyond,bract,bracteate,coherent,column,crenat,developed,diamete,eaf,edicel,eed,eglandular,even,exserted,face,flower,frequently,give,glandular,gree,head,internode,lamina,larger,leave,lon,longer,markedly,midvein,moderately,multicellular,narrowly,nflorescence,node,oblique,pair,papillae,partially,petal,petiolule,pith,present,pubescence,reflexed,rest,ruit,secondary,spreadin,staminal,sterile,straight,tall,tem,tertiary,tip,trichome,two,ud,underlying,unicellular,uniseriate,upper,velvety,weak,well,wider,winged,ympodial	1.2-7.5,1.5-13,arrangement,bark,border,branch,bud,characteristic,colour,corrugation,drying,exertion,form,giving,glabrousnes,growth,height,history,leaf,length,life,lobing,midpoint,na,new,number,per,prickle,ray,seed,shape,size,sympodial,texture,thicknes,type,variation,width	-7,0.2-0.5,0.4-0.5,0.4-4.5,0.5,0.5-0.6,0.5-1,0.5-4,0.5-5,0.6-0.8-1,0.7-1.2,0.7-1.5,0.8-3,0.8-4,0.9-1,1,1-1.3,1-2,1-4,1.4-2.4,2-2.1,2-2.5,2-foliate,2-locular,3/4,4-11,absent,adaxially,almost,anthesi,appendage,articulated,basal,base,bifid,brittle,broadly,brown,calyx,capitate,cell,cm,cordate,crenate,curved,deltate,densely,diameter,distal,ellipsoidal,elliptical,elongate,entire,finely,glabrous,globose,glutinous-viscose,golden,green,hair-like,halfway,herb,imparipinnate,interrupted,introrse,irregularly,large,lateral,less,like,long,minute,mm,obovate,occasionally,once-branched,orbicular,outgrowth,pale,pentagonal,perennial,population,pore,pubescent,rounded,silky,simple,slightly,sparsely,spathulate,spreading,stem,strongly,testa,thick,triangular,tube,unit,united,usually,wall,wide,woody,yellow,yellowish,yellowish-green,zygomorphic	1.2-7.5,1.5-13,leaf,na,sympodial
379	wfo-0001030311	success	182	131	67	70	112	61	47	20	.2,5-pinnate,acuminate,acute,anther,apex,appearance,base,berry,brown,calyx,chartaceous,clavate,cm,cordate,deltoid,densely,diameter,distal,entire,extra-axillary,filament,flattened,flower,fruit,fruiting,giving,glabrous,granular,green,half,herbaceous,lanceolate,lateral,leaflet,lenticular,lobe,lower,margin,membranaceous,minutely,mm,oblique,obtuse,orangish,ovoid-rhomboid,papillose,pedicel,peduncle,petiole,pubescent,purplish,rounded,sand-punctate,slender,slightly,sparsely,stem,stigma,style,surface,tan,thickened,tip,tube,unbranched,vein,vine,white,x	.5,.5–1.8,0.1,0.1–0.2,0.3–1.5,0.4–2,0.5–0.8,0.5–1,0.5–2,0.5–2.5,0.6–1,0.6–2.4,0.8–1.2,0.8–4,0.8–4.5,1.2–7,1.5–2,1.5–3,1.5–5.5,1.5–6,1.5–8,1.8–2,15–22,1–1.2,1–1.5,1–2,1–2.5,1–3,2.2–2.5,2.2–3,2.5–9,2–10,2–2.5,2–6,3–5,3–7,5–10,<,abaxially,accrescent,adaxial,adaxially,along,alyx,apar,apical,axe,basal,blade,c.,capitat,ciliat,ciliate,color,cuneate,dense,eaf,eed,elliptical,especially,falcate,fallen,glabrou,groov,groove,ground,hair,like,log,lon,long,m.,membranous,midvein,nflorescence,nternode,obovate,occasionally,orolla,pair,petiolulate,petiolule,plurifoliat,present,proximal,pubescence,rachi,rhomboid,ruit,scattered,sessile,short,shortly,side,smaller,spaced,stellate,strongly,tamen,tem,terrestrial,thick,thinner,trailing,trichome,unit,upper,vary,wide,wide-diameter,widely,ympodial	0.5,0.6-1,0.8-1.2,1-1.5,1-2.5,1-3,1.2-7,1.5-5.5,1.5-8,1.8-2,15-22,2-2.5,2-6,2.2-2.5,2.2-3,2.5-9,3-5,5-10,arrangement,bark,border,branch,bud,capitate,characteristic,colour,corolla,corrugation,drying,exertion,form,glabrousnes,growth,height,history,inflorescence,interjected,leaf,length,life,lobing,midpoint,na,new,number,ovary,per,plant,prickle,primary,pseudostipule,ray,seed,shape,size,terminal,texture,thicknes,type,variation,width	.2,5-pinnate,acuminate,acute,berry,brown,chartaceous,clavate,cm,cordate,deltoid,densely,entire,extra-axillary,flattened,flower,fruit,glabrous,granular,green,half,herbaceous,lanceolate,lenticular,lower,membranaceous,minutely,mm,oblique,obtuse,orangish,ovoid-rhomboid,papillose,pubescent,purplish,rounded,sand-punctate,slender,slightly,sparsely,tan,thickened,tip,unbranched,vine,white,x	0.5,0.6-1,0.8-1.2,1-1.5,1-2.5,1-3,1.2-7,1.5-5.5,1.5-8,1.8-2,15-22,2-2.5,2-6,2.2-2.5,2.2-3,2.5-9,3-5,5-10,capitate,na
380	wfo-0001030311	success	201	138	77	94	107	44	73	4	.2,.5,0.4-2,0.6-1,0.6-2.4,0.8-1.2,0.8-4,0.8-4.5,1-1.5,1-2.5,1-3,1.2-7,1.5-2,1.5-5.5,1.5-8,1.8-2,15-22,2-2.5,2-6,2.2-2.5,2.2-3,3-5,5-10,5-pinnate,abaxially,absent,acuminate,acute,adaxial,adaxially,anther,apex,appearance,basally,base,brown,chartaceous,cm,cordate,deltoid,densely,diameter,distal,entire,especially,filament,flattened,flower,fruit,giving,glabrous,granular,green,groove,half,herb,interjected,lateral,leaflet,lenticular,lobe,long,lower,margin,membranaceous,minutely,mm,oblique,oblong,obtuse,orangish,ovoid-rhomboid,papillose,pedicel,peduncle,petiole,pubescent,purplish,rounded,slender,slightly,sparsely,stem,stigma,style,surface,tan,thickened,tip,tube,unbranched,vein,white,x	.5-1.8,0-2.5,0.1,0.5-0.8,0.5-1,0.5-2,1-1.2,1.5-3,1.5-6,2-10,2224,3-7,5-merou,8031,<,absen,accrescent,ag,aggregate,along,alyx,apart,apical,apparently,articulated,axe,ba,basal,blade,capitat,cell,ciliat,ciliate,clavate,color,connivent,cuneate,dense,dig,directed,distally,eaf,eed,elliptical,equal,falcate,fallen,formation,g,geminat,gh,groov,ground,hair,large,like,log,lon,longitudinal,m.,midvein,nflorescence,node,obovate,occasionally,opening,orolla,pair,perfect,petiolulate,petiolule,pittier,plurifoliate,pore,present,proximal,rachi,rhomboid,rooting,ruit,scattered,sessile,short,shortly,side,simple,sinple,slit,smaller,spaced,stellate,stone,strongly,tamayo,tamen,tem,thick,thinner,trailing,uniseriate,unit,upper,vary,wide,widely,yellow,ympodial	0.5,arrangement,border,bud,calyx,capitate,characteristic,colour,corolla,corrugation,drying,exertion,form,fruiting,glabrousnes,growth,height,history,inflorescence,leaf,length,life,lobing,midpoint,na,new,number,ovary,per,perennial,plant,prickle,primary,pseudostipule,ray,seed,shape,size,terminal,texture,thicknes,type,variation,width	.2,.5,0.4-2,0.6-1,0.6-2.4,0.8-1.2,0.8-4,0.8-4.5,1-1.5,1-2.5,1-3,1.2-7,1.5-2,1.5-5.5,1.5-8,1.8-2,15-22,2-2.5,2-6,2.2-2.5,2.2-3,3-5,5-10,5-pinnate,abaxially,absent,acuminate,acute,adaxial,adaxially,basally,brown,chartaceous,cm,cordate,deltoid,densely,entire,especially,flattened,flower,fruit,glabrous,granular,green,groove,half,herb,lenticular,long,lower,membranaceous,minutely,mm,oblique,oblong,obtuse,orangish,ovoid-rhomboid,papillose,pubescent,purplish,rounded,slender,slightly,sparsely,tan,thickened,tip,unbranched,vein,white,x	0.5,capitate,na,perennial
381	wfo-0001030335	success	153	141	102	108	45	33	98	4	.25,.75,0-5,0.05-0.2,0.1-0.5,0.25-0.5,0.5-1,0.7-1,1-1.5,1-2,1-3-flowered,1.1-1.4,1.1.5,2-2.2,2-4.5,2-5,2.5-3,3/4,5-6,5-7,7-13,acuminate,acute,along,anther,apex,bark,base,beneath,berry,bi-lobed,branch,bud,calyx,cm,conical,corolla,dark,deciduous,decurrent,densely,dia,dry,elliptic,erect,exserted,filament,filiform,flattened,fruiting,gently,giving,glabrous,globose,green,greyish-red,horizontally,lateral,leaf,lightly,like,long,main,material,minute,minutely,mm,narrowly,obovoid,often,older,onto,opposite,ovary,ovoid-reniform,pair,pale,papillose,pedicel,petiole,pitted,puberulent,pubescent,ripe,shaped,shrub,simple,soon,spreading,stem,stigma,straight,style,surface,tan,tapering,tear-drop,trichome,tube,uniseriate,vein,way,white,winged,x,yellow,yellowish-green,young	.1,.5,2-2.5,anthesi,aspec,ba,deflexed,deltoid,eaf,edicel,eed,except,expanded,free,geminate,lamina,lenticellate,lobe,lobed,lon,lower,middle,nflorescence,occasionally,papillo,pore,poricidal,portion,prominent,puberulen,raised,reflexed,ruit,slightly,sparsely,strongly,tall,tip,ud,underside,unifoliat,unit,widest,woody,ympodial	arrangement,aspect,characteristic,colour,corrugation,diameter,drying,exertion,form,fruit,glabrousnes,growth,height,history,inflorescence,length,life,lobing,margin,na,new,number,peduncle,per,perennial,plant,primary,seed,shape,size,texture,type,unifoliate	.25,.75,0-5,0.05-0.2,0.1-0.5,0.25-0.5,0.5-1,0.7-1,1-1.5,1-2,1-3-flowered,1.1-1.4,1.1.5,2-2.2,2-4.5,2-5,2.5-3,3/4,5-6,5-7,7-13,acuminate,acute,along,apex,base,beneath,berry,bi-lobed,bud,calyx,cm,conical,corolla,dark,deciduous,decurrent,densely,dia,dry,elliptic,erect,exserted,filiform,flattened,gently,giving,glabrous,globose,green,greyish-red,horizontally,lateral,leaf,lightly,like,long,main,material,minute,minutely,mm,narrowly,obovoid,often,older,onto,opposite,ovoid-reniform,pair,pale,papillose,petiole,pitted,puberulent,pubescent,ripe,shaped,shrub,simple,soon,spreading,stem,straight,tan,tapering,tear-drop,trichome,tube,uniseriate,vein,way,white,winged,x,yellow,yellowish-green,young	aspect,na,perennial,unifoliate
382	wfo-0001030336	success	262	227	183	196	66	31	179	4	-1.5,-10,.5,0-2-9,0.1-0.5,0.1-0.7,0.1-1,0.15-0.2,0.15-0.9,0.2-1,0.2-1.5-2,0.3-1.1,0.5,0.5-0.7,0.5-1.5,0.6-1.5,0.8-1.3,0.8-3,1,1-1.5,1-3,1-celled,1.0-1.4,1.5-2,1.5-3.5,1.5-4-10,1.5-5,1.6-7,1.7-2.3,1.8-3.0,1/4-1/3,10,2-foliate,2/3,4,4-10-19,4-8-16,4-celled,6,8-20,8-celled,acute,adpressed,almost,amongst,anther,anthesi,apex,appearance,articulated,basal,base,basiscopically,bent,bifurcate,bluntly,bract,bracteate,branch,bright,brown,calyx,capitate,cell,cm,coat,conical,cordate,corolla,crenate,curved,dark,darker,decurrent,deeply,densely,diameter,distal,divided,eglandular,elliptic,elongate,entire,essentially,exserted,extremely,filament,first,flower,flushed,fruit,fruiting,giving,glandular,globose,grayish,green,greenish,hair-like,half,halfway,head,herb,imparipinnate,inflorescence,interjected,internode,interrupted,lanceolate,large,largest,lateral,leaf,leaflet,less,like,lobe,lobed,long,longer,margin,markedly,midvein,minute,minutely,mixed,mm,mostly,node,oblique,obovate,occasionally,once-branched,orbicular,outgrowth,ovary,pale,part,pedicel,peduncle,perennial,petiole,petiolule,population,present,primary,proximal,pseudostipule,puberulent,pubescent,purple,rachi,range,rest,rotate,rounded,scattered,sessile,shaggy,shorter,silky,simple,slightly,sometimes,southern,sparse,stellate,stem,stigma,strongly,style,surface,surrounding,ten,terminal,testa,thick,tip,trichome,truncate,tube,two,unicellular,uniformly,uniseriate,unit,upper,usually,velvety,wall,way,white,wide,woody,yellow,young	0.1-0.3,0.2,0.2-0.25,0.2-0.8,0.3-0.4,0.5-1,0.6-0.8,0.8-0.9,0.8-1.2,1-1.4,2-4,2-locular,3-5,absent,apical,appearing,appendage,articulation,berry,clavat,column,completely,developed,diamete,eaf,edicel,eed,entir,erect,glandula,investing,larger,leave,lon,loosely,lower,maturity,mere,middl,narrowing,narrowly,nflorescence,often,pair,papillate,reflexed,ruit,secondary,shrub,sinus,small,soft,spreadin,spreading,staminal,sterile,straight,stripe,tall,tem,tertiary,ud,united,weak-walled,winged,ympodial	arrangement,bark,bud,characteristic,clavate,colour,corrugation,drying,exertion,form,glabrousnes,growth,height,history,length,life,lobing,middle,na,new,plant,seed,shape,size,sympodial,texture,thicknes,type,variation,vein,width	-1.5,-10,.5,0-2-9,0.1-0.5,0.1-0.7,0.1-1,0.15-0.2,0.15-0.9,0.2-1,0.2-1.5-2,0.3-1.1,0.5,0.5-0.7,0.5-1.5,0.6-1.5,0.8-1.3,0.8-3,1,1-1.5,1-3,1-celled,1.0-1.4,1.5-2,1.5-3.5,1.5-4-10,1.5-5,1.6-7,1.7-2.3,1.8-3.0,1/4-1/3,10,2-foliate,2/3,4,4-10-19,4-8-16,4-celled,6,8-20,8-celled,acute,adpressed,almost,amongst,anthesi,apex,appearance,articulated,basal,base,basiscopically,bent,bifurcate,bluntly,bract,bracteate,branch,bright,brown,calyx,capitate,cell,cm,coat,conical,cordate,crenate,curved,dark,darker,decurrent,deeply,densely,diameter,divided,eglandular,elliptic,elongate,entire,essentially,exserted,extremely,first,flower,flushed,giving,glandular,globose,grayish,green,greenish,hair-like,half,halfway,head,herb,imparipinnate,inflorescence,internode,interrupted,lanceolate,large,largest,lateral,leaf,leaflet,less,like,lobe,lobed,long,longer,markedly,midvein,minute,minutely,mixed,mm,mostly,node,oblique,obovate,occasionally,once-branched,orbicular,outgrowth,pale,part,pedicel,perennial,petiolule,population,present,proximal,puberulent,pubescent,purple,rachi,range,rest,rotate,rounded,scattered,sessile,shaggy,shorter,silky,simple,slightly,sometimes,southern,sparse,stellate,stem,strongly,surface,surrounding,ten,testa,thick,tip,trichome,truncate,two,unicellular,uniformly,uniseriate,unit,upper,usually,velvety,wall,way,white,wide,woody,yellow,young	clavate,middle,na,sympodial
383	wfo-0001030342	success	155	103	61	73	82	30	57	4	.2,0.8–1.5,1.2–3,1.5,1.5–13,1.5–5,1.5–7.5,10–25,1–1.5,1–2.5,1–7,2–2.5,2–4,3-pinnate,4–5,6–7,acuminate,anther,apex,base,berry,brown,calyx,chartaceous,cm,cordate,cuneate,cylindrical,deltoid,diameter,elliptical,entire,extra-axillary,filament,flattened,fruit,glabrous,greenish,herbaceous,leaf,lenticular,light,margin,membranous,mm,mottled,oblique,obtuse,often,ovoid-rhomboid,pedicel,peduncle,petiole,pointed,pubescent,rarely,rounded,sand-punctate,slender,smooth,stem,stigma,style,surface,truncate,tube,unbranched,undulate,vein,vine,white,x,yellowish	.5,0.1–0.2,0.3–1.2,0.5–1,0.5–3,0.5–5,0.8–4,1-5,1-6.5,1.5–2,1–1.2,1–3,1–5.5,1–6,2–,3,3–12,4–8,5-merous,abaxially,abundant,accrescent,acute,adaxially,along,alyx,apar,apical,apiculate,axe,blade,broadly,c.,capitat,ciliat,dense,eaf,eed,flower,fruiting,glabrou,lanceolate,lateral,leaflet,like,lobe,lon,long,lower,m.,minutely,nflorescence,nternode,orolla,perfec,petiolule,plurifoliat,proximal,pubescen,rachi,revolute,rhomboid,ruit,scattered,side,slightly,spaced,sparsely,stellate,tamen,tem,terrestria,tip,trichome,truncate-acuminat,unit,vary,wide,wide-diameter,widely,ympodial,–7	arrangement,bud,capitate,characteristic,colour,corolla,corrugation,drying,exertion,form,glabrousnes,growth,height,history,inflorescence,length,life,lobing,na,new,ovary,plant,primary,seed,shape,size,sparingly,terrestrial,texture,type	.2,0.8–1.5,1.2–3,1.5,1.5–13,1.5–5,1.5–7.5,10–25,1–1.5,1–2.5,1–7,2–2.5,2–4,3-pinnate,4–5,6–7,acuminate,apex,berry,brown,chartaceous,cm,cordate,cuneate,cylindrical,deltoid,diameter,elliptical,entire,extra-axillary,flattened,glabrous,greenish,herbaceous,lenticular,light,membranous,mm,mottled,oblique,obtuse,often,ovoid-rhomboid,pointed,pubescent,rarely,rounded,sand-punctate,slender,smooth,truncate,unbranched,undulate,vine,white,x,yellowish	capitate,na,sparingly,terrestrial
384	wfo-0001030342	success	151	136	76	90	61	46	73	3	-7,.2,.5,0.5-1,0.5-5,0.8-4,1-1.2,1-1.5,1-3,1-5.5,1-6,1-7,1.2-3,1.5-13,1.5-2,1.5-5,1.5-7.5,10-25,2-2.5,2-3,3-12,3-pinnate,4-5,6-7,absent,acuminate,acute,adaxially,anther,apex,basally,base,brown,calyx,chartaceous,cm,cordate,cuneate,deltoid,diameter,entire,extra-axillary,filament,flower,fruit,fruiting,glabrous,hair,herb,interjected,lanceolate,lateral,leaf,leaflet,lenticular,light,lobe,long,margin,membraceous,minutely,mm,oblique,oblong,obtuse,pedicel,peduncle,petiole,pubescent,rarely,revolute,sagittate,scattered,simple,slender,smooth,stigma,style,surface,terrestrial,tip,truncate,tube,unbranched,undulate,uniseriate,vein,white,widely,x	0.5-3,1-5,1-6.5,4-8,5-merou,abaxially,abundant,accrescent,ag,along,alyx,apart,apical,apiculate,apparently,articulated,axe,ba,blade,broadly,capitat,ciliat,connivent,cylindrical,directed,distally,eaf,eed,elliptical,equal,geminat,longitudinal,lower,nflorescence,node,opening,orolla,perfect,petiolule,plurifoliate,pore,proximal,pubescen,rachi,rhomboid,rooting,rounded,side,slightly,slit,spaced,stellate,tamen,tem,trailing,truncate-acuminat,unit,vary,wide,yellow,ympodial	appearance,arrangement,bark,border,branch,bud,capitate,characteristic,colour,corolla,corrugation,distal,drying,exertion,form,giving,glabrousnes,growth,height,history,inflorescence,length,life,lobing,midpoint,na,new,number,ovary,per,plant,prickle,primary,pseudostipule,ray,seed,shape,size,stem,terminal,texture,thicknes,truncate-acuminate,type,variation,width	-7,.2,.5,0.5-1,0.5-5,0.8-4,1-1.2,1-1.5,1-3,1-5.5,1-6,1-7,1.2-3,1.5-13,1.5-2,1.5-5,1.5-7.5,10-25,2-2.5,2-3,3-12,3-pinnate,4-5,6-7,absent,acuminate,acute,adaxially,basally,brown,chartaceous,cm,cordate,cuneate,deltoid,diameter,entire,extra-axillary,flower,fruit,glabrous,hair,herb,lanceolate,leaf,lenticular,light,lobe,long,membraceous,minutely,mm,oblique,oblong,obtuse,pubescent,rarely,revolute,sagittate,scattered,simple,slender,smooth,terrestrial,tip,truncate,tube,unbranched,undulate,uniseriate,white,widely,x	capitate,na,truncate-acuminate
385	wfo-0001030353	success	222	150	90	113	109	37	85	5	.2,.7,0-6,0.5-0.9,0.8-1.2,1-6,1.2-1.8,1.8-2.2,1.8-3,1/3,2.5-4,2.8-3.7,20-200,3-4,4-4.5,4-5-6,6-15,6-8,acute,almost,anther,apart,apex,apically,apparently,bark,base,berry,brown,calyx,chartaceous,cm,conical,cuneate,curved,deltate,densely,diameter,discolorous,distal,drying,ellipsoid,elliptic,evenly,filament,flattened,flattened-reniform,flower,fruit,fruiting,glabrous,green,lateral,leaf,length,lobe,lobed,long,long-styled,lower,margin,maturity,mauve,midpoint,mm,moderately,multangulate,narrow-deltate,orange-brown,pair,pedicel,peduncle,per,petiole,plant,poricidal,prickle,prickly,primary,ray,red-brown,reddish-green,reflexed,sessile,shape,short-styled,shrub,simple,small,somewhat,spaced,sparsely,spreading,stellate,stellate-pubescent,stem,straight,strongly,style,subentire,surface,tapering,terminal,tip,tree,trichome,tube,unarmed,vein,weakly,wide,yellow,young	-3,-5,-merous,.1-0.2,.5,0,0-15,0-2,0.1-0.2,0.1-0.3,0.15-0.3,0.5-1.5,0.8,1-2,1-3,1-5,1-7,1/,1/2-2/3,1/5,1/6,1/6-1/4-1/2,10-15,11-16,2-10,2-7,3-5.5,3.5-4,4-5,5,5-6,6,7-10,8-15,abaxial,abaxially,adaxial,alyx,andromonoecious,apar,apiculat,articulated,blade,broad-deltate,c.,connivent,development,distance,eaf,eed,elongating,equal,erect,extending,free,glabrescent,half,hermaphrodite,heterostylous,infructescence,less,longer,lowermost,mature,midvein,nflorescence,older,one,open,orolla,oung,patch,pendulous,pericarp,plurifoliat,pointed,porrect,portion,retaining,rounded,ruit,scar,shorter,side,smooth,sometimes,stalk,stalked,staminat,stout,tamen,terete,tertiary,throughout,time,unarme,unbranched,unit,upper,vary,venation,visible,warty,way,whit,white-gray,wo,woody,ympodial	30,apiculate,appearance,arrangement,border,branch,bud,characteristic,colour,corolla,exertion,form,giving,glabrousnes,growth,height,history,inflorescence,interjected,leaflet,life,lobing,na,new,number,ovary,perennial,pseudostipule,seed,size,stigma,texture,thicknes,type,variation,white,width	.2,.7,0-6,0.5-0.9,0.8-1.2,1-6,1.2-1.8,1.8-2.2,1.8-3,1/3,2.5-4,2.8-3.7,20-200,3-4,4-4.5,4-5-6,6-15,6-8,acute,almost,apart,apically,apparently,base,berry,brown,chartaceous,cm,conical,cuneate,curved,deltate,densely,discolorous,ellipsoid,elliptic,evenly,flattened,flattened-reniform,flower,glabrous,green,lateral,lobed,long,long-styled,lower,maturity,mauve,mm,moderately,multangulate,narrow-deltate,orange-brown,pair,per,poricidal,prickly,red-brown,reddish-green,reflexed,sessile,short-styled,shrub,simple,small,somewhat,spaced,sparsely,spreading,stellate,stellate-pubescent,straight,strongly,subentire,tapering,terminal,tip,tree,trichome,unarmed,weakly,wide,yellow,young	30,apiculate,na,perennial,white
386	wfo-0001030407	success	182	148	90	105	77	43	85	5	.2,.5,0.7-3.2,1-2,1.5-5,12-14,2-5,2-6.7,2-7,3-10.5,3-6.5,3-9,3.5-9.5,30-60,4-5,5,6.5-18.5,7-8,abaxially,absent,acuminate,adaxially,anther,apex,articulated,axillary,base,berry,brownish,bud,cell,chartaceous,cm,condition,conical,connivent,corolla,covering,densely,diameter,distal,drying,elliptic-lanceolate,filament,flat,forked,fresh,fruit,generally,glabrous,green,green-white,greenish,hair-like,half,herb,interjected,lanceolate,lateral,leaf,leaflet,light,lobe,long,make,margin,middle,minute,mm,mottled,mucilaginous,obtuse,odd-pinnate,ovate,ovoid,pedicel,peduncle,petiole,plant,poricidal,proximal,pubescent,purple,ray,ripe,round,seed,size,stigma,style,subtending,terminal,testal,thick,throughout,tip,tube,unwinged,usually,wall,wet,whitish,wide,x,yellow	1-10,1-3,1-4,12-15,2-2.5,3-4,5-merou,6-7,acumen,ag,alyx,apart,apparently,axe,blade,capitat,ciliate,decreasing,digestion,dorsally,eaf,edge,eed,end,enzyme,especially,exceeding,flower,folded,geminat,glabrou,gradually,hair,homostylous,honeycomb-shaped,larger,lengthening,like,living,lower,nflorescence,one,orolla,pair,pentagonal,perfect,petiolule,placed,plurifoliate,pore,pubescen,removed,ruit,secondary,semierec,seudostipule,slit,spaced,specimen,stamen,ste,stolo,subequal,subsessile,symmetrical,tall,tamen,tem,thir,toward,tri-,tuber,typically,unit,vary,white,ympodial	appearance,arrangement,bark,border,branch,calyx,capitate,characteristic,colour,corrugation,exertion,form,fruiting,giving,glabrousnes,growth,height,history,inflorescence,length,life,lobing,midpoint,na,new,number,ovary,per,prickle,primary,pseudostipule,semierect,shape,stem,surface,texture,thicknes,third,type,variation,vein,width,ye	.2,.5,0.7-3.2,1-2,1.5-5,12-14,2-5,2-6.7,2-7,3-10.5,3-6.5,3-9,3.5-9.5,30-60,4-5,5,6.5-18.5,7-8,abaxially,absent,acuminate,adaxially,articulated,axillary,berry,brownish,bud,cell,chartaceous,cm,condition,conical,connivent,covering,densely,distal,drying,elliptic-lanceolate,flat,forked,fresh,generally,glabrous,green,green-white,greenish,hair-like,half,herb,lanceolate,lateral,light,long,make,middle,minute,mm,mottled,mucilaginous,obtuse,odd-pinnate,ovate,ovoid,plant,poricidal,proximal,pubescent,purple,ripe,round,seed,subtending,terminal,testal,thick,throughout,tip,unwinged,usually,wall,wet,whitish,wide,x,yellow	capitate,na,semierect,third,ye
387	wfo-0001030420	success	159	129	69	81	78	48	66	3	-pubescent,0.5-1,0.5-1-1.5,0.5-4,0.5-8,1-2,1-2-6-9,1-3,1-4,1-7.5,1.5-5,10-15-25-30,10-25-35,2-14.5,2-3-lobed,2-9,4-7,5-15-20,acuminate,acute,also,apart,apex,basal,base,calyx,chartaceous,cm,connivent,cordate,deltate,densely,diameter,eglandular,ellipsoidal,elongated,entire,flower,forked,fruit,glabrate,glabrous,glandular-,lanceolate,leaf,lobe,lobed,long,margin,mm,moderately,obtuse,often,pedicel,pedicellar,peduncle,petiole,pinnately,puberulent,pubescent-pilose,purple,rarely,remnant,shrub,simple,small,sparsely,stellate,stigma,style,subcoriaceous,tip,tree,truncate,tube,unbranched,unknown,unlobed,vein,x,yellow	-4,1-6,1.5-3,1/2,2-3,2-3-7,2-5,4-foliat,5-6,5-6-7,5-7-19,7-22,7/8,abaxially,absent,adaxially,aggregate,ape,articulated,axe,beyond,blade,cell,color,connective,cylindrical,dark,directed,distally,divided,eaf,eed,eglandular-pilo,eglandular-puberulent,elliptic-ovate,equal,exserted,glandular-puberulent,hair,leaving,lon,lower,midrib,narrowly,nearly,nflorescence,nther,orolla,ovate,perfect,pilose,pore,presen,puberulent-pubescent,pubescent,pubescent-pilo,rachi,radiu,ripe,ruit,shorter,sinus,spaced,stamen,stone,tal,tem,thecae,time,tomento,triangular,truncat,ud,unit,vary,wide,yello,ympodial	anther,appearance,arrangement,bark,border,branch,bud,characteristic,colour,corolla,distal,drying,eglandular-pilose,filament,form,fruiting,giving,glabrousnes,growth,height,history,inflorescence,lateral,leaflet,length,life,midpoint,na,new,number,ovary,per,perennial,plant,prickle,primary,ray,seed,shape,size,spacing,stem,surface,terminal,texture,thicknes,variation,width	-pubescent,0.5-1,0.5-1-1.5,0.5-4,0.5-8,1-2,1-2-6-9,1-3,1-4,1-7.5,1.5-5,10-15-25-30,10-25-35,2-14.5,2-3-lobed,2-9,4-7,5-15-20,acuminate,acute,also,apart,apex,basal,chartaceous,cm,connivent,cordate,deltate,densely,eglandular,ellipsoidal,elongated,entire,flower,forked,glabrate,glabrous,glandular-,lanceolate,lobe,lobed,long,mm,moderately,obtuse,often,pinnately,puberulent,pubescent-pilose,purple,rarely,shrub,simple,small,sparsely,stellate,subcoriaceous,tip,tree,truncate,unbranched,unknown,unlobed,x,yellow	eglandular-pilose,na,perennial
388	wfo-0001030426	success	157	138	80	92	65	46	77	3	0.3-7,0.3-8,0.4-0.7,1-4,1-4.2,1.5-3,1.7-3.2,10,15-25-30,2,2.5-4,2.5-6,3-4,3-6,4-6.5,6-11.5,6-8,9,acute,apex,apical,apically,apiculate,articulate,base,branched,calyx,caudate,cell,cm,connate,corolla,covering,cyme,dehiscent,diameter,dichasial,dichasially,distal,ebracteate,elliptic-lanceolate,exceeding,filament,glandular,globose,green,green-white,hair-like,heart-shaped,herbaceous,interjected,introrse,lanceolate,lateral,leaf,leaflet,linear,lobe,long,make,maturing,mm,monochasial,mucilaginous,oblique,oblong,odd-pinnate,often,ovoid,pedicel,peduncle,perennial,petiole,pilose,plant,poricidally,rounded,seed,short,size,slit,stamen,stigma,straight,style,terminal,testal,thick,wall,white,wide,yellow	1.5-6.5,2-3,3-12,3-6-foliat,4-10,abaxially,absen,acumen,adaxially,decurrent,digestion,diminishing,dorsally,eaf,edge,eed,emoval,enzyme,flat,flower,folded,forked,generally,globo,gradually,half,honeycomb,larger,linear-lanceolate,linear-oblong,living,lon,lower,nflorescence,nther,obtuse,orolla,pair,pattern,perfect,pinnatifi,plan,proximal,rachi,reveal,ruit,second,sessile,seudostipule,specimen,spot,stellate,stripe,tal,tem,throughout,toward,tuber-bearing,typically,unit,vary,whit,without,ympodial,¼	absent,anther,appearance,arrangement,bark,border,branch,bud,characteristic,colour,corrugation,drying,exertion,form,fruit,giving,glabrousnes,growth,height,history,inflorescence,length,life,lobing,margin,midpoint,na,new,number,ovary,per,prickle,primary,pseudostipule,ray,shape,stem,surface,texture,thicknes,tube,type,variation,vein,wet,width	0.3-7,0.3-8,0.4-0.7,1-4,1-4.2,1.5-3,1.7-3.2,10,15-25-30,2,2.5-4,2.5-6,3-4,3-6,4-6.5,6-11.5,6-8,9,acute,apical,apically,apiculate,articulate,branched,caudate,cell,cm,connate,covering,cyme,dehiscent,diameter,dichasial,dichasially,ebracteate,elliptic-lanceolate,exceeding,glandular,globose,green,green-white,hair-like,heart-shaped,herbaceous,introrse,lanceolate,lateral,linear,lobe,long,make,maturing,mm,monochasial,mucilaginous,oblique,oblong,odd-pinnate,often,ovoid,perennial,pilose,poricidally,rounded,seed,short,slit,stamen,stigma,straight,style,testal,thick,wall,white,wide,yellow	absent,na,wet
389	wfo-0001030430	success	171	133	75	70	101	63	57	18	.2,0.25,anther,anthesi,axillary,base,blue,borne,branched,brittle,brown,bud,calyx,capitate,clavate,cm,connivent,decurrent,densely,diameter,equal,few-seeded,filament,flattened,fleshy,fruit,glabrous,globose,green,hair,leaf,lobe,lobed,long,margin,mm,moderately,multicellular,oblong,occasionally,pair,pale,pedicel,peduncle,pentagonal,perennial,petiole,pitted,poricidal,pubescent,purple,regularly,shallowly,shoot,shrub,simple,stigma,style,subglabrous,surface,terminal,time,tip,tube,uniseriate,violet,white,woody,x,yellow	.5,0.3,0.4,0.5,0.5–12,0.6,0.6–0.8,0.6–1.0,0.8–3.0,0.8–5.6,0.9–1.0,0–20,1.0–1.2,1.0–1.5,1.0–2.0,1.2–2.0,1.3–8.0,1.4–1.5,1.5–1.7,1.6–1.8,1.8–5.0,12–20,12–30,1–3,1–9,2.0–3.0,2.0–4.2,2–3,3.0–4.5,30–200,3–17,3–24,3–4,3–5,3–8,5,5.5–12,5–10,5–6,6–10,abaxially,abundant,acute,adaxiall,adaxially,ag,apart,apex,apical,appressed,articulated,axe,ba,basal,blade,cell,chartaceous,convex,cylindrical,dentate,diamete,eaf,eed,elliptic,erect,especially,flower,geminat,indumentum,lon,longitudinal,lower,m.,nflorescence,opening,orolla,ovate,perfect,pore,present,rounded,ruit,serrate,shaped,side,slit,spaced,stone,straight,tal,tamen,tear-drop,tem,toward,unifoliate,unit,vary,wide,ympodial,–2.7,–40	0-20,0.5-12,0.8-3.0,0.8-5.6,1.0-2.0,1.3-8.0,1.4-1.5,1.6-1.8,12-20,2-3,3-17,3-4,3-5,3-8,30-200,5-10,5-6,appearance,arrangement,bark,border,branch,characteristic,colour,corolla,corrugation,distal,drying,exertion,form,giving,glabrousnes,growth,height,history,inflorescence,interjected,lateral,leaflet,length,life,lobing,midpoint,na,new,number,ovary,per,plant,prickle,primary,pseudostipule,ray,seed,shape,size,stem,texture,thicknes,type,variation,vein,width	.2,0.25,anthesi,axillary,blue,borne,branched,brittle,brown,capitate,clavate,cm,connivent,decurrent,densely,diameter,equal,few-seeded,flattened,fleshy,fruit,glabrous,globose,green,hair,lobe,lobed,long,mm,moderately,multicellular,oblong,occasionally,pair,pale,pentagonal,perennial,pitted,poricidal,pubescent,purple,regularly,shallowly,shoot,shrub,simple,subglabrous,terminal,time,tip,tube,uniseriate,violet,white,woody,x,yellow	0-20,0.5-12,0.8-3.0,0.8-5.6,1.0-2.0,1.3-8.0,1.4-1.5,1.6-1.8,12-20,2-3,3-17,3-4,3-5,3-8,30-200,5-10,5-6,na
390	wfo-0001030441	success	178	159	104	117	61	42	101	3	.5,0.5,0.5-0.75,0.5-1,0.5-3,1,1-1.4,1-2-celled,1.2-1.4,2,2-10,2-5.5,2.5,3-4,30,4-5,5-14,5-7,5-7.5,6-11,<,>,acuminate,acute,anther,anthesi,apex,attenuate,base,berry,branched,bright,c.,calyx,capitate,cell,cm,corolla,decurrent,deltate,diameter,ellipsoid,elliptic,entire,exerted,eye,filament,flattened,flexuous,fruiting,glabrous,glandular,globose,green,growth,hair,impressed,lateral,lobe,lobed,long,making,many,margin,membranous,minutely,mm,narrowly,new,occasionally,onto,open,pair,pale,pedicel,peduncle,per,petiole,plant,poricidal,primary,pubescent,red,reniform,ridged,ripe,shrub,simple,slightly,somewhat,spot,spreading,stellate,stem,stigma,strongly,style,surface,terminal,thin,time,tip,triangular,trichome,tube,undulate,uniseriate,usually,vein,vine,violet,wall,way,white,wide,woody,yellow	+,1-1.5,1.5-2,10-40,2-3,5-6,5-merou,ag,along,alyx,apart,ark,articulated,brow,closely,distall,eaf,eed,flower,free,glabrou,glandula,ilament,irregularly,juicy,leaving,lengthening,lon,lower,markedly,midvein,nflorescence,older,orolla,otherwise,papillat,papillose,peg,perfect,pericarp,plurifoliat,pore,portion,reflexed,ruit,scandent,scar,shiny,short,shrubby,slit,small,spaced,spreadin,tem,trailing,ud,unit,upper,vary,ympodial	appearance,arrangement,bark,border,branch,brown,bud,characteristic,colour,corrugation,distal,drying,exertion,form,fruit,giving,glabrousnes,height,history,inflorescence,interjected,leaf,leaflet,length,life,lobing,midpoint,na,number,ovary,papillate,prickle,pseudostipule,ray,seed,shape,size,texture,thicknes,type,variation,width	.5,0.5,0.5-0.75,0.5-1,0.5-3,1,1-1.4,1-2-celled,1.2-1.4,2,2-10,2-5.5,2.5,3-4,30,4-5,5-14,5-7,5-7.5,6-11,<,>,acuminate,acute,anthesi,attenuate,base,berry,branched,bright,c.,calyx,capitate,cell,cm,decurrent,deltate,diameter,ellipsoid,elliptic,entire,exerted,eye,flattened,flexuous,glabrous,glandular,globose,green,hair,impressed,lateral,lobe,lobed,long,making,many,membranous,minutely,mm,narrowly,occasionally,onto,open,pair,pale,per,petiole,poricidal,pubescent,red,reniform,ridged,ripe,shrub,simple,slightly,somewhat,spot,spreading,stellate,strongly,surface,terminal,thin,time,tip,triangular,trichome,tube,undulate,uniseriate,usually,vine,violet,wall,way,white,wide,woody,yellow	brown,na,papillate
391	wfo-0001030444	success	196	156	98	114	82	42	96	2	0-24,0.15-0.8,0.8-2,1,1-10,1-2,1.1-2.7,1.2-1.8,11-45,2-8,2.3-3.6,2.4-3.8,3-10,3.7-6.8,4-17,4-39,4-7,5.3-9,6.1-12.8,9.4-20.1,abaxially,acuminate,acute,adaxially,anther,apex,apparently,attenuate,axe,axillary,base,berry,blue,brownish,bud,cell,ciliate,clavate,cm,condition,connivent,coriaceous,corolla,covering,dark,deep,diameter,distal,dot,drying,elliptic,filament,flower,forked,fresh,fruit,generally,glabrous,green,green-white,greenish,hair-like,half,herb,interjected,lanceolate,lateral,leaf,leaflet,light,lilac,lobe,long,make,margin,medium,mm,mucilaginous,narrow,odd-pinnate,ovate,ovoid,pedicel,peduncle,perfect,petiole,petiolulate,plant,purple,ripe,rough,rounded,seed,size,sometimes,stigma,style,subtending,terminal,testal,thick,throughout,touch,tube,typically,unwinged,usually,wall,wet,white,whitish,wide,wing,x	1-4,1-5,2-3,2-6,3-5,5-merou,7.1-17.5,abaxiall,acumen,ag,along,alyx,apart,arranged,articulated,asymmetric,basiscopic,bead,blade,capitat,decreasing,digestion,dorsally,eaf,edge,eed,enzyme,erec,exceeding,flat,folded,geminat,general,glabrou,hal,high,homostylous,honeycomb-shaped,larger,lengthening,like,linear,living,lower,moniliform,multiple,necklace,nflorescence,orbicular,orolla,pair,pentagonal,plurifoliate,pore,poricidal,removed,rotate,ruit,sessile,seudostipule,shortly,side,slit,spaced,specimen,stamen,stolon,straight,subequal,symmetric,tall,tamen,tem,tip,tissue,toward,tri-,tuber,unit,vary,yellow,ympodial	appearance,arrangement,bark,border,branch,calyx,capitate,cayx,characteristic,colour,corrugation,exertion,form,fruiting,giving,glabrousnes,growth,height,history,inflorescence,length,life,lobing,midpoint,na,new,number,ovary,per,prickle,primary,pseudostipule,ray,shape,stem,surface,texture,thicknes,type,variation,vein,width	0-24,0.15-0.8,0.8-2,1,1-10,1-2,1.1-2.7,1.2-1.8,11-45,2-8,2.3-3.6,2.4-3.8,3-10,3.7-6.8,4-17,4-39,4-7,5.3-9,6.1-12.8,9.4-20.1,abaxially,acuminate,acute,adaxially,apparently,attenuate,axe,axillary,berry,blue,brownish,bud,cell,ciliate,clavate,cm,condition,connivent,coriaceous,covering,dark,deep,distal,dot,drying,elliptic,flower,forked,fresh,generally,glabrous,green,green-white,greenish,hair-like,half,herb,lanceolate,lateral,light,lilac,long,make,margin,medium,mm,mucilaginous,narrow,odd-pinnate,ovate,ovoid,perfect,petiolulate,plant,purple,ripe,rough,rounded,seed,sometimes,subtending,terminal,testal,thick,throughout,touch,typically,unwinged,usually,wall,wet,white,whitish,wide,wing,x	capitate,na
392	wfo-0001030445	success	226	163	109	127	99	36	107	2	0.2,0.2-0.4,0.2-0.5,0.2-0.7,0.3,0.4,0.6-2.2,0.8,1-1.3,1-7,1.1-4.3,1.3,1.3-2,1.6-2,1.7-2.4,10-14,14,15-35,2.2-2.9,3-5.4,4.1-8.7,4.2-10,5-125,5.9-15,6.1-9.1,7.5-16,8.1-10,abaxially,acuminate,adaxially,along,anther,apex,bark,base,berry,black,blade,blunt-tipped,branch,branched,brown,brownish-yellow,bud,bulbous-based,calyx,capitate,cm,corolla,decurrent,deltoid-reniform,diameter,drying,elliptic,elliptical,elongated,entire,exserted,ferruginous,ferruginous-granular,ferruginous-tomentose,filament,flower,fruit,fruiting,glabrate,glabrous,globose,green,greyish-tan,hair,lateral,leaf,long,many,margin,midrib,mm,mostly,multangulate,oblong,oblong-lanceolate,obovate,obtuse,orangish-tan,orbicular,ovate,ovate-lanceolate,pedicel,peduncle,petiole,porrect-stellate,pseudoterminal,pubescence,ray,reniform,reticulate-punctate,semi-spherical,sessile,shrub,side,simple,slightly,small,soon,sparse,stalk,stem,stigma,stout,style,subcampanulate,sulcate,surface,thick,thicknes,thin,time,tomentose,tree,tube,vein,vestigial-rayed,white,x,yellowish,yellowish-tan	.1,.5,/5-2/3,0.1-0.7,0.5,0.6-3.5,0.7,1,1.3-1.8,1.5-2.1,1.8-3.5,10-16,2.1-5.2,2.2-3.5,2.4-4.7,3.1-5,3.4-5.6,3.5-4.2,5-merou,5.2-7.1,5.9-8.3,8.2-18,abaxial,accrescent,acute,ag,alyx,apart,appressed,around,articulated,axillary,blunt-tippe,concentrated,cylindrical,directed,distally,eaf,earl,edge,eed,erect,free,geminate,glabrescen,high,homostylous,inserted,intermediate,lackin,lengthening,lobe,lobed,lon,longitudinal,lower,m.,main,midvein,multangulat,nflorescence,obscured,older,open,orange,orolla,plurifoliate,pore,poricidal,porrect-stellat,pubescent,rachi,relatively,resorption,rounded,ruit,runk,slit,somewhat,spaced,sparsely,splitting,stamen,stellate,suture,tamen,thick-textured,thin-,tip,tissue,tomentum,unarme,unit,vary,way,wide,yellow,ympodial,young	arrangement,characteristic,colour,corrugation,distal,exertion,form,glabrousnes,growth,height,history,inflorescence,interjected,leaflet,length,life,lobing,midpoint,na,new,number,ovary,per,plant,prickle,primary,pseudostipule,seed,shape,size,terminal,texture,type,unarmed,variation,width	0.2,0.2-0.4,0.2-0.5,0.2-0.7,0.3,0.4,0.6-2.2,0.8,1-1.3,1-7,1.1-4.3,1.3,1.3-2,1.6-2,1.7-2.4,10-14,14,15-35,2.2-2.9,3-5.4,4.1-8.7,4.2-10,5-125,5.9-15,6.1-9.1,7.5-16,8.1-10,abaxially,acuminate,adaxially,along,apex,base,berry,black,blade,blunt-tipped,branched,brown,brownish-yellow,bulbous-based,calyx,capitate,cm,decurrent,deltoid-reniform,diameter,drying,elliptic,elliptical,elongated,entire,exserted,ferruginous,ferruginous-granular,ferruginous-tomentose,flower,fruit,glabrate,glabrous,globose,green,greyish-tan,hair,long,many,midrib,mm,mostly,multangulate,oblong,oblong-lanceolate,obovate,obtuse,orangish-tan,orbicular,ovate,ovate-lanceolate,porrect-stellate,pseudoterminal,pubescence,reniform,reticulate-punctate,semi-spherical,sessile,shrub,side,simple,slightly,small,soon,sparse,stalk,stout,subcampanulate,sulcate,thick,thin,time,tomentose,tree,vein,vestigial-rayed,white,x,yellowish,yellowish-tan	na,unarmed
393	wfo-0001030447	success	276	173	114	134	142	39	109	5	.2,.3,.5,/5,0,0.4-0.9,0.5-0.65,0.5-10,0.7-1,0.8-1.7,0.8-3.5,1.8-2.5,1/3,2-4,2.2-2.8,2.5-10,2.5-6.5,3-5,30-45°,5-15,6-10,6-16,6.5-9,7-8,8,acute,always,anther,apart,apex,apparently,armed,bark,base,berry,calyx,cell,characteristically,chartaceous,clavate,cm,corolla,cuneate,cupular,curved,diameter,discolorous,drying,equal,erect,filament,finely,flat,flattened,flattened-reniform,flower,free,fruit,fruiting,gently,glabrous,globose,lateral,leaf,length,lobe,lobed,long,long-styled,lower,margin,maturity,midpoint,midvein,mm,moderately,narrow-deltate,obconical,oblique,oblong,often,opening,orange,orange-brown,orange-red,outline,ovate,pair,pale,pedicel,peduncle,per,petiole,pit,prickle,primary,prostrate,pubescent,purple,raised,ray,red-brown,ridged,rounded,shallowly,shrub,simple,slender,small,smooth,sometimes,spaced,sparsely,spherical,spreading,stellate,stellate-pubescent,stem,stigma,straight,straw-yellow,style,surface,tapering,terminal,tube,unarmed,unbranched,vein,weakly,white,yellow,yellow-orange,×	0.1,0.1-0.3,0.15-0.3,0.2,0.2-0.4,0.4-0.7,0.5,0.5-3,1,1-1.5,1-10,1-2,1-2.5,1-3,1-5,1-6,1.5,1.5-2.5,1.5-7,1/3-1/2,1/3-2/3,1/4-1/3,3,3-4.5,4-8,5,5-merou,6,6-7,6-8,6-9,abaxially,accrescent,adaxially,age,alyx,apar,apical,apically,articulated,axe,beyond,blade,branche,broad-deltate,c.,covering,dark,deltate,densely,development,difoliate,distance,divided,eaf,eed,elongating,exserted,extending,filiform,fine,finger-hair,geminat,glabrescent,herbaceous,infructescence,irregula,irregular,lengthening,less,long-ovoi,longer,longitudinal,mature,minute,mostly,nflorescence,obtuse,older,one,open,orange-translucent,orolla,oung,papillo,pendulous,perfect,pericarp,persisting,point,pore,poricidal,porrect,portion,pronounced,rachi,reduced,rest,ri,ridge,ruit,scar,sessile,shallow,shiny,short-styled,shorter,shortly,side,sinus,slit,somewhat,sparse,stalk,stalked,stout,stump,subsessile,tamen,terete,tertiary,thick,thin,throughout,time,tip,toward,translucent,trichome,ud,unequal,unit,usually,variously,vary,venation,visible,wide,widest,woody,x,ympodial	appearance,arrangement,border,branch,branched,bud,characteristic,colour,corrugation,distal,exertion,form,giving,glabrousnes,growth,height,history,inflorescence,interjected,leaflet,life,lobing,long-ovoid,na,new,number,ovary,papillose,perennial,plant,pseudostipule,seed,shape,size,texture,thicknes,type,variation,width	.2,.3,.5,/5,0,0.4-0.9,0.5-0.65,0.5-10,0.7-1,0.8-1.7,0.8-3.5,1.8-2.5,1/3,2-4,2.2-2.8,2.5-10,2.5-6.5,3-5,30-45°,5-15,6-10,6-16,6.5-9,7-8,8,acute,always,apart,apparently,armed,berry,cell,characteristically,chartaceous,clavate,cm,cuneate,cupular,curved,diameter,discolorous,drying,equal,erect,finely,flat,flattened,flattened-reniform,flower,free,gently,glabrous,globose,lateral,length,lobed,long,long-styled,lower,maturity,midvein,mm,moderately,narrow-deltate,obconical,oblique,oblong,often,opening,orange,orange-brown,orange-red,outline,ovate,pair,pale,per,pit,prickle,prostrate,pubescent,purple,raised,red-brown,ridged,rounded,shallowly,shrub,simple,slender,small,smooth,sometimes,spaced,sparsely,spherical,spreading,stellate,stellate-pubescent,straight,straw-yellow,tapering,unarmed,unbranched,weakly,white,yellow,yellow-orange,×	branched,long-ovoid,na,papillose,perennial
394	wfo-0001030453	success	127	112	72	82	45	30	69	3	.25,/4,0.8-1.5,1-1.3,1.5-1.6,1.5-2.5,4-5,9-12,9-14,abaxially,acuminate,acute,adaxially,along,anther,apex,arachnoid,arachnoid-pubescent,attenuate,axi,bark,base,broadly,calyx,clavate,cm,corolla,cup-shaped,dark,deflexed,delicate,dendritic,densely,divided,ellipsoid,elliptic,especially,filament,fine,flat,floccose,glabrate,glabrous,later,lateral,leaf,less,long,main,margin,mm,narrowly,near,nearly,occasionally,ovary,pair,pedicel,petiole,pubescent,reddish,rounded,shaped,shiny,shrub,simple,slender,soon,sparsely,stem,stigma,style,surface,tall,tear-drop,trichome,tube,vein,way,white,wide,young	.5,0.25-0.5,1-1.5,3-3.5,anthesi,closely,deltate,dia,eaf,edicel,eed,exserted,free,know,known,lobe,lon,lower,middle,midrib,minute,minutely,nflorescence,older,opposite,overlappin,papillat,papillose,planar,pore,poricidal,portion,reddish-brow,ruit,scar,spaced,straight,strongly,tip,tub,ud,unifoliat,unit,widest,ympodial	arrangement,bud,characteristic,colour,corrugation,diameter,drying,exertion,form,fruit,growth,height,history,inflorescence,length,life,lobing,na,number,peduncle,per,plant,primary,reddish-brown,seed,shape,size,texture,type,unifoliate	.25,/4,0.8-1.5,1-1.3,1.5-1.6,1.5-2.5,4-5,9-12,9-14,abaxially,acuminate,acute,adaxially,along,apex,arachnoid,arachnoid-pubescent,attenuate,axi,base,broadly,clavate,cm,cup-shaped,dark,deflexed,delicate,dendritic,densely,divided,ellipsoid,elliptic,especially,fine,flat,floccose,glabrate,glabrous,later,lateral,leaf,less,long,main,mm,narrowly,near,nearly,occasionally,pair,pubescent,reddish,rounded,shaped,shiny,shrub,simple,slender,soon,sparsely,stem,tall,tear-drop,trichome,vein,way,white,wide,young	na,reddish-brown,unifoliate
395	wfo-0001030486	success	141	123	85	93	48	30	80	5	.5,1-1.5,1-5,1.1-1.4,1.7-2,10-12,10-14.5,2-3,3-3.5,3/4,4-4.5,4-6.5,5-8-flowered,6-7,abaxially,acute,adaxially,anther,apex,bark,basal,base,beneath,berry,brown,calyx,clavate,cm,completely,conical,corolla,dark,dia,difoliate,dry,drying,ellipsoid,elliptic,erect,exserted,f,filament,fleshy,fresh,fruiting,glabrous,globose,green,internodal,later,lateral,leaf,lobed,long,main,margin,material,minutely,mm,older,opposite,ovary,ovoid-reniform,pair,pale,papillose,pedicel,petiole,pitted,reddish,shaped,shrub,simple,size,slightly,stem,stigma,stout,style,surface,tan,tapering,tear-drop,thickened,tube,unit,usually,vein,way,white,x,yellow-green,young	0.8-2.2,1.5-2,1/2,1/4,2-5.5,3-5,4.5-5,anthesi,ba,closely,clustered,deflexed,deltate,differing,distal,eaf,edicel,eed,free,geminat,inflorescenc,lobe,lon,lower,m.,major,middle,minor,nflorescence,overlapping,papillo,planar,pore,poricidal,portion,ruit,scar,shin,small,spaced,tall,tip,treelet,tub,ud,widest,woody,ympodial	arrangement,bud,characteristic,colour,corrugation,diameter,exertion,form,fruit,geminate,glabrousnes,growth,height,history,inflorescence,length,life,lobing,na,new,peduncle,perennial,plant,primary,seed,shape,shiny,sympodial,texture,type	.5,1-1.5,1-5,1.1-1.4,1.7-2,10-12,10-14.5,2-3,3-3.5,3/4,4-4.5,4-6.5,5-8-flowered,6-7,abaxially,acute,adaxially,bark,basal,base,beneath,berry,brown,calyx,clavate,cm,completely,conical,dark,dia,difoliate,dry,drying,ellipsoid,elliptic,erect,exserted,f,fleshy,fresh,glabrous,globose,green,internodal,later,lateral,leaf,lobed,long,main,material,minutely,mm,older,opposite,ovoid-reniform,pair,pale,papillose,pitted,reddish,shaped,shrub,simple,slightly,stem,stout,tan,tapering,tear-drop,thickened,tube,unit,usually,vein,way,white,x,yellow-green,young	geminate,na,perennial,shiny,sympodial
396	wfo-0001030489	invalid_json	196	112	NA	88	108	24	NA	NA	0.5-3,0.9-1.1,1-3,1.2-1.6,1.6-2.1,1.7-2,1.9-2.6,1/3-1/2,3-6,3-8,4-8,4.5-9,5,7-15,anther,apart,apex,appressed-pubescent,bark,base,becoming,berry,blunt-tipped,broadly,brown,bud,calyx,chartaceous,cinereous,cm,conical,continued,corolla,deltoid,densely,diameter,due,elliptic,elongate,entire,filament,fleshy,flower,fruit,glabrate,glabrous,globose,greenish,growth,high,honeycombed,lateral,leaf,length,long-acuminate,margin,minutely,mm,oblong,ovate-lanceolate,pedicel,peduncle,petiole,probably,pubescent,rachi,reniform,reticulate-punctate,ripe,shrub,simple,small,somewhat,stellate-pubescent,stem,stigma,style,subcampanulate,subglobose,suborbicular,tomentose,tree,unarmed,way,white,x,yellow,yellowish	-6.5,.5-2.8,.5-3,.75-5.25,0.25-0.4,0.6-0.9,0.75-0.9,1-1.3,1-3.75,1.1-1.3,1.2-1.5,1.75-2,1/5-1/2,100,12-24,2.1-2.9,5-6,6-8,abaxially,abruptly,absen,acuminate,acute,adaxiall,adaxially,ag,anthesi,apical-lateral,apparently,appressed,articulated,attenuate,axe,axillary,ba,blade,branch,branched,closely,cylindrical,dehiscing,dichotomously,eaf,echinoi,echinoid,eed,free,hair,inserted,introrse,large,lobe,lobed,long,long-exserted,longitudinal,lower,main,midvein,minute,mostly,multangulate,narrowly,nflorescence,obtuse,older,orolla,ovate,pale,perfect,plurifoliate,pore,porrect-stellate,pseudo-terminal,puberulent,pulverulen,pulverulent,ruit,runk,sessile,several,short,short-stalked,side,slender,slit,smooth,spaced,sparingly,sparse,stellate-rotate,subcapitat,tamen,terete,testa,thick,time,toward,tube,turn,unarme,unit,usually,vary,vein,wide,ympodial,young	2.5-2.8,5-6.5,abaxial,adaxial,arrangement,characteristic,colour,form,height,inflorescence,lobing,ovary,plant,pseud-terminal,seed,shape,size,spacing,subcapitate,surface,texture,thicknes,type,value	NA	NA
397	wfo-0001030509	success	218	179	128	142	76	37	124	4	-6,0-10,0-100,0-3,0-5,0.1-0.2,0.2,0.3-2.5,0.5-1.5,0.6-1,0.8-1.2,0.8-4,1-1.5,1-2,1-3,1-4,1.3-2,1.7-2,1/4,2-2.5,2-3,2-4.2,2-4.5,2-6,2.8-3,2/3-3/4,3-10,3-4,4.5-12,4.5-8,7-9,8-16,anther,apart,apex,apically,apparently,articulated,bark,base,berry,calyx,cm,connivent,cordate,cream,cuneate,curved,dark,densely,diameter,distal,entire,erect,filament,flattened-reniform,flower,fruit,fruiting,glabrous,gland,globular,gray,green,half,herb,inflated,lateral,leaf,length,lobe,lobed,long,long-styled,lower,margin,marking,maturity,mauve,midpoint,mm,moderately,narrow-deltate,narrow-oblong,obtuse,occasional,occasionally,often,one,open,orange,orange-brown,ovate,pair,pale,pedicel,peduncle,per,perpendicular,petiole,plant,poricidal,porrect,prickle,prickly,primary,purple,ray,reduced,rounded,shorter,shrub,simple,sometimes,spaced,sparsely,spherical,stalk,stalked,stellate,stellate-pubescent,stem,straight,style,surface,tapering,terminal,time,tip,trichome,tube,unarmed,unbranched,upper,variously,vein,way,weakly,wide,yellow,yellow-green,young	/3,0-0.3,0-15,0-2,0.1,0.1-0.25,0.1-0.3,1-6,1.5-2,1/,1/3-2/3,4.5-10,5-10,5-merous,7-15,abaxially,alyx,andromonoecious,apar,apical,becoming,blade,broad-deltate,brow,chartaceous,difoliate,discolorous,distance,drying,eaf,eed,elongating,equal,extending,eye,free,geminat,glabrescent,herbaceous,hermaphrodite,heterostylous,infructescence,long-acuminat,longer,lowermost,mature,midvein,naked,nflorescence,older,orolla,oung,pendulous,pericarp,portion,ruit,scar,short-styled,shorte,side,slender,smooth,spreading,staminat,subsessile,tamen,terete,tertiary,unarme,unit,usually,vary,venation,visible,woody,ympodial	appearance,arrangement,border,branch,brown,bud,characteristic,colour,corolla,exertion,form,giving,glabrousnes,growth,height,history,inflorescence,interjected,leaflet,life,lobing,long-acuminate,na,new,number,ovary,perennial,pseudostipule,seed,shape,size,stigma,texture,thicknes,type,variation,width	-6,0-10,0-100,0-3,0-5,0.1-0.2,0.2,0.3-2.5,0.5-1.5,0.6-1,0.8-1.2,0.8-4,1-1.5,1-2,1-3,1-4,1.3-2,1.7-2,1/4,2-2.5,2-3,2-4.2,2-4.5,2-6,2.8-3,2/3-3/4,3-10,3-4,4.5-12,4.5-8,7-9,8-16,apart,apically,apparently,articulated,base,berry,cm,connivent,cordate,cream,cuneate,curved,dark,densely,diameter,entire,erect,flattened-reniform,flower,glabrous,gland,globular,gray,green,half,herb,inflated,lateral,length,lobe,lobed,long,long-styled,lower,marking,maturity,mauve,midpoint,mm,moderately,narrow-deltate,narrow-oblong,obtuse,occasional,occasionally,often,one,open,orange,orange-brown,ovate,pair,pale,per,perpendicular,poricidal,porrect,prickle,prickly,purple,ray,reduced,rounded,shorter,shrub,simple,sometimes,spaced,sparsely,spherical,stalk,stalked,stellate,stellate-pubescent,stem,straight,surface,tapering,terminal,time,tip,trichome,unarmed,unbranched,upper,variously,way,weakly,wide,yellow,yellow-green,young	brown,long-acuminate,na,perennial
398	wfo-0001030516	success	172	150	91	103	69	47	87	4	0.4-1.5,1-2.5,1-4,1-7,1.1-3.5,1.1-4.1,1.5-2,1.8-2.4,2-12,2-4,3-8,3-9.8,4-22,4-6,4-7,4.2-10.7,6-15,8-9,9-22,acumen,acuminate,acute,apex,apical,apically,articulate,base,branched,calyx,cell,cm,connate,cordate,corolla,covering,cuneate,cyme,darker,dehiscent,diameter,dichasial,dichasially,distal,ebracteate,elliptical,exceeding,filament,globose,green,green-white,hair-like,herbaceous,interjected,introrse,lateral,leaf,leaflet,light,lobe,long,long-attenuate,make,maturing,mm,monochasial,mucilaginous,oblique,odd-pinnate,often,outline,ovate,ovoid,pedicel,peduncle,perennial,petiole,pilose,plant,poricidally,proximal,puberulent,pubescent,seed,short,size,slightly,slit,sometimes,stamen,stigma,straight,stripe,style,terminal,testal,thick,throughout,triangular,type,wall,wide,yellow,¼	1.7,2-2.,2-3,3-6,3-6-foliat,4-4,9-32,abaxially,adaxially,covered,decurrent,densely,digestion,diminished,dorsally,eaf,edge,eed,emoval,enzyme,first,flat,flower,folded,forked,generally,gland,globo,gradually,hair,half,honeycomb,less,living,lon,longer,lower,lunat,nflorescence,nther,orolla,pair,pattern,pentagonal,perfect,plan,rarely,reveal,rotate,ruit,second,sessile,seudostipule,short-petiolate,short-stalked,specimen,spreading,tal,tem,time,toward,triangulat,tuber-bearing,typically,unit,vary,whit,ympodial,’	2-21,anther,appearance,arrangement,bark,border,branch,bud,characteristic,colour,corrugation,drying,exertion,form,fruit,fruiting,giving,glabrousnes,growth,height,history,inflorescence,length,life,lobing,margin,midpoint,na,new,number,ovary,per,prickle,primary,pseudostipule,ray,shape,stem,surface,texture,thicknes,tube,variation,vein,wet,white,width	0.4-1.5,1-2.5,1-4,1-7,1.1-3.5,1.1-4.1,1.5-2,1.8-2.4,2-12,2-4,3-8,3-9.8,4-22,4-6,4-7,4.2-10.7,6-15,8-9,9-22,acumen,acuminate,acute,apical,apically,articulate,branched,cell,cm,connate,cordate,covering,cuneate,cyme,darker,dehiscent,dichasial,dichasially,distal,ebracteate,elliptical,exceeding,globose,green,green-white,hair-like,herbaceous,introrse,lateral,light,lobe,long,long-attenuate,make,maturing,mm,monochasial,mucilaginous,oblique,odd-pinnate,often,outline,ovate,ovoid,perennial,pilose,poricidally,proximal,puberulent,pubescent,seed,short,slightly,slit,sometimes,stamen,stigma,straight,stripe,style,testal,thick,throughout,triangular,wall,wide,yellow,¼	2-21,na,wet,white
399	wfo-0001030551	success	162	135	74	80	82	55	71	3	0-2,0.5-1,0.6-1.5,1-2,1-2.5,1-3.5,1-4,1-5,1.5-2.5,10-20,2,20-25-30,3-12,3-8,4-10-40,4-5,4-5-6,acuminate,acute,adpressed,also,apex,articulated,basal,base,blue,calyx,chartaceous,cm,concave,cordate,densely,dia,diameter,ellipsoidal,entire,fading,flower,fruit,globose,hair,lanceolate,leaving,lobe,long,margin,mm,moderately,narrowly,oblong-fusiform,obtuse,often,ovate,ovate-elliptic,ovoid,pedicel,pedicellar,peduncle,perfect,petiole,pilose,puberulent,pubescent-pilose,remnant,shrub,simple,sparsely,stigma,style,subcoriaceous,tip,triangular,triangular-elliptic,truncate,tube,unbranched,unknown,violet,x,yellowish	-5,1,1-10,1-2-6-12,1.5-2-3,1.5-2.5-5,13.,2.5-4,3-4-7,3-5,4-foliat,5-17,5-6,9-20,abaxially,abruptly,absent,adaxially,aggregate,apart,ape,axe,beyond,bilobe,blade,broad,campanulate,cell,clavate,color,connective,dilated,directed,distally,eaf,ed,equal,et,exceeding,exserted,fleshy,glabrous,glandular-puberulent,laterally,lon,lower,martinelli,narrow,narrowed,nflorescence,nther,orolla,papillose,pore,puberulen,puberulent-pubescent,pubescent-pilo,rachi,radiu,ripe,round,ruit,seen,shorter,slightly,small,spaced,stamen,stellate,stone,tal,tem,thecae,time,tomento,ud,unit,unknow,vary,wide,widening,ympodial	anther,appearance,arrangement,bark,bilobed,border,branch,bud,characteristic,colour,corolla,corrugation,distal,drying,exertion,filament,form,fruiting,giving,glabrousnes,growth,height,history,inflorescence,interjected,lateral,leaf,leaflet,length,life,lobing,midpoint,na,new,number,ovary,per,perennial,plant,prickle,primary,pseudostipule,ray,seed,shape,size,stem,surface,terminal,texture,thicknes,type,variation,vein,width	0-2,0.5-1,0.6-1.5,1-2,1-2.5,1-3.5,1-4,1-5,1.5-2.5,10-20,2,20-25-30,3-12,3-8,4-10-40,4-5,4-5-6,acuminate,acute,adpressed,also,apex,articulated,basal,base,blue,chartaceous,cm,concave,cordate,densely,dia,ellipsoidal,entire,fading,flower,globose,hair,lanceolate,leaving,lobe,long,mm,moderately,narrowly,oblong-fusiform,obtuse,often,ovate,ovate-elliptic,ovoid,pedicellar,perfect,pilose,puberulent,pubescent-pilose,remnant,shrub,simple,sparsely,style,subcoriaceous,tip,triangular,triangular-elliptic,truncate,unbranched,unknown,violet,x,yellowish	bilobed,na,perennial
400	wfo-0001030570	success	170	144	84	93	77	51	83	1	0-1-3,0.3-0.5,1-3,1-4,1-8,1.5,10-25,15-35,2-3,2-5,2-7-lobed,2-8,2.5-22,20-30,3-10,3-5,4-25,4-5,4-7,abaxially,acuminate,acute,adaxially,apex,apiculate,basal,base,beyond,calyx,cm,connivent,cordate,cylindrical,diameter,dilated,distally,eglandular,ellipsoidal,entire,exserted,flattened,flower,forked,fruit,glabrous,glandular-puberulent,globose,green,hair,lanceolate,leaf,lobe,lobed,long,margin,mm,narrowly,obtuse,occasionally,often,ovoid,pedicel,peduncle,petiole,pilose,pinnately,pubescent,purplish,rarely,rounded,rugose,simple,slightly,sometimes,sparsely,stamen,stigma,style,subcoriaceous,submarginally,tip,tree,triangular,truncate,tube,unbranched,unequal,unknown,unlobed,vein,white,x,yellow	.3-0.5-1,0.5-1,0.5-2-3,1,1-1.5,1-2,1-3-6,1-5,1.5-2.5,1/2,2-2.5,2-4,2-7,3-6,3.5-5,4-foliat,4/5,5-10-17,8-15-20,absent,aggregate,apart,ape,articulated,axe,blade,campanulate,cell,color,connective,directed,divided,eaf,eed,elliptic-oblong,exceeding,fleshy,glabrat,leaving,lon,lower,midrib,near,nflorescence,nther,orolla,ovate,pedicellar,perfect,pilo,pore,presen,punctate,purpl,rachi,radiu,remnant,ripe,ruit,shorter,sinus,small,somewhat,spaced,stellate,stone,tal,tem,thecae,time,tomento,truncat,ud,unit,vary,wide,ympodial	anther,appearance,arrangement,bark,border,branch,bud,characteristic,colour,corolla,corrugation,distal,drying,exertion,filament,form,fruiting,giving,glabrousnes,growth,height,history,inflorescence,interjected,lateral,leaflet,length,life,lobing,midpoint,na,new,number,ovary,per,plant,prickle,primary,pseudostipule,ray,seed,shape,size,stem,surface,terminal,texture,thicknes,type,variation,width	0-1-3,0.3-0.5,1-3,1-4,1-8,1.5,10-25,15-35,2-3,2-5,2-7-lobed,2-8,2.5-22,20-30,3-10,3-5,4-25,4-5,4-7,abaxially,acuminate,acute,adaxially,apex,apiculate,basal,base,beyond,cm,connivent,cordate,cylindrical,dilated,distally,eglandular,ellipsoidal,entire,exserted,flattened,flower,forked,fruit,glabrous,glandular-puberulent,globose,green,hair,lanceolate,lobe,lobed,long,mm,narrowly,obtuse,occasionally,often,ovoid,pilose,pinnately,pubescent,purplish,rarely,rounded,rugose,simple,slightly,sometimes,sparsely,stamen,subcoriaceous,submarginally,tip,tree,triangular,truncate,unbranched,unequal,unknown,unlobed,vein,white,x,yellow	na
401	wfo-0001030581	success	187	132	97	96	91	36	79	18	1-4-celled,9,acute,along,angle,angled,anther,anthesi,apex,appressed,articulated,basal,base,berry,black,calyx,capitate,central,clustered,cm,conical,corolla,decurrent,densely,denser,diameter,ellipsoid,elliptic,entire,exserted,filament,flattened-reniform,flower,fruit,globose,green,growth,halfway,herb,inflorescence,intermodal,lateral,leaf,less,like,lobe,long,margin,maturity,minute,minutely,mm,near,new,occasionally,often,once-branched,ovary,ovate,pair,papillate,pedicel,peduncle,per,petiole,pitted,plant,portion,primary,pubescent,purplish,ridge,ripe,shallow,simple,slightly,somewhat,sparsely,spreading,stem,stigma,straight,style,surface,terete,third,translucent,trichome,tube,turning,uniseriate,vein,white,wide,yellow,yellowish	.3,.5,0.2–0.8,0.4–0.6,0.4–1.6,0.5,0.5–0.7,0.5–2.5,0.6–0.7,0.7–0.8,0.9–1,1,1.2–1.5,1.8–8,1–2,1–2-celled,1–2.5,1–4-celled,2,20–50,2–3-celled,35–45,3–4,3–5,4.5–12,4–7,4–9,5-merous,5–6,5–8,abaxial,abaxially,adaxial,adaxially,aggregate,apar,becoming,beyond,branched,bright,cell,cone,difoliate,drop,eaf,eed,florescence,free,fruiting,geminat,glabrous,individual,lacking,later,leave,live,lobed,lon,lower,markedly,narrowly,outline,pentagonal,perfect,rachi,reflexe,reflexed,remaining,rounded,ruit,scar,shiny,shorter,spaced,sprawlin,stellate,stone,strongly,tall,tangled,tem,testal,ud,unit,upper,usually,winged,woody,ympodial,–15,–5	0.2-0.8,0.4-1.6,0.5-2.5-5,0.6-0.7,0.9-1,1-2-celled,1-2.5,1.2-1.5,1.8-8,20-50,3-4,3-5,35-45,4-9,4.5-12-15,5-6,5-8,arrangement,bud,characteristic,colour,exertion,form,glabrousnes,height,history,length,life,lobing,na,number,seed,shape,size,texture,type	1-4-celled,9,acute,along,angle,angled,anthesi,appressed,articulated,basal,base,berry,black,calyx,capitate,central,clustered,cm,conical,decurrent,densely,denser,diameter,ellipsoid,elliptic,entire,exserted,flattened-reniform,flower,globose,green,halfway,herb,intermodal,lateral,leaf,less,like,lobe,long,maturity,minute,minutely,mm,near,occasionally,often,once-branched,ovate,pair,papillate,per,petiole,pitted,portion,pubescent,purplish,ridge,ripe,shallow,simple,slightly,somewhat,sparsely,spreading,stem,straight,terete,third,translucent,trichome,tube,turning,uniseriate,vein,white,wide,yellow,yellowish	0.2-0.8,0.4-1.6,0.5-2.5-5,0.6-0.7,0.9-1,1-2-celled,1-2.5,1.2-1.5,1.8-8,20-50,3-4,3-5,35-45,4-9,4.5-12-15,5-6,5-8,na
402	wfo-0001030583	success	166	127	89	102	64	25	85	4	.5,0.1-0.5,0.2-1,0.3-1,0.5-1,0.7-4.5,0.8-1,1,1-1.5,1-8,1/2,2.5,2.5-3,2.5-9,3-4,3/4,4-6,5-6,abaxially,acute,adaxially,anther,apex,bark,base,berry,calyx,cm,corolla,crisped,cultivar,deep,deflexed,dendritic,densely,dia,difoliate,ellipsoid,elliptic,erect,filament,flattened-reniform,flower,form,fruit,fruiting,glabrous,globose,golden,green,immature,included,incrassate,irregular,lateral,leaf,lobe,lobed,long,main,margin,minutely,mm,narrowly,often,opposite,orange-red,ovary,pair,pale,pedicel,petiole,pitted,plant,prostrate,pubescent,ripe,rounded,shaped,shrub,simple,size,small,small-capitate,soon,stem,stigma,stout,style,surface,tall,tan,tear-drop,trichome,tube,unit,vein,way,white,x,yellow,young	.2,0.4-2.7,0.9-3.5,1-2,1.5-4,5-7,6-7,abaxial,along,anthesi,ba,brow,cell,closely,conical,corky,cultivated,dark,differing,dry,eaf,edicel,eed,enlarged,especially,free,frui,geminat,leave,like,live,lon,long-rectangular,long-triangular,lower,major,midvein,minor,nflorescence,occasionally,older,outline,overlapping,papery,papillo,papillose,pericarp,planar,pore,poricidal,portion,rest,ruit,scar,spaced,spathulate,specimen,testal,thin,tip,ud,uniseriate,woody,ympodial	arrangement,brown,bud,characteristic,colour,diameter,exertion,geminate,glabrousnes,growth,height,history,inflorescence,length,life,lobing,na,new,peduncle,primary,seed,shape,sympodial,texture,type	.5,0.1-0.5,0.2-1,0.3-1,0.5-1,0.7-4.5,0.8-1,1,1-1.5,1-8,1/2,2.5,2.5-3,2.5-9,3-4,3/4,4-6,5-6,abaxially,acute,adaxially,base,berry,calyx,cm,crisped,cultivar,deep,deflexed,dendritic,densely,dia,difoliate,ellipsoid,elliptic,erect,flattened-reniform,flower,glabrous,globose,golden,green,immature,included,incrassate,irregular,lateral,leaf,lobe,lobed,long,main,margin,minutely,mm,narrowly,often,opposite,orange-red,pair,pale,pitted,prostrate,pubescent,ripe,rounded,shaped,shrub,simple,small,small-capitate,soon,stem,stout,tall,tan,tear-drop,trichome,unit,vein,way,white,x,yellow,young	brown,geminate,na,sympodial
403	wfo-0001030605	success	144	150	92	106	38	44	89	3	.4,.5,0.1,0.3-0.5,1,1-4,1.5-2,1.5-5.5,1.7,12-19-flowered,2,2-3,2.5,5-12.5,7,acute,almost,anther,anthesi,apex,apical,area,attenuate,base,berry,branch,branched,brown,calyx,cinereous,cm,commonly,conical,coriaceous,corolla,covered,cylindrical,dark,dendritic-echinoid,densely,dia,difoliate,dry,drying,ellipsoid,exerted,filament,fruiting,glabrate,glabrous,globose,gold,green,growth,inflorescence,leaf,less,light,lobe,long,margin,material,minutely,mm,nearly,new,obovate,obtuse,olive,ovary,ovoid-reniform,pedicel,peduncle,petiole,pitted,pubescent,rarely,reflexed,revolute,rounded,shaped,shiny,shrub,simple,slender,slightly,smooth,soon,sparesly,sparsely,stigma,style,surface,tear-drop,thickened,tinged,tip,trichome,tube,unifoliate,vein,way,white,woody,x,yellow	1/3-1/2,abaxially,adaxially,along,apart,ape,beginning,beneath,deflexed,eaf,edicel,eed,entire,free,geminat,inflorescenc,internodal,lobed,lower,midrib,nflorescence,occasionally,opposite,otherwise,ovate,overlapping,papillate,papillosefruit,pore,poricidal,portion,scar,scattered,somewhat,tub,ud,unit,ympodial	appearance,arrangement,bark,border,bud,characteristic,colour,corrugation,diameter,distal,exertion,form,fruit,geminate,giving,glabrousnes,height,history,interjected,lateral,leaflet,length,life,lobing,midpoint,na,number,papillose,per,plant,prickle,primary,pseudostipule,ray,seed,shape,size,stem,terminal,texture,thicknes,type,variation,width	.4,.5,0.1,0.3-0.5,1,1-4,1.5-2,1.5-5.5,1.7,12-19-flowered,2,2-3,2.5,5-12.5,7,acute,almost,anthesi,apex,apical,area,attenuate,base,berry,branch,branched,brown,calyx,cinereous,cm,commonly,conical,coriaceous,covered,cylindrical,dark,dendritic-echinoid,densely,dia,difoliate,dry,ellipsoid,exerted,glabrate,glabrous,globose,gold,green,less,light,lobe,long,material,minutely,mm,nearly,obovate,obtuse,olive,ovoid-reniform,pitted,pubescent,rarely,reflexed,revolute,rounded,shaped,shiny,shrub,simple,slender,slightly,smooth,soon,sparesly,sparsely,style,tear-drop,thickened,tinged,tip,trichome,tube,unifoliate,way,white,woody,x,yellow	geminate,na,papillose
404	wfo-0001030624	success	170	146	92	104	66	42	89	3	.5,0.5,0.9-1,1-3,1.2-1.8,1.2-2,1.5-2,2,2-10,2-3,2.5-5.5,25-40-flowered,3,3-3.5,3.5-4,6-13,7-9,acute,anther,apex,attenuate,axil,bark,base,berry,branch,calyx,clavate,cm,corolla,decurrent,dia,distal,ellipsoid,elliptic,except,exserted,extreme,falcate,filament,flattened-reniform,fruiting,furcate,glabrate,glabrous,glandular,globose,green,hyaline,large,later,lateral,leaf,lobe,long,main,margin,middle,minutely,mm,narrowly,nearly,occasionally,one,opposite,ovary,pair,pale,papillose,pedicel,petiole,pitted,puberulent,remaining,short,shrub,simple,size,slender,slightly,small,soon,stem,stigma,straight,style,surface,tapering,three,tip,tree,trichome,tube,tuft,two,uniseriate,vein,white,widest,x,yellow,yellowish,yellowish-green,yellowish-grey	.25,0.5-1,0.5-1.5,4.5-8,anthesi,apart,apiculate,appearing,ba,beginning,caly,cell,deflexed,differing,difoliate,dimorphic,dry,eaf,edicel,eed,end,erect,expanded,free,geminat,greyish,incrassate,inflorescenc,like,lobed,lon,longitudinally,lower,major,material,midrib,minor,near,nflorescence,older,outer,planar,pore,poricidal,portion,prominent,raised,round,rugo,ruit,scar,shining,somewhat,spaced,square,tall,thickened,ti,trunk,ud,unevenly,unit,wall,woody,ympodial,young	appearance,arrangement,border,bud,characteristic,colour,corrugation,diameter,drying,exertion,form,fruit,giving,glabrousnes,growth,height,history,inflorescence,interjected,leaflet,length,life,lobing,midpoint,na,new,number,peduncle,per,plant,prickle,primary,pseudostipule,ray,seed,shape,terminal,texture,thicknes,type,variation,width	.5,0.5,0.9-1,1-3,1.2-1.8,1.2-2,1.5-2,2,2-10,2-3,2.5-5.5,25-40-flowered,3,3-3.5,3.5-4,6-13,7-9,acute,anther,attenuate,axil,base,berry,calyx,clavate,cm,decurrent,dia,ellipsoid,elliptic,except,exserted,extreme,falcate,flattened-reniform,furcate,glabrate,glabrous,glandular,globose,green,hyaline,large,later,lateral,leaf,lobe,long,main,middle,minutely,mm,narrowly,nearly,occasionally,one,opposite,pair,pale,papillose,petiole,pitted,puberulent,remaining,short,shrub,simple,slender,slightly,small,soon,straight,tapering,three,tip,tree,trichome,tube,tuft,two,uniseriate,vein,white,widest,x,yellow,yellowish,yellowish-green,yellowish-grey	.2-2,di,na
405	wfo-0001030638	success	177	118	77	90	87	28	73	4	0.5-1,0.5-1.5,0.7-1.5,1-1.2,1-1.5,1.4-1.7,1.6-2.2,2-3,2-5,2-7-flowered,3-10,3-13,8,8-11,8-9,acute,anther,anthesi,apex,apically,bark,base,berry,broadly,bud,calyx,cm,corolla,cup-shaped,deflexed,densely,dia,difoliate,elliptic,filament,flattened,fruit,fruiting,geminate,glabrate,glabrous,glandular,globose,green,inflorescence,later,lateral,leaf,lobed,long,main,margin,minutely,mm,nearly,obovate,occasionally,open,opposite,ovary,pair,pale,papillose,pedicel,petiole,poricidal,red,red-glandular,reddish,rugose,seed,shape,shrub,simple,size,stem,stigma,style,surface,tapering,terminal,thickening,tip,tree,tube,unit,vein,white,x,young	0.1,0.5,0.5-0.7,0.5-2,1-2,1.5-2,2.5-4,4-6,along,appear,appearing,axi,axil,ba,beginning,beneath,blade,branched,closely,conspicuously,corky,cucullate,deltoid,differing,dry,eaf,eed,entire,erect,exfoliating,extending,fleshy,free,geminat,gre,impressed,irregular,known,lamina,large,less,like,lobe,lon,lower,major,material,middle,minor,near,nflorescence,often,older,one,overlapping,ovoi,paler,papillae,papillo,persistent,planar,pore,portion,present,prominent,rather,rest,roundish,ruit,scar,shaped,soon,spaced,speciman,straight,tall,tear-drop,thick,thickened,transversely,trichome,uniseriate,usually,wall,widest,woody,ympodial	arrangement,branch,characteristic,colour,corrugation,diameter,drying,exertion,form,glabrousnes,grey,growth,height,history,length,life,lobing,na,new,number,ovoid,peduncle,per,plant,primary,sympodial,texture,type	0.5-1,0.5-1.5,0.7-1.5,1-1.2,1-1.5,1.4-1.7,1.6-2.2,2-3,2-5,2-7-flowered,3-10,3-13,8,8-11,8-9,acute,anthesi,apically,base,berry,broadly,calyx,cm,cup-shaped,deflexed,densely,dia,difoliate,elliptic,flattened,geminate,glabrate,glabrous,glandular,globose,green,later,lateral,leaf,lobed,long,main,minutely,mm,nearly,obovate,occasionally,open,opposite,pair,pale,papillose,poricidal,red,red-glandular,reddish,rugose,shrub,simple,stem,style,surface,tapering,terminal,thickening,tip,tree,tube,unit,vein,white,x,young	grey,na,ovoid,sympodial
406	wfo-0001030661	success	180	154	114	128	52	26	111	3	.5,0,0.5-0.6,0.5-2,0.7-0.8,1-1.2,1-1.2-7,1-1.4,1-1.5,1.5-7,12-16-24,2-2.5,2-3-20,3-3.5,4-15,5-5.5,50-100+,acute,along,anther,anthesi,apex,articulated,attenuate,base,berry,branch,branched,brown,calyx,capitate,cell,cm,connivent,corolla,densely,denser,diameter,drying,ellipsoid,elliptic,entire,erect,exserted,extending,filament,flattened,flower,fruiting,glabrescent,glabrous,globose,growth,inflorescence,insertion,lamina,lateral,leaf,lobed,long,loosely,lower,many,margin,mature,membranous,midrib,minute,minutely,mm,narrowly,near,new,nodding,occasionally,onto,pair,pale,pedicel,peduncle,per,petiole,pitted,point,poricidal,primary,pubescent,rectangular,red,reddish,reniform,scattered,shrub,simple,sleeve,slender,slightly,small,sparsely,stellate,stem,stigma,strongly,style,surface,tangled,terminal,testal,time,tinged,tip,tree,trichome,tube,uniseriate,upper,usually,vein,violet,way,white,winged,woody,x,yellow,yellowish,½,¾	.2,0.5-0.75,1-.,1-1.3,1.5-2,3-4,4-6,5-10,5-merou,ag,alyx,ark,brow,clustered,conical,dar,deltate,eaf,eed,em,erec,free,glabrou,group,ilament,lengthening,lobe,lon,never,nflorescence,older,orolla,otherwise,papillo,perfect,pericarp,planar,platform,plurifoliat,pore,portion,ruit,scar,shiny,slit,spreading,thin,twinin,ud,unit,vary,ympodial	1-5,arrangement,bark,bud,characteristic,colour,corrugation,exertion,form,fruit,glabrousnes,height,history,length,life,lobing,na,number,ovary,papillose,plant,seed,shape,size,texture,type	.5,0,0.5-0.6,0.5-2,0.7-0.8,1-1.2,1-1.2-7,1-1.4,1-1.5,1.5-7,12-16-24,2-2.5,2-3-20,3-3.5,4-15,5-5.5,50-100+,acute,along,anthesi,articulated,attenuate,base,berry,branched,brown,calyx,capitate,cell,cm,connivent,densely,denser,diameter,drying,ellipsoid,elliptic,entire,erect,exserted,extending,flattened,flower,glabrescent,glabrous,globose,insertion,lamina,lateral,lobed,long,loosely,lower,many,mature,membranous,midrib,minute,minutely,mm,narrowly,near,nodding,occasionally,onto,pair,pale,per,pitted,point,poricidal,pubescent,rectangular,red,reddish,reniform,scattered,shrub,simple,sleeve,slender,slightly,small,sparsely,stellate,stem,strongly,surface,tangled,terminal,testal,time,tinged,tip,tree,trichome,tube,uniseriate,upper,usually,vein,violet,way,white,winged,woody,x,yellow,yellowish,½,¾	1-5,na,papillose
407	wfo-0001030676	success	219	144	97	110	109	34	92	5	0.4,1-1.2,1-3,1.1-1.4,1.2-1.3,1.7-2,14-17,16,19-35,2.1-2.6,2.2-5.7,3-6,4-6,7-8,7-9,8-10,8-12,abaxially,abruptly,acute,adaxially,angled,anther,anthesi,apart,apex,appressed-tomentose,articulated,bark,base,becoming,berry,blunt-tipped,branch,branched,brown,bud,calyx,closely,cm,conical,continued,corolla,deltoid,diameter,dichotomously,due,elongate,entire,exserted,filament,finely,fleshy,fruit,globose,granular-tomentose,green,greenish,grooved,growth,honeycombed,lateral,leaf,length,lobe,longitudinally,margin,midvein,minutely,mm,oblique,oblong,oblong-elliptic,often,openly,ovate-lanceolate,pedicel,peduncle,petiole,probably,pseudo-terminal,pulverulent,ray,reniform,reticulate-punctate,ripe,scabrous,short-attenuate,shrub,side,simple,small,somewhat,spaced,stem,stigma,strongly,style,subcampanulate,subglobose,suborbicular,terete,tree,vein,velutinous,white,whitish,x,yellow,yellowish	-2.5,-3.9,-8.5,/10-1/5,0-100,0.6-1.2-1.6,1,1.1-1.9,1.3-1.5,1/4,11-14,2.1-2.3,2.4-3.1,2.5-5.5,2.75-3.25,3-3.5,3-5,4-6.5,7-10,along,apical-lateral,apparently,appearing,axillary,ba,blade,chartaceous,crown,cylindrical,dehiscing,densely,eaf,echinoi,echinoid,eed,except,flat-topped,flower,forming,free,glabrescen,glabrescent,glabrous,hair,high,horizontal,initially,inserted,introrse,lackin,lamina,large,lengthen,lined,lobed,long,longitudinal,lower,main,midvei,minute,moderately,mostly,multangulate,nearly,nflorescence,obtuse,occasional,older,opening,orolla,ovate,parallel,perfect,plurifoliate,pore,pubescent,rachi,rather,ridged,ruit,runk,scattered,sessile,short-stalked,slit,sparsely,spreading,stellate,stellate-pubescent,subcapitat,tamen,tending,testa,thick,thin,time,tip,tomentose,tube,tuft,unarme,unit,usually,vary,way,wide,ympodial,young	3-3.9,appearance,arrangement,border,characteristic,colour,exertion,form,giving,glabrousnes,height,history,inflorescence,life,lobing,midpoint,na,new,ovary,perennial,plant,prickle,primary,seed,shape,size,subcapitate,surface,texture,thicknes,type,unarmed,variation,width	0.4,1-1.2,1-3,1.1-1.4,1.2-1.3,1.7-2,14-17,16,19-35,2.1-2.6,2.2-5.7,3-6,4-6,7-8,7-9,8-10,8-12,abaxially,abruptly,acute,adaxially,angled,anthesi,apart,apex,appressed-tomentose,articulated,base,becoming,berry,blunt-tipped,branched,brown,calyx,closely,cm,conical,continued,deltoid,diameter,dichotomously,due,elongate,entire,exserted,finely,fleshy,globose,granular-tomentose,green,greenish,grooved,growth,honeycombed,lateral,longitudinally,midvein,minutely,mm,oblique,oblong,oblong-elliptic,often,openly,ovate-lanceolate,probably,pseudo-terminal,pulverulent,reniform,reticulate-punctate,ripe,scabrous,short-attenuate,shrub,side,simple,small,somewhat,spaced,stem,strongly,subcampanulate,subglobose,suborbicular,terete,tree,velutinous,white,whitish,x,yellow,yellowish	3-3.9,na,perennial,subcapitate,unarmed
408	wfo-0001030686	success	182	143	83	105	77	38	81	2	.2,.5,1-1.1,1-1.2,1-1.5,1-2,1.2-1.5,1.5-2,1.5-4.5,1.6-3,15,2-2.5,2-3,2-6.5,2.5-4,2.5-8,3-3.5,5-12,5-25,5-30,5-6,8-9,abruptly,acuminate,acute,anther,apex,bark,basal,base,berry,bifid,black,branched,brown,c.,calyx,cm,conical,corolla,cup-shaped,dark,darker,deeply,densely,diameter,drying,elliptic,entire,erect,filament,flattened,flower,form,fruit,fruiting,glabrous,globose,half,height,internodal,leaf,leaf-opposed,lepidote,less,lilac,lobe,long,margin,maturity,mm,oblique,orange,ovary,pair,pale,pedicel,peduncle,petiole,pitted,plant,poricidal,primary,pubescent,purple,seed,shallowly,shiny,short,simple,spreading,stem,stigma,style,surface,time,tip,tree,tube,uniformly,usually,vein,way,x,yellow	.5-1,0.5-1,1972,?,abaxially,aborted,adam,adaxially,age,anthesi,apart,beneath,breast,brittle,bu,centre,closely,denser,different,difoliate,discolorous,dry,eaf,edicel,eed,empty,exerted,fide,fragrant,free,geminat,glabrescen,golden,heteromorphic,lamina,lengthening,lobed,lower,many,midrib,midvein,minutely,nflorescence,noddin,older,overlapping,paler,papillae,papillose,pericarp,planar,pore,portion,pubescen,rachi,ruit,scar,scarious,shallow,slightly,slit,somewhat,space,spaced,sparsely,stellate,strongly,styl,thin,tissue,trichome,ud,unit,visible,woody,ympodial,–	appearance,arrangement,border,branch,bud,characteristic,colour,corrugation,distal,exertion,giving,glabrousnes,growth,history,inflorescence,interjected,lateral,leaflet,length,life,lobing,mentioned,midpoint,na,new,number,per,prickle,pseudostipule,ray,shape,size,terminal,texture,thicknes,type,variation,width	.2,.5,1-1.1,1-1.2,1-1.5,1-2,1.2-1.5,1.5-2,1.5-4.5,1.6-3,15,2-2.5,2-3,2-6.5,2.5-4,2.5-8,3-3.5,5-12,5-25,5-30,5-6,8-9,abruptly,acuminate,acute,apex,basal,base,berry,bifid,black,branched,brown,c.,cm,conical,cup-shaped,dark,darker,deeply,densely,diameter,elliptic,entire,erect,flattened,flower,glabrous,globose,half,internodal,leaf-opposed,lepidote,less,lilac,lobe,long,maturity,mm,oblique,orange,pair,pale,pitted,poricidal,pubescent,purple,shallowly,shiny,short,simple,spreading,style,time,tip,tree,uniformly,usually,way,x,yellow	mentioned,na
409	wfo-0001030709	success	214	127	85	102	112	25	80	5	-9,0.3-1.5,0.7-1,1-1.2,1-1.6,1-4.5,1-6,1.3-1.4,1.6-2.1,1.9-2.8,1/2-2/3,1/3-1/2,1/4,10-14,2-6,2.3-3,5-20,6-21,7-9,8-11,8-15,acuminate,acute,anther,apart,apex,apically,articulated,bark,base,berry,bright,calyx,chartaceous,cm,conical,connivent,cordate,diameter,dull,elliptic,elongating,erect,filament,finely,flattened-reniform,fruit,glabrous,inflorescence,lateral,leaf,length,lobe,lobed,lobing,long,margin,mature,maturity,mauve,mm,moderately,narrow-deltate,orange-brown,pair,pedicel,peduncle,per,perpendicular,petiole,pitted,poricidal,prickle,prickly,primary,purple,red-green,red-orange,seed,shrub,simple,size,spaced,sparsely,spherical,spreading,stellate-pubescent,stem,straight,style,surface,tapering,terminal,tip,truncate,tube,upper,vein,way,wide,yellow,yellow-green	0-2,0-2-8,0-20,0-30,0-5,0.1-0.2,0.15-0.5,0.2-0.5,0.4,0.8-4,0.9-1.5,1.4-2,1/4-1/3,10-50,2-4,2-5,2/3-3/4,3-5-9,4-5-merous,5-10,5-6,5-7,6-10,6-7,6-8,7-8,abaxially,adaxially,almost,alyx,ame,apar,ape,apparently,blade,branched,broad-deltate,brow,c.,cuspidate,deltate,discolorous,distance,drying,eaf,edge,eed,equal,extending,flower,free,fruiting,glabrescent,increasing,infructescence,lanceolate,lengt,lon,long-acuminat,longer,lower,middle,midpoint,midvein,nflorescence,occasionally,often,older,one,open,orolla,oung,pendulous,perfect,pericarp,pit,plurifoliat,porrect,portion,prickl,ray,reflexed,retrorse,rounded,ruit,scar,secondary,short-styled,shorter,side,slender,smooth,sometimes,stalk,stalked,stellate,tamen,terete,tertiary,time,toward,trichome,unarmed,unit,usually,variously,vary,venation,visible,weakly,woody,ympodial	20-30,arrangement,branch,brown,characteristic,colour,corolla,exertion,form,glabrousnes,growth,height,history,life,long-acuminate,na,new,number,ovary,perennial,plant,shape,texture,type,width	-9,0.3-1.5,0.7-1,1-1.2,1-1.6,1-4.5,1-6,1.3-1.4,1.6-2.1,1.9-2.8,1/2-2/3,1/3-1/2,1/4,10-14,2-6,2.3-3,5-20,6-21,7-9,8-11,8-15,acuminate,acute,apart,apically,articulated,base,berry,bright,chartaceous,cm,conical,connivent,cordate,diameter,dull,elliptic,elongating,erect,finely,flattened-reniform,fruit,glabrous,lateral,length,lobed,long,mature,maturity,mauve,mm,moderately,narrow-deltate,orange-brown,pair,perpendicular,pitted,poricidal,prickly,purple,red-green,red-orange,shrub,simple,spaced,sparsely,spherical,spreading,stellate-pubescent,stem,straight,tapering,terminal,tip,truncate,upper,way,wide,yellow,yellow-green	20-30,brown,long-acuminate,na,perennial
410	wfo-0001030714	success	177	157	117	131	46	26	114	3	.2,/3,0.1-0.3,0.5,0.5-0.8,0.5-1.9-3,0.7-0.8,1-2.5,1.2-1.5,1.2-4,1.4-3.5,1/3,2-2.5,2-2.6,20,3-7,5-100,5-6,7-17,>,acuminate,acute,adaxially,age,aid,along,anther,apex,articulating,bark,basal,base,becoming,beneath,berry,blue,blue-black,branching,calyx,clavate,cm,conical,cordate,corolla,dark,denser,diameter,ellipsoid,elliptic,entire,especially,except,exserted,filament,flattened,flower,fruit,glabrous,globose,gradually,greyish,growth,herbaceous,joined,leaf-opposed,leaving,lengthening,liana,like,lobed,long,many,margin,membranous,midrib,minute,minutely,mm,narrowly,new,node,ob-ellipsoid,ob-elliptic,oblique,occasionally,ovary,overall,pair,pale,papillate,pedicel,peduncle,peg,per,petiole,pitted,pore,poricidal,primary,prominent,pubescent,reniform,ripe,shape,simple,slightly,slit,sparsely,stellate,stem,stigma,strongly,style,submarginal,surface,tapering,terminal,time,tip,trichome,truncate,tube,twining,uniseriate,vein,vine,violet,way,woody,x,yellow	.5,0.3-0.4,0.8-1,1-1.2,1-1.3,1-1.5,1.5-2,3-3.5,abaxial,abaxially,anthesi,apar,campanulate,climbin,cup,densely,eaf,eed,fide,free,grading,gree,howard,lobe,lower,narrow,nflorescence,nodding,older,paler,papillat,pedice,perfect,planar,plurifoliat,portion,quadrate,ruit,scar,spaced,thickened,tub,ud,unit,widely,ympodial	arrangement,branch,bud,characteristic,climbing,colour,corrugation,drying,exertion,form,glabrousnes,green,height,history,inflorescence,leaf,length,life,lobing,na,number,plant,seed,size,texture,type	.2,/3,0.1-0.3,0.5,0.5-0.8,0.5-1.9-3,0.7-0.8,1-2.5,1.2-1.5,1.2-4,1.4-3.5,1/3,2-2.5,2-2.6,20,3-7,5-100,5-6,7-17,>,acuminate,acute,adaxially,age,aid,along,articulating,basal,base,becoming,beneath,berry,blue,blue-black,branching,calyx,clavate,cm,conical,cordate,dark,denser,diameter,ellipsoid,elliptic,entire,especially,except,exserted,flattened,flower,glabrous,globose,gradually,greyish,herbaceous,joined,leaf-opposed,leaving,lengthening,liana,like,lobed,long,many,membranous,midrib,minute,minutely,mm,narrowly,node,ob-ellipsoid,ob-elliptic,oblique,occasionally,overall,pair,pale,papillate,peg,pitted,pore,poricidal,prominent,pubescent,reniform,ripe,shape,simple,slightly,slit,sparsely,stellate,stem,strongly,submarginal,surface,tapering,terminal,time,tip,trichome,truncate,tube,twining,uniseriate,vein,vine,violet,way,woody,x,yellow	climbing,green,na
411	wfo-0001030733	success	130	113	72	80	50	33	67	5	.5,/4,1-1.2,1-1.5,1-2,1.5-5,1.7-2.7,2-2.5,3-4,3-5,4-15,5-8-flowered,6-7,6-9,abaxially,acuminate,acute,adaxially,anther,apex,bark,base,berry,bi-lobed,broadly,brown,calyx,capitate,cm,conical,coriaceous,corolla,dark,decurrent,densely,dia,ellipsoid,elliptic,erect,exserted,filament,fruiting,glabrous,globose,green,later,lateral,leaf,long,main,margin,minutely,mm,moderately,narrowly,onto,ovary,ovoid-reniform,pair,pedicel,petiole,pubescent,shaped,shrub,simple,smooth,somewhat,stem,stigma,strongly,style,surface,tear-drop,thick,treelet,tube,vein,way,white,x	0.5-1,4.5-5,?,along,anthesi,ape,clearly,closely,deltate,denser,eaf,eed,elongate,embryo,free,grayish-brow,lamina,like,lobe,lobed,lon,lower,middle,nflorescence,older,opposite,overlappin,papillo,planar,pore,poricidal,portion,rounded,ruit,scar,spaced,sparsely,tall,testa,tip,trichome,ud,unifoliat,uniseriate,unit,visible,widest,woody,ympodial,young	0.5,arrangement,branch,bud,characteristic,colour,corrugation,diameter,drying,exertion,form,fruit,glabrousnes,grayish-brown,growth,height,history,inflorescence,length,life,lobing,na,new,peduncle,perennial,plant,primary,seed,shape,size,texture,type,unifoliate	.5,/4,1-1.2,1-1.5,1-2,1.5-5,1.7-2.7,2-2.5,3-4,3-5,4-15,5-8-flowered,6-7,6-9,abaxially,acuminate,acute,adaxially,apex,base,berry,bi-lobed,broadly,brown,calyx,capitate,cm,conical,coriaceous,dark,decurrent,densely,dia,ellipsoid,elliptic,erect,exserted,glabrous,globose,green,later,lateral,long,main,minutely,mm,moderately,narrowly,onto,ovoid-reniform,pair,petiole,pubescent,shaped,shrub,simple,smooth,somewhat,strongly,tear-drop,thick,treelet,tube,vein,way,white,x	0.5,grayish-brown,na,perennial,unifoliate
412	wfo-0001030772	success	154	138	79	96	58	42	75	4	.2,.25,.5,0.2-0.8-2,0.25-0.5,0.75-1,0.9-1,1-2,1-2.5,1.4-1.6,1.5-2,3-3.5,3-5,4.2-6.5,5-10-flowered,5-6,8-10,9-15,acuminate,anther,anthesi,apex,attenuate,bark,base,becoming,beneath,berry,branch,bud,calyx,capitate,cm,corolla,dark,deflexed,dia,ellipsoid,elliptic,extreme,filament,fruit,fruiting,gently,glabrous,globose,green,grey,later,lateral,leaf,lenticellate,lobe,lobed,long,long-acuminate,main,margin,minutely,mm,nearly,occasionally,ovary,ovoid-reniform,pair,pale,paler,papillose,pedicel,per,petiole,pitted,pore,poricidal,reflexed,shape,shaped,shining,shrub,simple,size,slender,soon,stem,stigma,style,surface,tan,tapering,tear-drop,tip,tube,vein,white,x,young	.05,0.5-1,0.9-3.1,1.2-5,2-7,acute,archin,ba,beginning,closely,differing,difoliate,eaf,edicel,eed,erect,free,geminat,impressed,inflorescenc,large,lon,long-triangular,lower,major,methyl,middle,minor,nflorescence,node,older,one,opposite,overlapping,papillo,portion,prominent,ripe,rounded,ruit,salicylate,scar,slightly,smelling,spaced,straight,strongly,swollen,tall,trichome,ud,uniseriate,unit,usually,widest,wintergreen,woody,ympodial	alternate,appearance,arching,arrangement,border,characteristic,colour,corrugation,diameter,distal,drying,exertion,form,giving,glabrousnes,growth,height,history,inflorescence,interjected,leaflet,length,life,lobing,midpoint,na,new,number,peduncle,perennial,plant,prickle,primary,pseudostipule,ray,seed,terminal,texture,thicknes,type,variation,width	.2,.25,.5,0.2-0.8-2,0.25-0.5,0.75-1,0.9-1,1-2,1-2.5,1.4-1.6,1.5-2,3-3.5,3-5,4.2-6.5,5-10-flowered,5-6,8-10,9-15,acuminate,anthesi,attenuate,base,becoming,beneath,berry,bud,calyx,capitate,cm,dark,deflexed,dia,ellipsoid,elliptic,extreme,gently,glabrous,globose,green,grey,later,lateral,lenticellate,lobed,long,long-acuminate,main,minutely,mm,nearly,occasionally,ovoid-reniform,pair,pale,paler,papillose,pitted,pore,poricidal,reflexed,shaped,shining,shrub,simple,slender,soon,tan,tapering,tear-drop,tip,tube,vein,white,x,young	alternate,arching,na,perennial
413	wfo-0001030781	success	213	159	102	119	94	40	100	2	0-5,0.2-4,0.5-6,0.5-8,1-2,1-8,1.5-12,1.5-2,1.5-9,1.6-2.2,10-40,15-35,2-20,2.5-14,2.5-3.5,3-4,5-6,5-7,7.5-9,abaxially,adaxially,anther,apex,apiculate,axillary,base,berry,brown,brownish,bud,cell,chartaceous,cm,condition,connivent,corolla,covering,dark,decurrent,deep,diameter,distal,dot,drying,filament,forked,fresh,fruit,generally,glabrous,glandular,globose,gray-green,green,green-white,greenish,hair,hair-like,half,herb,interjected,lanceolate,lateral,leaf,leaflet,light,like,lobe,long,make,margin,membranous,mm,mucilaginous,odd-pinnate,ovate,ovate-lanceolate,ovoid,papillose,pedicel,peduncle,petiole,pilose,plant,pointed,pubescent,purple,rachi,rarely,rounded,scattered,seed,simple,size,slightly,small,sometimes,somewhat,sparsely,stem,stigma,style,subovoid,subtending,terminal,testal,thick,throughout,tube,typically,unwinged,usually,violet,wall,wet,white,whitish,wide,x	1-1.5,1-10,1-12,1-4,2-3,3-6,4-15,5-8,5-merou,6-7,abruptly,acumen,ag,along,alyx,apart,apparently,articulated,axe,blade,borne,broadly,caly,capitat,ciliate,cuneate,decreasing,densely,digestion,dorsally,eaf,edge,eed,elliptic,end,enzyme,erect,especially,exceeding,finely,flat,flower,folded,geminat,glabrou,gradually,high,homostylous,honeycomb-shaped,larger,lengthening,living,low-growin,lower,midrib,minutely,narrowed,nflorescence,obovate,orbicular,orolla,pair,pentagonal,perfect,petiolulate,plurifoliate,pore,poricidal,puberulent,removed,rotate-pentagonal,ruit,sessile,seudostipule,short,singly,slit,spaced,specimen,stamen,ste,stolo,straight,tall,tamen,tem,tip,toward,tri-,tuber,unit,vary,yellow,ympodial	appearance,arrangement,bark,border,branch,calyx,capitate,characteristic,colour,corrugation,exertion,form,fruiting,giving,glabrousnes,growth,height,history,inflorescence,length,life,lobing,midpoint,na,new,number,ovary,per,prickle,primary,pseudostipule,ray,shape,surface,texture,thicknes,type,variation,vein,width	0-5,0.2-4,0.5-6,0.5-8,1-2,1-8,1.5-12,1.5-2,1.5-9,1.6-2.2,10-40,15-35,2-20,2.5-14,2.5-3.5,3-4,5-6,5-7,7.5-9,abaxially,adaxially,apiculate,axillary,berry,brown,brownish,bud,cell,chartaceous,cm,condition,connivent,covering,dark,decurrent,deep,distal,dot,drying,forked,fresh,generally,glabrous,glandular,globose,gray-green,green,green-white,greenish,hair,hair-like,half,herb,lanceolate,lateral,light,like,long,make,membranous,mm,mucilaginous,odd-pinnate,ovate,ovate-lanceolate,ovoid,papillose,pilose,plant,pointed,pubescent,purple,rachi,rarely,rounded,scattered,seed,simple,slightly,small,sometimes,somewhat,sparsely,stem,subovoid,subtending,terminal,testal,thick,throughout,typically,unwinged,usually,violet,wall,wet,white,whitish,wide,x	capitate,na
414	wfo-0001030782	success	198	154	96	112	86	42	94	2	0-1,0-7,0.4-1.5,1-2,1.2-3.9,1.3-1.6,1.5-2,1.5-7.5,1.6-4.6,11-47,13-22,15,2,2.2-4,2.4-11.5,3-10,4-11.6,4.6-26,5-20,6-8,abaxially,acumen,acuminate,acute,adaxially,anther,apex,attenuate,axillary,base,berry,broadly,brownish,bud,cell,clavate,cm,condition,connivent,coriaceous,corolla,covering,dark,deep,diameter,distal,drying,elliptic,filament,forked,fresh,fruit,generally,glabrescent,glabrous,globose,green,green-white,greenish,hair,hair-like,half,herb,interjected,lanceolate,lateral,leaf,leaflet,light,lilac,lobe,long,make,medium,mm,mottled,mucilaginous,odd-pinnate,ovate,ovoid,pedicel,peduncle,petiole,petiolulate,plant,poricidal,purple,ripe,rounded,scarce,seed,sessile,short,size,stigma,style,subtending,terminal,testal,thick,throughout,tip,tube,usually,wall,wet,white,whitish,wide,winged,x,yellow	1-3,1-5,1-6,12-30,2-3,3-5,4-6,5-merou,7-15.6,abaxiall,ag,along,alyx,apart,apparently,arranged,articulated,asymmetric,axe,basiscopic,bead,blade,capitat,cuneate,decreasing,digestion,dorsally,eaf,edge,eed,enzyme,exceeding,flat,flower,folded,geminat,glabrou,hal,high,homostylous,honeycomb-shaped,inconspicuous,lengthening,like,living,lower,moniliform,multiple,necklace,nflorescence,orbicular,orolla,pair,pentagonal,perfect,plurifoliate,pore,prominently,rachi,removed,rotate,ruit,second,seudostipule,side,slit,smaller,sometimes,spaced,specimen,stamen,stolon,straight,subequal,tal,tamen,tem,tissue,totally,toward,tri-,tuber,typically,unit,vary,ympodial	appearance,arrangement,bark,border,branch,calyx,capitate,characteristic,colour,corrugation,exertion,form,fruiting,giving,glabrousnes,growth,height,history,inflorescence,length,life,lobing,margin,midpoint,na,new,number,ovary,per,prickle,primary,pseudostipule,ray,shape,stem,surface,texture,thicknes,type,variation,vein,width	0-1,0-7,0.4-1.5,1-2,1.2-3.9,1.3-1.6,1.5-2,1.5-7.5,1.6-4.6,11-47,13-22,15,2,2.2-4,2.4-11.5,3-10,4-11.6,4.6-26,5-20,6-8,abaxially,acumen,acuminate,acute,adaxially,attenuate,axillary,berry,broadly,brownish,bud,cell,clavate,cm,condition,connivent,coriaceous,covering,dark,deep,distal,drying,elliptic,forked,fresh,generally,glabrescent,glabrous,globose,green,green-white,greenish,hair,hair-like,half,herb,lanceolate,lateral,light,lilac,long,make,medium,mm,mottled,mucilaginous,odd-pinnate,ovate,ovoid,petiolulate,plant,poricidal,purple,ripe,rounded,scarce,seed,sessile,short,subtending,terminal,testal,thick,throughout,tip,usually,wall,wet,white,whitish,wide,winged,x,yellow	capitate,na
415	wfo-0001030802	success	171	129	72	87	84	42	69	3	.3,.5,0,0.5-0.75,0.5-1,0.9-1,1,1-1.1,1-1.2,2-3,2-5,2.5-3,3-4,3-6,4-6,5-10-flowered,acuminate,acute,anther,apex,bark,base,berry,brown,bud,calyx,cm,cordate,corolla,deeply,densely,dia,difoliate,exerted,filament,filiform,flattened-reniform,fruit,fruiting,glabrous,glandular,globose,halfway,heart-shaped,lateral,leaf,length,lobe,lobed,long,long-triangular,main,margin,minutely,mm,ovary,ovoid,pair,pale,papillate,pedicel,per,petiole,pitted,plant,pubescent,red,reddish,shaped,shrub,simple,somewhat,soon,stem,stigma,style,subshrub,surface,tapering,tear-drop,tube,unifoliate,vein,white,x,yellow,yellowish	.5mm,0.25-0.4,0.5-1.5,0.7-1cm,0.75-1,1-1.5,2-2.5,3-3.5x,4-5mm,abaxially,abrupt,adaxially,along,anthesi,appearing,basal,becoming,beginning,beneath,campanulate,cucullate,deflexed,denser,dry,eaf,edicel,eed,ellipsoid,evenly,except,exudate,free,geminat,gland,glandurla,hanging,incrassate,inflorescenc,internodal,invest,irregularly,lamina,later,line,live,lower,m.,markedly,material,midvein,near,nflorescence,obconic,older,palmate,papillose,persistently,pore,poricidal,portion,prominent,pubescen,raised,ruit,scar,single-celled,slender,spaced,specimen,stigm,straight,strongly,tip,tipped,trichoem,trichome,ud,uniseriate,unit,variable,widely,woody,ympodial,young	0.7-1,4-5,appearance,arrangement,border,branch,characteristic,colour,corrugation,diameter,distal,drying,exertion,form,giving,glabrousnes,growth,height,history,inflorescence,interjected,leaflet,life,lobing,midpoint,na,new,number,peduncle,prickle,primary,pseudostipule,ray,seed,shape,size,terminal,texture,thicknes,type,variation,width	.3,.5,0,0.5-0.75,0.5-1,0.9-1,1,1-1.1,1-1.2,2-3,2-5,2.5-3,3-4,3-6,4-6,5-10-flowered,acuminate,acute,base,berry,brown,calyx,cm,cordate,deeply,densely,dia,difoliate,exerted,filiform,flattened-reniform,fruit,glabrous,glandular,globose,halfway,heart-shaped,lateral,lobe,lobed,long,long-triangular,main,minutely,mm,ovoid,pair,pale,papillate,per,pitted,pubescent,red,reddish,shaped,shrub,simple,somewhat,soon,subshrub,surface,tapering,tear-drop,unifoliate,vein,white,x,yellow,yellowish	0.7-1,4-5,na
416	wfo-0001030809	success	154	102	40	56	98	46	37	3	1.2-1.4,1.4-1.5,1.5-3.5,2-2.5,4.5-5,6-8,8,9.9-12,acute,anther,apex,bark,base,berry,calyx,clavate,cm,corolla,dia,ellipsoid,elliptic,erect,exserted,falcate,filament,fruit,fruiting,glabrous,globose,green,lateral,leaf,lobe,lobed,mm,nearly,opposite,ovary,ovate,pedicel,petiole,pubescent,size,soon,stem,stigma,style,tapering,terminal,tomentose,tree,tube,vein,white,x,yellow-brown	.5,0.2,0.5-1,1-1.25,1-1.5,1.5-2.4,2.3-5.5,20-60-flowered,5-8,across,along,also,anthesi,apar,appearing,beneath,branched,broadly,caly,campanulate,curl-tipped,curved,dark-papillo,deciduous,deflexed,deltoid,dense,densely,difoliate,distally,eaf,edicel,eed,especially,evenly,free,geminat,golden,hair,hidden,interpetalar,known,large,leave,like,lon,long,long-papillose,lower,main,major,markedly,mature,membranous,middle,midrib,minor,minutely,nflorescence,older,one,overtopping,planar,pore,poricidal,portion,present,round,ruit,scar,scattered,several,shinin,shining,shoot,simple,sinus,slender,slightly,small,spaced,straight,tall,three,time,tip,triangular,trichome,two,ud,underside,unequal,uniseriate,unit,wide,widest,ympodial,young	0.5,appearance,arrangement,border,branch,bud,characteristic,colour,corrugation,dark-papillose,diameter,distal,drying,exertion,form,giving,glabrousnes,growth,height,history,inflorescence,interjected,leaflet,length,life,lobing,margin,midpoint,na,new,number,peduncle,per,plant,prickle,primary,pseudostipule,ray,seed,shape,surface,texture,thicknes,type,variation,width	1.2-1.4,1.4-1.5,1.5-3.5,2-2.5,4.5-5,6-8,8,9.9-12,acute,base,berry,clavate,cm,dia,ellipsoid,elliptic,erect,exserted,falcate,glabrous,globose,green,leaf,lobed,mm,nearly,opposite,ovate,pubescent,soon,tapering,terminal,tomentose,tree,white,x,yellow-brown	0.5,dark-papillose,na
417	wfo-0001030810	success	191	120	70	64	127	56	50	20	acute,anther,apex,axillary,base,bipinnate,blue,borne,brown,calyx,clavate,cm,colour,dark,decreasing,densely,diameter,divided,elliptic,elliptical,filament,flattened,fleshy,fruit,glabrous,globose,green,greyish,leaf,leafy,lobe,long,margin,mm,moderately,oblong,pair,pale,pedicel,peduncle,pentagonal,petiole,pinnae,pinnate,pitted,primary,pubescent,rounded,shallowly,shiny,shoot,shrub,size,stem,stigma,style,subglabrous,surface,tomentose,tube,unknown,violet,woody,x	0.2,0.2–0.3,0.3,0.4,0.5–,0.5–0.8,0.6–1.0,0.7–1.4,0.8–5.5,0.95–2.0,0–,1,1.0–1.5,1.0–2.0,1.0–3.0,1.1–2.0,1.1–2.2,1.2–1.5,1.5–1.9,1–2,1–3,1–5,2.9–4.5,20–100,2–3,2–4,3.0–5.0,3.3–5.5,3.3–8.5,3.5–4.6,3–19,4–14,4–5,4–7,5,5–15,5–30,5–32,6–10,6–22,7–10,7–11,8–10,abaxially,absen,accrescent,adaxiall,adaxially,ag,along,anthesi,apart,articulated,axe,ba,blade,branched,cell,chartaceous,connivent,cylindrical,denser,eaf,eed,equal,erect,especially,flower,geminat,hair,half,hig,indumentum,irregular,lon,longitudinal,lower,m.,midrib,midvein,multicellular,narrow,nflorescence,obtu,occasionally,older,opening,opposed,orolla,oung,perfect,plurifoliate,pore,poricidal,rarely,reflexed,ruit,secondary,shaped,side,simple,slit,sometimes,spaced,sparsely,stone,straight,tamen,tardily,tear-drop,time,tip,unicellular,uniseriate,unit,vary,white,wide,wing,yellow,ympodial,–2.5,–3,–3.4,–4.5,–5.0,–8	0.2-0.3,0.6-1.0,0.8-5.5,1.0-1.5,1.1-2.0,1.1-2.2,1.2-1.5,1.5-1.9,20-100,3.0-5.0,3.3-5.5,3.3-8.5,3.5-4.6,4-14,4-5,4-7,5-32,7-10,8-10,abaxial,adaxial,appearance,arrangement,border,bud,characteristic,corolla,corrugation,drying,exertion,form,giving,glabrousnes,growth,height,history,inflorescence,lateral,length,life,lobing,midpoint,na,new,ovary,plant,prickle,ray,seed,shape,texture,thicknes,type,variation,vein,width	acute,apex,axillary,base,bipinnate,blue,borne,brown,clavate,cm,dark,decreasing,densely,diameter,divided,elliptic,elliptical,flattened,fleshy,glabrous,globose,green,greyish,leaf,leafy,long,mm,moderately,oblong,pair,pale,pentagonal,pinnae,pinnate,pitted,primary,pubescent,rounded,shallowly,shiny,shoot,shrub,size,subglabrous,surface,tomentose,unknown,violet,woody,x	0.2-0.3,0.6-1.0,0.8-5.5,1.0-1.5,1.1-2.0,1.1-2.2,1.2-1.5,1.5-1.9,20-100,3.0-5.0,3.3-5.5,3.3-8.5,3.5-4.6,4-14,4-5,4-7,5-32,7-10,8-10,na
418	wfo-0001030822	success	146	110	48	65	81	45	46	2	0.1-0.2,0.5-1.5,0.8-1,0.9-1,1-1.2,1-1.5,11-15.5,2-2.5,3-3.5,3.5-7,5-6,8-9,acute,anther,apex,attenuate,base,berry,calyx,clavate,cm,corolla,elliptic-obovate,erect,exserted,filament,filiform,flattened-reniform,fruiting,glabrous,globose,green,inflorescence,lateral,leaf,lobe,main,margin,minutely,mm,nearly,ovary,pair,pale,pedicel,petiole,pitted,revolute,shaped,shrub,simple,size,stem,stigma,strongly,style,surface,tan,tear-drop,tube,vein,white,x,yellowish,yellowish-brown	.2,0-0.5,0.4,0.4-1,1.5-2,2-3.8,2-5,3-5,5-7,abaxially,adaxially,anthesi,ba,beneath,broadly,closely,clustered,completely,cucullat,cucullate,cup,decurrent,deflexed,deltate,dia,differing,difoliate,eaf,edicel,eed,fleshy,flower,free,geminat,incrassate,inflorescenc,internodal,later,lobed,lon,long,long-ellipsoid,lower,major,middle,minor,minute,near,nflorescence,occasionally,older,onto,open,opposite,papillo,papillose,perhaps,planar,pore,poricidal,portion,present,red-papillose,ruit,scar,shiny,slightly,somewhat,spaced,sparsely,tall,tapering,tip,ud,unit,usually,widest,winged,woody,ympodial,young	alternate,appearance,arrangement,bark,border,branch,bud,characteristic,colour,corrugation,diameter,distal,drying,exertion,form,fruit,giving,glabrousnes,growth,height,history,interjected,leaflet,length,life,lobing,midpoint,na,new,number,peduncle,per,plant,prickle,primary,pseudostipule,ray,seed,shape,terminal,texture,thicknes,type,variation,width	0.1-0.2,0.5-1.5,0.8-1,0.9-1,1-1.2,1-1.5,11-15.5,2-2.5,3-3.5,3.5-7,5-6,8-9,acute,attenuate,base,berry,clavate,cm,elliptic-obovate,erect,exserted,filiform,flattened-reniform,glabrous,globose,green,lateral,main,minutely,mm,nearly,pair,pale,pitted,revolute,shaped,shrub,simple,strongly,tan,tear-drop,vein,white,x,yellowish,yellowish-brown	alternate,na
419	wfo-0001030871	success	248	177	123	138	110	39	120	3	0-120,0.2-0.4,0.3-4,0.6-1.5,0.7-1.3,1-18,1.3-2,1.5-3,1.8-2.6,1/2-3/4,11,2-8,3-32,3-4.4,3-5,3-6,3.5-14,30,4.5-6.5,4.8-9.5,6-40,9-13,abaxially,abruptly,acuminate,acute,adaxial,adaxially,along,anther,anthesi,apex,attenuate,bark,base,becoming,berry,blade,blunt-tipped,branch,branched,brown,bud,calyx,campanulate,chartaceous,cm,conical,continued,corolla,dark,decurrent,deltoid,densely,diameter,distal,due,early,elongate,entire,equal,erect,exserted,filament,fleshy,flower,fruit,fruiting,glabrescent,glabrous,granular-tomentose,grayish,green,greenish,growth,honeycombed,lateral,leaf,length,lobe,long,longer,margin,midvein,mm,mostly,narrowly,nearly,nodding,oblong,obtuse,often,orbicular,ovate,ovate-lanceolate,pale,pedicel,peduncle,petiole,probably,prominent,pubescent,purple,ray,reflexed,reniform,reticulate-punctate,ripe,scabridulous,short,shrub,side,simple,sometimes,soon,sparingly,stamen,stem,stigma,strongly,style,subglobose,suborbicular,sulcate,terete,terminal,time,tomentose,tube,unarmed,vein,velutinous,violet,way,white,x,yellow,yellowish	.2-3,.8-3.5,.9-1.2,/30-1/5,0.4-1.8,0.7-2.5,1-1.3,1.3-3,1.4-2.7,1.5-6,1.8-3.5,1/2,1/4,1/4-1/3,2-3,2.8-4.5,5-33,5-7,7-12,accrescent,ag,apart,apical-lateral,apparently,appressed,appressed-tomentose,articulated,axe,axillary,ba,capitat,closely,dehiscing,dendritic-echinoi,dendritic-echinoid,dendritic-multangulate,directed,eaf,earl,echinoi,echinoid,eed,elliptic,evident,extend,free,glabrescen,hair,held,high,inserted,introrse,large,lobed,long-,long-stalked,longitudinal,lower,m.,main,minute,mixed,multangulat,multangulate,nflorescence,occasionally,older,open,orbicula,orolla,overlapping,partly,perfect,plait,plurifoliate,pore,porrect-stellate,present,rachi,rather,relatively,rotate-stellate,ruit,runk,sessile,short-,short-stalked,slit,small,somewhat,spaced,sparsely,splitting,stellate-tomentose,striate,suture,tamen,testa,thick,thick-stalked,thin-stalked,toward,tree,unarme,unit,usually,vary,wide,ympodial,young	appearance,arrangement,border,capitate,characteristic,colour,corrugation,drying,exertion,form,giving,glabrousnes,height,history,inflorescence,interjected,leaflet,life,lobing,midpoint,na,new,number,ovary,per,perennial,plant,prickle,primary,pseudostipule,seed,shape,size,surface,texture,thicknes,type,variation,width	0-120,0.2-0.4,0.3-4,0.6-1.5,0.7-1.3,1-18,1.3-2,1.5-3,1.8-2.6,1/2-3/4,11,2-8,3-32,3-4.4,3-5,3-6,3.5-14,30,4.5-6.5,4.8-9.5,6-40,9-13,abaxially,abruptly,acuminate,acute,adaxial,adaxially,along,anthesi,apex,attenuate,base,becoming,berry,blade,blunt-tipped,branched,brown,calyx,campanulate,chartaceous,cm,conical,continued,dark,decurrent,deltoid,densely,diameter,due,early,elongate,entire,equal,erect,exserted,fleshy,flower,fruit,glabrescent,glabrous,granular-tomentose,grayish,green,greenish,growth,honeycombed,lateral,length,long,longer,midvein,mm,mostly,narrowly,nearly,nodding,oblong,obtuse,often,orbicular,ovate,ovate-lanceolate,pale,petiole,probably,prominent,pubescent,purple,reflexed,reniform,reticulate-punctate,ripe,scabridulous,short,shrub,side,simple,sometimes,soon,sparingly,stamen,stem,strongly,subglobose,suborbicular,sulcate,terete,terminal,time,tomentose,unarmed,velutinous,violet,way,white,x,yellow,yellowish	capitate,na,perennial
420	wfo-0001030872	success	166	136	83	92	74	44	77	6	0.5,0.8-1,1-1.2,1-1.5,1-2,1.2-1.5,1.5-2,1.5-5,12-18,2-5,4-6,4-6-flowered,5-6,5.5-7,6-12.5,acuminate,acute,anther,apex,area,bark,base,berry,black,brown,calyx,closed,cm,completely,corky,corolla,dark,deflexed,dia,ellipsoid-ovoid,elliptic,erect,exserted,filament,fleshy,fruiting,glabrate,glabrous,globose,green,hooded,leaf,lenticel,less,lobe,lobed,long,margin,minutely,mm,nearly,nerve,oblique,one,opposite,ovary,ovate,pair,paler,papillose,pedicel,petiole,primary,puberulent,red-glandular-puberulent,reddish-glandular,rest,shaped,shining,simple,size,slightly,small,soon,stem,stigma,straight,strongly,style,tear-drop,tip,tree,treelet,tube,white,x,young	.5,0.5-1,0.8-2,1.2-3,3-7,adaxial,age,along,anthesi,appearing,beginning,broadly,caly,center,closely,consisting,crateriform,cucullate,darker,deltoid,densely,difoliate,dry,eaf,edicel,eed,free,full,geminat,incurved,inflorescenc,known,large,lenticellate,like,live,lon,lower,major,material,middle,minor,nflorescence,older,overlapping,pale,petal,planar,pore,poricidal,portion,prominent,proximal,raised,rather,reddish-glandular-puberulent,relative,ridge,rounded,ruit,scar,shorter,side,spaced,specimen,styl,tall,tapering,thickened,ud,unit,widest,woody,ympodial	1,3.5,alternate,appearance,arrangement,border,branch,bud,characteristic,colour,corrugation,diameter,drying,exertion,form,fruit,giving,glabrousnes,growth,height,history,inflorescence,lateral,length,life,lobing,midpoint,na,new,number,peduncle,per,plant,prickle,ray,seed,shape,surface,texture,thicknes,type,variation,vein,width	0.5,0.8-1,1-1.2,1-1.5,1-2,1.2-1.5,1.5-5,12-18,2-5,4-6,4-6-flowered,5-6,5.5-7,6-12.5,acuminate,acute,area,base,berry,black,brown,calyx,closed,cm,completely,corky,dark,deflexed,dia,ellipsoid-ovoid,elliptic,erect,exserted,fleshy,glabrate,glabrous,globose,green,hooded,leaf,lenticel,less,lobe,lobed,long,minutely,mm,nearly,nerve,oblique,one,opposite,ovate,pair,paler,papillose,primary,puberulent,red-glandular-puberulent,reddish-glandular,rest,shaped,shining,simple,slightly,small,soon,straight,strongly,style,tear-drop,tip,tree,treelet,white,x,young	.5-2,1,3.5,alternate,di,na
421	wfo-0001030882	success	144	124	62	82	62	42	61	1	.1,.5,0.5-0.75,0.5-1,0.5-1.1,0.8-1.1,0.9-1.1,1-1.3,1-1.5,1-4,1.6-2,2,2.2-4.6,3-3.5,3/4,6.5-15.6,8-12,acuminate,anther,apex,attenuate,bark,base,berry,calyx,capitate,cm,corolla,crenulate,deflexed,dia,elliptic,exserted,filament,fruit,fruiting,glabrous,globose,green,lateral,leaf,lightly,lobe,long,main,margin,minutely,mm,narrowly,nearly,occasionally,ovary,ovoid,ovoid-reniform,pair,pale,papillose,pedicel,petiole,pitted,shaped,shrub,simple,size,small,soon,stem,stigma,style,surface,tan,tapering,tear-drop,terminal,tree,truncate,tube,vein,way,white,x,yellowish	0.75-1,0.8-2.4,2-5.4,2-6,?,accrescent,anthesi,beginning,beneath,closely,conical,deltoid,differing,difoliate,eaf,edicel,eed,erect,extreme,free,geminat,inflorescenc,lobed,lon,lower,major,middle,minor,nflorescence,older,one,opposite,overlapping,paler,papillo,peelin,planar,pore,poricidal,portion,prominent,raised,ruguse,ruit,scar,short,slender,slightly,spaced,straight,tall,thick,thickened,tip,transversely,tub,ud,unit,widest,woody,ympodial,young	appearance,arrangement,border,branch,bud,characteristic,colour,corrugation,diameter,distal,drying,exertion,form,giving,glabrousnes,growth,height,history,inflorescence,interjected,leaflet,length,life,lobing,midpoint,na,new,number,peduncle,per,plant,prickle,primary,pseudostipule,ray,seed,shape,texture,thicknes,type,variation,width	.1,.5,0.5-0.75,0.5-1,0.5-1.1,0.8-1.1,0.9-1.1,1-1.3,1-1.5,1-4,1.6-2,2,2.2-4.6,3-3.5,3/4,6.5-15.6,8-12,acuminate,attenuate,base,berry,capitate,cm,crenulate,deflexed,dia,elliptic,exserted,glabrous,globose,green,lateral,lightly,long,main,minutely,mm,narrowly,nearly,occasionally,ovoid,ovoid-reniform,pair,pale,papillose,pitted,shaped,shrub,simple,small,soon,tan,tapering,tear-drop,tree,truncate,vein,way,white,x,yellowish	na
422	wfo-0001030883	success	179	174	122	133	46	41	117	5	-3,.05,.1,.5,0.5-3,0.5-5,1-1.1,1-1.2,1-1.3,1-4,1.5-2,1.5-3.5,10-18,18-44.5,2-5,20-50-flowered,3-4,3/4,5-6,9.5-27.5,accrescent,acuminate,acute,anther,apex,arching,bark,base,becoming,berry,brown,calyx,cell,clavate,cm,collapsed,corolla,dark,deflexed,dia,difoliate,dry,elliptic,epidermal,filament,finely,fleshy,fruit,fruiting,furcate,geminate,glabrous,glandular,globose,green,hard,hollow,imbedded,inflorescence,laminar,large,later,lateral,leaf,like,live,lobe,lobed,long,long-acuminate,main,massive,material,midrib,minute,minutely,mm,oblique,occasionally,older,opposite,ovary,ovate,ovoid-reniform,pair,pale,papillate,papillose,pedicel,perpendicular,petaloid,petiole,pitted,placenta,plant,pore,poricidal,puberulent,quite,reticulate,russet,seed,shaped,shrub,size,slender,slightly,sometimes,soon,stem,stigma,stout,strongly,style,surface,tan,tapering,tear-drop,thick,time,tip,trichome,tube,uniseriate,unit,upper,vein,wall,way,white,woody,x,young	1-1.5,3-3.5,across,anthesi,apart,appearing,approximatately,branched,bu,collection,differing,eaf,edicel,eed,erect,evenly,free,geminat,lenticellat,less,little,living,lon,lower,malodorous,markedly,middle,narrowly,nflorescence,papillo,portion,present,proximal,pulp,rather,reflexed,ruit,scar,spaced,straight,tall,triangular,two,ud,widest,ympodial	.5-2,approximately,arrangement,branch,bud,characteristic,colour,corrugation,diameter,distal,drying,exertion,form,glabrousnes,growth,height,history,interjected,leaflet,length,life,lobing,margin,midpoint,na,new,number,peduncle,per,prickle,primary,pseudostipule,ray,shape,sympodial,terminal,texture,thicknes,type,variation,width	-3,.05,.1,.5,0.5-3,0.5-5,1-1.1,1-1.2,1-1.3,1-4,1.5-2,1.5-3.5,10-18,18-44.5,2-5,20-50-flowered,3-4,3/4,5-6,9.5-27.5,accrescent,acuminate,acute,arching,base,becoming,berry,brown,calyx,cell,clavate,cm,collapsed,dark,deflexed,dia,difoliate,dry,elliptic,epidermal,finely,fleshy,furcate,geminate,glabrous,glandular,globose,green,hard,hollow,imbedded,laminar,large,later,lateral,leaf,like,live,lobed,long,long-acuminate,main,massive,material,midrib,minute,minutely,mm,oblique,occasionally,older,opposite,ovate,ovoid-reniform,pair,pale,papillate,papillose,perpendicular,petaloid,pitted,placenta,plant,pore,poricidal,puberulent,quite,reticulate,russet,shaped,shrub,slender,slightly,sometimes,soon,stem,stout,strongly,surface,tan,tapering,tear-drop,thick,time,tip,trichome,tube,uniseriate,unit,upper,vein,wall,way,white,woody,x,young	.5-2,approximately,bud,na,sympodial
423	wfo-0001030884	success	218	161	105	126	92	35	101	4	0.4-3,0.5,0.5-1.2,0.8-1,1-1.2,1-1.5,1.5,1.5-2,1.5-2.5,10,100,2-5,4-13,4-5,4.5-5,5-30,5-6,6-25,9-11,>,abruptly,acute,along,anther,anthesi,apex,bark,basal,base,berry,broad-based,brown,c.,calyx,capitate,cm,conical,curved,dark,decurrent,densely,diameter,distal,elliptic,filament,flower,fruiting,glabrous,glandular,gray-tinged,green,greenish,growth,half,inflorescence,lateral,leaf,length,like,lobe,lobed,long,long-styled,long-triangular,margin,mature,midpoint,minute,minutely,mixture,mm,moderately,new,ovary,ovoid-reniform,pair,pale,pedicel,peduncle,per,petiole,plant,poricidal,porrect,prickle,prickly,primary,pubescent,ray,red,reddish,reflexed,rest,sagittate,sessile,shallowly,short-stalked,short-styled,shrub,simple,size,slender,sparsely,spherical,spreading,stellate,stem,stigma,strongly,style,surface,tannish,tapering,tip,treelet,trichome,tube,uniseriate,usually,vein,way,white,wide,wing,winged,yellow	.2,.5,.7,0.3,0.3-0.5,0.9-5,1,1-3,2,5,5-merous,5.5-7,6-10,6-8,7-8,abaxial,abaxially,adaxial,adaxiall,also,alyx,andromonoeciou,apar,arme,articulated,blade,connivent,di-,differing,directed,discolorous,eaf,eed,equal,extend,extending,flowering,free,geminate,gree,herbaceous,heterostylous,infructescence,leafy,long-stalked,lower,magnification,midrib,nflorescence,node,occasionally,older,one,onto,open,orolla,oung,outlin,papillat,pore,portion,present,principal,reflexe,regularly,ruit,scar,scattered,shap,short,similar,spaced,stellate-pubescent,stiff,still,tall,tamen,time,trifoliate,unarmed,unicellular,uniformly,unit,upward,vary,varying,visible,weakly,without,woody,ympodial,young	appearance,armed,arrangement,border,branch,bud,characteristic,colour,corolla,corrugation,drying,exertion,form,fruit,giving,glabrousnes,height,history,interjected,leaflet,life,lobing,na,number,outline,papillate,pseudostipule,seed,shape,terminal,texture,thicknes,type,variation,width	0.4-3,0.5,0.5-1.2,0.8-1,1-1.2,1-1.5,1.5,1.5-2,1.5-2.5,10,100,2-5,4-13,4-5,4.5-5,5-30,5-6,6-25,9-11,>,abruptly,acute,along,anthesi,apex,basal,base,berry,broad-based,brown,c.,capitate,cm,conical,curved,dark,decurrent,densely,diameter,elliptic,flower,glabrous,glandular,gray-tinged,green,greenish,half,inflorescence,lateral,leaf,like,lobed,long,long-styled,long-triangular,mature,minute,minutely,mixture,mm,moderately,ovoid-reniform,pair,pale,per,petiole,poricidal,porrect,prickly,pubescent,red,reddish,reflexed,rest,sagittate,sessile,shallowly,short-stalked,short-styled,shrub,simple,slender,sparsely,spherical,spreading,stellate,strongly,surface,tannish,tapering,tip,treelet,trichome,uniseriate,usually,way,white,wide,wing,winged,yellow	armed,na,outline,papillate
424	wfo-0001030899	success	145	126	65	72	73	54	62	3	.5-2,0.3-0.5,1-2,1-6,10-20,2,2-3,2-3.5,20-25-45,3-12,3-4,3-5,3.5-4,4-5,5-10,5-6.5,6.5-31-45,7-27,8-11,acuminate,apex,basal,base,bronze,calyx,chartaceous,cm,cordate,deeply,densely,desc,diameter,ellipsoidal,end,entire,ex,flattened,flower,fruit,glabrous,globose,green,inside,lobe,long,margin,mm,mucronate,narrowly,obconical,oblong,outside,ovate,ovoid,pedicel,peduncle,petiole,puberulent,pubescent,purple,shrub,simple,splotch,stigma,stripe,style,triangular,tube,unbranched,vein,x,yellow	0.5,0.5-1,1,1-1.5,1-3,1.5-2,10-13,2.5-3.5,3-foliate,?,abaxially,absent,acute,adaxially,aggregate,apart,ape,articulated,axe,beyond,blade,cell,connective,connivent,coriaceous,dilated,directed,distally,eaf,eed,exceeding,exserted,extrorse,glandular-puberulent,leaving,less,light,lon,lower,nflorescence,nther,obtuse,orang,orolla,pedicellar,peltifor,perfect,pore,presen,puberulen,rachi,radiu,remnant,ruit,shorter,slightly,spaced,stamen,stellate,stone,strongly,tal,tem,thecae,time,tomento,ud,unit,upward,vary,white,wide,ympodial	anther,appearance,arrangement,bark,border,branch,bud,characteristic,colour,corolla,corrugation,distal,drying,exertion,filament,form,fruiting,giving,glabrousnes,growth,height,history,inflorescence,interjected,lateral,leaf,leaflet,length,life,lobing,midpoint,na,new,number,ovary,peltiform,per,perennial,plant,prickle,primary,pseudostipule,ray,seed,shape,size,stem,surface,terminal,texture,thicknes,type,variation,width	.5-2,0.3-0.5,1-2,1-6,10-20,2,2-3,2-3.5,20-25-45,3-12,3-4,3-5,3.5-4,4-5,5-10,5-6.5,6.5-31-45,7-27,8-11,acuminate,apex,basal,base,bronze,chartaceous,cm,cordate,deeply,densely,desc,diameter,ellipsoidal,end,entire,ex,flattened,flower,glabrous,globose,green,inside,lobe,long,mm,mucronate,narrowly,obconical,oblong,outside,ovate,ovoid,puberulent,pubescent,purple,shrub,simple,splotch,stripe,triangular,unbranched,x,yellow	na,peltiform,perennial
425	wfo-0001030902	success	158	117	52	62	96	55	48	4	0.6-1.5,1-6,1.5-13,1.5-2.5,10-15,2,2-3,2-5,2.5-4,3-13,3.5-4,30-50,4-7,5-7,5-9,6-24,acuminate,angled,apex,base,branched,brown-pilose,calyx,cm,cordate,dark,densely,diameter,eglandular,ellipsoidal,entire,flattened,forked,fruit,glabrescent,glabrous,globose,hair,lobe,long,margin,mm,oblong,occasionally,orange,ovate,pedicel,peduncle,petiole,purple,rarely,reddish,simple,stigma,style,tree,truncate,tube,unbranched,vein,x,yellow	-2,-20,0-15,1-2,1.5-2,1.5-2-3-5,15-50,2.5,3-20,3-4,4,4-22,4-6,4-foliat,8-14,abaxially,absent,acute,adaxially,aggregate,along,apart,ape,apically,apiculate,articulated,axe,basal,beyond,blade,brow,cell,connective,connivent,cylindrical,deltate,dilated,directed,distally,eaf,eed,equalling,exceeding,except,exserted,fleshy,flower,glabrat,glandular,glandular-puberulen,laterally,leaving,lon,lower,mature,narrowly,nflorescence,nther,obtuse,orolla,pedicellar,perfect,pinkish,pore,presen,present,puberulence,purplish,rachi,radiu,remnant,ruit,shorter,slightly,small,somewhat,spaced,sparse,sparsely,stamen,stellate,stone,subcapitat,subcoriaceous,tal,tem,thecae,time,tip,tomento,triangular,ud,unit,vary,wide,ympodial	anther,appearance,arrangement,bark,border,branch,bud,characteristic,colour,corolla,corrugation,distal,drying,exertion,filament,form,fruiting,giving,glabrate,glabrousnes,growth,height,history,inflorescence,interjected,lateral,leaf,leaflet,length,life,lobing,midpoint,na,new,number,ovary,per,perennial,plant,prickle,primary,pseudostipule,ray,seed,shape,size,stem,subcapitate,surface,terminal,texture,thicknes,type,variation,width	0.6-1.5,1-6,1.5-13,1.5-2.5,10-15,2,2-3,2-5,2.5-4,3-13,3.5-4,30-50,4-7,5-7,5-9,6-24,acuminate,angled,branched,brown-pilose,cm,cordate,dark,densely,eglandular,ellipsoidal,entire,flattened,forked,glabrescent,glabrous,globose,hair,long,mm,oblong,occasionally,orange,ovate,purple,rarely,reddish,simple,tree,truncate,unbranched,x,yellow	glabrate,na,perennial,subcapitate
426	wfo-0001030914	success	186	159	102	118	68	41	98	4	.1,.5,/4,0-0.25,0.5-1,0.7-1,0.8-1.3,1-1.5,1-2,1.2-1.5,1.5-2,1.5-3,1.5-8,2-10,2-2.5,2.5-3,3-4,3.5-17,5-25-flowered,7-10,7-8,9-35,acute,along,anther,apex,attenuate,bark,base,berry,bud,calyx,campanulate,capitate,cm,constriction,corolla,dark,densely,dia,distal,dry,ellipsoid,elliptic,erect,exserted,filament,fruiting,furcate,glabrate,glabrous,globose,golden,green,inflorescence,lateral,leaf,lemon-yellow,length,like,lobe,lobed,long,main,many,margin,minutely,mm,obovate,occasionally,older,opposite,otherwise,ovary,ovoid-reniform,pair,pale,papillose,pedicel,petiole,pitted,plant,puberulent,pubescent,reddish-brown,ripe,shape,shaped,shrub,simple,size,slender,small,soon,sparsely,specimen,stem,stigma,straight,style,surface,tan,tapering,tear-drop,time,tip,tree,trichome,trunk,tube,uniseriate,vein,way,white,winged,x,yellow,young	0.1-0.5,0.8-1,2.5-11,5-17,anthesi,beneath,blade,closely,decurrent,deflexed,deltoid,differing,difoliate,eaf,edicel,eed,equal,even,evenly,flower,free,geminat,greyish-brow,individual,later,live,lon,long-styled,lower,major,middle,minor,narowly,nflorescence,often,one,onto,overlappin,papillo,planar,pore,poricidal,portion,prominent,quite,raised,rest,rounded,ruit,scar,short-styled,slightly,sometimes,spaced,tall,thick,third,ti,tub,ud,unit,usually,variable,weight,widest,within,woody,ympodial	alternate,appearance,arrangement,border,branch,characteristic,colour,corrugation,diameter,drying,exertion,form,fruit,giving,glabrousnes,greyish-brown,growth,height,history,interjected,leaflet,life,lobing,midpoint,na,narrowly,new,number,peduncle,per,prickle,primary,pseudostipule,ray,seed,terminal,texture,thicknes,type,variation,width	.1,.5,/4,0-0.25,0.5-1,0.7-1,0.8-1.3,1-1.5,1-2,1.2-1.5,1.5-2,1.5-3,1.5-8,2-10,2-2.5,2.5-3,3-4,3.5-17,5-25-flowered,7-10,7-8,9-35,acute,along,attenuate,bark,base,berry,calyx,campanulate,capitate,cm,constriction,dark,densely,dia,dry,ellipsoid,elliptic,erect,exserted,furcate,glabrate,glabrous,globose,golden,green,lateral,leaf,lemon-yellow,like,lobed,long,main,many,minutely,mm,obovate,occasionally,older,opposite,otherwise,ovoid-reniform,pair,pale,papillose,pitted,puberulent,pubescent,reddish-brown,ripe,shaped,shrub,simple,slender,small,soon,sparsely,specimen,stem,straight,tan,tapering,tear-drop,time,tip,tree,trichome,trunk,tube,uniseriate,vein,way,white,winged,x,yellow,young	alternate,greyish-brown,na,narrowly
427	wfo-0001030918	success	223	156	98	117	106	39	93	5	-5,-9,.5,0-25,0-4,0.2-0.4,0.25-0.45,0.3-1.5,0.5-0.7,0.5-2.5-4.5,0.6-2.5,0.7-1.2,0.7-1.7,1,1-1.5,1-1.8-2.3,1.5-2.5-3.2,1.5-5.5-6,1/2-2/3,2-2.5,2-25-40,2-7,2-8,2.8-3,3-4,abaxially,acicular,acute,anther,apex,apically,articulated,bark,base,berry,calyx,cell,chartaceous,cm,cuneate,curved,dark,diameter,drying,dull,elliptic,erect,evenly,filament,flattened,flattened-reniform,fruit,fruiting,glabrous,green,green-brown,lateral,leaf,length,lobe,lobed,lobing,long,lower,margin,maturity,mauve,midpoint,mm,moderately,narrow-deltate,obtuse,orange,orange-brown,outline,pair,pale,pedicel,peduncle,per,perpendicular,petiole,pit,poricidal,prickle,prickly,primary,purple,raised,ray,red,red-brown,reflexed,seed,shrub,simple,slender,small,smooth,sometimes,somewhat,sparsely,spherical,stellate-pubescent,stem,style,surface,tapering,terminal,tip,tube,vein,way,weakly,wide,yellow,young	-4,.7,0-10,0-20,0-6,0.1,0.1-0.25,0.5-2,0.6,1-2,1-4,1.5-2,1/3,1/3-1/2,1/3-1/2-3/4,1/4-1/3,2-10,2-3,2-4,2/,3-15,3-6.5,3-7,3.5-6,4-7,5-7,5-8,5-merous,5.5-7,6-8,7-10-12,abaxial,adaxial,alyx,ame,apar,apart,apparently,blade,branched,brow,c.,caudat,connivent,deltate,densely,difoliate,discolorous,distance,eaf,elongated,elongating,equal,extending,faint,flower,free,geminat,glabrescent,infructescence,longer,mature,midvein,mixture,nflorescence,oblong,occasionally,older,one,open,orolla,oung,pendulous,perfec,pericarp,porrect,portion,prickl,pubescent,reduced,ruit,scandent,scar,secondary,sessile,side,spaced,spreading,stalk,stalked,stellate,straight,strongly,tamen,terete,tertiary,time,trichome,unit,upper,usually,vary,venation,visible,woody,ympodial	2/3,appearance,arrangement,border,branch,brown,bud,caudate,characteristic,colour,corolla,corrugation,distal,exertion,form,giving,glabrousnes,growth,height,history,inflorescence,interjected,leaflet,life,na,new,number,ovary,perennial,plant,pseudostipule,shape,size,stigma,texture,thicknes,type,variation,width	-5,-9,.5,0-25,0-4,0.2-0.4,0.25-0.45,0.3-1.5,0.5-0.7,0.5-2.5-4.5,0.6-2.5,0.7-1.2,0.7-1.7,1,1-1.5,1-1.8-2.3,1.5-2.5-3.2,1.5-5.5-6,1/2-2/3,2-2.5,2-25-40,2-7,2-8,2.8-3,3-4,abaxially,acicular,acute,apically,articulated,base,berry,cell,chartaceous,cm,cuneate,curved,dark,diameter,dull,elliptic,erect,evenly,flattened,flattened-reniform,glabrous,green,green-brown,lateral,lobed,long,lower,maturity,mauve,mm,moderately,narrow-deltate,obtuse,orange,orange-brown,outline,pair,pale,per,perpendicular,pit,poricidal,prickle,prickly,purple,raised,red,red-brown,reflexed,shrub,simple,slender,small,smooth,sometimes,somewhat,sparsely,spherical,stellate-pubescent,stem,tapering,terminal,tip,way,weakly,wide,yellow,young	2/3,brown,caudate,na,perennial
428	wfo-0001030943	success	167	136	80	95	72	41	78	2	.5,0,0.5-1,1-1.2,1-1.5,1.1,1.5-2,1.8-2.2,1/2,12-15,2-6,3,3-4,3/4,4-4.5,7-13.5,7-8,absent,acuminate,acute,anther,apex,apical,bark,basal,base,becoming,berry,bi-lobed,black,branch,calyx,cm,conical,corolla,dendritic,densely,diameter,drying,echinoid,elliptic,exserted,filament,flattened,fruiting,glabrous,globose,golden,golden-yellow,growth,im,lateral,leaf,lenticular,lobe,minute,minutely,mm,narrowly,ovary,overtopping,pair,pale,pedicel,per,petiole,pitted,plurifoliate,poricidal,pubescent,purplish-black,reddish-brown,secondary,shoot,shrub,small,sparsely,stem,stigma,strongly,style,surface,tapering,terminal,tip,tree,tree-like,trichome,tube,vein,violet,way,x,yellow,yellowish-white	0.5-3,10-25,4-5,4-6,8-10,abaxial,abaxially,adaxial,adaxially,age,along,anthesi,belo,branching,cupulate,dark,decurrent,deflexed,denser,eaf,edicel,eed,elongate,erect,ew,fide,flower,free,glabrat,horizontal,inserted,large,lobed,lon,long,lower,m.,main,monochasia,nflorescence,nodding,often,older,outline,papillo,pearce,pericarp,planar,pore,portion,raised,ruit,scar,scattered,showy,sleeve,slightly,slit-like,somewhat,stamen,tall,thin,time,triangular,tub,ud,unit,upper,wide,woody,ympodial,young	appearance,arrangement,border,bud,characteristic,colour,corrugation,distal,exertion,form,fruit,giving,glabrousnes,height,history,inflorescence,interjected,leaflet,length,life,lobing,margin,midpoint,monochasial,na,new,number,peduncle,plant,prickle,primary,pseudostipule,ray,seed,shape,size,texture,thicknes,type,variation,width	.5,0,0.5-1,1-1.2,1-1.5,1.1,1.5-2,1.8-2.2,1/2,12-15,2-6,3,3-4,3/4,4-4.5,7-13.5,7-8,absent,acuminate,acute,apex,apical,basal,base,becoming,berry,bi-lobed,black,calyx,cm,conical,dendritic,densely,diameter,echinoid,elliptic,exserted,flattened,glabrous,globose,golden,golden-yellow,im,lateral,lenticular,minute,minutely,mm,narrowly,overtopping,pair,pale,per,pitted,plurifoliate,poricidal,pubescent,purplish-black,reddish-brown,secondary,shoot,shrub,small,sparsely,strongly,tapering,terminal,tip,tree,tree-like,trichome,tube,vein,violet,way,x,yellow,yellowish-white	monochasial,na
429	wfo-0001030959	success	164	88	50	65	99	23	48	2	.8,/5,0.5-1.5,0.7-1.2,1.2-1.8,10-15,2.5-4.5,6-8,9-12,almost,anther,apex,apically,articulated,bark,base,branched,brown-green,cm,color,concolorous,cuneate,deltate,diameter,drying,elliptic,erect,filament,fresh,glabrous,glandular,hair,inflorescence,known,lateral,leaf,length,long,long-acuminate,margin,minute,mm,pair,pedicel,peduncle,petiole,poricidal,prickly,primary,scrambling,shrub,simple,stem,style,subentire,surface,tapering,terete,tip,toward,tube,unarmed,vein,way,wide	.05,.2,0.5,1-10,1-2,1-7,1.5-2,1.5-3.5,1/5-1/10,2-4,2.5-4,2.5-5,4-6,4-8,5-6,5-9,5-merous,abaxially,alyx,ame,apar,apart,apparently,armed,blade,brown,c.,connivent,curved,densely,difoliate,distributed,eaf,eed,equal,evenly,flower,free,geminat,gently,glabrescent,glabrou,green-brow,know,less,like,lobe,lobed,long-acuminat,longer,lower,membranous,midpoint,narrow-deltate,nflorescence,numerous,older,one,open,orolla,oung,part,perfec,perpendicular,porrect,portion,present,prickl,prickle,prominent,ray,ruit,scar,secondary,sessile,several,short,side,slender,spaced,sparsely,spreading,stellate,stellate-pubescent,straight,straw,tamen,tertiary,time,trichome,unit,usually,vary,venation,visible,whole,yellow,ympodial,youngest	arrangement,calyx,characteristic,colour,corolla,form,fruit,glabrousnes,green-brown,growth,height,history,life,lobing,na,new,ovary,plant,seed,shape,size,texture,type	.8,/5,0.5-1.5,0.7-1.2,1.2-1.8,10-15,2.5-4.5,6-8,9-12,almost,apex,apically,articulated,base,branched,brown-green,cm,color,concolorous,cuneate,deltate,elliptic,erect,fresh,glabrous,glandular,hair,known,lateral,long,long-acuminate,minute,mm,pair,poricidal,prickly,scrambling,shrub,simple,subentire,surface,tapering,terete,tip,toward,unarmed,way,wide	green-brown,na
430	wfo-0001030982	success	215	148	112	134	81	14	112	0	-2-2.5,.1,.5,0.05,0.05-0.5,0.2-3,0.5,0.5-0.9,0.5-1,1-1.5,1-8,1.5,1.5-2,2/3,3-21,3-8,4-12,6-8,abaxially,acuminate,acute,adaxially,angular,anther,apex,base,berry,broadly,brown,brownish,bud,caducous,calyx,capitate,channelled,chartaceous,ciliate,cm,conic,conical,corolla,cuneate,dark,diameter,dry,drying,ellipsoid,elliptic,enlarged,entire,exerted,external,filament,flattened-reniform,flower,form,fresh,fruit,fruiting,glabrescent,glabrous,globose,golden-green,green,growth,impressed,inconspicuously,larger,later,leaf,less,long,margin,material,maturity,minutely,mm,mostly,near,new,oblique,obovate,occasionally,olive,opposite,ovary,ovate,pair,pale,papillate,papillose,pedicel,peduncle,petiole,pitted,plant,poricidal,primary,prominent,puberulent,pubescent,reddish,reflexed,revolute,rhizomatous,sagittate,seed,shoot,simple,sinuate,size,slightly,somewhat,sparsely,stem,stigma,stripe,strongly,style,subshrub,surface,tip,transverse,trichome,tube,uniseriate,vegetative,vein,way,weakly,white,x,yellowish,young	.2,0.1,0.1-0.15,0.3-2,0.5-3,1,1.5-3,4-5,age,anisophyllous,anthesi,ape,appressed,ba,beneath,central,closely,cream,cucullate,curved,deflexed,deltate,differing,difoliate,distall,distally,distichou,eaf,edicel,eed,extension,fleshy,foliage,free,geminate,glandular,glandular-papillose,greenish,hilum,internal,isostylous,lengthening,like,live,lobe,lobed,lower,major,materia,midvein,minor,nflorescence,often,one,overlappin,packed,papillae,papillat,planar,pore,portion,projection,prominently,rest,ruit,scar,separated,sigmoidally,situated,slit,stamen,straight,testa,tetramerous,tightly,time,tub,ud,unit,veined,ympodial	arrangement,characteristic,colour,exertion,glabrousnes,height,history,inflorescence,length,life,lobing,shape,texture,type	-2-2.5,.1,.5,0.05,0.05-0.5,0.2-3,0.5,0.5-0.9,0.5-1,1-1.5,1-8,1.5,1.5-2,2/3,3-21,3-8,4-12,6-8,abaxially,acuminate,acute,adaxially,angular,apex,base,berry,broadly,brown,brownish,caducous,calyx,capitate,channelled,chartaceous,ciliate,cm,conic,conical,cuneate,dark,dry,drying,ellipsoid,elliptic,enlarged,entire,exerted,external,flattened-reniform,flower,fresh,glabrescent,glabrous,globose,golden-green,green,impressed,inconspicuously,larger,later,leaf,less,long,material,maturity,minutely,mm,mostly,near,oblique,obovate,occasionally,olive,opposite,ovate,pair,pale,papillate,papillose,pitted,poricidal,prominent,puberulent,pubescent,reddish,reflexed,revolute,rhizomatous,sagittate,shoot,simple,sinuate,slightly,somewhat,sparsely,stripe,strongly,subshrub,surface,tip,transverse,trichome,tube,uniseriate,vegetative,vein,way,weakly,white,x,yellowish,young	
431	wfo-0001030989	success	177	141	83	100	77	41	79	4	.5,0.5-1,1-1.5,1-2,12-15,15-27.5,2-3.5,3-4,3-5.5,3-7.5,4-8,5,5.5-7.9,6-13,6-6.5,9-10,abaxially,acuminate,adaxially,anther,apex,articulated,axillary,base,berry,brownish,bud,cell,chartaceous,cm,condition,conical,connivent,corolla,covering,densely,diameter,distal,drying,filament,flat,forked,fresh,fruit,generally,glabrous,green,green-white,greenish,hair-like,half,herb,interjected,lanceolate,lateral,leaf,leaflet,light,lobe,long,make,margin,minute,mm,mucilaginous,obtuse,odd-pinnate,ovate-lanceolate,ovoid,pedicel,peduncle,petiole,plant,proximal,pubescent,ray,ripe,rotate,seed,semierect,size,sparsely,stem,stigma,style,subtending,terminal,testal,thick,throughout,triangular,tube,unwinged,usually,violet,wall,wet,whitish,wide,x	1-10,3-20,4-5,4-7,5-merou,ag,alyx,apart,apparently,axe,blade,capitat,ciliate,decreasing,digestion,dorsally,eaf,edge,eed,end,enzyme,erec,especially,flower,folded,geminat,glabrou,gradually,hair,homostylous,honeycomb-shaped,larger,lengthening,like,living,lower,nflorescence,occurring,orbicular,orolla,ovate,pair,pale,perfect,petiolule,plurifoliate,pore,poricidal,present,pubescen,removed,ruit,secondary,seudostipule,singly,slit,spaced,specimen,ste,stolo,subequal,subsessile,symmetrical,tall,tamen,tem,thir,tip,toward,tri-,tuber,typically,unit,vary,wider,yellow,ympodial	appearance,arrangement,bark,border,branch,calyx,capitate,characteristic,colour,corrugation,erect,exertion,form,fruiting,giving,glabrousnes,growth,height,history,inflorescence,length,life,lobing,midpoint,na,new,number,ovary,per,prickle,primary,pseudostipule,shape,surface,texture,thicknes,third,type,variation,vein,width	.5,0.5-1,1-1.5,1-2,12-15,15-27.5,2-3.5,3-4,3-5.5,3-7.5,4-8,5,5.5-7.9,6-13,6-6.5,9-10,abaxially,acuminate,adaxially,articulated,axillary,berry,brownish,bud,cell,chartaceous,cm,condition,conical,connivent,covering,densely,distal,drying,flat,forked,fresh,generally,glabrous,green,green-white,greenish,hair-like,half,herb,lanceolate,lateral,light,long,make,minute,mm,mucilaginous,obtuse,odd-pinnate,ovate-lanceolate,ovoid,plant,proximal,pubescent,ripe,rotate,seed,semierect,sparsely,subtending,terminal,testal,thick,throughout,triangular,unwinged,usually,violet,wall,wet,whitish,wide,x	capitate,erect,na,third
432	wfo-0001030991	success	203	132	93	109	94	23	92	1	.5,0,0.5,0.5-0.7,0.5-1,0.5-1.5,0.7-1.2,1-1.5,1-1.6,1-2.2,1-2.5,1-7,1.5,10-20,2.5-10,3-5-lobed,9-11,absent,acuminate,acute,along,angled,anther,anthesi,apex,apparently,appressed,ascending,attenuate,base,berry,brown,calyx,capitate,cm,corolla,densely,diameter,drying,ellipsoid,ellipsoidal,elliptic,elongate,entire,exerted,filament,filiform,flattened,fruiting,furcate,fusiform,glabrous,globose,grey,growth,herb,inflorescence,lanceolate,lateral,leaf,leaf-opposed,like,lobed,margin,minutely,mm,narrowly,nearly,new,occasionally,pair,pedicel,peduncle,per,petiole,pinnatifid,pitted,primary,pubescent,red,reniform,rest,ripe,scattered,short,shrub,simple,slightly,small,sparsely,stellate,stem,stigma,strongly,style,suffrutescent,surface,terminal,trichome,tube,uniseriate,variably,vein,violet,white,winged,x,yellowish,young	0.1,0.2,0.2-0.7,0.3-0.4,0.5-3.5,0.6-0.8,2-plurifoliat,2.5-3,2/3,3-5-5.5,4-10,5-merou,<,abaxially,adaxiall,adaxially,ag,alyx,arising,ark,articulated,basal,bulbous,cell,color,conical,connivent,different,distally,eaf,eed,enlarged,eye,flower,free,frui,glabrescen,ilament,incised,leave,lengthening,less,lobe,long-triangular,loosely,lower,midrib,minute,nflorescence,nodding,often,older,orolla,outline,packed,papillo,part,particularly,pendant,perfect,pericarp,platfor,pointing,pore,poricidal,portion,pseudoumbel,rectangular,reflexed,rootstoc,ruit,scar,shallowly,shiny,sleeve,slit,somewhat,spreading,tangled,tem,testal,thin,tightly,tip,twinin,ud,uniformly,unit,upper,vary,weak,weight,woody,ympodial	arrangement,bark,bud,characteristic,colour,exertion,form,fruit,glabrousnes,height,history,length,life,lobing,na,number,ovary,plant,seed,shape,size,texture,type	.5,0,0.5,0.5-0.7,0.5-1,0.5-1.5,0.7-1.2,1-1.5,1-1.6,1-2.2,1-2.5,1-7,1.5,10-20,2.5-10,3-5-lobed,9-11,absent,acuminate,acute,along,angled,anthesi,apparently,appressed,ascending,attenuate,base,berry,brown,calyx,capitate,cm,densely,diameter,ellipsoid,ellipsoidal,elliptic,elongate,entire,exerted,filiform,flattened,furcate,fusiform,glabrous,globose,grey,herb,inflorescence,lanceolate,lateral,leaf-opposed,like,lobed,minutely,mm,narrowly,nearly,occasionally,pair,pinnatifid,pitted,pubescent,red,reniform,rest,ripe,scattered,short,shrub,simple,slightly,small,sparsely,stellate,stem,strongly,suffrutescent,surface,terminal,trichome,tube,uniseriate,variably,vein,violet,white,winged,x,yellowish,young	na
433	wfo-0001031005	success	231	154	98	118	113	36	96	2	.5,/3-1/2,0.8,0.9,1-1.5,1-2,1-2.5,1-3,10,2-3.2,2.3-3,2.5,2.5-4,3-10,3-6.5,5,5-7,5-8,5°,acuminate,acute,almost,anther,anthesi,apex,apically,attenuate,bark,base,berry,black,blue,brachyblast,branch,branched,branching,brown,calyx,capitate,chartaceous,clustered,cm,concolorous,conical,corolla,cupular,dendritic,denser,diameter,dilated,discolorous,drying,elliptic,entire,evenly,filament,flattened,flexuous,flower,form,forming,fruit,fruiting,glabrous,greenish,lateral,leaf,length,liana,like,lobe,long,loop,margin,membranous,midvein,mm,oblong,obovate,occasionally,older,orange-brown,ovoid,pair,pedicel,peduncle,petiole,primary,pubescent,purple,rachi,ray,ridged,seed,short,slender,smooth,sometimes,somewhat,sparsely,spreading,stem,stigma,style,surface,terete,terminal,thick-chartaceous,tip,toward,trichome,tube,unarmed,usually,vein,weakly,white,x	.4,0-0.5,0.1,0.3-0.5,0.5-1.5,1,1.5-2.5,1.5-4,3-4,4-6,6-12,abaxial,abaxially,accrescent,adaxially,age,along,alyx,apar,apparently,articulated,clearly,clum,common,curved,dark,datum,deeply,delineated,deltoid,dendritic-pubescent,density,detaching,developing,divided,domatia,eaf,ellipsoi,elongated,equal,extending,eye,fertilisation,fine,flat,free,immature,increasing,inside,junction,known,leave,lengthening,linear,lobed,longitudinally,lower,m.,main,minute,much,naked,network,nflorescence,nther,obscure,occasional,often,onl,orolla,ou,outside,ovate,pendulous,perfec,pericarp,plurifoliat,pointed,pore,poricidal,portion,prominent,protruding,raised,region,rest,ruit,scar,secondary,side,simple,smaller,smoot,soon,spread,standing,strongly,stump,surrounding,tangling,tearing,tertiary,thin,ud,uneven,unit,vary,venation,visible,well-developed,wide,ympodial,young	appearance,arrangement,border,bud,characteristic,colour,corrugation,distal,ellipsoid,exertion,giving,glabrousnes,growth,height,history,inflorescence,interjected,leaflet,life,lobing,midpoint,na,new,number,ovary,per,plant,prickle,pseudostipule,shape,size,texture,thicknes,type,variation,width	.5,/3-1/2,0.8,0.9,1-1.5,1-2,1-2.5,1-3,10,2-3.2,2.3-3,2.5,2.5-4,3-10,3-6.5,5,5-7,5-8,5°,acuminate,acute,almost,anthesi,apex,apically,attenuate,base,berry,black,blue,brachyblast,branch,branched,branching,brown,capitate,chartaceous,clustered,cm,concolorous,conical,corolla,cupular,dendritic,denser,dilated,discolorous,drying,elliptic,entire,evenly,flattened,flexuous,flower,forming,glabrous,greenish,lateral,length,liana,like,long,loop,membranous,midvein,mm,oblong,obovate,occasionally,older,orange-brown,ovoid,pair,pubescent,purple,rachi,ridged,short,slender,smooth,sometimes,somewhat,sparsely,spreading,stem,terete,terminal,thick-chartaceous,tip,toward,trichome,unarmed,usually,weakly,white,x	ellipsoid,na
434	wfo-0001031007	success	205	126	84	101	104	25	82	2	0.2,0.75-1.5,1,1-1.5,1-3.5,1.2-1.5,1.3-2.5-5,1.6-2,1.9-3,11-14,15,2.5-5-12,3-4,4-6,5.5-6,6,7-10,<,acute,alfway,almost,anther,anthesi,apex,base,becoming,berry,bifid,black,branched,broad,brown,c.,calyx,capitate,chartaceous,cm,completely,connivent,corolla,cuneate,dark,dendritic,diameter,drying,dull,ellipsoid,elliptic,entire,exserted,filament,flattened-reniform,fleshy,fruit,fruiting,glabrous,globose,growth,inflorescence,lilac,long,loose,loosely,many,margin,matte,minutely,mm,narrowly,new,occasionally,outline,pedicel,peduncle,per,petiole,pitted,primary,pubescent,reddish,revolute,sagittate,shiny,shrub,simple,slender,sparsely,stem,stigma,strongly,style,surface,tangled,terminal,time,trichome,tube,usually,vein,vine,x	.5,0.5,0.5-1,0.5-10,1-1.2,1.5-2,1/3,4-7,4.5-5,5,5-merou,50-100,8-10,abaxiall,abruptly,ag,along,alyx,apar,apparently,ark,articulated,beginning,branching,broadly,campanulate,cell,clustered,cup-shaped,deltate,densely,dilated,eaf,eed,extending,flower,free,geminat,glabrescen,glabrou,herbarium,ilament,impressed,intramarginal,irregularly,junction,lamina,lax,leaving,lengthening,lobe,lobed,looping,lower,m.,markedly,midvein,multi-celled,narrowing,near,nflorescence,nodding,often,older,orolla,pale,papillat,papillate,peg,perfect,pericarp,planar,plurifoliate,pore,poricidal,portion,prominent,rat,round-rectangular,ruit,scar,sleeve,slightly,slit,spaced,specimen,splitting,spreading,stellate,stellate-pentagonal,stout,testal,thin,tiny,tip,twining,ud,unit,upper,vary,way,woody,yellow,ympodial	arrangement,bark,bud,characteristic,colour,corrugation,exertion,form,glabrousnes,height,history,leaf,length,life,lobing,na,number,ovary,perennial,plant,seed,shape,size,texture,type	0.2,0.75-1.5,1,1-1.5,1-3.5,1.2-1.5,1.3-2.5-5,1.6-2,1.9-3,11-14,15,2.5-5-12,3-4,4-6,5.5-6,6,7-10,<,acute,alfway,almost,anthesi,apex,base,becoming,berry,bifid,black,branched,broad,brown,c.,calyx,capitate,chartaceous,cm,completely,connivent,cuneate,dark,dendritic,diameter,dull,ellipsoid,elliptic,entire,exserted,flattened-reniform,fleshy,glabrous,globose,lilac,long,loose,loosely,many,matte,minutely,mm,narrowly,occasionally,outline,per,pitted,pubescent,reddish,revolute,sagittate,shiny,shrub,simple,slender,sparsely,strongly,tangled,terminal,time,trichome,tube,usually,vine,x	na,perennial
435	wfo-0001031007	success	204	132	92	109	95	23	91	1	0.2,0.75-1.5,1,1-1.5,1-3.5,1.2-1.5,1.3-2.5-5,1.6-2,1.9-3,1/3,11-14,15,2.5-5-12,3-4,4-6,5.5-6,6,7-10,<,acute,alfway,almost,anther,anthesi,apex,bark,base,becoming,berry,bifid,black,branched,broad,brown,c.,calyx,capitate,chartaceous,cm,completely,corolla,cuneate,dark,dendritic,diameter,drying,ellipsoid,elliptic,entire,exserted,filament,flattened,fleshy,fruit,fruiting,glabrous,globose,growth,inflorescence,intramarginal,lax,lilac,lobed,long,looping,loose,many,margin,minutely,mm,narrowly,new,occasionally,pedicel,peduncle,per,petiole,pitted,poricidal,primary,prominent,pubescent,reddish,reniform,revolute,sagittate,shiny,shrub,simple,slender,sparsely,stem,stigma,strongly,style,surface,tall,tangled,terminal,time,tip,trichome,tube,usually,vein,vine,way,wide,woody	.5,0.5,0.5-1,0.5-10,1-1.2,1.5-2,4-7,4.5-5,5,5-merou,50-100,8-10,abaxially,abruptly,adaxial,ag,along,alyx,apar,apparently,articulated,beginning,branching,broadly,campanulate,cell,clustered,cup-shaped,deltate,densely,dilated,dull,eaf,eed,extending,flower,free,glabrescen,glabrou,herbarium,ilament,impressed,irregularly,junction,lamina,leaving,lengthening,lobe,lower,m.,markedly,matte,midvein,multi-celled,narrowing,near,nflorescence,nodding,often,older,orolla,outline,pale,papillat,papillate,peg,perfect,pericarp,planar,plurifoliat,pore,portion,rat,round-rectangular,ruit,scar,sleeve,slightly,slit,spaced,specimen,splitting,spreading,stellate,stellate-rotate,stout,testal,thin,tiny,twinin,ud,unit,upper,vary,ympodial	arrangement,bud,characteristic,colour,corrugation,exertion,form,glabrousnes,height,history,leaf,length,life,lobing,na,number,ovary,plant,seed,shape,size,texture,type	0.2,0.75-1.5,1,1-1.5,1-3.5,1.2-1.5,1.3-2.5-5,1.6-2,1.9-3,1/3,11-14,15,2.5-5-12,3-4,4-6,5.5-6,6,7-10,<,acute,alfway,almost,anthesi,apex,base,becoming,berry,bifid,black,branched,broad,brown,c.,calyx,capitate,chartaceous,cm,completely,cuneate,dark,dendritic,diameter,ellipsoid,elliptic,entire,exserted,flattened,fleshy,glabrous,globose,intramarginal,lax,lilac,lobed,long,looping,loose,many,margin,minutely,mm,narrowly,occasionally,per,pitted,poricidal,prominent,pubescent,reddish,reniform,revolute,sagittate,shiny,shrub,simple,slender,sparsely,strongly,tall,tangled,terminal,time,tip,trichome,tube,usually,vein,vine,way,wide,woody	na
436	wfo-0001031036	success	150	137	81	90	60	47	77	4	.25,0.8-1,0.8-1.2,1-1.3,1-2.5,1.2-1.5,1.5-3,10-20-flowered,12-15,2-2.5,3-4,4.5-6.5,5-6,7-8,abaxially,acuminate,acute,adaxially,along,angle,anther,apex,base,becoming,berry,bi-lobed,broadly,brown,calyx,cm,conical,corolla,crisped,dark,decurrent,dia,dry,drying,ellipsoid,elliptic,exserted,filament,filiform,flattened-reniform,fruiting,glabrous,globose,green,greenish-white,lateral,leaf,lobe,lobed,long,main,margin,material,minutely,mm,nearly,oblique,onto,ovary,pair,pedicel,petiole,pitted,poricidal,sagittate,shiny,shrub,simple,size,slightly,soon,stem,stigma,strongly,style,surface,tapering,thickened,tip,trichome,tube,uniseriate,vein,winged,x,yellowish	.2,.5,0.5-1,2.2-3.7,3-5,3.5-5.5,anthesi,arising,axil,ba,closely,deflexed,differing,difoliate,eaf,edicel,eed,enlarged,erect,fleshy,free,fresh,geminat,knob-like,lamina,lon,lower,major,middle,minor,nflorescence,older,opposite,overlappin,papillo,papillose,perhaps,planar,pointed,pore,portion,rounded,ruit,scar,shaped,short,sinus,spaced,spathulate,tall,tear-drop,tub,ud,unit,usually,white,widest,woody,ympodial,young	0.25,0.5,alternate,appearance,arrangement,bark,border,branch,bud,characteristic,colour,corrugation,diameter,distal,exertion,form,fruit,giving,glabrousnes,growth,height,history,inflorescence,interjected,leaflet,length,life,lobing,midpoint,na,new,number,peduncle,per,plant,prickle,primary,pseudostipule,ray,seed,shape,terminal,texture,thicknes,type,variation,width	.25,0.8-1,0.8-1.2,1-1.3,1-2.5,1.2-1.5,1.5-3,10-20-flowered,12-15,2-2.5,3-4,4.5-6.5,5-6,7-8,abaxially,acuminate,acute,adaxially,along,angle,base,becoming,berry,bi-lobed,broadly,brown,calyx,cm,conical,crisped,dark,decurrent,dia,dry,ellipsoid,elliptic,exserted,filiform,flattened-reniform,glabrous,globose,green,greenish-white,lateral,leaf,lobed,long,main,margin,material,minutely,mm,nearly,oblique,onto,pair,petiole,pitted,poricidal,sagittate,shiny,shrub,simple,slightly,soon,stem,strongly,tapering,thickened,tip,trichome,tube,uniseriate,vein,winged,x,yellowish	0.25,0.5,alternate,na
437	wfo-0001031064	success	179	131	68	90	89	41	65	3	.0-2.5,0,0.5-0.7,1-1.2,1-2,1-3,1.2,10-12,10-17,2.5-3,3,3-7,3.5-4,5-6,6-16,7-16,abaxially,acuminate,anther,apex,arising,attenuate,axil,base,berry,bright,calyx,cm,completely,conical,corolla,densely,diameter,distal,elongate,filament,fleshy,fruit,fruiting,glabrous,globose,green,half,inflorescence,lateral,leaf,leaflet,lightly,lobe,lobed,lower,margin,minute,minutely,mm,nearly,nodding,obovate,ovary,ovate,ovoid-reniform,pedicel,per,petiole,pinnate,poricidal,pubescent,purple,rachi,rugose,scattered,short-pubescent,shrub,simple,single,somewhat,sparsely,stem,stigma,style,surface,terminal,tip,translucent,trichome,tube,uniseriate,vein,white,x	.05,.5,.5-1,0-15,0.5,0.5-0.8,1,1.5-2,1.7-4.2,10-12.5,2,3-5.5,4-5-celled,5-10.5,8-10-celled,acroscopic,adaxially,along,anthesi,anticlinal,basal,bearing,blade,broader,cell,clavat,commentary,conspicuous,dark,deltate,denser,dr.,eaf,edicel,eed,epidermal,erec,exserted,flower,free,highly,irregular,irregularly,lamina,leave,lenticel,like,lon,long,lost,narrower,near,nflorescence,node,occasionally,often,open,pair,papillate,petiolule,planar,portion,projection,prominent,pubescen,ruit,scar,see,side,sinuous,sinus,slender,smaller,splitting,strongly,swollen,tal,tem,thickening,time,tub,ud,unifoliat,unit,usually,wand-like,winged,without,ympodial	appearance,arrangement,bark,border,branch,bud,characteristic,clavate,colour,corrugation,drying,exertion,form,giving,glabrousnes,growth,height,history,interjected,length,life,lobing,midpoint,na,new,number,peduncle,perennial,plant,prickle,primary,pseudostipule,ray,seed,shape,size,texture,thicknes,type,variation,width	.0-2.5,0,0.5-0.7,1-1.2,1-2,1-3,1.2,10-12,10-17,2.5-3,3,3-7,3.5-4,5-6,6-16,7-16,abaxially,acuminate,arising,attenuate,axil,base,berry,bright,cm,completely,conical,densely,elongate,fleshy,glabrous,globose,green,half,leaf,lightly,lobed,lower,minute,minutely,mm,nearly,nodding,obovate,ovate,ovoid-reniform,pinnate,poricidal,pubescent,purple,rachi,rugose,scattered,short-pubescent,shrub,simple,single,somewhat,sparsely,tip,translucent,trichome,uniseriate,white,x	clavate,na,perennial
438	wfo-0001031071	success	186	134	74	92	94	42	72	2	0-10,0.2-0.8,1-1.5,1-2,1.5-2.2,2-8,2.1-3,2.4-3.4,3-10,3.8-5.4,4-6,5-9.4,5.7-8.8,6-8,7-16.5,8-28,abaxially,acute,adaxially,anther,apex,axillary,base,berry,blue,brownish,bud,clavate,cm,color,condition,coriaceous,corolla,dark,deep,diameter,distal,drying,elliptic,filament,forked,fresh,fruit,generally,glabrous,globose,green,green-white,greenish,half,herb,interjected,lanceolate,lateral,leaf,leaflet,lilac,lobe,long,medium,mm,mucilaginous,narrowly,odd-pinnate,ovate,ovoid,pedicel,peduncle,petiole,petiolulate,plant,purple,round,seed,sessile,short,size,spot,star,stigma,style,subtending,terminal,throughout,tube,typically,usually,wet,white,whitish,winged,x	0.4-2,1-3,1-7,2-3,2-5,3-5,3-6,4-25,5-merou,7-8,abaxiall,acumen,ag,along,alyx,apart,apparently,arranged,articulated,asymmetric,attenuate,axe,basiscopic,bead,blade,capitat,cell,connivent,covering,decreasing,digestion,dorsally,eaf,edge,eed,enzyme,erec,exceeding,flat,flower,folded,geminat,glabrou,hair-like,homostylous,honeycomb-shaped,lengthening,like,living,lower,make,middl,moniliform,mottled,multiple,necklace,nflorescence,orbicular,orolla,pair,pentagonal,perfect,plurifoliate,pore,poricidal,removed,ripe,rotate,ruit,seudostipule,side,slightly,slit,spaced,specimen,stamen,stolon,straight,subequal,tall,tamen,tem,testal,thick,tip,tissue,toward,tri-,tuber,unit,vary,wall,yellow,ympodial	appearance,arrangement,bark,border,branch,calyx,capitate,cayx,characteristic,colour,corrugation,exertion,form,giving,glabrousnes,growth,height,history,inflorescence,length,life,lobing,margin,midpoint,na,new,number,ovary,per,prickle,primary,pseudostipule,ray,shape,stem,surface,texture,thicknes,type,variation,vein,width	0-10,0.2-0.8,1-1.5,1-2,1.5-2.2,2-8,2.1-3,2.4-3.4,3-10,3.8-5.4,4-6,5-9.4,5.7-8.8,6-8,7-16.5,8-28,abaxially,acute,adaxially,axillary,berry,blue,brownish,bud,clavate,cm,color,condition,coriaceous,dark,deep,distal,drying,elliptic,forked,fresh,generally,glabrous,globose,green,green-white,greenish,half,herb,lanceolate,lilac,long,medium,mm,mucilaginous,narrowly,odd-pinnate,ovate,ovoid,petiolulate,plant,purple,round,sessile,short,spot,star,subtending,terminal,throughout,typically,usually,wet,white,whitish,winged,x	capitate,na
439	wfo-0001031097	success	174	124	60	78	96	46	56	4	0.45,1,1-4,1-4.5,1.6-5.5,1.8-2.5,1.8-2.6,13-30,2-3.3,3-5,3.5-6,3.7-8.4,4-6,5-11,5-9,8-11,9-21,abaxially,acuminate,acute,adaxially,apex,articulate,base,branched,calyx,cm,corolla,cuneate,cyme,darker,deep,diameter,dichasial,dichasially,distal,ebracteate,elliptical,filament,green,green-white,herbaceous,interjected,lateral,leaf,leaflet,light,lobe,long,margin,medium,mm,monochasial,mucilaginous,oblique,obovate,odd-pinnate,ovate,ovoid,pedicel,peduncle,perennial,petiole,plant,puberulent,pubescent,purple,rarely,seed,size,stigma,straight,strigose,style,terminal,violet,violet-blue,wide	0.5,1-3,1.5,2-3,2-4,3-6-foliat,4-7,5-12,abaxial,acumen,along,apical,apically,cell,connate,covering,decurrent,dehiscent,digestion,diminishing,dorsally,dotted,eaf,edge,eed,emoval,enzyme,exceeding,flat,flower,folded,forked,frequently,generally,globo,gree,hair-like,half,highly,honeycomb,interpetalar,introrse,lighter,living,lon,lower,lunat,make,maturing,mottled,narrow,nflorescence,noticeably,nther,often,orolla,pair,pattern,pentagonal,perfect,petal,petiolulate,petiolule,plan,poricidally,proximal,rachi,rapidly,reveal,rotate,ruit,sessile,seudostipule,short,side,slit,sometimes,specimen,stamen,tal,tem,testal,thick,throughout,tissu,toward,tuber-bearing,typically,unit,vary,vbase,wall,without,yellow,ympodial,¼	2,anther,appearance,arrangement,bark,border,branch,bud,characteristic,colour,corrugation,drying,exertion,form,fruit,giving,glabrousnes,globose,growth,height,history,inflorescence,length,life,lobing,midpoint,na,new,number,ovary,per,prickle,primary,pseudostipule,ray,shape,stem,surface,texture,thicknes,tube,type,variation,vein,wet,width	0.45,1,1-4,1-4.5,1.6-5.5,1.8-2.5,1.8-2.6,13-30,2-3.3,3-5,3.5-6,3.7-8.4,4-6,5-11,5-9,8-11,9-21,abaxially,acuminate,acute,adaxially,articulate,branched,cm,cuneate,cyme,darker,deep,dichasial,dichasially,ebracteate,elliptical,green,green-white,herbaceous,light,long,medium,mm,monochasial,mucilaginous,oblique,obovate,odd-pinnate,ovate,ovoid,perennial,puberulent,pubescent,purple,rarely,straight,strigose,violet,violet-blue,wide	2,globose,na,wet
440	wfo-0001031101	success	191	162	103	120	71	42	99	4	-20,-5,-8,/2,0.05-0.2,0.1-0.3,0.3-0.5,0.5-0.8,0.5-3,0.6-0.8-1,0.7-0.8,0.8-1-2.3,1-2,1-2-5-8,1.3-2,1.3-2.5,1.4-1.7,1/4-1/2,2-2.8,2-6,2.5-3.8,2.5-4-10-16,3-15,3-8,3.5-4.5,5-6,6-10-20,8-15-30,acuminate,almost,ame,anther,apex,apical,apically,apparently,articulated,bark,base,berry,branched,bright,c.,calyx,cm,concolorous,connivent,diameter,drying,dull,entire,erect,evenly,filament,filiform,flattened-reniform,fruiting,glabrescent,glabrous,glandular,green,green-brown,hair,lateral,leaf,length,lobe,lobed,long,long-acute,margin,maturity,mauve,midpoint,minute,mm,moderately,narrow-deltate,near,obtuse,often,orange-brown,orange-red,ovate,pair,pale,pedicel,peduncle,per,petiole,poricidal,primary,ray,red,resembling,rounded,shrub,simple,sparsely,spherical,stellate-pubescent,stem,straight,style,surface,tapering,terete,terminal,tip,trichome,tube,umbel,unarmed,vein,way,white,wide,yellow,yellow-green,young	/2-equal,0.1-0.2,1-3,1.5-3,1/3-1/2,10-30,2-4,2.5-3.5,3-10,4-5-merous,4-7,4.5-9,5-20-30,abaxial,abaxially,adaxial,alyx,apar,ba,blade,deltate,difoliate,eaf,eed,elongating,equal,flower,free,frui,geminat,herbaceous,infructescence,long-acuminat,longer,lower,mature,membranous,multangulate,nflorescence,older,one,open,orolla,oung,pendulous,perfec,pericarp,porrect,portion,red-brow,ruit,scandent,scar,sessile,smooth,spaced,spreading,stalk,stalked,stellate,stellate-pubescen,tamen,tertiary,time,unarme,unit,variously,vary,venation,visible,ympodial	appearance,arrangement,border,branch,bud,characteristic,colour,corolla,corrugation,distal,exertion,form,fruit,giving,glabrousnes,growth,height,history,inflorescence,interjected,leaflet,life,lobing,long-acuminate,na,new,number,ovary,perennial,plant,prickle,pseudostipule,red-brown,seed,shape,size,stigma,texture,thicknes,type,variation,width	-20,-5,-8,/2,0.05-0.2,0.1-0.3,0.3-0.5,0.5-0.8,0.5-3,0.6-0.8-1,0.7-0.8,0.8-1-2.3,1-2,1-2-5-8,1.3-2,1.3-2.5,1.4-1.7,1/4-1/2,2-2.8,2-6,2.5-3.8,2.5-4-10-16,3-15,3-8,3.5-4.5,5-6,6-10-20,8-15-30,acuminate,almost,ame,apical,apically,apparently,articulated,base,berry,branched,bright,c.,cm,concolorous,connivent,diameter,dull,entire,erect,evenly,filiform,flattened-reniform,glabrescent,glabrous,glandular,green,green-brown,hair,lateral,length,lobed,long,long-acute,maturity,mauve,minute,mm,moderately,narrow-deltate,near,obtuse,often,orange-brown,orange-red,ovate,pair,pale,poricidal,ray,red,resembling,rounded,shrub,simple,sparsely,spherical,stellate-pubescent,straight,tapering,terete,terminal,tip,trichome,umbel,unarmed,way,white,wide,yellow,yellow-green,young	long-acuminate,na,perennial,red-brown
441	wfo-0001031114	invalid_json	208	145	NA	114	94	31	NA	NA	.2,.5,0.5,0.5-1,0.7-1.5,0.8-1.2,1-10,1-2,1-7,10-15,2-17,2-3,2-4,2-7,2.5-3,2/3,25-50,3-10,3-4,3-5,4-10,4-5,4.5-6,6-7,abaxially,acuminate,acute,adaxially,anther,apex,base,becoming,berry,blade,branched,brown,calyx,chartaceous,cm,connivent,dark,deltate,densely,diameter,distal,elliptic-ovate,entire,erect,especially,filament,first,flattened,fleshy,flower,fruit,fruiting,glabrous,globose,green,hair,leaf,leaf-opposed,light,like,lobe,long,major,margin,minor,mm,multangulate,nodding,oblong,obtuse,outline,ovate,pedicel,peduncle,petiole,porrect,pubescent,purple,reniform,ripe,rounded,rugulose,shrub,side,simple,small,sparsely,stellate,stellate-pubescent,stem,stigma,strongly,style,subcoriaceous,subcuneate,surface,thickened,tip,toward,tree,triangular,truncate,tube,vein,white,white-pubescent,white-stellate,x,yellow,yellowish	.1,0-0.3,0.3-0.5,1-1.5,1-4.5,1-8,1.5-2.5,1.5-4,3-7,4-8,5-10,5-8,5-merou,7-15,absen,accrescent,adaxiall,ag,alyx,apart,apparently,articulated,axe,ba,capitat,covering,cylindrical,differentiated,directed,discolorous,distally,dried,eaf,echinoid,eed,equal,free,frui,geminate,highly,homostylous,impressed,interpetalar,introrsely,juic,lacking,large,long-stalked,longitudinal,lower,membanaceous,midpoint,nearly,nflorescence,often,one,opening,orolla,paired,part,perfect,pericarp,plurifoliate,pore,prominent,rachi,ray,ruit,sessile,short,short-,short-stalked,slightly,slit,somewhat,spaced,stalk,ste,straight,subcucullate,subtending,tall,tamen,tem,thin,time,tissue,unarme,unit,vary,whitish,wide,without,ympodial	arrangement,bark,branch,bud,capitate,characteristic,colour,corolla,corrugation,drying,exertion,form,glabrousnes,growth,height,inflorescence,length,lobing,na,new,number,ovary,per,plant,primary,seed,shape,size,texture,type,value	NA	NA
442	wfo-0001031116	success	191	152	108	126	65	26	105	3	.2,.5,.8,/4,0-10,0.05-0.15,0.3-0.5,0.7-0.9,0.7-1,1-5,1/2,10-14,15-25,2-5,2.7-3.2,3.5-4,30-100,4-7,5,8-11,9-13,abaxially,acuminate,almost,anther,apex,apically,apparently,articulated,attenuate,bark,base,berry,branching,bristle,broad-deltate,calyx,caudate,clearly,cm,collapsed,connivent,densely,diameter,discolorous,drying,dull,elliptic,elongated,erect,evenly,filament,flattened-reniform,flower,fragile,fruit,fruiting,glabrescent,glabrous,glaucous-green,green,lateral,leaf,length,lobe,lobed,long,lower,margin,maturity,mauve,membranous,midpoint,mm,moderately,multangulate,narrow-deltate,obovate,obtuse,often,orange-brown,orange-red,pair,pedicel,peduncle,per,petiole,poricidal,primary,ray,recurved,red-brown,reflexed,rounded,secondary,sessile,sharply,shortly,shrub,simple,slender,small,soft,sometimes,spherical,stellate,stellate-pubescent,stem,straight,style,subentire,surface,tapering,tip,tree,trichome,tube,unarmed,upper,vein,visible,way,weakly,wide,yellow,young	0,0.1,0.4-0.7,1,1/3-2/,1/6-1/4,30-50,4-10,5-15,5-merous,abaxial,adaxial,alyx,ame,apar,apart,arachnoid,blade,brow,c.,dirty-white,eaf,eed,elongating,epidermi,equal,flat,flexuous,free,hair,infructescence,less,longer,mature,minute,nflorescence,obtu,older,one,open,orolla,oung,perfec,pericarp,perpendicular,plurifoliat,portion,ruit,scar,single,smooth,spaced,sparsely,stalk,stalked,tamen,terete,tertiary,time,unarme,unit,vary,venation,woody,ympodial	1/3-2/3,arrangement,branch,brown,characteristic,colour,corolla,exertion,form,glabrousnes,growth,height,history,inflorescence,life,lobing,new,number,ovary,perennial,plant,seed,shape,size,texture,type	.2,.5,.8,/4,0-10,0.05-0.15,0.3-0.5,0.7-0.9,0.7-1,1-5,1/2,10-14,15-25,2-5,2.7-3.2,3.5-4,30-100,4-7,5,8-11,9-13,abaxially,acuminate,almost,apically,apparently,articulated,attenuate,base,berry,branching,bristle,broad-deltate,caudate,clearly,cm,collapsed,connivent,densely,diameter,discolorous,drying,dull,elliptic,elongated,erect,evenly,flattened-reniform,flower,fragile,glabrescent,glabrous,glaucous-green,green,lateral,lobe,lobed,long,lower,maturity,mauve,membranous,mm,moderately,multangulate,narrow-deltate,obovate,obtuse,often,orange-brown,orange-red,pair,poricidal,primary,recurved,red-brown,reflexed,rounded,secondary,sessile,sharply,shortly,shrub,simple,slender,small,soft,sometimes,spherical,stellate,stellate-pubescent,straight,subentire,tapering,tip,tree,trichome,unarmed,upper,visible,way,weakly,wide,yellow,young	1/3-2/3,brown,perennial
443	wfo-0001031128	success	208	141	88	104	104	37	84	4	/4,0,0.05-0.2,0.5-0.7,0.5-0.8,0.6-1,0.8-1.7,1.5-3,2-9.5,2.3-3-4-4.5,20-60-100,3-4,3.5-4.5,5-30,8-12,8-23,anther,apex,apparently,bark,base,berry,bristle,brown,calyx,cm,concolorous,connivent,cuneate,densely,diameter,drying,dull,elliptic,entire,erect,evenly,filament,flattened-reniform,fruit,glabrescent,glabrous,glandular,green,hair,inflorescence,lateral,leaf,length,lobe,lobed,long,long-acuminate,margin,maturity,mauve,membranous,midpoint,minute,mm,moderately,multangulate,near,orange-brown,pair,pale,pedicel,peduncle,per,petiole,poricidal,primary,purple-black,ray,recurved,red,red-brown,sessile,shallowly,short-attenuate,shrub,simple,soft,spherical,stalked,stellate,stellate-pubescent,stem,style,surface,tapering,terminal,tip,trichome,unarmed,undulate,variously,vein,way,white,wide,yellow,yellow-green,young	0-10,0-30,0.05-0.25,0.2,0.2-0.4,0.3-0.8,0.5-1.5,0.5-5,1,1-1.6,1-2-5-6.5,1.2-2,1.5-3.5,1/,1/6-1/3,10-35,2.5-10,2.5-3.5,20-50,4-5-merous,4-7,5-10-20,5-15,5-19,abaxial,abaxially,acute,almost,alyx,apar,apart,ape,apically,articulated,blade,branched,branching,deltate,eaf,eed,elongated,elongating,equal,eye,filiform,flexuous,flower,free,fruiting,gland,gra,infructescence,less,lon,long-acuminat,longer,lower,mature,multangualte,naked,narrow-deltate,nflorescence,occasionally,often,older,one,open,orolla,oung,perfect,pericarp,perpendicular,plurifoliat,portion,reduced,reflexed,ruit,scar,secondary,short-styled,side,single,smooth,spaced,spreading,stalk,staminate,straight,tamen,terete,tertiary,time,tube,unarme,unit,usually,vary,venation,visible,weakly,whitish,woody,yellow-brown,ympodial	1-6.5,appearance,arrangement,border,branch,characteristic,colour,corolla,distal,exertion,form,giving,glabrousnes,gray,growth,height,history,interjected,leaflet,life,lobing,na,new,number,ovary,perennial,plant,prickle,pseudostipule,seed,shape,size,texture,thicknes,type,variation,width	/4,0,0.05-0.2,0.5-0.7,0.5-0.8,0.6-1,0.8-1.7,1.5-3,2-9.5,2.3-3-4-4.5,20-60-100,3-4,3.5-4.5,5-30,8-12,8-23,apex,apparently,base,berry,bristle,brown,cm,concolorous,connivent,cuneate,densely,diameter,drying,dull,elliptic,entire,erect,evenly,flattened-reniform,glabrescent,glabrous,glandular,green,hair,lateral,lobed,long,long-acuminate,maturity,mauve,membranous,minute,mm,moderately,multangulate,near,orange-brown,pair,pale,per,poricidal,purple-black,recurved,red,red-brown,sessile,shallowly,short-attenuate,shrub,simple,soft,spherical,stalked,stellate,stellate-pubescent,tapering,terminal,tip,trichome,unarmed,undulate,variously,way,white,wide,yellow,yellow-green,young	1-6.5,gray,na,perennial
444	wfo-0001031135	success	187	158	102	106	81	52	99	3	0-2,0.7-2,1-1.5,1-10,1-2.5,1-3,1.5-2,1.5-3,10-20,2,2-2.5,2-23,2-3.5,2-4,2-5,2-5-9-pinnate,2.5-28,3-4,3.5-12,5-11,5-30,abaxially,acuminate,acute,adaxially,adpressed,also,apex,basal,base,basiscopically,beyond,calyx,cm,compound,cordate,cuneate,darker,decurrent,deflexed,deltate,densely,diameter,ellipsoidal,elliptic,entire,exserted,fading,flattened,flower,frequently,fruit,fusiform,green,hair,lateral,leaf,leaflet,light,lobe,lobed,long,longitudinal,margin,mm,moderately,oblique,oblong,obtuse,often,ovate,ovoid,pedicel,peduncle,peltiform,petiole,pilose,pink,pinnately,pinnatifid,puberulent,pubescent,purple,ripe,shrub,simple,sparsely,stamen,stigma,stripe,style,time,tip,tree,triangular,truncate,tube,unbranched,unlobed,upper,white,whitish,wide,x,yellow-green,yellowish	-7,0.5-2,1-3-10,1-4,1.5-9,2-3,3-5,4-5,4-foliat,7-15,absent,aggregate,along,apart,ape,articulated,axe,biglandula,blade,broad,campanulate,cell,chartaceous,color,connective,coriaceous,cylindrical,dilated,directed,distally,eaf,eed,eglandular-pubescent,ellipsoida,equal,especially,exceeding,glabrous,glandular-,interstitial,irregularly,laterally,leaving,lon,lower,midrib,narrowed,nflorescence,nther,obconical,occasionally,orolla,papillose,pedicellar,perfect,pilo,pore,present,rachi,radiu,remnant,ruit,shorter,slightly,small,smaller,spaced,stone,strongly,subcoriaceous,tal,tem,thecae,tomento,toward,ud,unit,unknow,vary,violet,ympodial	anther,appearance,arrangement,bark,biglandular,border,branch,bud,characteristic,colour,corolla,corrugation,distal,drying,exertion,filament,form,fruiting,giving,glabrousnes,growth,height,history,inflorescence,interjected,length,life,lobing,midpoint,na,new,number,ovary,per,perennial,plant,prickle,primary,pseudostipule,ray,seed,shape,size,stem,surface,terminal,texture,thicknes,type,variation,vein,width	0-2,0.7-2,1-1.5,1-10,1-2.5,1-3,1.5-2,1.5-3,10-20,2,2-2.5,2-23,2-3.5,2-4,2-5,2-5-9-pinnate,2.5-28,3-4,3.5-12,5-11,5-30,abaxially,acuminate,acute,adaxially,adpressed,also,apex,basal,base,basiscopically,beyond,cm,compound,cordate,cuneate,darker,decurrent,deflexed,deltate,densely,diameter,ellipsoidal,elliptic,entire,exserted,fading,flattened,flower,frequently,fruit,fusiform,green,hair,lateral,leaf,leaflet,light,lobe,lobed,long,longitudinal,mm,moderately,oblique,oblong,obtuse,often,ovate,ovoid,peltiform,pilose,pink,pinnately,pinnatifid,puberulent,pubescent,purple,ripe,shrub,simple,sparsely,stamen,stripe,style,time,tip,tree,triangular,truncate,unbranched,unlobed,upper,white,whitish,wide,x,yellow-green,yellowish	biglandular,na,perennial
445	wfo-0001031144	success	227	136	94	114	113	22	92	2	.5,0.8-1.4,1-2-9-11,1-4,1.1-2.5,2-3,2-3.5-10-13,2.5-3,2/3,25,3-7,4-20,4-4.5,4-6,6,7-10,acuminate,acute,adaxially,anther,anthesi,apex,articulated,asymmetric,base,berry,branch,bright,broadly,brown,calyx,capitate,cm,commonly,connivent,cordate,corolla,diameter,drying,ellipsoid,elliptic,entire,exserted,filament,flattened,flattened-reniform,form,fruiting,glabrous,globose,groove,growth,inflated,inflorescence,later,lateral,leaf,less,lobed,long,loosely,margin,minute,minutely,mm,new,number,oblique,occasionally,open,pair,pale,pedicel,peduncle,per,petiole,pinnately,pinnatifid,pitted,primary,pubescent,red,reddish,ripe,seed,shiny,simple,sleeve,slightly,small,sparsely,stem,stigma,strongly,style,surface,tan,terete,terminal,tiny,triangular,trichome,truncate,tube,uniseriate,usually,vein,vine,violet,way,woody,x,yellowish,½	.2,0.2,0.5,1-1.5,100,2,2-6,3-4.5,4,5,5-9,5-merou,<,ag,alyx,apart,apicula,apiculae,appearing,ark,around,away,axi,basal,basiscopically,blac,branche,brow,cell,closer,corresponding,cupped,curved,densely,divaricate,eaf,eed,elongate,elongating,extending,flower,four,free,geminat,ilament,irregularly,lamina,larger,leaflet,leaving,lengthening,like,lobe,longer,longest,lower,many,markedly,membranous,mere,near,nflorescence,often,older,one,orolla,outline,papillo,peg,pendant,pentagonal,perfect,pericarp,plurifoliate,pore,poricidal,portion,progress,quite,rim,ruit,scar,slit,smaller,sometimes,spaced,spreading,stellate-rotate,tangle,tem,testal,thin,third,tip,together,tuft,twinin,twining,two,ud,unequal,unit,upper,variable,vary,wall,weight,white,widest,wing,wood,yellow,ympodial	arrangement,bark,bud,characteristic,colour,corrugation,exertion,fruit,glabrousnes,height,history,length,life,lobing,na,ovary,papillose,plant,shape,size,texture,type	.5,0.8-1.4,1-2-9-11,1-4,1.1-2.5,2-3,2-3.5-10-13,2.5-3,2/3,25,3-7,4-20,4-4.5,4-6,6,7-10,acuminate,acute,adaxially,anthesi,apex,articulated,asymmetric,base,berry,bright,broadly,brown,calyx,capitate,cm,commonly,connivent,cordate,diameter,ellipsoid,elliptic,entire,exserted,flattened,flattened-reniform,form,glabrous,globose,groove,inflated,later,lateral,less,lobed,long,loosely,minute,minutely,mm,oblique,occasionally,open,pair,pale,pinnately,pinnatifid,pitted,pubescent,red,reddish,ripe,shiny,simple,sleeve,slightly,small,sparsely,strongly,surface,tan,terete,terminal,tiny,triangular,trichome,truncate,tube,uniseriate,usually,vine,violet,way,woody,x,yellowish,½	na,papillose
446	wfo-0001031152	success	232	170	115	130	102	40	112	3	-1.5,-10,.4,0.2-0.3,0.2-1.5,0.3-3,1-1.5,1-3,1-6,1.1-2.2,1.4-2.6,1/2-3/4,11,13-27,2.5-7.5,2.7-3.7,4-19,4-6,4-8,9-13,abaxially,acuminate,acute,adaxially,anther,anthesi,apart,apex,articulated,attenuate,basal,base,becoming,berry,blunt-tipped,branch,branched,brown,bud,bullate,calyx,closely,cm,conical,continued,corolla,decurrent,deltoid,densely,diameter,due,entire,exserted,filament,fleshy,flower,fruit,fruiting,glabrous,globose,granular-tomentose,greenish,growth,hair,honeycombed,lanceolate,lateral,lavender,leaf,length,lilac,lobe,long,long-,margin,midvein,mm,mostly,multangulate,narrowly,nearly,oblanceolate,oblong,obtuse,openly,orbicular,ovate,pale,pedicel,peduncle,persistently,petiole,porrect-stellate,probably,pubescent,rather,ray,reddish,reniform,reticulate-punctate,ripe,scabrous,sessile,shrub,side,simple,slightly,soon,spaced,sparingly,stelliform,stem,stigma,strongly,style,suborbicular,surface,terete,terminal,thick-stalked,time,tree,tube,unarmed,variously,vein,violet,x,yellow,yellowish	-5.5,/100-1/16,0-100,0.3-1.3,1.1-3,1.2-1.8,1.3-4,1.5-3,1.5-3.5,1/2-2/3,2-5,2.7-4.5,2.7-6,2.8-4,3.7-7,4-7,5-6,6.5-10,8-20,accrescent,ag,along,apical-lateral,apparently,axe,axillary,ba,blade,blister,capitat,chartaceous,dehiscing,directed,eaf,earl,eed,evident,extend,few-rayed,free,glabrescen,green,high,inserted,introrse,lackin,large,less,lobed,longer,longitudinal,lower,m.,main,mixed,moderately,multangulat,nflorescence,occasionally,one,open,orolla,partly,perfect,pitted,plurifoliate,pore,rachi,reddish-brown,relatively,rotate-stellate,ruit,runk,short-,short-stalked,slit,somewhat,sparsely,splitting,stamen,stellate-pubescent,stipitate-glandular,stout-stalked,suture,swelling,tamen,testa,thick,thin,thin-,thin-stalked,tomentose,touching,toward,unarme,unit,usually,vary,way,wide,ympodial,young	appearance,arrangement,bark,border,capitate,characteristic,colour,corrugation,distal,drying,exertion,form,giving,glabrousnes,height,history,inflorescence,interjected,leaflet,life,lobing,midpoint,na,new,number,ovary,per,perennial,plant,prickle,primary,pseudostipule,seed,shape,size,texture,thicknes,type,variation,width	-1.5,-10,.4,0.2-0.3,0.2-1.5,0.3-3,1-1.5,1-3,1-6,1.1-2.2,1.4-2.6,1/2-3/4,11,13-27,2.5-7.5,2.7-3.7,4-19,4-6,4-8,9-13,abaxially,acuminate,acute,adaxially,anthesi,apart,apex,articulated,attenuate,basal,base,becoming,berry,blunt-tipped,branched,brown,bullate,calyx,closely,cm,conical,continued,decurrent,deltoid,densely,diameter,due,entire,exserted,fleshy,flower,fruit,glabrous,globose,granular-tomentose,greenish,growth,hair,honeycombed,lanceolate,lateral,lavender,lilac,long,long-,midvein,mm,mostly,multangulate,narrowly,nearly,oblanceolate,oblong,obtuse,openly,orbicular,ovate,pale,persistently,petiole,porrect-stellate,probably,pubescent,rather,reddish,reniform,reticulate-punctate,ripe,scabrous,sessile,shrub,side,simple,slightly,soon,spaced,sparingly,stelliform,stem,strongly,suborbicular,terete,terminal,thick-stalked,time,tree,unarmed,variously,violet,x,yellow,yellowish	capitate,na,perennial
447	wfo-0001031202	success	198	163	107	124	74	39	104	3	.1,0-0.5,0-1,0.5-1,0.6-1.1,0.8-1,1-1.5,1-1.7,1.5-2,1.5-2.5,15-40,2-3,2-8,2.5-4,2/3,3.5-4,6-25,9-11,9-20,accrescent,acute,along,anther,apex,bark,base,beneath,berry,broadly,bud,calyx,capitate,cm,completely,complex,cordate,corolla,cup-shaped,decurrent,deflexed,densely,dia,distal,dry,enclosed,exserted,filament,fleshy,fruit,fruiting,furcate,glabrate,glabrous,globose,golden,green,inflorescence,later,lateral,leaf,lobe,lobed,long,long-ellipsoid,main,many,margin,material,minute,minutely,mm,obovate,occasional,occasionally,often,opposite,ovary,overtopping,ovoid-reniform,pair,pale,papillose,pedicel,petiole,pitted,plant,puberulent,pubescent,quite,reddish-brown,scattered,sessile,shape,shaped,shoot,shrub,size,slightly,small,stem,stigma,straight,style,surface,tan,tear-drop,terminal,thickened,thicker,time,tip,tree,trichome,tube,uniseriate,variable,vein,way,white,whitish,winged,woody,x,young	.5,0.1-0.3,0.5,1-5,1.5-9,2.5-13,2.5-3.5,20-100-flowered,abrupt,anthesi,apart,apiculate,axi,condition,corky,deltoid,differing,difoliate,due,eaf,edicel,eed,erect,extremely,flower,free,frui,geminat,greenish-white,greyi,hard,irregularly,large,like,live,lon,long-styled,longer,lower,major,middle,minor,narrowing,nflorescence,older,one,orbicular,paler,papillo,planar,pore,poricidal,portion,prominent,raised,rounded,ruit,scar,short-styled,slender,spaced,sparsely,specimen,tall,tapering,thick,third,tub,ud,unit,usually,weight,widest,ympodial	alternate,appearance,arrangement,border,branch,characteristic,colour,corrugation,diameter,drying,exertion,form,giving,glabrousnes,greyish,growth,height,history,interjected,leaflet,length,life,lobing,midpoint,na,new,number,peduncle,per,prickle,primary,pseudostipule,ray,seed,texture,thicknes,type,variation,width	.1,0-0.5,0-1,0.5-1,0.6-1.1,0.8-1,1-1.5,1-1.7,1.5-2,1.5-2.5,15-40,2-3,2-8,2.5-4,2/3,3.5-4,6-25,9-11,9-20,accrescent,acute,along,apex,base,beneath,berry,broadly,bud,calyx,capitate,cm,completely,complex,cordate,corolla,cup-shaped,decurrent,deflexed,densely,dia,dry,enclosed,exserted,fleshy,furcate,glabrate,glabrous,globose,golden,green,later,lateral,leaf,lobed,long,long-ellipsoid,main,many,material,minute,minutely,mm,obovate,occasional,occasionally,often,opposite,overtopping,ovoid-reniform,pair,pale,papillose,pitted,puberulent,pubescent,quite,reddish-brown,scattered,sessile,shaped,shoot,shrub,slightly,small,straight,tan,tear-drop,terminal,thickened,thicker,time,tip,tree,trichome,uniseriate,variable,vein,way,white,whitish,winged,woody,x,young	alternate,greyish,na
448	wfo-0001031207	success	217	163	103	124	93	39	100	3	-11,-4,-7,/5,0-20,0-8,0.1-0.5,0.25-0.5,0.3-0.5,0.5-1,0.6-0.9,0.6-1.2,0.7-2,0.85-1.4,0.9-1.6,1,1.4-2,1.5-5,1/4-1/3,2.1-2.3,2.5-3-5,2.8-3,3-5,5-8,6-8,anther,apart,apex,apparently,articulated,bark,base,berry,bristly,calyx,cell,chartaceous,cm,concolorous,cordate,curved,dark,densely,diameter,discolorous,drying,dull,erect,evenly,filament,flattened-reniform,fruit,fruiting,gently,glabrous,gray,green,herb,lateral,leaf,length,less,lobe,lobed,long,lower,margin,maturity,mauve,midpoint,mm,moderately,narrow-deltate,oblong,obtuse,orange-brown,outline,ovate,pair,pale,pedicel,peduncle,per,petiole,pit,poricidal,prickle,prickly,primary,raised,ray,red,reflexed,scandent,shrub,simple,small,smooth,sometimes,spaced,spherical,spreading,stellate,stellate-pubescent,stem,straight,style,subentire,surface,tapering,terminal,tip,tube,upper,usually,vein,visible,way,weakly,white,wide,yellow,yellow-green,young	.1,0-0.5,0-10,0-5,0.1-0.2,0.1-0.3-0.4,0.2,0.2-0.3,0.8,1-3,1-4,1-5,1/,1/3,1/3-equal,1/4-1/3-1/2,2-3,2-4,3.5-7,5-merous,6.5-8,9-5,abaxially,acuminat,acute,alyx,ame,apar,apically,blade,branched,bristle,broad-deltate,brow,c.,difoliate,distance,eaf,eed,elongated,elongating,equal,extending,eye,filiform,flower,free,geminat,glabrescent,herbaceous,infructescence,lanceolate,like,longer,mature,midvein,multangulate,naked,nflorescence,occasionally,older,one,open,orolla,oung,pendulous,perfec,pericarp,perpendicular,persistent,porrect,portion,prickl,rounded,ruit,scar,sessile,shorter,side,stalk,stalked,tamen,terete,tertiary,time,toward,trichome,unarmed,unit,variously,vary,venation,ympodial	1/4,appearance,arrangement,border,branch,brown,bud,characteristic,colour,corolla,corrugation,distal,exertion,form,giving,glabrousnes,growth,height,history,inflorescence,interjected,leaflet,life,lobing,na,new,number,ovary,plant,pseudostipule,seed,shape,size,stigma,texture,thicknes,type,variation,width	-11,-4,-7,/5,0-20,0-8,0.1-0.5,0.25-0.5,0.3-0.5,0.5-1,0.6-0.9,0.6-1.2,0.7-2,0.85-1.4,0.9-1.6,1,1.4-2,1.5-5,1/4-1/3,2.1-2.3,2.5-3-5,2.8-3,3-5,5-8,6-8,apart,apparently,articulated,base,berry,bristly,cell,chartaceous,cm,concolorous,cordate,curved,dark,densely,diameter,discolorous,dull,erect,evenly,flattened-reniform,gently,glabrous,gray,green,herb,lateral,less,lobed,long,lower,maturity,mauve,mm,moderately,narrow-deltate,oblong,obtuse,orange-brown,outline,ovate,pair,pale,per,pit,poricidal,prickly,raised,red,reflexed,scandent,shrub,simple,small,smooth,sometimes,spaced,spherical,spreading,stellate,stellate-pubescent,straight,subentire,tapering,terminal,tip,upper,usually,visible,way,weakly,white,wide,yellow,yellow-green,young	1/4,brown,na
449	wfo-0001031218	success	154	141	79	85	69	56	75	4	0.5,0.5-1,1-4,15-25,2-22,2-3,2.5-3,3-5,4-28,4-7,4-8,40,40-100+,5-37,5.5-7,6-10,6-7,6-9,8-17,abaxially,acuminate,acute,adaxially,apex,apiculate,basal,base,branched,calyx,cm,connivent,cordate,dark,densely,diameter,eglandular,eglandular-pilose,ellipsoidal,entire,flattened,flower,fruit,glabrous,glandular,glandular-puberulent,globose,greenish-purple,hair,lanceolate,lavender,less,lobe,long,margin,minutely,mm,mottled,narrowly,oblique,obtuse,orange,ovate,ovate-elliptic,ovoid,pedicel,peduncle,perfect,petiole,puberulent,pubescent,purple,ripe,simple,sometimes,sparsely,stigma,style,succulent,tip,tree,triangular,tube,violet,x,yellow	-5,1-2,1-3,10-19,2-2.5,3,3-14,4-5,4-foliat,5-7,8-20,aggregate,apart,ape,articulated,axe,beyond,blade,cell,connective,coriaceous,cylindrical,directed,distally,eaf,eed,equal,especially,exceeding,exserted,glabrou,introrse,leaving,lon,lower,moderately,nflorescence,nther,orolla,papillo,pedicellar,pore,presen,present,purpl,rachi,radiu,remnant,ruit,shorter,slightly,small,spaced,stamen,stellate,stone,subcoriaceous,tal,tem,thecae,time,tomento,toward,truncat,ud,unit,vary,wide,ympodial	anther,appearance,arrangement,bark,border,branch,bud,characteristic,colour,corolla,corrugation,distal,drying,exertion,filament,form,fruiting,giving,glabrousnes,growth,height,history,inflorescence,interjected,lateral,leaf,leaflet,length,life,lobing,midpoint,na,new,number,ovary,papillose,per,perennial,plant,prickle,primary,pseudostipule,ray,seed,shape,size,stem,surface,terminal,texture,thicknes,truncate,type,variation,vein,width	0.5,0.5-1,1-4,15-25,2-22,2-3,2.5-3,3-5,4-28,4-7,4-8,40,40-100+,5-37,5.5-7,6-10,6-7,6-9,8-17,abaxially,acuminate,acute,adaxially,apex,apiculate,basal,branched,cm,connivent,cordate,dark,densely,eglandular,eglandular-pilose,ellipsoidal,entire,flattened,flower,fruit,glabrous,glandular,glandular-puberulent,globose,greenish-purple,hair,lanceolate,lavender,less,lobe,long,minutely,mm,mottled,narrowly,oblique,obtuse,orange,ovate,ovate-elliptic,ovoid,perfect,puberulent,pubescent,purple,ripe,simple,sometimes,sparsely,succulent,tip,tree,triangular,violet,x,yellow	na,papillose,perennial,truncate
450	wfo-0001031225	success	163	148	100	107	56	41	96	4	.25,.5,0.2,0.2-0.75,0.7-6,0.75-1,0.8-1,1-1.5,1-1.7,1-5,2,2.5-3,3-9,3/4,5-50-flowered,5-6,6-8,7-9,9-16,acute,along,anther,anthesi,apex,bark,base,berry,broadly,bud,calyx,characteristic,cm,corolla,cup-shaped,darker,decurrent,deltoid,dia,dry,ellipsoid,elliptic,exserted,filament,fruiting,furcate,glabrate,glabrous,globose,green,growth,inflorescence,lateral,leaf,less,like,lobe,lobed,long,main,margin,minute,minutely,mm,narrowly,often,older,ovary,ovate,ovoid-reniform,pair,pale,papillose,pedicel,petiole,pitted,plant,pubescent,red-papillose,reflexed,rest,shape,shaped,shrub,size,slender,slightly,small,soon,specimen,stem,stigma,strongly,style,surface,tan,tapering,tear-drop,tip,tree,trichome,tube,uniseriate,vein,way,white,x,young	/3,0.1-0.75,0.5,0.5-1,1-3,1.5-5,apart,beginning,closely,conspicuous,differentiated,differing,difoliate,eaf,edicel,eed,erect,flattene,fragrant,free,geminat,greyish-brow,inflorescenc,live,lon,lower,major,middle,minor,much,nflorescence,one,opposite,outline,papillo,pore,poricidal,portion,prominent,proximal,raised,rhomboidal,rounded,ruit,scar,spaced,straight,sweetly,swelling,tall,ud,unevenly,unit,widest,woody,ympodial	alternate,appearance,arrangement,border,branch,colour,corrugation,diameter,distal,drying,exertion,flattened,form,fruit,giving,glabrousnes,greyish-brown,height,history,interjected,leaflet,length,life,lobing,midpoint,na,new,number,peduncle,per,prickle,primary,pseudostipule,ray,seed,terminal,texture,thicknes,type,variation,width	.25,.5,0.2,0.2-0.75,0.7-6,0.75-1,0.8-1,1-1.5,1-1.7,1-5,2,2.5-3,3-9,3/4,5-50-flowered,5-6,6-8,7-9,9-16,acute,along,anthesi,apex,base,berry,broadly,bud,calyx,characteristic,cm,corolla,cup-shaped,darker,decurrent,deltoid,dia,dry,ellipsoid,elliptic,exserted,furcate,glabrate,glabrous,globose,green,growth,inflorescence,lateral,leaf,less,like,lobe,lobed,long,main,margin,minute,minutely,mm,narrowly,often,older,ovate,ovoid-reniform,pair,pale,papillose,petiole,pitted,pubescent,red-papillose,reflexed,rest,shape,shaped,shrub,slender,slightly,small,soon,specimen,stem,strongly,tan,tapering,tear-drop,tip,tree,trichome,tube,uniseriate,vein,way,white,x,young	alternate,flattened,greyish-brown,na
451	wfo-0001031231	success	174	140	79	92	82	48	76	3	.5,0.5-1.5-2,1-1.5,1-2,1.5-2,2-3,2.5-3,25-35,37/2,37/3,4-8,5-7,8-10,acuminate,acute,almost,anther,apex,axillary,base,berry,branch,branched,brown,calyx,campanula,campanulate,cm,colour,corolla,dark,discoidal,ellipsoid,elliptic,entire,equal,erect,except,exerted,filament,fork,glabrous,globose,green,greyish,hair,juvenile,lanceolate,lasting,leaf,len,less,lobe,long,loosely,marbled,margin,minute,mm,oblong,occasionally,ovary,pedicel,peduncle,pentagonal,petal,pinnatisect,plant,poricidal,purple,rh,ripening,rotate,rounded,rugose-ruminate,seed,several,shrub,simple,soft,sometimes,stigma,stout,style,surface,tinged,tip,vigorous,violet,wooded,x,year	1-3,1-4,13,2-4,3-4,80-110,absent,acumen,adherent,along,anthesi,aromatic,aspect,axi,basal,becoming,beyond,blunt,bluntly,cell,clonal,cluster,declinate,developed,dia,eaf,eed,exceeding,expanded,facetted,fleshy,flower,flowering,folded,general,glandular,gree,habit,herbarium,interacuminal,lengthening,lon,lower,mature,mauve,midrib,nflorescence,often,pedice,pedicellate,plurifoliat,pore,projecting,rarely,readily,recurve,ripe,ruit,sessile,shallow,shed,short,sinus,slightly,slit,small,specimen,stone,stonrgly,succulent,tissue,toward,translucent,triangular,tub,ud,unit,usually,variable,well,without,ympodial	appearance,arrangement,bark,border,bud,characteristic,corrugation,diameter,distal,drying,exertion,form,fruit,fruiting,giving,glabrousnes,growth,height,history,inflorescence,interjected,lateral,leaflet,length,life,lobing,midpoint,na,new,number,per,petiole,prickle,primary,pseudostipule,ray,shape,size,stem,strongly,terminal,texture,thicknes,tube,type,variation,vein,width	.5,0.5-1.5-2,1-1.5,1-2,1.5-2,2-3,2.5-3,25-35,37/2,37/3,4-8,5-7,8-10,acuminate,acute,almost,axillary,berry,branch,branched,brown,calyx,campanula,campanulate,cm,dark,discoidal,ellipsoid,elliptic,entire,equal,erect,except,exerted,fork,glabrous,globose,green,greyish,hair,juvenile,lanceolate,lasting,len,less,long,loosely,marbled,minute,mm,oblong,occasionally,pentagonal,petal,pinnatisect,plant,poricidal,purple,rh,ripening,rotate,rounded,rugose-ruminate,several,shrub,simple,soft,sometimes,stout,tinged,tip,vigorous,violet,wooded,x,year	na,strongly,tube
452	wfo-0001031252	success	170	146	89	102	68	44	86	3	0.2-1.5,0.3-1.1,1-2,1.3-1.9,1.75-5.2,12-20,16-33,2-3,2.5-7,2.8-3.6,3-10,3-6,5-17,5-8,7-18,abaxially,absent,acute,adaxially,anther,apex,apparently,articulated,attenuate,axe,axillary,base,berry,brownish,bud,cell,clavate,cm,condition,coriaceous,corolla,covering,cuneate,dark,deep,diameter,distal,drying,elliptic,entire,filament,flower,forked,fresh,fruit,generally,glabrous,globose,green,green-white,greenish,hair-like,half,herb,high,interjected,lanceolate,lateral,leaflet,light,lobe,long,make,margin,medium,mm,mottled,mucilaginous,ovate,ovoid,pedicel,peduncle,perfect,petiole,plant,purple,ripe,rounded,seed,simple,sometimes,stigma,stripe,style,subtending,terminal,testal,thick,throughout,tube,unwinged,usually,wall,wet,white,whitish,x	0.4-3,1-3,3-5,5-9,5-merou,5.5-6.5,acumen,adaxiall,ag,along,alyx,apart,arranged,bead,blade,capitat,ciliate,connivent,digestion,dorsally,eaf,edge,eed,enzyme,erec,exceeding,flat,folded,geminat,glabrou,hal,homostylous,honeycomb-shaped,lengthening,like,linear,living,lower,moniliform,multiple,necklace,nflorescence,orolla,plurifoliate,pore,poricidal,removed,rotate,ruit,serrate,seudostipule,slit,spaced,specimen,stamen,stolon,straight,tall,tamen,tem,tip,tri-,tuber,typically,unit,vary,yellow,ympodial	appearance,arrangement,bark,border,branch,calyx,capitate,characteristic,colour,corrugation,erect,exertion,form,fruiting,giving,glabrousnes,growth,height,history,inflorescence,leaf,length,life,lobing,midpoint,na,new,number,ovary,per,prickle,primary,pseudostipule,ray,shape,size,stem,surface,texture,thicknes,type,variation,vein,width	0.2-1.5,0.3-1.1,1-2,1.3-1.9,1.75-5.2,12-20,16-33,2-3,2.5-7,2.8-3.6,3-10,3-6,5-17,5-8,7-18,abaxially,absent,acute,adaxially,apparently,articulated,attenuate,axe,axillary,berry,brownish,bud,cell,clavate,cm,condition,coriaceous,covering,cuneate,dark,deep,diameter,distal,drying,elliptic,entire,flower,forked,fresh,generally,glabrous,globose,green,green-white,greenish,hair-like,half,herb,high,lanceolate,lateral,light,long,make,medium,mm,mottled,mucilaginous,ovate,ovoid,perfect,plant,purple,ripe,rounded,seed,simple,sometimes,stripe,subtending,terminal,testal,thick,throughout,unwinged,usually,wall,wet,white,whitish,x	capitate,erect,na
453	wfo-0001031257	success	200	173	117	126	74	47	113	4	0,0.7-1,0.75-2.5,1-1.3,1.1-1.2,1.5,1.5-1.7,1.5-2,2-,2-4.5-6,3,3.5-5.7,4-10,4.5-6-12,5,5-8.5-12,6-celled,7-10-16-22.5,7.5-9,abaxially,abundant,acuminate,adaxially,anther,anthesi,antrorse,apex,ascending,attenuate,basal,base,berry,blue-violet,branch,bud,calyx,cm,coarsely,connectival,corolla,cuneate,dark,dentate,diameter,directed,dorsally,edentate,ellipsoidal,erect,filament,finely,flexuous,foliage,fruiting,glabrous,glandular,globose,half,herb,herbaceous,hollow,honey-combed,inconspicuous,inserted,lamina,lateral,leaf,length,light,like,little,lobe,long,long-stalked,longer,longitudinally,margin,midvein,mm,narrowly,non-glandular,odorles,outward,ovate,pair,papillate,patent,petiole,prolongation,pubescent,purple,reduced,ridged,ring,robust,secondary,seed,serrate,shrub,simple,smooth,somewhat,spur-like,stem,stigma,striate,style,subglobose,thickened,time,tip,tooth,trans-ovoidal,triangular,trichome,tube,unequal,upward,vein,ventrifixed,verrucate,viscid,white,within,x,yellow	0.4,0.5,0.5-0.8,1-1.2,1/10,11.5-15,3.5-4-,4.5-5,5-,8,8-celled,accrescen,ag,aggregate,bicellular,broad,campanulate,cell,coat,cotyledon,curved,cuticle,deep,densely,diamete,difoliate,eaf,eed,elliptical,embryo,endosperm,epidermal,free,geminat,hair-like,head,high,lon,longitudinal,lower,many-seeded,opening,orolla,pericarp,pore,poricidal,portion,rarely,ree,rest,ruit,saddle-shape,scarce,scarcely,separated,short-stalked,shorter,single-celled,sinus,slightly,slit,small,solitary,stalk,stone,strand,tem,thecae,thickening,unit,vary,viscid-pubescen,wall,ympodial	appearance,arrangement,bark,border,characteristic,colour,corrugation,distal,drying,exertion,form,fruit,giving,glabrousnes,growth,height,history,inflorescence,interjected,leaflet,life,lobing,midpoint,na,new,number,ovary,pedicel,peduncle,per,perennial,plant,prickle,primary,pseudostipule,ray,saddle-shaped,shape,size,surface,terminal,texture,thicknes,type,variation,viscid-pubescent,width	0,0.7-1,0.75-2.5,1-1.3,1.1-1.2,1.5,1.5-1.7,1.5-2,2-,2-4.5-6,3,3.5-5.7,4-10,4.5-6-12,5,5-8.5-12,6-celled,7-10-16-22.5,7.5-9,abaxially,abundant,acuminate,adaxially,anthesi,antrorse,ascending,attenuate,basal,base,berry,blue-violet,bud,cm,coarsely,connectival,corolla,cuneate,dark,dentate,diameter,directed,dorsally,edentate,ellipsoidal,erect,filament,finely,flexuous,foliage,glabrous,glandular,globose,half,herb,herbaceous,hollow,honey-combed,inconspicuous,inserted,lamina,light,like,little,lobe,long,long-stalked,longer,longitudinally,margin,midvein,mm,narrowly,non-glandular,odorles,outward,ovate,pair,papillate,patent,prolongation,pubescent,purple,reduced,ridged,ring,robust,secondary,serrate,shrub,simple,smooth,somewhat,spur-like,striate,subglobose,thickened,time,tip,tooth,trans-ovoidal,triangular,trichome,tube,unequal,upward,vein,ventrifixed,verrucate,viscid,white,within,x,yellow	na,perennial,saddle-shaped,viscid-pubescent
454	wfo-0001031270	success	234	193	145	160	74	33	143	2	+,0.4-1.5,0.5-1,1,1-1.2,1-4,1.2-1.6,1/3,10,10-12,100,2-2.5,2-20,2-3,2-4,2-7,2.5-3,3-10,3-20,4-5,5,5-10,5-15,5-6,6-17,6-50,7-12,9-10,>,acute,along,anther,anthesi,apex,articulated,associated,bark,base,berry,bipinnatifid,bright,brown,calyx,capitate,clavate,cm,conical,curved,deeply,densely,depressed-spherical,diameter,differentiated,directed,distal,elliptic,entire,few-rayed,filament,flower,free,fruiting,glabrous,glandular,glandular-pubescent,green,growth,herb,inflorescence,infructescence,later,lateral,leaf,leaf-opposed,length,like,live,lobe,lobed,long,long-styled,margin,membranous,midpoint,midvein,minute,minutely,mixture,mm,multangulate,multiseriate,new,obovate,often,ovoid,pair,pale,pedicel,peduncle,per,petiole,pinnatifid,pitted,plant,pore,poricidal,prickle,prickly,primary,pubescent,ray,red,reddish,reflexed,reniform,rest,ripe,rounded,scattered,sessile,shallowly,short-stalked,short-styled,shrub,simple,size,slender,slightly,small,sparsely,spherical,spreading,stalk,stellate,stem,stigma,straight,straw-colored,style,surface,tan,tapering,terete,tip,tissue,trichome,truncate,tube,uniseriate,upward,varying,vein,way,well,white,wide,wing,yellow,yellowish,½	.5,1-3,1.5,1.5-2,3-5,5-merous,8,abaxial,abaxially,accrescent,adaxial,adaxiall,alyx,apart,arme,basal,beginning,blade,brow,c.,cell,celled,colored,connivent,consistently,difoliate,eed,ellipti,equal,erect,frui,geminat,gland,heavily,heterostylous,investing,leafy,lon,longer,loosely,lower,narrowly,nflorescence,occasionally,older,orolla,oung,outline,papillo,pericarp,portion,rachi,ruit,scar,secondary,shallow,shining,single,sinuate,staminat,strongly,tall,tamen,testal,thin,thus,tightly,unit,usually,vary,wice,wid,woody,ympodial	appearance,arrangement,border,branch,bud,characteristic,colour,corolla,corrugation,exertion,form,fruit,giving,glabrousnes,height,history,interjected,leaflet,life,lobing,na,number,ovary,papillose,pseudostipule,seed,shape,terminal,texture,thicknes,type,variation,width	+,0.4-1.5,0.5-1,1,1-1.2,1-4,1.2-1.6,1/3,10,10-12,100,2-2.5,2-20,2-3,2-4,2-7,2.5-3,3-10,3-20,4-5,5,5-10,5-15,5-6,6-17,6-50,7-12,9-10,>,acute,along,anthesi,articulated,associated,base,berry,bipinnatifid,bright,brown,capitate,clavate,cm,conical,curved,deeply,densely,depressed-spherical,diameter,differentiated,directed,elliptic,entire,few-rayed,flower,free,glabrous,glandular,glandular-pubescent,green,herb,inflorescence,infructescence,later,lateral,leaf-opposed,length,like,live,lobe,lobed,long,long-styled,membranous,midpoint,midvein,minute,minutely,mixture,mm,multangulate,multiseriate,obovate,often,ovoid,pair,pale,per,pinnatifid,pitted,plant,pore,poricidal,prickle,prickly,pubescent,ray,red,reddish,reflexed,reniform,rest,ripe,rounded,scattered,sessile,shallowly,short-stalked,short-styled,shrub,simple,size,slender,slightly,small,sparsely,spherical,spreading,stalk,stellate,stem,straight,straw-colored,surface,tan,tapering,terete,tip,tissue,trichome,truncate,tube,uniseriate,upward,varying,vein,way,well,white,wide,wing,yellow,yellowish,½	na,papillose
455	wfo-0001031283	success	51	70	23	26	25	44	20	3	0.5-0.7,0.7,2.2-2.8,30-40,apex,base,brown,calyx,cm,diameter,erect,fruit,hair-like,long,mm,obovate,outgrowth,pale,pubescent,shrub,somewhat,sprawling,surface,thick,wide,woody	.7-2.3,0.1-0.15-0.25,0.4-0.5,acute,appearance,cell,eed,elongating,fide,give,lateral,lo,lobe,markedly,moore,narrowly,pleasant,silky,small,smelling,spreadin,tall,testa,wall,winged	1.7-2.3,anther,arrangement,bark,branch,bud,characteristic,colour,corolla,corrugation,drying,exertion,filament,form,fruiting,glabrousnes,growth,height,history,inflorescence,leaf,length,life,lobing,margin,na,new,ovary,pedicel,peduncle,petiole,plant,primary,seed,shape,size,spreading,stem,stigma,style,texture,tube,type,vein	0.5-0.7,0.7,2.2-2.8,30-40,brown,cm,erect,hair-like,long,mm,obovate,outgrowth,pale,pubescent,shrub,somewhat,sprawling,thick,wide,woody	1.7-2.3,na,spreading
456	wfo-0001031287	success	147	141	83	95	52	46	80	3	.5,0.5-1.5,0.9-1,1,1-1.2,1-1.3,1-1.5,1-5,1.5-2,1.5-5.5,2-2.5,3-4,4-5,4-6,4.5-5,5-14,6-10-flowered,6-7,abaxially,acute,adaxially,anther,apex,attenuate,axil,bark,base,berry,bi-lobed,branch,calyx,cm,conical,corolla,dark,dendritic,densely,dia,divergently,ellipsoid,elliptic,elongate,erect,exserted,filament,fleshy,fruiting,glabrous,globose,green,greenish-white,later,lateral,leaf,lobe,lobed,long,main,margin,minutely,mm,nearly,onto,ovary,ovoid-reniform,pair,pale,pedicel,petiole,pitted,pointed,pubescent,red-papillose,reflexed,rounded,shaped,shrub,simple,somewhat,stem,stigma,strongly,style,surface,tan,tear-drop,thick,trichome,tube,tuft,vein,white,winged,x,young	3-5,anthesi,apar,ape,bearing,connective,coriaceous,deflexed,deltate,difoliate,eaf,edicel,eed,enlarged,free,frui,geminate,internodal,knob,lamina,lon,lower,many,membranous,middle,nflorescence,occasionally,older,papillo,papillose,planar,plurifoliate,pore,poricidal,portion,reddish-brow,ruit,scar,shoot,short,sinus,small,spaced,thin,tip,tub,ud,unevenly,unit,widest,woody,ympodial	0.5,appearance,arrangement,border,bud,characteristic,colour,corrugation,diameter,distal,drying,exertion,form,fruit,giving,glabrousnes,growth,height,history,inflorescence,interjected,leaflet,length,life,lobing,midpoint,na,new,number,peduncle,per,plant,prickle,primary,pseudostipule,ray,reddish-brown,seed,shape,size,terminal,texture,thicknes,type,variation,width	.5,0.5-1.5,0.9-1,1,1-1.2,1-1.3,1-1.5,1-5,1.5-2,1.5-5.5,2-2.5,3-4,4-5,4-6,4.5-5,5-14,6-10-flowered,6-7,abaxially,acute,adaxially,apex,attenuate,axil,base,berry,bi-lobed,calyx,cm,conical,dark,dendritic,densely,dia,divergently,ellipsoid,elliptic,elongate,erect,exserted,fleshy,glabrous,globose,green,greenish-white,later,lateral,lobed,long,main,minutely,mm,nearly,onto,ovoid-reniform,pair,pale,petiole,pitted,pointed,pubescent,red-papillose,reflexed,rounded,shaped,shrub,simple,somewhat,strongly,tan,tear-drop,thick,trichome,tube,tuft,vein,white,winged,x,young	0.5,na,reddish-brown
457	wfo-0001031300	success	216	149	91	112	104	37	88	3	-4,-5,.5,/4,0.2-0.4,0.2-0.5,0.3,0.5-0.9,0.5-18,0.5-2,0.6-0.8,0.7-0.9,0.7-1.2-2.2,0.8-1.5,1-2,1.2-1.7,2-3,2-4,2-5.5,2.2-2.3,2.2-2.7,2.5-3.2,3-4,acute,anther,apart,apex,articulated,attenuate,bark,base,berry,branched,brown-green,calyx,cell,chartaceous,cm,concolorous,creeping,curved,densely,diameter,drying,dull,erect,filament,filiform,flattened,flattened-reniform,fruit,fruiting,glabrous,gray-green,lateral,leaf,length,lobe,lobed,long,margin,maturity,membranous,midpoint,mm,moderately,near,oblanceolate,orange,orange-brown,orange-green,outline,pair,pale,pedicel,peduncle,per,petiole,pit,poricidal,prickle,prickly,primary,pubescent,raised,ray,red,rounded,shrub,simple,small,smooth,spaced,sparsely,spherical,stellate,stellate-pubescent,stem,style,surface,tapering,terete,tip,trichome,tube,vein,way,white,wide,yellow,yellow-green,yellow-orange	-6,0-15,0-20,0-3,0-8,0.1,0.1-0.5,0.1-0.6,0.15-0.7,0.2-0.7,0.2-1,0.3-0.6,0.3-1.3,0.5-1.5,0.6-1,0.6-1.2,1-4,1-5,1.3-2,1.5-3.5,1/2-3/4,1/3-1/2,1/6-1/4,10-30,2-3-4,2-6,4.5-6,5-15,5-merous,6-8,abaxially,absent,also,alyx,apar,apically,apparently,ba,blade,brow,bulbous,caudat,connivent,deltate,difoliate,distance,eaf,eed,elongating,equal,extending,eye,flower,free,geminat,geniculate,glabrescent,hair,herbaceous,highly,infructescence,lon,longer,lower,mature,midvein,minute,naked,nflorescence,oblong,obtuse,older,one,open,orolla,oung,pendulous,perfec,pericarp,porrect,portion,prickl,rarely,reduced,ruit,scar,sessile,side,spreading,stalk,stalked,tamen,tertiary,thin,time,uniradiate,unit,vary,venation,visible,weakly,wider,winged,ympodial	10-20,arrangement,branch,brown,bud,characteristic,colour,corolla,corrugation,distal,exertion,form,glabrousnes,growth,height,history,inflorescence,interjected,leaflet,life,lobing,na,new,number,ovary,plant,pseudostipule,seed,shape,size,stigma,terminal,texture,thicknes,type,variation,width	-4,-5,.5,/4,0.2-0.4,0.2-0.5,0.3,0.5-0.9,0.5-18,0.5-2,0.6-0.8,0.7-0.9,0.7-1.2-2.2,0.8-1.5,1-2,1.2-1.7,2-3,2-4,2-5.5,2.2-2.3,2.2-2.7,2.5-3.2,3-4,acute,apart,apex,articulated,attenuate,base,berry,branched,brown-green,cell,chartaceous,cm,concolorous,creeping,curved,densely,diameter,dull,erect,filiform,flattened,flattened-reniform,glabrous,gray-green,lateral,lobed,long,maturity,membranous,mm,moderately,near,oblanceolate,orange,orange-brown,orange-green,outline,pair,pale,pit,poricidal,prickly,pubescent,raised,red,rounded,shrub,simple,small,smooth,spaced,sparsely,spherical,stellate,stellate-pubescent,tapering,terete,tip,trichome,way,white,wide,yellow,yellow-green,yellow-orange	10-20,brown,na
458	wfo-0001031310	success	203	154	98	113	90	41	95	3	.5,0-3,0.5-3,1-3,1-5.5,1-6,1.5-4,15-40,2-3,2.5-5.5,2.5-8.5,4-10,4-12,4.5-4.8,5.5-21,absent,acuminate,anther,apex,axillary,base,berry,blue,blue-purple,brown,brownish,bud,cell,chartaceous,cm,condition,connivent,corolla,covering,cuneate,decurrent,diameter,distal,drying,filament,flower,forked,fresh,fruit,generally,glabrous,globose,green,green-white,greenish,hair,hair-like,half,herb,interjected,lanceolate,lateral,leaf,leaflet,light,like,lobe,make,margin,membranous,mm,mottled,mucilaginous,multicellular,narrowly,obtuse,odd-pinnate,ovate-lanceolate,ovoid,pale,pedicel,peduncle,petiole,petiolule,pilose,plant,poricidal,pubescent,purple,rosette-forming,rotate,seed,shortly,simple,size,slightly,sometimes,sparsely,stem,stigma,streak,style,subrosette-forming,subtending,terminal,testal,thick,throughout,tip,tube,unwinged,usually,wall,wet,white,whitish,x,yellow	0-4,1-10,1-2,3-10,5-6,5-7,5-merou,6-7,abaxially,acumen,adaxially,ag,along,alyx,apart,apparently,articulated,attenuate,axe,blade,borne,broadly,caly,ciliate,conspicuously,decreasing,digestion,dorsally,eaf,edge,eed,elliptic,end,enzyme,erect-decumben,especially,exceeding,extremely,flat,folded,geminat,glabrou,gradually,high,homostylous,honeycomb-shaped,larger,lengthening,less,living,long,lower,midrib,minutely,nflorescence,orolla,ovate,ovate-elliptic,pair,perfect,plurifoliate,pointed,pore,puberulent,rachi,removed,ruit,seudostipule,singly,slit,small,somewhat,spaced,specimen,stamen,ste,stolo,straight,subellipsoi,tall,tamen,tem,tissue,toward,tri-,tuber,typically,unit,vary,ympodial	appearance,arrangement,bark,border,branch,calyx,characteristic,colour,corrugation,erect-decumbent,exertion,form,fruiting,giving,glabrousnes,growth,height,history,inflorescence,length,life,lobing,midpoint,na,new,number,ovary,per,prickle,primary,pseudostipule,ray,shape,subellipsoid,surface,texture,thicknes,type,variation,vein,width	.5,0-3,0.5-3,1-3,1-5.5,1-6,1.5-4,15-40,2-3,2.5-5.5,2.5-8.5,4-10,4-12,4.5-4.8,5.5-21,absent,acuminate,axillary,berry,blue,blue-purple,brown,brownish,bud,cell,chartaceous,cm,condition,connivent,covering,cuneate,decurrent,diameter,distal,drying,flower,forked,fresh,generally,glabrous,globose,green,green-white,greenish,hair,hair-like,half,herb,lanceolate,lateral,light,like,make,membranous,mm,mottled,mucilaginous,multicellular,narrowly,obtuse,odd-pinnate,ovate-lanceolate,ovoid,pale,petiolule,pilose,plant,poricidal,pubescent,purple,rosette-forming,rotate,seed,shortly,simple,slightly,sometimes,sparsely,stem,streak,subrosette-forming,subtending,terminal,testal,thick,throughout,tip,unwinged,usually,wall,wet,white,whitish,x,yellow	erect-decumbent,na,subellipsoid
459	wfo-0001031316	success	207	164	108	123	84	41	104	4	-2,/3,0.05-0.1,0.05-0.15,0.3-1,0.4-0.8,0.5-2,0.8-1.2,0.8-1.8,0.9-1.3,1.2-2.1,1.3-3.5,1.5-2,1.5-3.5,2-20,2-3,2.5-8,3-8,3.5-3.8,3.8-5,4-7,4-9,5-10,5-15,5-6,5-8,8-25,abaxially,acuminate,acute,almost,ame,anther,apex,apically,apparently,bark,base,becoming,berry,blue-mauve,branched,bright,broad,c.,calyx,cm,colored,concolorous,connivent,cream,curved,dark,densely,diameter,discolorous,drying,dull,entire,erect,filament,flattened-reniform,fruit,fruiting,glabrescent,glabrous,gray,green,held,inward,lateral,leaf,length,lobe,long,lowermost,margin,marking,maturity,midpoint,mm,moderately,narrow-deltate,obtuse,orange,orange-brown,ovate,pair,pale,pedicel,peduncle,per,petiole,poricidal,primary,purple,ray,red-brown,reflexed,shrub,simple,sometimes,sparsely,spherical,spreading,stellate-pubescent,stem,style,surface,tapering,terete,terminal,tip,tube,unarmed,vein,way,white,white-green,wide,yellow,yellow-green,young	.1,0.1-0.2,0.4-0.6,0.6-1,1-5,1.5-2-3,1.5-5,1/3-1/2,1/3-2/3,2-4,3-10,4,5-merous,6-20,8-11,8-12,abaxial,adaxial,alyx,apar,articulated,blade,contrast,difoliate,eaf,eed,elongating,eye,fifth,flower,foliaceou,four,free,geminat,glabrou,hair,herbaceous,infructescence,lobed,long-acuminat,longer,lower,mature,membranous,minute,multangulate,naked,nflorescence,older,one,open,orolla,oung,pendulous,perfec,pericarp,porrect,portion,red-brow,ruit,scar,sessile,slender,smooth,spaced,stalk,stalked,stellate,stellate-pubescen,strongly,tamen,tertiary,time,trichome,unarme,unequal,unit,usually,variously,vary,venation,visible,whitish,ympodial	appearance,arrangement,border,branch,bud,characteristic,colour,corolla,corrugation,distal,exertion,foliaceous,form,giving,glabrousnes,growth,height,history,inflorescence,interjected,leaflet,life,lobing,long-acuminate,na,new,number,ovary,perennial,plant,prickle,pseudostipule,seed,shape,size,stigma,texture,thicknes,type,variation,width	-2,/3,0.05-0.1,0.05-0.15,0.3-1,0.4-0.8,0.5-2,0.8-1.2,0.8-1.8,0.9-1.3,1.2-2.1,1.3-3.5,1.5-2,1.5-3.5,2-20,2-3,2.5-8,3-8,3.5-3.8,3.8-5,4-7,4-9,5-10,5-15,5-6,5-8,8-25,abaxially,acuminate,acute,almost,ame,anther,apically,apparently,base,becoming,berry,blue-mauve,branched,bright,broad,c.,cm,colored,concolorous,connivent,cream,curved,dark,densely,diameter,discolorous,dull,entire,erect,flattened-reniform,glabrescent,glabrous,gray,green,held,inward,lateral,length,lobe,long,lowermost,marking,maturity,mm,moderately,narrow-deltate,obtuse,orange,orange-brown,ovate,pair,pale,per,poricidal,purple,ray,red-brown,reflexed,shrub,simple,sometimes,sparsely,spherical,spreading,stellate-pubescent,tapering,terete,terminal,tip,unarmed,way,white,white-green,wide,yellow,yellow-green,young	foliaceous,long-acuminate,na,perennial
460	wfo-0001031333	success	194	118	71	88	106	30	70	1	+,.5,1-1.5,1-4,1-5,1.2-2,1.5,1.5-1.7,1.5-2,1/2,2,2.7-7,3-4,3/4,5-7,50,7-9,>,?,acuminate,acute,anther,anthesi,apex,base,berry,bilobed,branched,broadly,brown,capitate,cm,conical,densely,diameter,ellipsoidal,elliptic,entire,exserted,filament,flattened,glabrous,globose,golden,green,greenish,growth,immature,inflorescence,many,margin,membranous,minute,minutely,mm,narrowly,new,nodding,ovate,pair,pale,pedicel,peduncle,per,petiole,pitted,primary,pubescent,reniform,simple,somewhat,sparsely,stem,stigma,strongly,style,surface,terminal,time,truncate,tube,vein,vine,way,white,woody,x,yellowish	0.1-0.5,0.5,2-3,2.5-3,30-40,5-8,5-merou,7-10,<,abaxially,adaxiall,adaxially,adjacent,ag,almost,alyx,apart,appearing,ark,articulated,branche,calyx,cell,clustered,collection,composed,crea,cupped,denser,eaf,eed,flower,free,fruting,glabrescen,glabrescent,half,high,ilament,lamina,leaving,lengthening,less,like,lobe,lobed,long,lower,m.,matte,mere,near,nflorescence,occasionally,older,orolla,outline,papillat,peg,penden,pentagonal,perfect,pericarp,planar,plurifoliat,pore,poricidal,portion,pubescent-papillate,quadrate,rest,rhachi,ruit,scar,sinus,slightly,slit,small,soon,splitting,ste,stellate,striped,tangled,tem,testal,thickened,thin,tip,trailing,triangular,trichome,twining,ud,undersurface,undulation,unequal,unevenly,uniseriate,unit,upper,vary,venation,whitish,yellow,ympodial	arrangement,bark,branch,bud,caylx,characteristic,colour,corolla,corrugation,drying,exertion,form,fruit,fruiting,glabrousnes,height,history,leaf,length,life,lobing,na,number,ovary,plant,seed,shape,size,texture,type	+,.5,1-1.5,1-4,1-5,1.2-2,1.5,1.5-1.7,1.5-2,1/2,2,2.7-7,3-4,3/4,5-7,50,7-9,>,?,acuminate,acute,anthesi,base,berry,bilobed,branched,broadly,brown,capitate,cm,conical,densely,diameter,ellipsoidal,elliptic,entire,exserted,flattened,glabrous,globose,golden,green,greenish,immature,many,membranous,minute,minutely,mm,narrowly,nodding,ovate,pair,pale,pitted,pubescent,reniform,simple,somewhat,sparsely,strongly,terminal,time,truncate,vine,way,white,woody,x,yellowish	na
461	wfo-0001031333	success	194	121	75	95	99	26	74	1	+,.5,1-1.5,1-4,1-5,1.5,1.5-1.7,1.5-2,1/2,2.7-7,3-4,3/4,5-7,50,7-9,>,?,acuminate,acute,adaxially,anther,anthesi,apex,bark,base,berry,bilobed,branched,broadly,brown,calyx,capitate,cm,conical,corolla,densely,diameter,ellipsoid,elliptic,entire,exserted,filament,flattened,fruiting,glabrous,globose,golden,green,greenish,growth,immature,inflorescence,long,many,margin,membranous,minute,minutely,mm,narrowly,near,new,nodding,ovate,pair,pale,pedicel,peduncle,per,petiole,pitted,primary,pubescent,reniform,simple,somewhat,sparsely,stem,stigma,strongly,style,surface,terminal,time,trichome,truncate,tube,uniseriate,vein,vine,way,white,wide,woody,yellowish	0.1-0.5,0.5,1-5-2,2,2-3,2.5-3,3,30-40,5-8,5-merou,7-10,<,abaxially,adaxiall,adjacent,ag,almost,alyx,apart,appearing,articulated,branche,cell,clustered,composed,cream,cupped,denser,eaf,eed,flower,free,glabrescen,glabrescent,half,high,ilament,lamina,leaving,lengthening,less,like,lobe,lobed,lower,m.,matte,mere,nflorescence,occasionally,older,orolla,outline,papillat,peg,penden,perfect,pericarp,planar,plurifoliat,pore,poricidal,portion,pubescent-papillate,quadrate,rest,rhachi,rotate-stellate,ruit,scar,sinus,slightly,slit,small,soon,spaced,splitting,stellate,striped,tangled,testal,thickened,thin,tip,trailing,triangular,tub,twinin,ud,undersurface,undulation,unequal,unevenly,unit,upper,vary,venation,whitish,ympodial	arrangement,branch,bud,characteristic,colour,corrugation,drying,exertion,form,fruit,glabrousnes,height,history,leaf,length,life,lobing,na,number,ovary,plant,seed,shape,size,texture,type	+,.5,1-1.5,1-4,1-5,1.5,1.5-1.7,1.5-2,1/2,2.7-7,3-4,3/4,5-7,50,7-9,>,?,acuminate,acute,adaxially,anthesi,base,berry,bilobed,branched,broadly,brown,capitate,cm,conical,densely,diameter,ellipsoid,elliptic,entire,exserted,flattened,glabrous,globose,golden,green,greenish,immature,long,many,membranous,minute,minutely,mm,narrowly,near,nodding,ovate,pair,pale,per,pitted,pubescent,reniform,simple,somewhat,sparsely,strongly,terminal,time,trichome,truncate,uniseriate,vine,way,white,wide,woody,yellowish	na
462	wfo-0001031359	success	166	145	88	100	66	45	84	4	.02,.25,.5,/4,0.5-1,0.5-6,1-4,1.1-1.6,1.2-1.6,1.2-2.5,1.3-1.6,1.9-2.3,12-21,2.5-3,3-3.5,3.6-8.8,5-30-flowered,5-angled,6-7,acuminate,angle,anther,apex,attenuate,axil,bark,base,beneath,berry,bi-lobed,brown,calyx,cm,corolla,dark,dia,distal,dried,dull,elliptic,extending,filament,flattened-reniform,fruiting,glabrous,globose,green,internodal,lateral,leaf,live,lobe,long,main,margin,minutely,mm,narrowly,nearly,obovoid,occasionally,often,opposite,outline,ovary,papillae,papillose,pedicel,petiole,pit,pitted,plant,ripe,round,rusty,shaped,shiny,shrub,simple,size,slender,somewhat,specimen,stem,stigma,style,surface,tan,tapering,tear-drop,trichome,tube,tuft,uniseriate,vein,way,white,x,yellow,yellow-orange	0.75-1,1.5-2,1.6-2.8,5-7,5.3-7.5,anthesi,apart,apiculate,appearing,ba,beginning,broadly,curled,deflexed,differing,difoliate,eaf,edicel,eed,evenly,free,geminat,incrassate,inflorescenc,interpetalar,lamina,lobed,lon,lower,major,membraneous,middle,minor,near,nflorescence,older,one,originating,pair,paler,papillo,planar,pore,poricidal,portion,reflexed,ridged,ruit,scar,sinus,slightly,spaced,straight,strongly,tall,tip,triangular,tub,ud,undulate,unit,white-lenticellat,widest,woody,ympodial,young	alternate,appearance,arrangement,border,branch,bud,characteristic,colour,corrugation,diameter,drying,exertion,form,fruit,giving,glabrousnes,growth,height,history,inflorescence,interjected,leaflet,length,life,lobing,midpoint,na,new,number,peduncle,per,perennial,prickle,primary,pseudostipule,ray,seed,shape,terminal,texture,thicknes,type,variation,white-lenticellate,width	.02,.25,.5,/4,0.5-1,0.5-6,1-4,1.1-1.6,1.2-1.6,1.2-2.5,1.3-1.6,1.9-2.3,12-21,2.5-3,3-3.5,3.6-8.8,5-30-flowered,5-angled,6-7,acuminate,angle,attenuate,axil,base,beneath,berry,bi-lobed,brown,calyx,cm,dark,dia,dried,dull,elliptic,extending,flattened-reniform,glabrous,globose,green,internodal,lateral,leaf,live,long,main,minutely,mm,narrowly,nearly,obovoid,occasionally,often,opposite,outline,papillae,papillose,pedicel,pit,pitted,plant,ripe,round,rusty,shaped,shiny,shrub,simple,slender,somewhat,specimen,tan,tapering,tear-drop,trichome,tube,tuft,uniseriate,vein,way,white,x,yellow,yellow-orange	alternate,na,perennial,white-lenticellate
463	wfo-0001031362	success	138	112	68	82	56	30	65	3	.2,.5,0.4-0.5,0.5-1,0.7-1,1-1.1,1-1.5,1-3,1-4,1.5-2,2-2.5,3-4,?,abaxially,acute,adaxially,anther,apex,appearance,attenuate,bark,base,berry,branch,brown,bushy,calyx,closely,cm,conical,corolla,dendritic,densely,dia,ellipsoid,filament,flattened-reniform,fruiting,giving,glabrous,globose,golden,incrassate,lanceolate,lateral,leaf,long,main,margin,minutely,mm,nearly,orange-red,ovary,packed,pair,pale,pedicel,petiole,pitted,pubescent,pubesent,red,rounded,shaped,shrub,simple,small-capitate,somewhat,sparsely,stem,stigma,style,subshrub,surface,tan,tear-drop,trichome,tube,vein,white,x	.3,1-3-flowered,3-6,along,anthesi,cell,denser,eaf,edicel,eed,erect,exceeding,exserted,flattened,free,golden-brow,inflorescenc,internodal,lamina,like,lobe,lobed,lon,long-triangular,lower,middle,nflorescence,nodding,older,opposite,outline,overlappin,papillo,papillose,pericarp,planar,plurifoliat,pore,poricidal,portion,rectangular,rest,ruit,scar,shiny,slender,spaced,straight,thin,tip,ud,unit,widest,woody,ympodial,young	arrangement,bud,characteristic,colour,corrugation,diameter,drying,exertion,form,fruit,glabrousnes,golden-brown,growth,height,history,inflorescence,length,life,lobing,na,new,peduncle,plant,plurifoliate,primary,seed,shape,size,texture,type	.2,.5,0.4-0.5,0.5-1,0.7-1,1-1.1,1-1.5,1-3,1-4,1.5-2,2-2.5,3-4,?,abaxially,acute,adaxially,appearance,attenuate,base,berry,brown,bushy,closely,cm,conical,dendritic,densely,dia,ellipsoid,flattened-reniform,giving,glabrous,globose,golden,incrassate,lanceolate,lateral,long,main,margin,minutely,mm,nearly,orange-red,packed,pair,pale,pitted,pubescent,pubesent,red,rounded,shaped,shrub,simple,small-capitate,somewhat,sparsely,subshrub,tan,tear-drop,trichome,vein,white,x	golden-brown,na,plurifoliate
464	wfo-0001031400	success	160	116	53	71	89	45	51	2	0.25-0.8,0.4-1.7,0.6-1.8,0.7-6,0.8-1.1,1-4,1.2-2,1.5-5,10-11,2-5,2-9,4-13,4-6.5,4-7,4-7-25,5-12.5,6-23,7-28,acute,apex,articulate,base,branched,calyx,cm,corolla,cyme,dark,deeply,diameter,dichasial,dichasially,distal,ebracteate,filament,globose,green,green-white,herbaceous,interjected,lateral,leaf,leaflet,linear,linear-lanceolate,lobe,long,mm,monochasial,oblique,oblong,odd-pinnate,ovoid,pedicel,peduncle,perennial,petiole,plant,puberulent,seed,size,stellate,stigma,style,subglabrous,terminal,throughout,tone,violet,white,wide	-3,1,1-2,2,2-3,3-6-foliat,4-17,abaxial,abaxially,abruptly,absen,acumen,adaxially,apical,apically,apiculate,cell,connate,covering,cuneate,decurrent,dehiscent,digestion,diminishing,dorsally,eaf,edge,eed,emoval,enzyme,exceeding,flat,flower,folded,forked,forming,generally,globo,hair-like,half,honeycomb,introrse,living,lon,lower,lunat,make,maturing,mucilaginous,nflorescence,nther,occasionally,often,orolla,pair,pattern,perfect,plan,poricidally,proximal,rachi,reveal,ruit,sessile,seudostipule,short,side,slit,specimen,stamen,straight,stripe,structure,tal,tem,testal,thick,tip,toward,trilobe,tuber-bearing,typically,unit,vary,wall,without,yellow,ympodial,¼	absent,anther,appearance,arrangement,bark,border,branch,bud,characteristic,colour,corrugation,drying,exertion,form,fruit,giving,glabrousnes,growth,height,history,inflorescence,length,life,lobing,margin,midpoint,na,new,number,ovary,per,prickle,primary,pseudostipule,ray,shape,stem,surface,texture,thicknes,tube,type,variation,vein,width	0.25-0.8,0.4-1.7,0.6-1.8,0.7-6,0.8-1.1,1-4,1.2-2,1.5-5,10-11,2-5,2-9,4-13,4-6.5,4-7,4-7-25,5-12.5,6-23,7-28,acute,articulate,branched,cm,cyme,dark,deeply,diameter,dichasial,dichasially,ebracteate,globose,green,green-white,herbaceous,linear,linear-lanceolate,long,mm,monochasial,oblique,oblong,odd-pinnate,ovoid,perennial,puberulent,stellate,subglabrous,throughout,tone,violet,white,wide	absent,na
465	wfo-0001031401	success	182	137	102	112	70	25	101	1	0.5,0.6-1.2,0.8-1.2,1,1-1.4,1-6,1.1-3,1.5-2,1/2,2-2.4,2-5,3,3/4,5,5-9,7-9,abaxial,acute,along,anther,apex,apical,appearing,attenuate,bark,basal,base,berry,bi-lobed,black,branch,brown,calyx,cm,conical,corolla,dark,deciduous,dendritic,densely,diameter,drying,ecuador,ecuadorian,elliptic,exserted,filament,finely,flattened,fork,fruit,fruiting,glabrous,globose,golden,golden-yellow,growth,lateral,leaf,lenticular,less,matted,minutely,mm,narrowly,near,new,occasionally,often,outline,ovary,overtopping,pair,pedicel,per,petiole,pitted,puberulent,pubescent,purplish-black,reddish-brown,rounded,roundish,secondary,shiny,shoot,short,shrub,small,sometimes,somewhat,sparsely,specimen,stem,stigma,strongly,style,surface,tapering,terminal,tree,tree-like,trichome,tube,vein,violet,way,white,winged,x,yellow,young	1-1.5,2.5-4,3.5-4,5-7,8-10,abaxially,adaxial,adaxially,age,anthesi,axi,becoming,blade,branching,clearly,deflexed,deltoid,denser,dichasial,differentiated,eaf,edicel,eed,ew,flower,free,impressed,inserted,lobe,lobed,long,long-triangular,lower,m.,mesophyll,monochasia,nflorescence,noddin,nodding,node,older,papillo,pericarp,planar,plurifoliate,pore,poricidal,portion,prominently,pubescen,pyramidal,raised,ruit,scar,sleev,slit-like,stamen,ste,tall,thin,time,tip,tub,ud,unit,usually,visible,wide,woody,ympodial	arrangement,bud,characteristic,colour,corrugation,exertion,form,glabrousnes,height,history,inflorescence,length,life,lobing,margin,na,number,peduncle,plant,primary,seed,shape,size,texture,type	0.5,0.6-1.2,0.8-1.2,1,1-1.4,1-6,1.1-3,1.5-2,1/2,2-2.4,2-5,3,3/4,5,5-9,7-9,abaxial,acute,along,apical,appearing,attenuate,basal,base,berry,bi-lobed,black,branch,brown,calyx,cm,conical,dark,deciduous,dendritic,densely,diameter,drying,ecuador,ecuadorian,elliptic,exserted,finely,flattened,fork,fruit,glabrous,globose,golden,golden-yellow,lateral,leaf,lenticular,less,matted,minutely,mm,narrowly,near,new,occasionally,often,outline,overtopping,pair,per,petiole,pitted,puberulent,pubescent,purplish-black,reddish-brown,rounded,roundish,secondary,shiny,shoot,short,shrub,small,sometimes,somewhat,sparsely,specimen,stem,strongly,surface,tapering,terminal,tree,tree-like,trichome,tube,vein,violet,way,white,winged,x,yellow,young	na
466	wfo-0001031480	success	233	158	100	122	111	36	98	2	/3,0-2,0-30,0.1-0.3,0.1-0.4,0.5-2,0.6-0.8,0.8-1,1-1.3,1-1.5,1-2,1-3,1.5-2.2,1.7-2.2,1.8-3,2-2.7,2-3,3-7,3.5-7,4-5,4-6,6-13,6-8,acute,anther,apex,apically,apparently,articulated,bark,base,berry,bright,calyx,cell,cm,cuneate,curved,deltate,densely,diameter,discolorous,distal,drying,dull,ellipsoid,entire,erect,filament,flattened-reniform,fruit,fruiting,glabrous,lateral,leaf,length,lobe,lobed,long,margin,maturity,mauve,midpoint,minutely,mm,moderately,near,obtuse,orange-brown,outline,ovate,pair,pale,pedicel,peduncle,per,petiole,pit,plant,poricidal,porrect,prickle,prickly,primary,purple,raised,ray,red,red-brown,red-green,red-yellow-green,reticulate,scandent,shallowly,shrub,simple,slender,small,smooth,somewhat,spherical,spreading,stalked,stellate,stellate-pubescent,stem,straight,style,surface,tapering,terminal,thick-chartaceous,tip,trichome,truncate,tube,unarmed,variously,vein,way,wide,yellow	0-0.5,0-1,0-5,0.1-0.25,0.15-0.3,0.2-0.35,0.4,0.4-0.8,0.5-3-10,0.7,0.8,1-4,1/2,1/3,1/4,1/6-1/5,2-5,2-6,2-6-30,3,3-10,3-6,5-8,5-merous,7-8,8-12,abaxial,abaxially,acuminat,adaxial,alyx,andromonoecious,apar,apart,ba,blade,branched,branching,broad-deltate,cream,dark,difoliate,distance,eaf,eed,elongate,elongating,equal,extending,eye,faint,flattened,flower,free,geminat,glabrescent,glandular,green,hair,hermaphrodite,heterostylous,inconspicuous,infructescence,long-styled,longer,lower,lowermost,marking,mature,midvein,naked,nflorescence,often,older,one,open,orolla,oung,pendulous,pericarp,persistent,portion,pubescent,red-brow,reduced,rounded,ruit,scar,sessile,short-styled,shorter,side,slightly,spaced,sparsely,stalk,staminat,tamen,terete,tertiary,time,unarme,unit,upper,vary,venation,visible,weakly,woody,ympodial,young	acuminate,appearance,arrangement,border,branch,bud,characteristic,colour,corolla,corrugation,exertion,form,giving,glabrousnes,growth,height,history,inflorescence,interjected,leaflet,life,lobing,na,new,number,ovary,pseudostipule,seed,shape,size,stigma,texture,thicknes,type,variation,width	/3,0-2,0-30,0.1-0.3,0.1-0.4,0.5-2,0.6-0.8,0.8-1,1-1.3,1-1.5,1-2,1-3,1.5-2.2,1.7-2.2,1.8-3,2-2.7,2-3,3-7,3.5-7,4-5,4-6,6-13,6-8,acute,apex,apically,apparently,articulated,base,berry,bright,cell,cm,cuneate,curved,deltate,densely,diameter,discolorous,dull,ellipsoid,entire,erect,flattened-reniform,glabrous,lateral,lobed,long,maturity,mauve,minutely,mm,moderately,near,obtuse,orange-brown,outline,ovate,pair,pale,per,pit,poricidal,porrect,prickle,prickly,purple,raised,red,red-brown,red-green,red-yellow-green,reticulate,scandent,shallowly,shrub,simple,slender,small,smooth,somewhat,spherical,spreading,stalked,stellate,stellate-pubescent,straight,tapering,terminal,thick-chartaceous,tip,trichome,truncate,unarmed,variously,way,wide,yellow	acuminate,na
467	wfo-0001031483	success	154	116	72	82	72	34	69	3	/2,0,0.5,0.5-2,1-2,1.2-1.4,1.7-5.5,11-20.5,2-2.5,3-4,3-8-flowered,6-10,7-10,across,acuminate,acute,almost,anther,apex,attenuate,base,berry,calyx,clavate,cm,corky,corolla,decurrent,dia,distal,dry,end,exserted,filament,filiform,fresh,fruiting,fusiform,glabrous,green,indistinct,larger,leaf,lenticellate,linear,lobed,long,markedly,mm,oblanceolate,obovate,obovoid,often,ovary,ovoid-reniform,pair,pale,paler,pedicel,per,petiole,pointed,shape,shaped,shrub,simple,slender,slightly,soon,stem,stigma,style,subshrub,tan,tapering,tear-drop,tube,turbinate,vein,way,white,x	.5,1,1.1-2.5,1/3,2-3,2.5-3.2,anew,anthesi,apart,ba,bearing,beginning,beneath,blade,ca,caly,continuous,cork,deflexed,deltoid,difoliate,eaf,edicel,eed,evenly,flower,free,geminat,indistinc,internode,lateral,lea,less,lobe,lower,main,major,minor,minutely,nflorescence,oblong,opposite,orbiculate,papillo,papillose,planar,pore,poricidal,portion,prominent,quite,raised,rounded,ruit,scar,short,short-triangular,somewhat,spaced,straight,strongly,tall,third,tip,ud,unit,variable,widest,wing,winged,woody,ympodial	alternate,arrangement,bark,branch,bud,characteristic,colour,corrugation,diameter,drying,exertion,form,fruit,glabrousnes,growth,height,history,inflorescence,length,life,lobing,margin,na,new,number,peduncle,perennial,plant,primary,seed,size,surface,texture,type	/2,0,0.5,0.5-2,1-2,1.2-1.4,1.7-5.5,11-20.5,2-2.5,3-4,3-8-flowered,6-10,7-10,across,acuminate,acute,almost,attenuate,base,berry,calyx,clavate,cm,corky,decurrent,dia,distal,dry,end,exserted,filiform,fresh,fusiform,glabrous,green,indistinct,larger,lenticellate,linear,lobed,long,markedly,mm,oblanceolate,obovate,obovoid,often,ovoid-reniform,pair,pale,paler,per,pointed,shaped,shrub,simple,slender,slightly,soon,stem,style,subshrub,tan,tapering,tear-drop,turbinate,way,white,x	alternate,na,perennial
468	wfo-0001031492	success	175	161	112	121	54	40	110	2	.5,/4,0.5,0.7-1.3,0.9-1.1,08,1-1.3,1-1.5,1.3-2,1.5-1.8,1.5-2.5,10-15,2-10,2-5,20,3-4,3-5,4-10,4-4.5,6-8,8-11,8-9,absent,acuminate,acute,age,anther,apex,apical,appearing,attenuate,axe,bark,basal,base,berry,bi-lobed,branching,calyx,cm,conical,corolla,dark,dbh,deciduous,decurrent,densely,diameter,distinguishable,drying,dull,echinoid,elliptic,exserted,filament,flattened,flower,fruit,fruiting,glabrous,globose,golden,grey,growth,lamina,lateral,leaf,lenticular,lightly,lobe,lobed,long,medium,minutely,mm,narrowly,ovary,overtopping,pair,pedicel,per,petiole,pitted,poricidal,predominantly,pubescent,purplish-black,pyramidal,rather,reddish-brown,scarcely,scattered,secondary,shiny,shoot,short,shrub,size,sometimes,sparsely,stem,stigma,strongly,style,surface,tall,tapering,terminal,time,tip,tree,tree-like,trichome,tube,vein,violet,way,wide,winged,x,young	2-3,abaxially,adaxially,anthesi,ba,becoming,beneath,bitter,deltoid,dendritic,denser,eaf,edicel,eed,erect,ew,free,inserted,juice,lower,m.,monochasia,nflorescence,nodding,occasionally,older,papillo,pericarp,planar,plurifoliate,pore,portion,prominent,remaining,ruit,scar,sleeve,slightly,slit-like,somewhat,stamen,ste,sticky,sunken,thin,tub,ud,undersurface,unit,upper,upturned,woody,ympodial,younger	appearance,arrangement,border,branch,bud,characteristic,colour,corrugation,distal,exertion,form,giving,glabrousnes,height,history,inflorescence,interjected,leaflet,length,life,lobing,margin,midpoint,monochasial,na,new,number,peduncle,plant,prickle,primary,pseudostipule,ray,seed,shape,texture,thicknes,type,variation,width	.5,/4,0.5,0.7-1.3,0.9-1.1,08,1-1.3,1-1.5,1.3-2,1.5-1.8,1.5-2.5,10-15,2-10,2-5,20,3-4,3-5,4-10,4-4.5,6-8,8-11,8-9,absent,acuminate,acute,age,apical,appearing,attenuate,axe,basal,base,berry,bi-lobed,branching,calyx,cm,conical,dark,dbh,deciduous,decurrent,densely,diameter,distinguishable,drying,dull,echinoid,elliptic,exserted,flattened,flower,fruit,glabrous,globose,golden,grey,growth,lamina,lateral,leaf,lenticular,lightly,lobed,long,medium,minutely,mm,narrowly,overtopping,pair,per,petiole,pitted,poricidal,predominantly,pubescent,purplish-black,pyramidal,rather,reddish-brown,scarcely,scattered,secondary,shiny,shoot,short,shrub,size,sometimes,sparsely,stem,strongly,style,tall,tapering,terminal,time,tip,tree,tree-like,trichome,tube,vein,violet,way,wide,winged,x,young	monochasial,na
469	wfo-0001031503	success	139	107	65	72	67	35	62	3	-10,-15,-7,0.3-3,0.5-1,0.5-4,1-1.5-7,1-3,1-5,2-3,3-15-25,3-4,3-5,7-10,abruptly,acuminate,acute,angled,apex,base,branched,calyx,chartaceous,cm,connivent,cuneate,decurrent,deltate,densely,diameter,distally,eglandular,elliptic,entire,forked,glabrous,globose,hair,lanceolate,margin,mm,moderately,narrowed,obtuse,often,orange,ovate,pedicel,peduncle,petiole,puberulent,pubescent,rarely,reddish,ripe,rounded,rugose-pubescent,shrub,simple,slightly,sparsely,stigma,style,tip,truncate,tube,unbranched,unequal,usually,vein,white,x	-30,1-2.5,1-7,1.5-2,1.5-3,1.5-8,1.7-3.5-6,10-19,2.5-10,3-6,5613,6-7,6-many-foliat,7-15,abaxially,absen,adaxially,aggregate,apart,articulated,axe,ba,blade,cell,curled,cylindrical,directed,distall,eaf,eed,except,fide,flower,gland,lobe,long,lower,mostly,narrowly,nflorescence,nther,occasionally,orolla,perfect,pore,present,rachi,radiu,ruit,spaced,stalked,stellate,stone,subcapitat,subclavate,tal,tem,time,toward,triangular,uniseriate,unit,vary,venturi,wide,yellow,ympodial	anther,arrangement,bud,characteristic,colour,corolla,drying,exertion,filament,form,fruit,fruiting,growth,height,history,inflorescence,leaf,length,life,lobing,na,number,ovary,per,perennial,plant,primary,seed,shape,size,stem,subcapitate,surface,texture,type	-10,-15,-7,0.3-3,0.5-1,0.5-4,1-1.5-7,1-3,1-5,2-3,3-15-25,3-4,3-5,7-10,abruptly,acuminate,acute,angled,apex,branched,chartaceous,cm,connivent,cuneate,decurrent,deltate,densely,diameter,distally,eglandular,elliptic,entire,forked,glabrous,globose,hair,lanceolate,mm,moderately,narrowed,obtuse,often,orange,ovate,puberulent,pubescent,rarely,reddish,ripe,rounded,rugose-pubescent,shrub,simple,slightly,sparsely,tip,truncate,unbranched,unequal,usually,white,x	na,perennial,subcapitate
470	wfo-0001031586	success	166	109	66	83	83	26	63	3	.25,0.1-1,0.5-1,1-1.2,1-2,1.3-5,1.4-2.5,2,3-11,5-10,7-10-flowered,absent,acute,anther,apex,attenuate,bark,base,beneath,branch,bright,broadly,bud,calyx,capitate,cm,completely,conical,corolla,cream-colored,drying,ellipsoid,elliptic,exerted,filament,glabrous,globose,green,greenish,inflorescence,lateral,leaf,lobe,lobed,long,main,margin,mm,nearly,new,olive,onto,open,ovary,pair,pale,papillate,pedicel,petiole,poricidal,prominent,raised,ridged,shiny,shrub,simple,size,somewhat,soon,stem,stigma,straight,style,surface,tapering,tip,truncate,tube,vein,white,x,yellow,yellowish	0.5-0.8,1,1-1.5-2,1.5-2,2-2.5,5-6,abrupt,anthesi,apart,apparently,appearing,becoming,borne,campanulate,closer,cucullate,deflexed,deltate,dia,differing,difoliate,distance,eaf,edicel,eed,exfoliatin,fleshy,flower,free,fresh,geminate,gree,inflorescenc,know,known,later,leave,lower,major,material,may,minor,minutely,mucro,near,nflorescence,notched,occasionally,older,one,opposite,overtopping,paler,papillose,planar,pore,portion,present,remaining,rounded,ruit,scar,shap,shaped,shin,slender,small,sometimes,spaced,sparsely,swollen,tall,tear-drop,thick,thickened,trichome,trunk,ud,uniseriate,unit,widely,ympodial,young	alternate,arrangement,characteristic,colour,diameter,exertion,form,fruit,glabrousnes,growth,height,history,length,life,lobing,na,number,peduncle,per,perennial,plant,primary,seed,shape,texture,type	.25,0.1-1,0.5-1,1-1.2,1-2,1.3-5,1.4-2.5,2,3-11,5-10,7-10-flowered,absent,acute,attenuate,base,beneath,bright,broadly,calyx,capitate,cm,completely,conical,cream-colored,ellipsoid,elliptic,exerted,glabrous,globose,green,greenish,lateral,lobe,lobed,long,main,mm,nearly,olive,onto,open,pair,pale,papillate,petiole,poricidal,prominent,raised,ridged,shiny,shrub,simple,somewhat,soon,straight,tapering,tip,truncate,vein,white,x,yellow,yellowish	alternate,na,perennial
471	wfo-0001031587	success	142	106	76	84	58	22	71	5	.5,0.8-1,1-1.5,1.7-2,12-16,17-30,2-2.5,2-9-celled,2/3,5,abaxially,acute,adaxially,along,anther,apart,apex,attenuate,bark,base,bi-lobed,broadly,calyx,clavate,cm,conical,corolla,decurrent,dendritic,densely,denser,dia,drying,elliptic-ovoid,evenly,filament,fleshy,furcate,glabrous,golden-red,inflorescence,lamina,leaf,like,lobed,long,minutely,mm,oblique,ovary,pale,pedicel,petiole,pore,poricidal,pubescent,rarely,reddish-grey,rest,shape,shaped,simple,size,soft,somewhat,spaced,stem,stigma,style,surface,tear-drop,thick,thickened,tip,tree,trichome,tube,uniseriate,vein,verrucose,way,white,winged,x	1.5-2,10-15,2,3-4,6-7,6-8,7-9,anthesi,axi,closely,cone,deflexed,deltate,differing,eaf,edicel,eed,elliptic,erect,exserted,fide,free,globose,included,irregular,know,known,later,lateral,lobe,loose,lower,lowered,main,major,middle,minor,mostly,ocasionally,occasional,older,overlappin,pair,papillate,papillo,parallel,perpendicular,persisten,portion,rect,ruit,scar,steinbach,tall,tub,ud,widest,young	abaxial,alternate,arrangement,characteristic,colour,diameter,form,fruit,growth,height,history,length,life,lobing,na,occasionally,papillose,perennial,plant,seed,texture,type	.5,0.8-1,1-1.5,1.7-2,12-16,17-30,2-2.5,2-9-celled,2/3,5,abaxially,acute,adaxially,along,apart,apex,attenuate,base,bi-lobed,broadly,clavate,cm,conical,decurrent,dendritic,densely,denser,dia,drying,elliptic-ovoid,evenly,fleshy,furcate,glabrous,golden-red,inflorescence,lamina,leaf,like,lobed,long,minutely,mm,oblique,pale,pore,poricidal,pubescent,rarely,reddish-grey,rest,shaped,simple,soft,somewhat,spaced,stem,surface,tear-drop,thick,thickened,tip,tree,trichome,uniseriate,vein,verrucose,way,white,winged,x	alternate,na,occasionally,papillose,perennial
472	wfo-0001031589	success	221	160	99	121	100	39	97	2	-6,-6.5,.5,0-30,0.1-0.5,0.2-0.5,0.4,0.5-1,0.55-0.7,0.6-1.2,0.8-2.3,0.9-1.3,0.9-1.6,1-1.8,1-5,1.2-1.5,1.5-5,1.7-2.5,1.8-2.9,1/3-1/4,2-3.5,2.5-6,2.8-4,3-5,4-6.5,acute,anther,apart,apex,articulated,attenuate,bark,base,berry,bright,brown-green,calyx,cell,chartaceous,cm,concolorous,cream,dark,deltate,densely,diameter,discolorous,drying,dull,elliptic,erect,filament,flattened-reniform,fruit,fruiting,glabrous,gray-green,green,lateral,leaf,length,lobe,lobed,long,long-obovate,margin,marking,maturity,mauve,membranous,midpoint,mm,moderately,narrow-cuneate,occasionally,often,orange-brown,orange-green,outline,pair,pale,pedicel,per,petiole,pit,plant,poricidal,prickle,prickly,primary,raised,ray,rounded,scandent,shiny,shrub,simple,small,smooth,spaced,sparsely,spherical,stellate,stellate-pubescent,stem,straight,style,subentire,surface,tapering,tip,tube,vein,way,weakly,white,wide,yellow,yellow-green,yellow-orange,young	-15,/6,0,0-1,0-10,0-3,0.1,0.15-0.3,0.2-0.4-0.5,0.2-3,0.7,1,1/3,1/3-1/2,10-30,2-10,2-3-4,2.5-4.5,3-4,3/4,4/5,5-8,5-merous,6-8,8-14,8-30,abaxially,alyx,ame,apically,apparently,blade,broadly,brow,c.,caudat,connivent,density,difoliate,distance,eed,elongating,equal,extending,eye,flower,free,geminat,glabrescent,higher,infructescence,lengt,lon,longer,lower,mature,midvein,multangulate,naked,narrow,nflorescence,oblong,obovate,older,orolla,oung,part,pendulous,perfec,pericarp,porrect,portion,prickl,reflexed,ruit,sessile,shorter,side,solitary,sometimes,somewhat,spreading,stalk,stalked,stout,subsessile,tamen,terete,tertiary,time,trichome,unit,upper,vary,venation,visible,whole,winged,woody,ympodial	appearance,arrangement,border,branch,brown,bud,characteristic,colour,corolla,corrugation,distal,exertion,form,giving,glabrousnes,growth,height,history,inflorescence,interjected,leaflet,life,lobing,na,new,number,ovary,peduncle,pseudostipule,seed,shape,size,stigma,terminal,texture,thicknes,type,variation,width	-6,-6.5,.5,0-30,0.1-0.5,0.2-0.5,0.4,0.5-1,0.55-0.7,0.6-1.2,0.8-2.3,0.9-1.3,0.9-1.6,1-1.8,1-5,1.2-1.5,1.5-5,1.7-2.5,1.8-2.9,1/3-1/4,2-3.5,2.5-6,2.8-4,3-5,4-6.5,acute,apart,articulated,attenuate,base,berry,bright,brown-green,cell,chartaceous,cm,concolorous,cream,dark,deltate,densely,diameter,discolorous,dull,elliptic,erect,flattened-reniform,glabrous,gray-green,green,lateral,lobed,long,long-obovate,marking,maturity,mauve,membranous,mm,moderately,narrow-cuneate,occasionally,often,orange-brown,orange-green,outline,pair,pale,per,pit,poricidal,prickly,raised,rounded,scandent,shiny,shrub,simple,small,smooth,spaced,sparsely,spherical,stellate,stellate-pubescent,straight,subentire,tapering,tip,way,weakly,white,wide,yellow,yellow-green,yellow-orange,young	brown,na
473	wfo-0001031609	success	153	121	60	70	83	51	58	2	0.5-3,1-10,1-6,1.3-3,10-25,2-3,2-3-9-lobed,20-25,3-24,4,4-5,4-6,4.5-60,abaxially,acute,adaxially,apex,apiculate,around,base,branch,brownish,calyx,cm,connivent,cuneate,deltate,dia,diameter,ellipsoidal,elliptic,entire,flattened,forked,fruit,glabrous,globose,green,inflorescence,leaf,lobe,lobed,margin,mm,obovate,obtuse,orange,pedicel,peduncle,petiole,pinnately,puberulent,reticulate,ripe,shallowly,shrub,simple,small,stigma,style,succulent,tip,tree,triangular,truncate,tube,unbranched,unlobed,x,yellow	.5,/4,0-30,0.4-3,0.5-1,1.5-2,1.5-3,2,2.5-4,3-5,3-foliat,5-25,5/6,8-20,absen,absent,aggregate,ape,articulated,axe,barely,beyond,bilobe,blade,brow,campanulate,cell,connective,conspicuous,contiguous,dark,dilated,directed,distally,divided,eaf,eed,elliptic-ovate,emerging,equal,exceeding,exserted,fleshy,flower,glabrou,laterally,leaving,long,lower,midrib,minutely,nearly,nflorescence,nther,obconical,occasionally,orolla,papillose,pedicellar,point,pore,rachi,radiu,rounded,ruit,scar,sinus,stamen,stellate,stone,strongly,succulen,tal,tem,thecae,time,tomento,two,ud,unit,vary,wide,ympodial	anther,appearance,arrangement,bark,bilobed,border,bud,characteristic,colour,corolla,corrugation,distal,drying,exertion,filament,form,fruiting,giving,glabrousnes,growth,height,history,interjected,lateral,leaflet,length,life,lobing,midpoint,na,new,number,ovary,per,plant,prickle,primary,pseudostipule,ray,seed,shape,size,stem,surface,terminal,texture,thicknes,type,variation,vein,width	0.5-3,1-10,1-6,1.3-3,10-25,2-3,2-3-9-lobed,20-25,3-24,4,4-5,4-6,4.5-60,abaxially,acute,adaxially,apex,apiculate,around,base,brownish,cm,connivent,cuneate,deltate,dia,diameter,ellipsoidal,elliptic,entire,flattened,forked,glabrous,globose,green,lobed,margin,mm,obovate,obtuse,orange,pinnately,puberulent,reticulate,ripe,shallowly,shrub,simple,small,succulent,tip,tree,triangular,truncate,unbranched,unlobed,x,yellow	bilobed,na
474	wfo-0001031615	success	154	119	76	87	67	32	70	6	.5,0,0.5,0.8-1,0.9-1.1,1-1.6,1.3-1.8,1.5,1.5-5,11-15.5,4-6.5,5-20-flowered,5-6,8-10,acuminate,acute,anther,apex,attenuate,bark,base,berry,bilobed,brown,calyx,capitate,cm,corolla,dark,decurrent,deep,dia,elliptic,exserted,filament,flattened-reniform,fruit,fruiting,furcate,glabrous,glandular,globose,green,inflorescence,lateral,leaf,less,lobed,long,main,margin,minutely,mm,nearly,occasionally,older,opposite,ovary,pair,pedicel,per,petiole,pitted,scarcely,shaped,shrub,simple,size,slender,small,stem,stigma,style,subumbellate,surface,tapering,tear-drop,tree,trichome,tube,tuft,uniseriate,vein,white,winged,x,young	0.5-1,2-3,2-4.2,3.8-6.1,6-8,anthesi,arising,axil,ba,becoming,caly,closely,dark-papillo,deflexed,deltoid,differing,difoliate,distal,eaf,edicel,eed,expanded,free,geminat,impressed,incrassate,interpetalar,lamina,lobe,lon,lower,major,maroo,middle,minor,minute,nflorescence,one,overlappin,packed,paler,papillae,papillose,pore,poricidal,portion,prominent,reflexed,ruit,scar,shiny,sinus,slightly,somewhat,straight,tall,terminal,thickened,thin,tip,ud,unicellular,unit,urceolate,widest,woody,ympodial	alternate,arrangement,branch,bud,characteristic,colour,corrugation,dark-papillose,decurred,diameter,drying,exertion,form,glabrousnes,growth,height,history,length,life,lobing,maroon,na,new,number,peduncle,perennial,plant,primary,seed,shape,texture,type	.5,0,0.5,0.8-1,0.9-1.1,1-1.6,1.3-1.8,1.5,1.5-5,11-15.5,4-6.5,5-20-flowered,5-6,8-10,acuminate,acute,attenuate,base,berry,bilobed,brown,calyx,capitate,cm,dark,decurrent,deep,dia,elliptic,exserted,flattened-reniform,furcate,glabrous,glandular,globose,green,lateral,leaf,less,lobed,long,main,minutely,mm,nearly,occasionally,older,opposite,pair,petiole,pitted,scarcely,shaped,shrub,simple,slender,small,subumbellate,tapering,tear-drop,tree,trichome,tube,tuft,uniseriate,vein,white,winged,x,young	alternate,dark-papillose,decurred,maroon,na,perennial
475	wfo-0001031618	success	184	112	65	77	107	35	64	1	0-3,1-1.5,1-1.5-2,1.5-2,10-18,10-lobed,2-2.5,2-3,3-4,3-8,90-110,acute,anther,apex,axil,base,berry,branch,calyx,capitate,cm,corolla,cuneate,cyme,darker,discoidal,ellipsoid,equal,erect,except,filament,finely,glabrous,glandular,green,greyish,growing,hair,lavender-purple,leaf,less,long,marbled,maturity,minute,mm,narrowly,oblong,obovoid,ovary,ovoid,pale,pedicel,peduncle,petiole,pinatisect,point,purple,reddish-brown,reticulate,rounded,rugose,scorpioid,shrub,simple,somewhat,stem,stigma,stripe,surface,tapering,terete,tinged,unequal,variable,x,young	0.5-1.5,1-7,1.5-3.5,13,3,4-5,40-60,5,5-12,acuman,almost,also,anthesi,appearance,appearing,aspect,becoming,beyond,blunt,bluntly,broadly,c.,cell,clonal,cluster,column,conical,covering,cut,developed,dia,eaf,eed,elliptic,emarginate,enlarged,exerted,extending,facetted,fleshy,floral,flower,fork,forked,frui,general,giving,greatly,gree,habit,half,interacuminal,lanceolate,lasting,lengthening,lobe,lobed,lon,loosely,lower,mauve,may,mid-vein,midrib,nflorescence,occasional,occur,often,ovate-lanceolate,pal,pedicellate,petal,plurifoliat,pore,poricidal,rarely,rhachi,ripe,rotate,ruit,sessile,several,shallowly,side,single,sinus,slit,soft-wooded,sometimes,specimen,stone,stout,strongly,styl,succulent,tip,tissue,triangular,tub,ud,unit,vigorous,way,well,year,ympodial,younger	arrangement,bark,bud,characteristic,colour,corrugation,diameter,drying,exertion,form,fruit,fruiting,glabrousnes,growth,height,history,inflorescence,length,life,lobing,margin,na,new,number,per,plant,primary,seed,shape,size,style,texture,tube,type,vein	0-3,1-1.5,1-1.5-2,1.5-2,10-18,10-lobed,2-2.5,2-3,3-4,3-8,90-110,acute,axil,berry,branch,capitate,cm,cuneate,cyme,darker,discoidal,ellipsoid,equal,erect,except,finely,glabrous,glandular,green,greyish,growing,hair,lavender-purple,leaf,less,long,marbled,maturity,minute,mm,narrowly,oblong,obovoid,ovoid,pale,pinatisect,point,purple,reddish-brown,reticulate,rounded,rugose,scorpioid,shrub,simple,somewhat,stripe,tapering,terete,tinged,unequal,variable,x,young	na
476	wfo-0001031646	success	169	141	86	100	69	41	83	3	-pinnate,.2,0.2-0.8,0.5-2,0.8-1.5,1-1.8,1-6,1.2-2.5,1.5-3.5,15-25,18-38,2-2.5,2-3,2.5-10,4-5,4-8,5-7,5-7.5,7-8,8-15,abaxially,absent,acuminate,acute,adaxially,anther,apex,apparently,basally,base,berry,blue,branched,brown,calyx,chartaceous,cm,covered,cuneate,decreasing,densely,diameter,ellipsoidal,entire,filament,flattened,flower,fruit,fruiting,glabrous,globose,green,hair,high,highly,immature,interjected,lateral,leaf,leaflet,light,lobe,long,margin,mature,mm,multicellular,oblique,oblong,ovate-lanceolate,pedicel,peduncle,perfect,petiole,pubescence,pubescent,red,rounded,rugulose,scandent,shortly,shrub,simple,size,slightly,smooth,spreading,stem,stigma,stout,style,surface,tawny,toward,tree,tube,uniseriate,vine,violet,x	.5,1-10,1.5-4,1962,2-10,20,3.5-4,4-18,4-20,4-foliate,5-6,5-merou,absen,accrescent,acut,aggregate,alyx,apart,apical,articulated,axe,ba,blade,cell,ciliat,climbing,connivent,correll,cylindrical,darker,directed,distall,eaf,eed,elliptic,elliptic-lanceolate,equal,fide,geminat,glandular,homostylous,hyaline,lower,maroon,nflorescence,obliquely,obtuse,orolla,ovate-lanceolat,part,petiolule,pore,present,pubescen,rachi,rotate-pentagonal,ruit,seudostipule,small,spaced,stone,tamen,tem,tip,truncat,unit,vary,yellow,ympodial	appearance,arrangement,border,bud,characteristic,colour,corolla,corrugation,distal,drying,exertion,form,giving,growth,height,history,inflorescence,length,life,lobing,midpoint,na,number,ovary,per,perennial,plant,prickle,primary,pseudostipule,ray,seed,shape,terminal,texture,thicknes,truncate,type,variation,vein,width	-pinnate,.2,0.2-0.8,0.5-2,0.8-1.5,1-1.8,1-6,1.2-2.5,1.5-3.5,15-25,18-38,2-2.5,2-3,2.5-10,4-5,4-8,5-7,5-7.5,7-8,8-15,abaxially,absent,acuminate,acute,adaxially,apex,apparently,basally,base,berry,blue,branched,brown,chartaceous,cm,covered,cuneate,decreasing,densely,diameter,ellipsoidal,entire,flattened,flower,fruit,glabrous,globose,green,hair,high,highly,immature,leaf,light,long,mature,mm,multicellular,oblique,oblong,ovate-lanceolate,perfect,pubescence,pubescent,red,rounded,rugulose,scandent,shortly,shrub,simple,size,slightly,smooth,spreading,stout,tawny,toward,tree,uniseriate,vine,violet,x	na,perennial,truncate
477	wfo-0001031651	success	199	131	85	102	97	29	82	3	-3.5,.1,.6,.7,/5,0-20,0.3-0.5,0.3-0.8,0.3-1.5,0.6-1,0.6-1.3,0.7-1,1-1.7,1.2-2,1.2-3,1.3-1.6,3-5,absent,acute,anther,apex,apically,apparently,articulated,bark,base,berry,branched,calyx,cell,cm,concolorous,cordate,dark,deltate,densely,diameter,discolorous,drying,dull,elliptic,entire,erect,faint,filament,flattened-reniform,fruit,fruiting,gray,herb,lateral,leaf,length,lobed,long,margin,maturity,mm,obtuse,orange-brown,outline,ovate,pair,pedicel,peduncle,per,petiole,pit,poricidal,prickly,primary,purple,raised,red,red-green,rounded,shrub,simple,small,smooth,sometimes,spherical,spreading,stellate,stellate-pubescent,stem,style,subentire,surface,tapering,terete,terminal,tip,tube,unarmed,vein,way,weakly,white,wide,yellow,yellow-green	-3,/3,0.1,0.1-0.15,0.1-0.2,0.1-0.25,0.15-0.2,0.2-0.5,1-2,1-4,1.5-2,1/5,1/6-1/4,2-10,2-3,2-3.5,2/3-3/,4-5,4-6,4.5-7,5-merous,abaxial,abaxially,acuminat,adaxial,alyx,ame,apar,apart,blade,brown,c.,chartaceous,curved,difoliate,eaf,eed,elongating,equal,eye,filiform,flower,free,geminat,glabrescent,glabrous,gra,herbaceous,infructescence,lanceolate,lobe,longer,lower,mature,midpoint,naked,nflorescence,oblong,older,one,open,orolla,oung,pendulous,perfec,pericarp,persistent,porrect,portion,prickl,prickle,ray,reflexed,ruit,scandent,scar,shorter,spaced,stalk,stalked,straight,subsessile,tamen,tertiary,thick,thick-stalked,time,toward,trichome,unarme,unit,upper,variously,vary,venation,visible,ympodial	acuminate,arrangement,branch,bud,characteristic,colour,corolla,corrugation,exertion,form,glabrousnes,growth,height,history,inflorescence,life,lobing,na,new,number,ovary,perennial,plant,seed,shape,size,stigma,texture,type	-3.5,.1,.6,.7,/5,0-20,0.3-0.5,0.3-0.8,0.3-1.5,0.6-1,0.6-1.3,0.7-1,1-1.7,1.2-2,1.2-3,1.3-1.6,3-5,absent,acute,apically,apparently,articulated,base,berry,branched,cell,cm,concolorous,cordate,dark,deltate,densely,diameter,discolorous,dull,elliptic,entire,erect,faint,flattened-reniform,gray,herb,lateral,lobed,long,maturity,mm,obtuse,orange-brown,outline,ovate,pair,per,pit,poricidal,prickly,purple,raised,red,red-green,rounded,shrub,simple,small,smooth,sometimes,spherical,spreading,stellate,stellate-pubescent,subentire,tapering,terete,terminal,tip,unarmed,way,weakly,white,wide,yellow,yellow-green	acuminate,na,perennial
478	wfo-0001031656	success	154	96	55	71	83	25	52	3	/4,0.5,1-2.5,1.2-1.5,1.5-2,1.5-5,10-20,2.5-3.5,4-9,5-7,5-ribbed,6-8,acuminate,acute,anther,anthesi,apex,bark,base,berry,calyx,capitate,cm,corolla,dia,ellipsoid,elliptic,filament,fleshy,fruit,fruiting,glabrous,globose,green,greyish,lateral,leaf,long-acuminate,main,margin,minute,minutely,mm,oblique,opposite,ovary,ovate,pair,pedicel,petiole,plant,rather,red-papillose,rounded,sessile,shaped,shrub,size,stem,stigma,straight,strongly,style,surface,tear-drop,thick,tube,vein,way,white,x	.5,0.5-1,1-1.5,1-2,3-3.5,3-5,also,arising,ba,bright,closely,cork,densely,differing,difoliate,directly,drying,eaf,edicel,eed,enclosing,erect,extremely,flower,free,geminat,hooded,known,live,lobe,lobed,lon,long,lower,major,matte,mature,middle,minor,nflorescence,node,often,older,one,pale,paler,papillo,papillose,peelin,persistent,planar,pore,poricidal,portion,prominent,proximal,reddish,reflexed,rib,ridged,ruit,scar,shiny,slightly,somewhat,spaced,specimen,swollen,tall,terminal,thickened,tip,top,transversely,ud,unit,upper,visible,wide,widest,woody,ympodial,young	alternate,arrangement,bud,characteristic,colour,diameter,exertion,form,growth,height,history,inflorescence,length,life,lobing,na,number,peduncle,per,perennial,primary,seed,shape,texture,type	/4,0.5,1-2.5,1.2-1.5,1.5-2,1.5-5,10-20,2.5-3.5,4-9,5-7,5-ribbed,6-8,acuminate,acute,anthesi,base,berry,capitate,cm,dia,ellipsoid,elliptic,fleshy,glabrous,globose,green,greyish,lateral,leaf,long-acuminate,main,minute,minutely,mm,oblique,opposite,ovate,pair,rather,red-papillose,rounded,sessile,shaped,shrub,straight,strongly,tear-drop,thick,vein,way,white,x	alternate,na,perennial
479	wfo-0001031667	success	153	112	47	66	87	46	45	2	0.6-1,1-1.5,1-4,1.4-3,1.5-2,12-35,2-5,2.5-5,3-13,3-5,5-9,8-13,8-15,acute,apex,apiculate,base,branched,calyx,cm,cordate,corolla,cuneate,cyme,dark,diameter,dichasial,dichasially,distal,ebracteate,elliptic-lanceolate,filament,globose,green,green-white,herbaceous,interjected,irregularly,lanceolate,lateral,leaf,leaflet,lobe,lobed,long,mm,monochasial,oblique,odd-pinnate,ovoid,pedicel,peduncle,perennial,petiole,pilose,plant,rounded,seed,size,spot,stigma,stripe,style,terminal,throughout,white	0.6-1.5,10-13,2-3,2-6,3-6-foliat,3-8,4-1.,5-15,6-10,abaxially,abruptly,acumen,acuminate,adaxially,apical,apically,articulate,caudate,cell,connate,covering,dehiscent,digestion,diminishing,dorsally,eaf,edge,eed,emoval,enzyme,exceeding,flat,flower,folded,forked,generally,globo,hair-like,half,honeycomb,introrse,living,lon,lower,lunat,make,maturing,mucilaginous,nflorescence,nther,oblong,often,orolla,pair,pattern,perfect,petiolate,petiolule,plan,poricidally,proximal,reveal,ruit,sessile,seudostipule,short,slit,specimen,stamen,stellate,straight,tal,tem,testal,thick,toward,tuber-bearing,typically,unit,vary,wall,whit,wide,without,yellow,ympodial,¼	4-10,anther,appearance,arrangement,bark,border,branch,bud,characteristic,colour,corrugation,drying,exertion,form,fruit,fruiting,giving,glabrousnes,growth,height,history,inflorescence,length,life,lobing,margin,midpoint,na,new,number,ovary,per,prickle,primary,pseudostipule,ray,shape,stem,surface,texture,thicknes,tube,type,variation,vein,width	0.6-1,1-1.5,1-4,1.4-3,1.5-2,12-35,2-5,2.5-5,3-13,3-5,5-9,8-13,8-15,acute,apiculate,branched,cm,cordate,cuneate,cyme,dark,dichasial,dichasially,ebracteate,elliptic-lanceolate,globose,green,green-white,herbaceous,irregularly,lanceolate,lobed,long,mm,monochasial,oblique,odd-pinnate,ovoid,perennial,pilose,rounded,spot,stripe,throughout,white	4-10,na
480	wfo-0001031672	success	157	135	74	83	74	52	73	1	0-2,0.3-0.5,0.5-1.5,1-2,1-5,1.5-2,1.5-2.5,1.5-3.5,1.5-5,10-20,15-20,15-50,2-12,2-28,4,4-34,6,9-lobed,acuminate,acute,apex,apiculate,articulated,basal,base,beyond,calyx,chartaceous,cm,cordate,densely,diameter,entire,exserted,flattened,flower,fruit,glabrous,globose,green,greenish-brown,hair,lanceolate,leaf,leaving,lobe,lobed,long,margin,mature,mm,moderately,narrowly,near,obtuse,ovoid,pedicel,pedicellar,peduncle,petiole,pilose,pinnately,puberulent,remant,rounded,simple,sparsely,stamen,stellate,stigma,style,subcoriaceous,tip,tree,triangular,truncate,tube,unbranched,unlobed,white,whitish,x,yellow	0,0.5,0.5-1,1,1-1.5,1-1.5-2.5,1-10,3-4-foliat,3/4,4.5-5,4/5,5-6,abaxially,absent,adaxially,aggregate,apart,ape,aublet,axe,blade,cell,ciliat,connective,cylindrical,directed,distally,divided,eaf,eed,exceeding,fide,fleshy,glandular-puberulent,lon,lower,membranaceous,midrib,nflorescence,nther,occasionally,often,one,orolla,ovate,perfect,pilo,pore,presen,present,pubescent,purple,rachi,radiu,represented,ruit,shorter,sinus,slightly,small,spaced,stone,tal,tem,thecae,time,toward,truncat,ud,unit,vary,wide,yello,ympodial	anther,appearance,arrangement,bark,border,branch,bud,characteristic,colour,corolla,corrugation,distal,drying,exertion,filament,form,fruiting,giving,glabrousnes,growth,height,history,inflorescence,interjected,lateral,leaflet,length,life,lobing,midpoint,na,new,number,ovary,per,plant,prickle,primary,pseudostipule,ray,seed,shape,size,stem,surface,terminal,texture,thicknes,type,variation,vein,width	0-2,0.3-0.5,0.5-1.5,1-2,1-5,1.5-2,1.5-2.5,1.5-3.5,1.5-5,10-20,15-20,15-50,2-12,2-28,4,4-34,6,9-lobed,acuminate,acute,apex,apiculate,articulated,basal,base,beyond,chartaceous,cm,cordate,densely,entire,exserted,flattened,flower,fruit,glabrous,globose,green,greenish-brown,hair,lanceolate,leaving,lobe,lobed,long,mature,mm,moderately,narrowly,near,obtuse,ovoid,pedicellar,pilose,pinnately,puberulent,remant,rounded,simple,sparsely,stamen,stellate,subcoriaceous,tip,tree,triangular,truncate,unbranched,unlobed,white,whitish,x,yellow	na
481	wfo-0001031684	success	161	155	101	111	50	44	99	2	.25,.5,.75,/4,0.1,0.4-1.5,0.5-0.7,0.5-0.8,0.7-1,1-1.2,1-5,10-100,2,2-9,3-3.5,3-30,4-17,5-7,acuminate,acute,along,anther,apex,bark,base,bearing,beneath,berry,black,borne,branched,calyx,clavate,cm,corolla,curly,decurrent,densely,dia,difoliate,drying,elliptic,expanded,exserted,filament,filiform,flower,fruiting,geminate,glabrous,globose,green,inflorescence,internodal,irregularly,lateral,leaf,less,lobe,lobed,long,lower,main,minutely,mm,obconic,occasionally,older,opposite,ovary,ovoid-reniform,pair,pale,papillose,pedicel,persistently,petiole,pitted,previously,pubescent,scar,shaped,short,shrub,size,slender,slightly,small,soon,sparsely,stem,stigma,straight,style,surface,tan,tapering,tear-drop,time,tipped,tree,trichome,tube,unifoliate,uniseriate,vein,way,white,winged,x,young	0.5-1,0.75-1,anthesi,apar,causing,deflexed,denser,differing,eaf,edicel,eed,elongated,except,extremely,free,gre,greatly,like,lon,long-triangular,major,middle,midrib,minor,nflorescence,one,papillo,planar,pore,poricidal,portion,present,pulled,raised,reflexe,reflexed,rest,ruit,single,siz,spaced,tall,tip,ud,unevenly,unit,varying,widely,widest,ympodial	appearance,arrangement,border,branch,bud,characteristic,colour,corrugation,diameter,distal,exertion,form,fruit,giving,glabrousnes,grey,growth,height,history,interjected,leaflet,length,life,lobing,margin,midpoint,na,new,number,peduncle,per,plant,prickle,primary,pseudostipule,ray,seed,shape,terminal,texture,thicknes,type,variation,width	.25,.5,.75,/4,0.1,0.4-1.5,0.5-0.7,0.5-0.8,0.7-1,1-1.2,1-5,10-100,2,2-9,3-3.5,3-30,4-17,5-7,acuminate,acute,along,apex,base,bearing,beneath,berry,black,borne,branched,calyx,clavate,cm,curly,decurrent,densely,dia,difoliate,drying,elliptic,expanded,exserted,filiform,flower,geminate,glabrous,globose,green,internodal,irregularly,lateral,leaf,less,lobe,lobed,long,lower,main,minutely,mm,obconic,occasionally,older,opposite,ovoid-reniform,pair,pale,papillose,persistently,petiole,pitted,previously,pubescent,scar,shaped,short,shrub,slender,slightly,small,soon,sparsely,stem,straight,tan,tapering,tear-drop,time,tipped,tree,trichome,tube,unifoliate,uniseriate,vein,way,white,winged,x,young	grey,na
482	wfo-0001031695	success	183	106	63	72	111	34	60	3	0.5-1,1-9,1.5-8,2-3,2.5-5,20-30,3-19,3-7,30-40,4-10,4-5,4-6,5-20,6-10,abruptly,acuminate,also,apex,articulated,base,branched,broadened,calyx,chartaceous,cm,cordate,dark,deep,densely,diameter,ellipsoidal,entire,flattened,fruit,glabrous,green,greenish,hard,immature,lavender,leaf,lobed,margin,mm,moderately,mottled,narrowly,oblique,oblong,occasionally,ovate,pedicel,peduncle,petiole,pilose-hirsute,puberulent,puberulent-pubescent,pubescent,purple,shrub,simple,sometimes,sparsely,stigma,stripe,style,subcoriaceous,tree,triangular,tube,unbranched,x	0.5-2,1,1-2,1-3,1.5-2,1/2,1/3,10-15-20,10-35,2-4,2-5,3-10,3-17,3-4-6,4-foliat,5,5-7,6-20,6-8,7-10-15,?,abaxially,acute,adaxially,aggregate,apart,ape,apically,apiculate,axe,basal,beyond,blade,campanulate,capitat,cell,color,connective,connivent,cylindrical,d,dilated,directed,divided,eaf,eed,eglandular,eglandular-pilose,exceeding,exserted,fleshy,flower,glabrate,glabrescent,glandular-puberulent,hair,lanceolate,lateral,laterally,leaving,lilac,lobe,lon,long,lower,midrib,nflorescence,nther,obtuse,often,orolla,ovoid,pedicellar,perfect,pilo,pilose,pilose-hirsut,pore,presen,present,purplish,rachi,radiu,remnant,ripe,rounded,ruit,shorter,sinus,slight,slightly,small,somewhat,spaced,stamen,stone,swelling,tal,tem,thecae,time,tip,tomento,unequal,unit,unknown,unlobed,vary,wide,yellow,ympodial	anther,arrangement,bud,capitate,characteristic,colour,corolla,drying,exertion,filament,form,fruiting,growth,height,history,inflorescence,length,life,lobing,na,number,ovary,per,perennial,plant,primary,seed,shape,size,stem,surface,texture,type,vein	0.5-1,1-9,1.5-8,2-3,2.5-5,20-30,3-19,3-7,30-40,4-10,4-5,4-6,5-20,6-10,abruptly,acuminate,also,articulated,base,branched,broadened,chartaceous,cm,cordate,dark,deep,densely,ellipsoidal,entire,flattened,glabrous,green,greenish,hard,immature,lavender,lobed,mm,moderately,mottled,narrowly,oblique,oblong,occasionally,ovate,pilose-hirsute,puberulent,puberulent-pubescent,pubescent,purple,shrub,simple,sometimes,sparsely,stripe,subcoriaceous,tree,triangular,unbranched,x	capitate,na,perennial
483	wfo-0001031698	success	56	93	30	34	22	59	26	4	2-2.5,2.5,2.5-3,4-4.5,bark,base,branch,cm,deflexed,dull,elliptic,flattened,fruiting,glabrous,green,leaf,margin,minutely,mm,pale,pedicel,pitted,reddish-brown,reniform,repandly,rugose,shrub,stem,stout,strongly,surface,winged,woody,x	ape,decurrent,dia,difoliate,eaf,eed,fide,geminat,incrassate,long,maguire,older,otherwise,paler,papillae,persistin,tall,unit,wing,yellowish,ympodial,young	1,alternate,anther,apex,appearance,arrangement,border,bud,calyx,characteristic,colour,corolla,corrugation,diameter,distal,drying,exertion,filament,form,fruit,giving,glabrousnes,growth,height,history,inflorescence,interjected,lateral,leaflet,length,life,lobe,lobing,midpoint,na,new,number,ovary,peduncle,per,petiole,plant,prickle,primary,pseudostipule,ray,seed,shape,size,stigma,style,terminal,texture,thicknes,tube,type,variation,vein,width	2-2.5,2.5,2.5-3,4-4.5,base,cm,deflexed,dull,elliptic,flattened,glabrous,green,minutely,mm,pale,pitted,reddish-brown,reniform,repandly,rugose,shrub,stout,strongly,winged,woody,x	1,alternate,apex,na
484	wfo-0001031707	success	178	169	117	127	51	42	111	6	.5,/4,1-1.2,1-1.3,1-1.5,1-3,1.2-1.8,1.2-2,1.5-1.7,1.5-6,1/3,16-20,2,2-10,2-3,2-4,2-6,24,3,4-5,4-6,6-7,8-12,80-140,9-15,abaxially,absent,acuminate,acute,adaxially,almost,along,anther,anthesi,apex,apically,attenuate,axil,axillary,base,basiscopically,bearing,berry,brown,calyx,capitate,cm,conical,conspicuously,corolla,cucullate,dense,densely,diameter,distal,drying,elliptic,enlarged,erect,filament,flat,flattened,flower,four-lobed,fruiting,glabrous,globose,green,greenish,lateral,leaf,leaflet,lobe,long,margin,minutely,mm,oblique,occasionally,open,ovary,pair,papillate,pedicel,per,petiole,pink,pinnate,planar,plant,pointed,poricidal,primary,pubescent,quite,raised,reddish,round,sagittate,scar,scattered,simple,slightly,smooth,somewhat,spaced,sparsely,stigma,stout,style,surface,terminal,ternate,time,tip,trichome,tube,type,uniseriate,vein,vine,way,white,white-lenticellate,widely,woody,x	-3,0.5-1,1.5-2,5-10-celled,apical,basal,c.,cateniform,cell,clavat,climbing,distinct,eaf,edicel,eed,endrophilum,epidermal,exserted,flap-like,fleshy,free,high,horizonta,inflorescenc,lanceolate,less,like,lobed,lon,lower,narrower,narrowly,nflorescence,obovate,penden,petiolule,portion,quadrate,regular,rest,ruit,smaller,strongly,tem,thickening,tub,ud,unifoliat,unit,usually,ympodial	0.5,appearance,arrangement,bark,border,branch,bud,cateniforme,characteristic,clavate,colour,corrugation,exertion,form,fruit,giving,glabrousnes,growth,height,history,horizontal,inflorescence,interjected,length,life,lobing,midpoint,na,new,number,peduncle,prickle,pseudostipule,ray,seed,shape,size,stem,texture,thicknes,variation,width	.5,/4,1-1.2,1-1.3,1-1.5,1-3,1.2-1.8,1.2-2,1.5-1.7,1.5-6,1/3,16-20,2,2-10,2-3,2-4,2-6,24,3,4-5,4-6,6-7,8-12,80-140,9-15,abaxially,absent,acuminate,acute,adaxially,almost,along,anthesi,apex,apically,attenuate,axil,axillary,base,basiscopically,bearing,berry,brown,capitate,cm,conical,conspicuously,cucullate,dense,densely,diameter,distal,drying,elliptic,enlarged,erect,flat,flattened,flower,four-lobed,glabrous,globose,green,greenish,leaflet,lobe,long,margin,minutely,mm,oblique,occasionally,open,pair,papillate,pedicel,per,pink,pinnate,planar,pointed,poricidal,primary,pubescent,quite,raised,reddish,round,sagittate,scar,scattered,simple,slightly,smooth,somewhat,spaced,sparsely,stout,ternate,time,tip,trichome,uniseriate,vein,vine,way,white,white-lenticellate,widely,woody,x	0.5,cateniforme,clavate,horizontal,inflorescence,na
485	wfo-0001031723	success	218	164	125	141	77	23	124	1	-1.5,-15,0-2,0.1-0.2,0.2-1,0.4,0.4-0.9,0.4-1,0.4-1-2.5-5,0.55-0.9,0.6-1,0.7-1,0.8-1.5,1-15-45,1-2,1-3,1.2-2,2-3.5,2-4-11,2.5-4.5,2.5-5,2/3-3/4,4-6,5-9,8-20,abaxial,abaxially,acuminate,acute,adaxial,ame,anther,apex,apically,apparently,articulated,bark,base,berry,branched,branching,brown,c.,calyx,chartaceous,cm,connivent,cuneate,curved,dark,deltate,densely,diameter,discolorous,drying,dull,elongated,entire,erect,evenly,filament,filiform,finely,flattened-reniform,fruit,fruiting,gently,glabrous,glandular,gray,green,hair,lateral,leaf,length,lobe,lobed,long,margin,marking,maturity,mauve,midpoint,minute,mm,moderately,multangulate,narrow-deltate,near,obtuse,orange,orange-brown,ovate,pale,pedicel,peduncle,per,petiole,poricidal,porrect,prickle,prickly,primary,ray,recurved,red,reflexed,rounded,secondary,sessile,shrub,simple,sometimes,sparsely,spherical,spreading,stalked,stellate,stellate-pubescent,stem,straight,strongly,style,subentire,surface,tapering,terminal,tip,trichome,tube,unarmed,usually,variously,way,weakly,white,whitish,wide,yellow,yellow-green,young	-6,-8,-merous,0.05-0.2,0.1-0.3,0.1-0.5,0.15,1-2-5.5-6.5,1-3-10,1-5,1-5-40,1.5-10,1.5-2.5,1.5-4-10-16,1/3-1/2,1/6-1/4-1/3-1/2,10-30,2-7,2/3,3-15,4-10-30,4-20,4-5,acut,alyx,apar,apart,ba,blade,brow,conical,eaf,eed,elongating,equal,eye,flower,free,glabrescent,gland,gland-tipped,herbaceous,inflated,infructescence,longer,lower,mature,naked,nflorescence,older,one,open,orolla,oung,pair,perfec,pericarp,perpendicular,plurifoliat,portion,ruit,scar,smooth,spaced,stalk,tamen,terete,tertiary,time,unarme,unit,vary,vein,venation,visible,woody,ympodial	arrangement,branch,characteristic,colour,corolla,exertion,form,glabrousnes,growth,height,history,inflorescence,life,lobing,new,ovary,perennial,plant,seed,shape,size,texture,type	-1.5,-15,0-2,0.1-0.2,0.2-1,0.4,0.4-0.9,0.4-1,0.4-1-2.5-5,0.55-0.9,0.6-1,0.7-1,0.8-1.5,1-15-45,1-2,1-3,1.2-2,2-3.5,2-4-11,2.5-4.5,2.5-5,2/3-3/4,4-6,5-9,8-20,abaxially,acuminate,acute,ame,apex,apically,apparently,articulated,base,berry,branched,branching,brown,c.,chartaceous,cm,connivent,cuneate,curved,dark,deltate,densely,diameter,discolorous,drying,dull,elongated,entire,erect,evenly,filiform,finely,flattened-reniform,gently,glabrous,glandular,gray,green,hair,lateral,length,lobe,lobed,long,marking,maturity,mauve,midpoint,minute,mm,moderately,multangulate,narrow-deltate,near,obtuse,orange,orange-brown,ovate,pale,per,poricidal,porrect,prickle,prickly,primary,ray,recurved,red,reflexed,rounded,secondary,sessile,shrub,simple,sometimes,sparsely,spherical,spreading,stalked,stellate,stellate-pubescent,straight,strongly,subentire,tapering,terminal,tip,trichome,unarmed,usually,variously,way,weakly,white,whitish,wide,yellow,yellow-green,young	perennial
486	wfo-0001031729	success	159	132	92	97	62	35	84	8	-2,..,0.5,0.5-1,0.6-1-2.5,1-1.5,1-2,1.0-1.3,1.5,1.5-2,11-30-45,12-13,2-2.5,2-3,2.5-,2.5-5,3-4,3.5-4,4.1-16,5-10-20,5-6,5-7,abruptly,acuminate,along,anther,apex,attenuate,base,beneath,branch,branched,calyx,cm,conical,corolla,dark,darker,diameter,drying,elliptic,filament,flattened,fruit,fruiting,glabrous,globose,gradually,green,greenish,later,less,lobed,long,markedly,middle,mm,mottling,nearly,obovate,occasionally,ovary,ovate-reniform,pair,pale,papillae,papillate,pedicel,peduncle,per,petiole,pink,point,pointed,primary,purplish,reddish,scattered,short,shrub,single,small,somewhat,stem,stigma,stripe,surface,tan,time,toward,trichome,tube,vein,white,widening,x,young	-0.5,0.5-4,1-1.5-2,3-celled,50,8-9,anthesi,apicula,apiculate-deltate,branc,brittle,brow,c.,cell,cucullate,curve,deltate,dry,eaf,edicel,eed,elongate,erec,flattened-capitat,flower,glandular,lobe,lower,membranous,minute,minutely,narrowly,never,nflorescence,noddin,open,outer,outline,papillose,pericarp,planar,plurifoliat,quadrate,regularly,ruit,scar,single-stemmed,sinuate,smooth,striate,testa,thin,thing,tip,triangular,tuft,ud,unit,usually,wall,wand-like,ympodial	0-0.5,alternate,arrangement,bark,brown,bud,characteristic,colour,corrugation,curved,exertion,flattened-capitate,form,glabrousnes,growth,height,history,inflorescence,leaf,length,life,lobing,margin,na,new,nodding,number,plant,plurifoliate,seed,shape,size,style,texture,type	-2,..,0.5,0.5-1,0.6-1-2.5,1-1.5,1-2,1.0-1.3,1.5,1.5-2,11-30-45,12-13,2-2.5,2-3,2.5-,2.5-5,3-4,3.5-4,4.1-16,5-10-20,5-6,5-7,abruptly,acuminate,along,anther,attenuate,base,beneath,branched,cm,conical,dark,darker,diameter,drying,elliptic,flattened,fruit,glabrous,globose,gradually,green,greenish,later,less,lobed,long,markedly,middle,mm,mottling,nearly,obovate,occasionally,ovate-reniform,pair,pale,papillae,papillate,per,pink,point,pointed,purplish,reddish,scattered,short,shrub,single,small,somewhat,stigma,stripe,surface,tan,time,toward,trichome,vein,white,widening,x,young	0-0.5,alternate,brown,curved,flattened-capitate,na,nodding,plurifoliate
487	wfo-0001031738	success	230	139	98	117	113	22	96	2	-5,0-15,0-2,0.7-1,0.7-1.1,1-1.5,1-4,1.4-1.7,1.5-4,1/2-2/3,1/3,10-15,15-40,2-3-4,2.3-3,3-4,4,4-8,7-12.5,8-18,abaxial,adaxial,anther,apparently,articulated,auriculate,bark,base,berry,branched,calyx,cell,chartaceous,cm,connivent,cordate,dark,deltate,densely,diameter,discolorous,drying,dull,erect,evenly,filament,flattened-reniform,frequently,fruit,glabrescent,glabrous,gray,green,lateral,leaf,length,lobe,lobed,lobing,long,margin,maturity,mm,multangulate,orange,orange-brown,outline,ovate,pair,pale,pedicel,peduncle,petiole,pit,plant,poricidal,porrect,prickle,prickly,primary,prominent,raised,reflexed,shrub,side,simple,small,smooth,sometimes,spherical,spreading,stalked,stellate-pubescent,stem,strongly,style,surface,tapering,terminal,tip,tree,trichome,truncate,tube,unarmed,upper,variously,vein,way,weakly,white,wide,yellow,yellow-green,yellow-orange,yellowish,young	-merous,.5,0-3,0.1-0.25,0.2-0.3,0.25-0.8,0.3-1,0.9-2.1,1-1.8,1-3,1.5-2-4-5,1/,1/3-2/3,1/4-1/3,1/6-1/4,20-200,3-6,3-7,3.5-3.8,3.5-4.5,4-10,4-5,4-6,5,5-6,5-8,6-15,7-12,8-10,8-10-15,abaxially,acuminat,acute,adaxially,almost,always,alyx,andromonoecious,apar,apart,apex,apically,blade,curved,distal,distance,eaf,eed,elongating,equal,extending,flattened,flower,free,fruiting,held,hermaphrodite,heterostylous,infructescence,inside,long-styled,longer,lower,lowermost,mature,midpoint,midvein,narrow-deltate,nflorescence,oblong,obovate,often,older,one,open,orolla,oung,per,pericarp,plurifoliat,poorly,portion,prickl,pubescent,ray,resin,rounded,ruit,scar,secondary,sessile,short-styled,shorter,spaced,sparsely,stalk,staminat,stellate,sticky,stout,straight,tamen,terete,tertiary,time,unit,usually,vary,venation,visible,white-brow,woody,ympodial	arrangement,branch,characteristic,colour,corolla,exertion,form,glabrousnes,growth,height,history,inflorescence,life,new,ovary,perennial,seed,shape,size,texture,type,white-brown	-5,0-15,0-2,0.7-1,0.7-1.1,1-1.5,1-4,1.4-1.7,1.5-4,1/2-2/3,1/3,10-15,15-40,2-3-4,2.3-3,3-4,4,4-8,7-12.5,8-18,apparently,articulated,auriculate,base,berry,branched,cell,chartaceous,cm,connivent,cordate,dark,deltate,densely,diameter,discolorous,drying,dull,erect,evenly,flattened-reniform,frequently,glabrescent,glabrous,gray,green,lateral,lobe,lobed,long,maturity,mm,multangulate,orange,orange-brown,outline,ovate,pair,pale,pit,poricidal,porrect,prickle,prickly,prominent,raised,reflexed,shrub,side,simple,small,smooth,sometimes,spherical,spreading,stalked,stellate-pubescent,strongly,tapering,terminal,tip,tree,trichome,truncate,unarmed,upper,variously,way,weakly,white,wide,yellow,yellow-green,yellow-orange,yellowish,young	perennial,white-brown
488	wfo-0001031752	success	166	155	94	102	64	53	93	1	-10,0.5-1,1,1-2,1-4,1.5-3,1.5-3.5-6,15-25,15-40-100,2-2.5,2-5,20-35,3-11.5,3-4,3-7,3.5-5,5-23,5-8,abaxially,acuminate,acute,adaxially,apex,apiculate,articulated,basal,base,beyond,calyx,chartaceous,cm,connivent,cuneate,darker,deltate,densely,diameter,ellipsoidal,elliptic,entire,exserted,flattened,flower,fruit,fusiform,glabrate,glabrescent,glabrous,gland,glandular-puberulent,green,immature,lanceolate,leaving,less,light,lobe,long,margin,mm,moderately,narrowly,near,oblong,often,older,ovate,ovoid,pedicel,pedicellar,peduncle,petiole,pink,puberulent,pubescent,purplish,remnant,ripe,rounded,rugose,shrub,simple,small,sparsely,stalked,stamen,stigma,stripe,style,subcordate,subcoriaceous,tip,tree,triangular,truncate,tube,unbranched,white,wide,x,yellow,young	-pubescent,0.5-1.5,1-1.5,1-1.5-2.5-3,1-3,1.5-10.5-44,1.5-2,2-3,3-4-foliat,3.5-15-47,5-6,8-15,9-16,aggregate,apart,ape,axe,blade,cell,ciliat,ciliate,connective,cylindrical,directed,distally,eaf,eed,equal,exceeding,fleshy,glandular-puberulen,linear,lon,lower,membranaceous,nearly,nflorescence,nther,obtuse,olde,orolla,perfect,pore,presen,present,purpl,rachi,radiu,ruit,slightly,spaced,stellate,stone,swelling,tal,tem,thecae,time,tomentose,truncat,ud,unit,vary,ympodial	anther,appearance,arrangement,bark,border,branch,bud,characteristic,colour,corolla,corrugation,distal,drying,exertion,filament,form,fruiting,giving,glabrousnes,growth,height,history,inflorescence,interjected,lateral,leaf,leaflet,length,life,lobing,midpoint,na,new,number,ovary,per,plant,prickle,primary,pseudostipule,ray,seed,shape,size,stem,surface,terminal,texture,thicknes,type,variation,vein,width	-10,0.5-1,1,1-2,1-4,1.5-3,1.5-3.5-6,15-25,15-40-100,2-2.5,2-5,20-35,3-11.5,3-4,3-7,3.5-5,5-23,5-8,abaxially,acuminate,acute,adaxially,apex,apiculate,articulated,basal,base,beyond,chartaceous,cm,connivent,cuneate,darker,deltate,densely,ellipsoidal,elliptic,entire,exserted,flattened,flower,fruit,fusiform,glabrate,glabrescent,glabrous,gland,glandular-puberulent,green,immature,lanceolate,leaving,less,light,lobe,long,mm,moderately,narrowly,near,oblong,often,older,ovate,ovoid,pedicellar,pink,puberulent,pubescent,purplish,remnant,ripe,rounded,rugose,shrub,simple,small,sparsely,stalked,stamen,stripe,subcordate,subcoriaceous,tip,tree,triangular,truncate,unbranched,white,wide,x,yellow,young	na
489	wfo-0001031756	success	186	131	87	104	82	27	85	2	.1,.5,.8,/2,0,0-2,0.4-1.6,0.5-1,0.5-1.3,0.6-1.2,0.6-1.6,0.7-1.7,0.8-1,1-4,1.5-2,1.8-2.5,3-15,3-5,3-7,4-5,4.5,9-14,abaxially,anther,apart,apex,articulated,bark,base,berry,broad-deltate,calyx,cm,color,conical,cordate,curved,densely,diameter,entire,erect,evenly,eye,filament,finely,flattened-reniform,fruit,fruiting,glabrous,gray,green,inflated,known,leaf,lobed,long,margin,mature,mauve,mm,moderately,naked,older,orange-brown,ovate,pair,pale,pedicel,peduncle,per,petiole,pitted,poricidal,prickle,prickly,primary,ray,red-brown,rounded,shoot,short,shrub,simple,slender,spaced,sparsely,spherical,stellate-pubescent,stem,straight,style,surface,tapering,terminal,tip,truncate,tube,vein,visible,way,white,wide,yellow-green,young	-5,0-1,0-5,0.02-0.2,0.1,0.15-0.25,0.2,00,1-1.8,1-2,1-3,1.5-3.5,1/2,1/3,10,2-6,5-merous,6-9,7-10,accrescent,acut,alyx,apar,apically,apparently,blade,branched,chartaceous,concolorous,connivent,deltate,drying,eaf,eed,elongating,enclosing,equal,flower,free,fully,glabrescent,glabrou,herbaceous,infructescence,invested,lobe,longer,lower,midpoint,nflorescence,one,open,orolla,oung,pendulous,perfec,pericarp,perpendicular,plurifoliat,porrect,portion,prickl,ruit,scandent,scar,sessile,shorter,small,smooth,spreading,stalk,stalked,stellate,tamen,terete,time,trichome,unarmed,unit,variously,vary,ympodial	arrangement,branch,characteristic,colour,corolla,exertion,form,glabrousnes,growth,height,history,inflorescence,length,life,lobing,na,new,number,ovary,perennial,plant,seed,shape,size,stigma,texture,type	.1,.5,.8,/2,0,0-2,0.4-1.6,0.5-1,0.5-1.3,0.6-1.2,0.6-1.6,0.7-1.7,0.8-1,1-4,1.5-2,1.8-2.5,3-15,3-5,3-7,4-5,4.5,9-14,abaxially,apart,apex,articulated,base,berry,broad-deltate,cm,color,conical,cordate,curved,densely,diameter,entire,erect,evenly,eye,finely,flattened-reniform,glabrous,gray,green,inflated,known,lobed,long,mature,mauve,mm,moderately,naked,older,orange-brown,ovate,pair,pale,pitted,poricidal,prickly,red-brown,rounded,shoot,short,shrub,simple,slender,spaced,sparsely,spherical,stellate-pubescent,stem,straight,tapering,terminal,tip,truncate,visible,way,white,wide,yellow-green,young	na,perennial
490	wfo-0001031786	success	207	144	100	116	91	28	97	3	.5,/3,0-2,0-20,0-3,0-5,0.2-2.5,0.5-1.5,0.7-1,0.7-1.6,0.8-1.2,1-2,1-3,1-6,1.2-1.6,1.5-1.9,1.5-2.5,2-3,2-8,2.5-3.5,3-4,4-5,6-8,acute,anther,apex,apically,apparently,articulated,bark,base,berry,branched,calyx,cell,chartaceous,cm,concolorous,connivent,cuneate,dark,deep,deltate,diameter,drying,elliptic,erect,evenly,filament,flattened-reniform,flower,fruit,fruiting,glabrescent,glabrous,green,herb,lateral,leaf,length,lobe,lobed,long,margin,maturity,mauve,membranous,minute,mm,one,open,orange,outline,ovate,pair,pale,pedicel,peduncle,per,petiole,pit,poricidal,prickle,prickly,primary,raised,red,red-brown,shiny,shrub,simple,small,smooth,sparsely,spherical,spreading,stellate,stellate-pubescent,stem,stigma,style,surface,tapering,terete,time,tip,trichome,truncate,tube,vein,way,weakly,white,wide,yellow-orange,young	.4,/2,0.1,0.1-0.4,0.2-0.3,0.25-0.5,0.7-4,0.8,1,1-4,1/3-1/2,2-13,2-7,3-5.5,5-7,5-merous,8-12,abaxially,acut,almost,alyx,ame,apar,apart,becoming,blade,c.,clavat,curved,densely,distance,eaf,eed,elongating,equal,extending,eye,filiform,flattened,free,gray,gray-brow,herbaceous,inconspicuous,infructescence,lon,longer,lower,mature,midpoint,midvein,naked,nflorescence,obtuse,older,orange-brown,orolla,oung,pendulous,perfec,pericarp,plurifoliat,porrect,portion,prickl,ray,reflexed,rounded,ruit,scandent,scar,sessile,shorter,side,slightly,sometimes,spaced,stalk,stalked,straight,tamen,tertiary,thick,unarmed,unit,variously,vary,venation,visible,woody,ympodial	arrangement,branch,bud,characteristic,clavate,colour,corolla,corrugation,exertion,form,glabrousnes,gray-brown,growth,height,history,inflorescence,life,lobing,na,new,number,ovary,plant,seed,shape,size,texture,type	.5,/3,0-2,0-20,0-3,0-5,0.2-2.5,0.5-1.5,0.7-1,0.7-1.6,0.8-1.2,1-2,1-3,1-6,1.2-1.6,1.5-1.9,1.5-2.5,2-3,2-8,2.5-3.5,3-4,4-5,6-8,acute,apically,apparently,articulated,base,berry,branched,cell,chartaceous,cm,concolorous,connivent,cuneate,dark,deep,deltate,diameter,drying,elliptic,erect,evenly,flattened-reniform,flower,glabrescent,glabrous,green,herb,lateral,lobe,lobed,long,maturity,mauve,membranous,minute,mm,one,open,orange,outline,ovate,pair,pale,per,pit,poricidal,prickle,prickly,raised,red,red-brown,shiny,shrub,simple,small,smooth,sparsely,spherical,spreading,stellate,stellate-pubescent,surface,tapering,terete,time,tip,trichome,truncate,way,weakly,white,wide,yellow-orange,young	clavate,gray-brown,na
491	wfo-0001031793	success	188	112	72	84	104	28	68	4	-4,0,1-1.5,1-2,1.5-2,1.5-4,10-15,13-20,15-20,2-3,2-5,3-8,4,8-11,absent,acumen,aging,almost,base,berry,black,branched,broadly,brown,brownish,calyx,cm,cuneate,densely,diameter,distal,elliptic,evident,extra-axillary,ferrugineous,flattened,flower,forked,fruit,fruiting,globose,hair,inflorescence,leaf,linear,lobe,long,many,margin,mm,oblique,orange-yellow,orbicular-ovate,pedicel,peduncle,per,petiole,prickle,pubescent,reddish,rounded,scarcely,scattered,shallow,shrub,simple,size,small,stellate,stellate-pubescent,stem,stout,surface,thickened,tree,triangular,tube,unbranched,upward,well-developed,white,x,yellow,yellow-brown	.5,1,1-3,1-8,1/3,1/4,1/5,20,26,3-4,3/4,40,5-merous,7,abundant,accrescent,acuminate,acute,adult,alyx,anther,apex,apparently,armed,articulated,aspect,axe,ba,bilobe,blade,branche,broad,capitate,central,chartaceous,cut,difoliate,eaf,eed,elongatin,erec,erect,extreme,filament,geminat,general,glandular,homostylou,interpetalar,larger,lobing,lon,lower,main,maturing,midpoint,midrib,minutely,mostly,mucilaginous,nflorescence,oblong-lanceolate,obtuse,often,older,orolla,ovate,perfect,pore,porocidal,porrect,principal,rachi,reduced,reticulation,ruit,rusty,sessile,side,similar,single,sinus,smaller,sparsely,stellate-pubescen,stigma,stipitate,style,tall,tamen,tem,testa,tip,tissue,triangular-acuminat,trichome,unarmed,unit,usually,uvenile,vary,way,woody,ympodial	-3,adaxial,appearance,arrangement,border,characteristic,colour,corolla,form,giving,growth,height,history,lateral,leaflet,length,life,na,number,perennial,plant,seed,shape,terminal,texture,triangular-acuminate,type,width	-4,0,1-1.5,1-2,1.5-2,1.5-4,10-15,13-20,15-20,2-3,2-5,3-8,4,8-11,absent,acumen,aging,almost,berry,black,branched,broadly,brown,brownish,cm,cuneate,densely,diameter,elliptic,evident,extra-axillary,ferrugineous,flattened,flower,forked,fruit,globose,hair,linear,lobe,long,many,mm,oblique,orange-yellow,orbicular-ovate,pubescent,reddish,rounded,scarcely,scattered,shallow,shrub,simple,small,stellate,stellate-pubescent,stout,thickened,tree,triangular,unbranched,upward,well-developed,white,x,yellow,yellow-brown	-3,na,perennial,triangular-acuminate
492	wfo-0001031829	success	138	97	50	68	70	29	47	3	.25,.5,0.7-1,1-2,1.3-1.5,1.5-3.5,2-4,3/4,4-8.5,7-10,absent,acute,anther,apex,bark,base,berry,broadly,calyx,capitate,cm,conical,corolla,densely,drying,elliptic,exserted,filament,fruiting,glabrous,globose,green,greenish-brown,growth,inflorescence,lateral,leaf,leathery,main,margin,minute,mm,often,ovary,pair,pedicel,petiole,pubescent,revolute,shaped,shrub,simple,size,somewhat,sparsely,stem,stigma,style,surface,tapering,tear-drop,thick,tube,vein,way,white,x,yellowish	0.5-2.1,1,1.5-2,1.5-2.5,1.5-4.5,3-5-flowered,4-4.5,abaxially,adaxial,adaxially,along,anthesi,ape,apiculae,bae,branched,crystalline,deflexed,denser,dia,differing,difoliate,eaf,edicel,eed,epidermi,erect,free,geminat,glabrat,immature,known,large-celled,like,lobe,lobed,lon,long,lower,major,minor,minutely,nflorescence,occasionally,older,opposite,overlappin,packed,papillo,papillose,planar,pore,poricidal,portion,quadrate,ruit,scar,soft,tall,tip,trichome,tub,tuft,ud,uniseriate,unit,waxy,woody,ympodial,young	alternate,arrangement,branch,bud,characteristic,colour,corrugation,diameter,exertion,form,fruit,glabrousnes,height,history,length,life,lobing,na,new,number,peduncle,per,perennial,plant,primary,seed,shape,texture,type	.25,.5,0.7-1,1-2,1.3-1.5,1.5-3.5,2-4,3/4,4-8.5,7-10,absent,acute,base,berry,broadly,capitate,cm,conical,densely,elliptic,exserted,glabrous,globose,green,greenish-brown,lateral,leathery,main,minute,mm,often,pair,pubescent,revolute,shaped,shrub,simple,somewhat,sparsely,tapering,tear-drop,thick,vein,way,white,x,yellowish	alternate,na,perennial
493	wfo-0001031832	success	232	152	96	114	118	38	94	2	0.1-0.3,0.2-0.6,0.2-1.5,0.3-3,0.7-1.6,0.7-2,0.8-1.2,1-12,1.2-1.6,1.2-2,14,2-3.6,2-6,3-6.5,4-20,7-10,8-25,9,abaxially,acuminate,acute,adaxially,anther,anthesi,apart,apex,articulated,attenuate,bark,basal,base,becoming,berry,blunt-tipped,branch,brown,bud,bullate,calyx,closely,cm,conical,continued,corolla,dark,deltoid,diameter,due,entire,exserted,filament,fleshy,flower,fruit,fruiting,glabrous,globose,granular-tomentose,green,greenish,growth,half,honeycombed,lanceolate,lateral,leaf,length,lobe,margin,midvein,mm,mostly,oblanceolate,oblong,obovoid,orbicular,ovate,pale,pedicel,peduncle,petiole,pitted,probably,pubescent,ray,reniform,reticulate-punctate,ripe,rough,scabrous,shrub,side,simple,soon,spaced,sparingly,stem,stigma,style,subcampanulate,suborbicular,surface,terete,terminal,tree,tube,unarmed,vein,violet,weakly,white,x,yellow,yellowish	-8,.5-1,/50-1/10,0-150,0.3-0.8,0.7-1.5,1.1-2.4,1.2-2.5,1.3-4.2,1.5-4,1.7-4,1.8-4,1/2-3/4,2-4,2.5-6.5,2.8-4.8,3-7,3.5-7,4-7,5-21,5.5-10,accrescent,ag,apical-lateral,apice,apparently,axe,axillary,ba,blade,blister,branched,brownish,capitat,chartaceous,connate,decurrent,dehiscing,directed,eaf,eed,evident,extend,ferrugineous,few-rayed,forming,free,glabrescen,glabrescent,hair,high,indument,inserted,introrse,lackin,large,line,lobed,long,long-,longer,longitudinal,lower,m.,main,minute,mixed,multangulate,nearly,nflorescence,obtuse,occasionally,older,orolla,partly,perfect,persistent,plurifoliate,pore,porrect-stellat,porrect-stellate,pubescence,rachi,rather,relatively,rotate-stellate,ruit,runk,sessile,short-,short-stalked,slit,smooth,sometimes,somewhat,sparse,splitting,stamen,stellate-pubescent,stipitate-glandular,suture,swelling,tamen,testa,thick,thick-stalked,time,toward,translucent,unarme,unit,usually,vary,way,whitish,wide,ympodial,young	appearance,arrangement,border,capitate,characteristic,colour,corrugation,distal,drying,exertion,form,giving,glabrousnes,height,history,inflorescence,interjected,leaflet,life,lobing,midpoint,na,new,number,ovary,per,plant,prickle,primary,pseudostipule,seed,shape,size,texture,thicknes,type,variation,width	0.1-0.3,0.2-0.6,0.2-1.5,0.3-3,0.7-1.6,0.7-2,0.8-1.2,1-12,1.2-1.6,1.2-2,14,2-3.6,2-6,3-6.5,4-20,7-10,8-25,9,abaxially,acuminate,acute,adaxially,anthesi,apart,apex,articulated,attenuate,basal,base,becoming,berry,blunt-tipped,brown,bullate,calyx,closely,cm,conical,continued,dark,deltoid,diameter,due,entire,exserted,fleshy,flower,fruit,glabrous,globose,granular-tomentose,green,greenish,growth,half,honeycombed,lanceolate,lateral,midvein,mm,mostly,oblanceolate,oblong,obovoid,orbicular,ovate,pale,pitted,probably,pubescent,reniform,reticulate-punctate,ripe,rough,scabrous,shrub,side,simple,soon,spaced,sparingly,stem,subcampanulate,suborbicular,terete,terminal,tree,unarmed,violet,weakly,white,x,yellow,yellowish	capitate,na
494	wfo-0001031834	success	150	111	47	63	87	48	44	3	0.5,0.5-3,0.5-3.5,0.6-1.4,0.8-1,0.8-1.3,1.5,1.6-2,1.9-6.5,2/3,6-7,6.5-14,acuminate,acute,anther,apex,base,berry,calyx,cm,corolla,decurrent,deltoid,filament,flattened-reniform,fruit,fruiting,globose,green,greenish-yellow,leaf,less,lobe,margin,minutely,mm,ovary,ovate,pale,papillose,pedicel,petiole,pitted,pubescent,scabrous,shaped,shrub,simple,slender,sparsely,stem,stigma,style,surface,tan,tapering,tear-drop,tube,vein,way,white,x,yellow	.5,0.5-1,0.9-1.4,1,1.5-4,2.9-7,accrescent,across,anthesi,apar,apically,apiculate,appear,attenuate,bi-cellular,borne,campanulate,covered,deciduou,deciduous,deflexed,depression,dia,difoliate,eaf,edicel,eed,expanded,eye,few-flowered,free,geminat,glabrou,glabrous,hook,hooked,incrassate,lamina,larger,leaving,like,lobed,lon,long,lower,major,markedly,middle,minor,minute,mound-like,multicellular,naked,nflorescence,often,opposite,papillo,persistent,planar,pore,poricidal,portion,proximal,ruit,scar,short,slightly,small,soon,spaced,speck,straight,tall,tip,trichome,tufted,ud,unevenly,uni-,uniseriate,unit,upper,usually,widest,woody,ympodial,young	2,appearance,arrangement,bark,border,branch,bud,characteristic,colour,corrugation,diameter,distal,drying,exertion,form,giving,glabrousnes,growth,height,history,inflorescence,interjected,lateral,leaflet,length,life,lobing,midpoint,na,new,number,peduncle,per,perennial,plant,prickle,primary,pseudostipule,ray,seed,shape,size,terminal,texture,thicknes,type,variation,width	0.5,0.5-3,0.5-3.5,0.6-1.4,0.8-1,0.8-1.3,1.5,1.6-2,1.9-6.5,2/3,6-7,6.5-14,acuminate,acute,base,berry,cm,decurrent,deltoid,flattened-reniform,globose,green,greenish-yellow,less,minutely,mm,ovate,pale,papillose,pitted,pubescent,scabrous,shaped,shrub,simple,slender,sparsely,tan,tapering,tear-drop,way,white,x,yellow	2,na,perennial
495	wfo-0001031842	success	161	132	99	107	54	25	95	4	.5,.75,0.1-0.5,0.5-2,0.6-1,1-1.8,1-3.5,1.5-2,10-20,10-30-flowered,2-10,2-3,3-8,3/4,4.5-6,7-9,acute,anther,anthesi,apart,apex,attenuate,axil,bark,base,bearing,beneath,berry,bi-lobed,brown,capitate,cm,corolla,dark,decurrent,deeply,dia,difoliate,dry,ellipsoid,elliptic,exsertion,filament,flattened-reniform,fruiting,glabrous,globose,green,irregularly,later,lateral,leaf,leaf-opposed,lobe,lobed,long,main,minor,minutely,mm,near,new,often,onto,opposite,ovary,overtopping,pale,papillose,pedicel,petiole,pitted,pore,poricidal,reddish-resinous,reflexed,scar,shaped,shiny,shoot,shrub,simple,size,somewhat,soon,spaced,specimen,stem,stigma,strongly,style,surface,tear-drop,terminal,time,tip,tree,trichome,tube,tuft,uniseriate,unit,vein,way,white,x,young	.1,.4,0.5-1,0.7-1,1,1-1.5,10-12,2.5-3,2.5-6,9-15,ba,beginning,calyx,cup-shaped,cusp,deflexed,densely,differing,eaf,edicel,eed,exserte,free,geminat,incrassate,inflorescenc,lon,lower,major,margin,middle,nflorescence,older,one,pair,paler,papillo,portion,prominent,pubescent,quadrate,reddish,ruit,slender,sparsely,straight,tall,tapering,ud,widest,woody,yellowish,yellowish-whit,ympodial	arrangement,bud,characteristic,colour,diameter,exertion,exserted,form,fruit,geminate,growth,height,history,inflorescence,length,life,lobing,plant,seed,shape,spacing,sympodial,texture,type,yellowish-white	.5,.75,0.1-0.5,0.5-2,0.6-1,1-1.8,1-3.5,1.5-2,10-20,10-30-flowered,2-10,2-3,3-8,3/4,4.5-6,7-9,acute,anthesi,apart,apex,attenuate,axil,base,bearing,beneath,berry,bi-lobed,brown,capitate,cm,corolla,dark,decurrent,deeply,dia,difoliate,dry,ellipsoid,elliptic,exsertion,flattened-reniform,glabrous,globose,green,irregularly,later,lateral,leaf,leaf-opposed,lobe,lobed,long,main,minutely,mm,near,new,often,onto,opposite,overtopping,pale,papillose,petiole,pitted,pore,poricidal,reddish-resinous,reflexed,shaped,shiny,shoot,shrub,simple,somewhat,soon,spaced,specimen,stem,strongly,surface,tear-drop,terminal,time,tip,tree,trichome,tuft,uniseriate,unit,vein,way,white,x,young	exserted,geminate,sympodial,yellowish-white
496	wfo-0001031843	success	245	157	98	115	130	42	94	4	.5,.6,0.5-1,0.6-1.2,1-7,1.2-2,1.2-2.2,1.5,1.8-2.5,2.5,3-4,3-7,4-12,45-60°,5-10,5-12,6-9,acuminate,almost,along,anther,apex,apically,bark,base,berry,black,branch,branched,branching,brown,calyx,canaliculate,capitate,caudate,cm,completely,conical,corolla,cupular,dark,deeply,diameter,dilated,discoid,discolorous,distributed,drying,dull,entire,equal,evenly,filament,finely,flexuous,flower,forming,fruiting,glabrous,green,honeycomb,leaf,length,liana,lobe,long,loop,main,margin,midvein,mm,oblique,oblong,obovate,orange,orange-brown,orange-yellow,pair,partly,pattern,pedicel,peduncle,petiole,pitted,primary,pubescent,red,reddish,ribbed,rounded,seed,shiny,shrub,slender,slightly,smooth,sometimes,sparsely,spheroidal,spreading,stem,stigma,strongly,style,surface,terminal,thick-chartaceous,tube,twice,unarmed,vein,violet,weakly,x,young	.2,.3,0-4,0.2-2,0.4-0.5,0.5-1.5,0.7-1.2,0.7-2,0.8-2,1-2,1.5-2,1/6-1/4,1mm,2-3,2-4,abaxially,accrescent,adaxially,age,always,alyx,anthesi,apar,apice,apparently,appressed,around,articulated,attenuate,basal,becoming,broadly,clearly,collapsing,curved,cuspidate,delineated,deltoid,dendritic,density,detaching,domatia,eaf,eed,ellipsoi,erect,even,eye,fertilisation,fine,flat,free,hand,inner,largely,leave,len,lengthening,lignified,like,lobed,longitudinally,looping,lower,m.,much,multiseriate,naked,network,never,nflorescence,nther,obscure,older,opening,orolla,outline,ovate,papillo,part,pendulous,perfec,pericarp,pit,plurifoliat,pore,poricidal,portion,present,prominent,pronounced,protruding,rachi,raised,rarely,recurve,reveal,ridged,ruit,scar,see,shallowly,shortly,side,simple,sinus,small,smaller,soon,straight,stump,surfac,tearing,tertiary,thickened,thin,tip,trichome,tuft,ud,unit,variable,vary,venation,visible,white,wide,wider,without,ympodial	appearance,arrangement,border,bud,characteristic,colour,corrugation,distal,ellipsoid,exertion,form,fruit,giving,glabrousnes,growth,height,history,inflorescence,interjected,lateral,leaflet,life,lobing,midpoint,na,new,number,ovary,papillose,per,perennial,plant,prickle,pseudostipule,ray,shape,size,texture,thicknes,type,variation,width	.5,.6,0.5-1,0.6-1.2,1-7,1.2-2,1.2-2.2,1.5,1.8-2.5,2.5,3-4,3-7,4-12,45-60°,5-10,5-12,6-9,acuminate,almost,along,apex,apically,base,berry,black,branch,branched,branching,brown,canaliculate,capitate,caudate,cm,completely,conical,cupular,dark,deeply,diameter,dilated,discoid,discolorous,distributed,drying,dull,entire,equal,evenly,finely,flexuous,flower,forming,glabrous,green,honeycomb,liana,long,loop,main,midvein,mm,oblique,oblong,obovate,orange,orange-brown,orange-yellow,pair,partly,pattern,pitted,pubescent,red,reddish,ribbed,rounded,shiny,shrub,slender,slightly,smooth,sometimes,sparsely,spheroidal,spreading,strongly,terminal,thick-chartaceous,twice,unarmed,violet,weakly,x,young	ellipsoid,na,papillose,perennial
497	wfo-0001031852	success	152	117	53	69	83	48	49	4	0.1-1,0.5-1.3,0.5-3,1-4,1-4.2,1-9,1.3-2.5,1.4-3,2-5.5,2.6-9.5,3.5-10,4-10,4-6,5-15,7-12-35,9-11,acuminate,acute,apex,base,branched,calyx,cm,conical,corolla,cyme,decurrent,diameter,dichasial,dichasially,distal,ebracteate,elliptic,elliptic-lanceolate,filament,green,green-white,herbaceous,interjected,lanceolate,lateral,leaf,leaflet,light,lobe,long,mm,monochasial,mucilaginous,oblique,oblong,odd-pinnate,ovate-elliptic,ovoid,pedicel,peduncle,perennial,petiole,plant,pubescent,seed,sessile,size,stigma,style,terminal,throughout,white,wide	1-2-3,1.5-3,2-3,3-4,3-6-foliat,3-9,4-4-5-8,abaxially,abruptly,absen,acumen,adaxially,apical,apically,apiculate,articulate,attenuate,cell,connate,covering,dehiscent,digestion,diminishing,dorsally,eaf,edge,eed,emoval,enzyme,exceeding,flat,flower,folded,forked,generally,globo,hair-like,half,honeycomb,introrse,living,lon,lower,lunat,make,maturing,nflorescence,nther,often,orolla,pair,pattern,perfect,plan,poricidally,proximal,rachi,reveal,ruit,seudostipule,short,shortly,slit,specimen,stamen,stellate,straight,tal,tem,testal,thick,throughou,toward,tuber-bearing,typically,unit,vary,wall,white-crea,without,yellow,ympodial,¼	absent,anther,appearance,arrangement,bark,border,branch,bud,characteristic,colour,corrugation,drying,exertion,form,fruit,fruiting,giving,glabrousnes,globose,growth,height,history,inflorescence,length,life,lobing,margin,midpoint,na,new,number,ovary,per,prickle,primary,pseudostipule,ray,shape,stem,surface,texture,thicknes,tube,type,variation,vein,white-cream,width	0.1-1,0.5-1.3,0.5-3,1-4,1-4.2,1-9,1.3-2.5,1.4-3,2-5.5,2.6-9.5,3.5-10,4-10,4-6,5-15,7-12-35,9-11,acuminate,acute,branched,cm,conical,cyme,decurrent,diameter,dichasial,dichasially,ebracteate,elliptic,elliptic-lanceolate,green,green-white,herbaceous,lanceolate,light,long,mm,monochasial,mucilaginous,oblique,oblong,odd-pinnate,ovate-elliptic,ovoid,perennial,pubescent,sessile,throughout,white,wide	absent,globose,na,white-cream
498	wfo-0001031864	success	140	135	72	87	53	48	68	4	.2,.25,.5,0.2-0.5,0.5-13.5,0.7-0.8,0.8-1,1-1.2,1-1.8,1-2,1-5,1-6.5,1.5,15-60,2,2-3,3-3.5,3-pinnate,acute,adaxially,anther,apex,apiculate,base,berry,calyx,chartaceous,ciliate,clavate,cm,cuneate,deltoid,dense,diameter,entire,extra-axillary,filament,fine,flattened,fleshy,flower,fruit,fruiting,glabrous,hair,herbaceous,lateral,leaflet,lenticular,lobe,long,margin,middle,minutely,mm,oblique,ovoid-deltoid,papillose,pedicel,peduncle,petiole,pointed,pubescence,pubescent,rotate,rounded,scattered,short,slender,slightly,sparsely,stem,stigma,style,surface,tip,trichome,truncate,tube,unbranched,unknown,vein,vine,violet,wide-diameter,widely,x	0.4-3,0.5-4,0.6-3.5,0.6-4,1-3,1.2-1.5,1.5-10,1.5-2.5,2.5-6,5-15,5-9,5-merous,7.5-8,abaxially,accrescent,acuminate,alyx,apar,apical,axe,blade,c.,capitat,color,densely,eaf,eed,emarginate,glabrou,like,lon,lower,m.,moderately,near,nflorescence,nternode,orolla,perfec,petiolule,plurifoliat,pubescenc,rachi,ruit,sand-punctate,spaced,tamen,tem,terrestria,typical,unit,vary,ympodial	appearance,arrangement,bark,border,branch,bud,capitate,characteristic,colour,corolla,corrugation,distal,drying,exertion,form,giving,glabrousnes,green,growth,height,history,inflorescence,interjected,leaf,length,life,lobing,midpoint,na,new,number,ovary,per,plant,prickle,primary,pseudostipule,ray,seed,shape,size,terminal,terrestrial,texture,thicknes,type,variation,width	.2,.25,.5,0.2-0.5,0.5-13.5,0.7-0.8,0.8-1,1-1.2,1-1.8,1-2,1-5,1-6.5,1.5,15-60,2,2-3,3-3.5,3-pinnate,acute,adaxially,apex,apiculate,berry,chartaceous,ciliate,clavate,cm,cuneate,deltoid,dense,diameter,entire,extra-axillary,fine,flattened,fleshy,flower,glabrous,hair,herbaceous,lenticular,long,middle,minutely,mm,oblique,ovoid-deltoid,papillose,pointed,pubescence,pubescent,rotate,rounded,scattered,short,slender,slightly,sparsely,tip,trichome,truncate,unbranched,unknown,vine,violet,wide-diameter,widely,x	capitate,green,na,terrestrial
499	wfo-0001031864	success	148	155	92	105	43	50	88	4	.2,.25,.5,0.4-3,0.5-13.5,0.6-3.5,0.6-4,1-1.2,1-1.8,1-2,1-5,1-6.5,1.5,15-60,2,2-3,3-3.5,3-5-celled,3-pinnate,5-15,5-9,abaxially,absent,acuminate,acute,adaxially,anther,apart,apex,apiculate,articulated,basally,base,blue-purple,calyx,center,ciliate,cm,connivent,cordate,cuneate,deltoid,dense,densely,diameter,directed,distally,entire,extra-axillary,filament,fine,fleshy,flower,fruit,fruiting,glabrous,hair,herb,interjected,large,lateral,leaflet,lenticular,lobe,long,longitudinal,margin,minutely,mm,oblique,oblong,opening,papillose,pedicel,peduncle,pore,pubescence,pubescent,rotate,rounded,scattered,short,simple,slender,slit,somewhat,spaced,sparsely,stigma,style,surface,terrestrial,thick,tip,truncate,tube,unbranched,uniseriate,unknown,weakly,widely,wiry,woody,x,yellow	0.5-4,1-3,1.2-1.5,1.5-2.5,2.5-6,5-merou,7.5-8,accrescent,ag,alyx,apical,apparently,axe,ba,blade,capitat,clavate,color,eaf,eed,emarginate,equal,etiole,geminat,lower,m.,near,nflorescence,node,orolla,perfect,petiolule,plurifoliate,pubescenc,rachi,rooting,slightly,tamen,tem,trailing,unit,vary,ympodial	age,appearance,arrangement,bark,border,branch,bud,capitate,characteristic,colour,corolla,corrugation,distal,drying,exertion,form,giving,glabrousnes,green,growth,height,history,inflorescence,leaf,length,life,lobing,midpoint,na,new,number,ovary,per,petiole,plant,prickle,primary,pseudostipule,ray,seed,shape,size,stem,terminal,texture,thicknes,type,variation,vein,width	.2,.25,.5,0.4-3,0.5-13.5,0.6-3.5,0.6-4,1-1.2,1-1.8,1-2,1-5,1-6.5,1.5,15-60,2,2-3,3-3.5,3-5-celled,3-pinnate,5-15,5-9,abaxially,absent,acuminate,acute,adaxially,apart,apiculate,articulated,basally,base,blue-purple,center,ciliate,cm,connivent,cordate,cuneate,deltoid,dense,densely,diameter,directed,distally,entire,extra-axillary,fine,fleshy,flower,glabrous,hair,herb,large,lenticular,long,longitudinal,minutely,mm,oblique,oblong,opening,papillose,pore,pubescence,pubescent,rotate,rounded,scattered,short,simple,slender,slit,somewhat,spaced,sparsely,terrestrial,thick,tip,truncate,unbranched,uniseriate,unknown,weakly,widely,wiry,woody,x,yellow	age,capitate,green,na
500	wfo-0001031871	success	185	151	93	107	78	44	90	3	0.4-2,0.6-1.2,1-2,1.4-2.1,1.5-11,1.5-2,1.5-2.1,1.6-2.7,2-4,2.9-6,3-10,3.5-4,33-40,36-44,4-6,4-7,5.4-12.3,6-7,7.5-23,acute,anther,apex,attenuate,axillary,base,berry,brownish,bud,cell,chartaceous,clavate,cm,condition,connivent,corolla,covering,dark,deep,diameter,distal,dot,drying,elliptic,filament,forked,fresh,fruit,generally,glabrous,globose,green,green-white,greenish,hair,hair-like,half,herb,interjected,lanceolate,lateral,leaflet,lobe,long,make,medium,mm,mottled,mucilaginous,narrowly,odd-pinnate,ovate,ovoid,pedicel,peduncle,petiole,petiolulate,plant,poricidal,pubescent,purple,ripe,rotate,rounded,seed,short,size,stigma,style,subglabrous,subtending,terminal,testal,thick,throughout,tiny,tip,tube,typically,usually,wall,wet,white,whitish,wide,winged,x,yellow	14-22,2-3,3-4,3-5,5-merou,6-12,6.5-20.5,7-9,abaxially,acumen,adaxiall,adaxially,ag,alyx,apart,apparently,articulated,asymmetric,axe,basiscopic,blade,capitat,digestion,dorsally,eaf,edge,eed,end,enzyme,erec,exceeding,flat,flower,folded,geminat,glabrou,hal,high,homostylous,honeycomb-shaped,lengthening,linear,living,lower,nflorescence,one,orbicular,orolla,pair,perfect,placed,plurifoliate,pore,removed,round,ruit,sessile,seudostipule,side,slit,sometimes,spaced,specimen,stamen,stolo,straight,subequal,subglabrou,symmetric,tall,tamen,tem,tissue,tri-,tuber,unit,vary,ympodial	appearance,arrangement,bark,border,branch,calyx,capitate,characteristic,colour,corrugation,erect,exertion,form,fruiting,giving,glabrousnes,growth,height,history,inflorescence,leaf,length,life,lobing,margin,midpoint,na,new,number,ovary,per,prickle,primary,pseudostipule,ray,shape,stem,surface,texture,thicknes,type,variation,vein,width	0.4-2,0.6-1.2,1-2,1.4-2.1,1.5-11,1.5-2,1.5-2.1,1.6-2.7,2-4,2.9-6,3-10,3.5-4,33-40,36-44,4-6,4-7,5.4-12.3,6-7,7.5-23,acute,attenuate,axillary,berry,brownish,bud,cell,chartaceous,clavate,cm,condition,connivent,covering,dark,deep,distal,dot,drying,elliptic,forked,fresh,generally,glabrous,globose,green,green-white,greenish,hair,hair-like,half,herb,lanceolate,lateral,long,make,medium,mm,mottled,mucilaginous,narrowly,odd-pinnate,ovate,ovoid,petiolulate,plant,poricidal,pubescent,purple,ripe,rotate,rounded,seed,short,subglabrous,subtending,terminal,testal,thick,throughout,tiny,tip,typically,usually,wall,wet,white,whitish,wide,winged,x,yellow	capitate,erect,na
501	wfo-0001031876	success	140	96	48	63	77	33	45	3	.1,.5,0-flowered,0.5,0.8-1,1-1.6,1.5-2.2,27-35,9-15,acute,anther,anthesi,apex,bark,base,beneath,berry,bright,calyx,cm,corolla,cup-like,decurrent,dia,elliptic,filament,fruiting,glabrous,globose,green,leaf,less,lightly,long,long-acuminate,margin,mm,nearly,oblanceolate,ovary,papillose,pedicel,petiole,primary,prominent,raised,reflexed,shaped,shrub,simple,slightly,stem,stigma,straight,style,tapering,tear-drop,tube,vein,white,winged,x,yellow	1,1-1.5,1-4,3,5,?,across,apiculate,arc,arising,ba,bearing,closely,convergence,corky,differing,eaf,edicel,eed,erect,family,flower,free,glabrou,granular,greenish-yellow,immature,irregularity,known,lateral,lenticellat,lobe,lobed,lower,main,major,melastomataceae,member,middle,minute,minutely,nflorescence,oblique,often,opposite,otherwise,overlappin,pair,parallel,perpendicular,persistent,point,pore,poricidal,portion,present,recurved,resemble,ruit,running,scar,secondary,slender,spaced,styl,tall,time,tip,ud,unifoliat,unit,venation,wide,widest,woody,ympodial,young	arrangement,branch,bud,characteristic,colour,corrugation,diameter,drying,exertion,form,fruit,glabrousnes,growth,height,history,inflorescence,length,life,lobing,na,new,number,peduncle,per,perennial,plant,seed,shape,size,surface,texture,type,unifoliate	.1,.5,0-flowered,0.5,0.8-1,1-1.6,1.5-2.2,27-35,9-15,acute,anthesi,base,beneath,berry,bright,cm,cup-like,decurrent,dia,elliptic,glabrous,globose,green,less,lightly,long,long-acuminate,mm,nearly,oblanceolate,papillose,prominent,raised,reflexed,shaped,shrub,simple,slightly,straight,tapering,tear-drop,white,winged,x,yellow	na,perennial,unifoliate
502	wfo-0001031877	success	213	153	95	112	101	41	91	4	+,.5,0.3-1,0.3-1-3.5,0.3-1.2,0.6-1.2,1-1.5,1-3,1.1-1.8-5,1.5,1.5-1.9,1.5-2,2,2-6-10,2.5,3-5,3.5-4,6-8,abruptly,acuminate,acute,adaxially,angled,anther,anthesi,apex,basal,basally,base,berry,bright,brown,calyx,capitate,clavate,cm,conical,corolla,deltate,densely,diameter,distal,ellipsoid,ellipsoidal,entire,exserted,filament,flattened,fruit,fruiting,glabrous,globose,greenish,growth,hastate,later,lateral,line,lobe,lobed,long,long-acuminate,margin,minute,minutely,mm,nearly,new,often,outline,pair,pale,pedicel,peduncle,per,petiole,pitted,plant,plump,primary,pubescent,purple,red,reddish,reniform,ripe,scrambler,seed,simple,slender,slightly,somewhat,sparsely,stellate,stem,stigma,strongly,style,surface,terminal,tinged,tip,triangular,trichome,truncate,tube,uniseriate,usually,vein,vine,white,x	.3,0.2,0.5,0.5-1,0.8-0.9,1,1-4,3-6,5-merou,abaxially,adaxiall,ag,along,alyx,apar,apparently,ark,articulated,ascending,cell,connivent,deep,deflexed,dried,eaf,eed,enlarged,erect,especially,exposed,eye,fleshy,flower,free,furcate,green,ilament,impressed,internal,irregularly,lamina,lengthening,like,linear,loosely,lower,material,mature,midvein,nflorescence,occasionally,older,orolla,papillate,papillo,parallel,part,perfect,pericarp,plurifoliat,pointing,pore,poricidal,portion,prominently,pubescence,purplish,rectangular,reflexed,rest,rounded,ruit,scar,semi-woody,shiny,short,shorte,silky,sinuate,sleeve,slit,sometimes,spaced,spreadin,subshru,tem,testal,thin,twinin,ud,uniformly,unit,upper,vary,visible,wall,weak,woody,yello,ympodial,young	appearance,arrangement,bark,border,branch,bud,caylx,characteristic,colour,corrugation,drying,exertion,form,giving,glabrousnes,height,history,inflorescence,interjected,leaf,leaflet,length,life,lobing,midpoint,na,number,ovary,perennial,prickle,pseudostipule,ray,shape,size,sparingly,texture,thicknes,type,variation,width,yellow	+,.5,0.3-1,0.3-1-3.5,0.3-1.2,0.6-1.2,1-1.5,1-3,1.1-1.8-5,1.5,1.5-1.9,1.5-2,2,2-6-10,2.5,3-5,3.5-4,6-8,abruptly,acuminate,acute,adaxially,angled,anthesi,basal,basally,base,berry,bright,brown,calyx,capitate,clavate,cm,conical,deltate,densely,diameter,ellipsoid,ellipsoidal,entire,exserted,flattened,glabrous,globose,greenish,hastate,later,lateral,line,lobe,lobed,long,long-acuminate,minute,minutely,mm,nearly,often,outline,pair,pale,per,pitted,plump,pubescent,purple,red,reddish,reniform,ripe,scrambler,simple,slender,slightly,somewhat,sparsely,stellate,strongly,terminal,tinged,tip,triangular,trichome,truncate,tube,uniseriate,usually,vine,white,x	na,perennial,sparingly,yellow
503	wfo-0001031880	success	180	144	85	103	77	41	84	1	0.5-2,0.7-0.8,1,1-1.3,1-1.5,1.5,2-3,2-9,2.5-8,3-3.5,3-4-pluri-foliate,3-foliate,3-lobed,4,4-8,5-6,6-9,acuminate,acute,anther,anthesi,apex,base,berry,broadly,brown,calyx,capitate,ciliate,cm,conical,cordate,corolla,cup-shaped,curved,dark,densely,diameter,ellipsoid,entire,erect,exerted,filament,flattened,fleshy,flower,fruit,fruiting,glabrous,glandular,globose,green,herb,heteromorphic,hollow,inflorescence,internodal,leaf,less,lobe,long,margin,mature,minutely,mm,orange,ovary,ovoid,pair,pale,papillose,pedicel,peduncle,petiole,pitted,poricidal,primary,pubescent,purple,red,reddish,reflexed,shallowly,simple,slender,slightly,stem,stigma,strongly,style,subshrub,surface,terminal,tip,toothed,triangular,truncate,tube,unlobed,upward,vein,x,–5	.5,0.5-1,1-2,2,2-4,5,7-9,abaxially,adaxially,age,apart,basal,bearing,becoming,c.,cell,color,crenate,crowded,eaf,edicel,eed,elliptic,enlarged,flush,free,gland,gland-tipped,growing,horn,irregularly,lamina,lengthening,lon,longest,lower,markedly,maturit,mid-length,middle,narrowly,near,nflorescence,nodding,ovate,papillo,pericarp,plan,pore,portion,pubescen,rachi,ruit,scar,shortest,single,slit,sometimes,spaced,sparse,sparsely,spreading,straight,testal,thin,trichome,ud,unicellula,uniseriate,unit,upper,wall,widely,widest,woody,yellow,ympodial	appearance,arrangement,bark,border,branch,bud,characteristic,colour,corrugation,distal,drying,exertion,form,giving,glabrousnes,growth,height,history,interjected,lateral,leaflet,length,life,lobing,midpoint,na,new,number,per,plant,prickle,pseudostipule,ray,seed,shape,size,texture,thicknes,type,variation,width	0.5-2,0.7-0.8,1,1-1.3,1-1.5,1.5,2-3,2-9,2.5-8,3-3.5,3-4-pluri-foliate,3-foliate,3-lobed,4,4-8,5-6,6-9,acuminate,acute,anthesi,berry,broadly,brown,calyx,capitate,ciliate,cm,conical,cordate,cup-shaped,curved,dark,densely,diameter,ellipsoid,entire,erect,exerted,flattened,fleshy,flower,glabrous,glandular,globose,green,herb,heteromorphic,hollow,internodal,leaf,less,long,mature,minutely,mm,orange,ovoid,pair,pale,papillose,pitted,poricidal,primary,pubescent,purple,red,reddish,reflexed,shallowly,simple,slender,slightly,strongly,subshrub,surface,tip,toothed,triangular,truncate,unlobed,upward,vein,x,–5	na
504	wfo-0001031881	success	168	133	77	94	74	39	72	5	.5,0.5-0.7,1-1.3,1-1.5,1-7,1.2-6,1.5-2.5,1/3,10-12,10-30,2,3.5-4,3/4,5-6,7-14,acute,anther,apex,attenuate,bark,base,beneath,branch,branched,broadly,brown,bud,calyx,campanulate,capitate,cm,corolla,dark,decurrent,deflexed,densely,dia,distal,drying,ellipsoid,elliptic,erect,exserted,filament,fruit,fruiting,glabrous,globose,golden,golden-pubescent,green,inflorescence,lateral,leaf,lightly,lobe,lobed,long,main,margin,minutely,mm,obovate,opposite,ovary,ovoid-reniform,pair,papillose,pedicel,petiole,pitted,puberulent,pubescent,shape,shaped,shrub,size,small,soon,sparsely,stem,stigma,style,surface,tear-drop,tree,tube,usually,vein,way,white,winged,x,young	0.1-0.5,0.2,0.2-0.6,0.4-1,0.5-1,2-9,3-19,absent,along,anthesi,apar,apparent,axil,ba,constriction,deltoid,differing,difoliate,dry,eaf,edicel,eed,either,evenly,fleshy,free,geminat,golden-puberulent,greyish-brow,incrassate,inflorescenc,junction,like,lon,lower,major,material,maturity,middle,midrib,minor,minute,nflorescence,occasionally,older,one,orbicular,papillo,planar,pore,poricidal,portion,puberulen,rest,rounded,ruit,scar,simple,slender,slightly,somewhat,spaced,straight,strong,tall,tapering,tip,trichome,ud,uniseriate,unit,widest,woody,ympodial	alternate,appearance,arrangement,border,characteristic,colour,corrugation,diameter,exertion,form,giving,glabrousnes,greyish-brown,growth,height,history,interjected,leaflet,length,life,lobing,midpoint,na,new,number,peduncle,per,plant,prickle,primary,pseudostipule,ray,seed,terminal,texture,thicknes,type,variation,width	.5,0.5-0.7,1-1.3,1-1.5,1-7,1.2-6,1.5-2.5,1/3,10-12,10-30,2,3.5-4,3/4,5-6,7-14,acute,attenuate,base,beneath,branched,broadly,brown,bud,campanulate,capitate,cm,corolla,dark,decurrent,deflexed,densely,dia,distal,ellipsoid,elliptic,erect,exserted,glabrous,globose,golden,golden-pubescent,green,lateral,leaf,lightly,lobed,long,main,minutely,mm,obovate,opposite,ovoid-reniform,pair,papillose,pitted,puberulent,pubescent,shaped,shrub,small,soon,sparsely,tear-drop,tree,usually,vein,way,white,winged,x,young	-1.5,alternate,di,greyish-brown,na
505	wfo-0001031886	success	168	131	68	87	81	44	62	6	-9,0.5-1,1-1.5,1-4,1.2-2.5,1.5-2,10-40,2-2.5,2-4,2-5,2.0-2.5,3-6,3.0,4-15-25,5-10,5-6,5-ridged,6-20,6-8,9-10,absent,acuminate,anther,anticlinal,apex,attenuate,axillary,base,berry,brown,bud,calyx,capitate,cm,completely,conical,corolla,diameter,elliptic,filament,fruit,fruiting,glabrous,green,greenish,irregular,lateral,leaflet,lobe,long,margin,minutely,mm,nearly,occasionally,ovary,ovoid-reniform,pair,papillate,papillose,pedicel,per,petiole,pinnate,poricidal,primary,projection,rugose,seed,shape,shrub,simple,sinuous,somewhat,stigma,strongly,style,surface,terminal,thickening,tip,tube,vein,white,without,woody,x	-1.2,-4,.5,0,0.1,2,2-3,20-30,4,abaxially,abruptly,adaxially,along,anthesi,arising,axil,basal,beak,bearing,bright,broadly,cell,clavat,commonly,deltate,distinctly,dry,eaf,earl,edicel,eed,either,em,epidermal,equal,erec,exserted,fleshy,flower,free,half,lanceolate,le,lobed,lower,narrowed,near,nflorescence,noddin,node,oblique,open-conical,papillae,petiolule,portion,purple,rachi,raised,reddish,reflexed,ripe,ruit,scar,scattered,similar,single,smaller,smelling,sparse,specimen,time,triangular,trichome,tub,ud,unifoliat,uniseriate,unit,usually,wintergreen,ympodial	1,1-1.2,40,appearance,arrangement,bark,border,branch,characteristic,clavate,colour,corrugation,distal,drying,exertion,form,giving,glabrousnes,growth,height,history,inflorescence,interjected,leaf,length,life,lobing,midpoint,na,new,nodding,number,peduncle,plant,prickle,pseudostipule,ray,size,stem,texture,thicknes,type,variation,width	-9,0.5-1,1-1.5,1-4,1.2-2.5,1.5-2,10-40,2-2.5,2-4,2-5,2.0-2.5,3-6,3.0,4-15-25,5-10,5-6,5-ridged,6-20,6-8,9-10,absent,acuminate,anticlinal,attenuate,axillary,base,berry,brown,capitate,cm,completely,conical,diameter,elliptic,glabrous,green,greenish,irregular,long,minutely,mm,nearly,occasionally,ovoid-reniform,pair,papillate,papillose,pinnate,poricidal,projection,rugose,shrub,simple,sinuous,somewhat,strongly,thickening,tip,white,without,woody,x	1,1-1.2,40,clavate,na,nodding
506	wfo-0001031895	success	160	130	67	89	71	41	65	2	-1.5,0.5,1-1.5,1.5-2,1.5-3,1.5-6,2-2.5,2.5-3,3-4,3.5-6,4,4-5,4.5-16.5,5,6-7,6-9,acute,anther,apex,attenuate,bark,base,beneath,berry,bluish,broadly,calyx,capitate,cm,completely,conical,corolla,cup-shaped,dark,diameter,drying,ellipsoid,elliptic,entire,erect,exerted,filament,fleshy,fruiting,glabrous,globose,green,growth,less,lobe,margin,matte,minutely,mm,new,occasionally,once-branched,ovary,ovoid,pair,pale,pedicel,peduncle,petiole,pitted,poricidal,primary,reddish,reniform,revolute,shiny,shrub,simple,slightly,stem,stigma,stout,strongly,style,surface,tan,terminal,tip,tube,vein,violet,way,x,¼-1/2	0.5-1,0.5-2,3-10,3-8,5-6,5-8,age,anthesi,apparently,articulating,blac,campanulate,cell,deltate,densely,eaf,eed,emarginated,enlarging,erec,exfoliating,expand,flower,fragrant,free,glabrou,immature,inflorescenc,intensely,irregular,leaf-opposed,leafy,leaving,lengthening,lobed,lower,nflorescence,older,overlapping,papillat,papillate,part,patch,peeling,peg,perfect,pericarp,planar,plurifoliat,pore,portion,ruit,scar,shoot,short,sinuate,slender,slit,small,somewhat,straight,testal,thick,thin,tree,tub,ud,unit,white,woody,ympodial	appearance,arrangement,border,branch,bud,characteristic,colour,corrugation,distal,exertion,form,fruit,giving,glabrousnes,height,history,inflorescence,interjected,lateral,leaf,leaflet,length,life,lobing,midpoint,na,number,per,perennial,plant,prickle,pseudostipule,ray,seed,shape,size,texture,thicknes,type,variation,width	-1.5,0.5,1-1.5,1.5-2,1.5-3,1.5-6,2-2.5,2.5-3,3-4,3.5-6,4,4-5,4.5-16.5,5,6-7,6-9,acute,attenuate,base,beneath,berry,bluish,broadly,capitate,cm,completely,conical,cup-shaped,dark,diameter,ellipsoid,elliptic,entire,erect,exerted,fleshy,glabrous,globose,green,less,matte,minutely,mm,occasionally,once-branched,ovoid,pair,pale,pitted,poricidal,reddish,reniform,revolute,shiny,shrub,simple,slightly,stout,strongly,tan,tip,violet,way,x,¼-1/2	na,perennial
507	wfo-0001031897	success	264	153	113	129	135	24	111	2	.1,.8,0.1-0.5,0.15,0.5-1,0.5-3,0.6,0°,1.1,1.3-2,1.5-8,1.7-3,13,2-4,2/3,4-5,6-9,absent,acute,almost,along,anther,anthesi,apex,apically,attenuate,bark,base,berry,black,brachyblast,branch,branched,brown,calyx,chartaceous,clavate,clustered,cm,concolorous,conical,coriaceous,corolla,cuneate,curved,dendritic,densely,developed,diameter,dilated,distributed,dry,drying,dull,elliptic,entire,epiphyte,erect,evenly,eye,faint,filament,fruit,fruiting,glabrous,green,grey,hair,lanceolate,lateral,leaf,light,long,longitudinally,margin,mauve,midvein,mm,multicellular,naked,never,obconical,oblong,occasionally,orange-brown,ovoid,pair,partly,pedicel,peduncle,pericarp,petiole,plant,pointed,primary,pubescent,rarely,reddish,revolute,ribbed,ridged,short,shrub,simple,slender,slightly,smooth,sometimes,sparse,sparsely,stem,stigma,style,surface,terete,terminal,thick,thin,trichome,tube,unarmed,usually,vein,visible,weakly,white,winged,x,young	.5,0-1,0.2-0.4,0.4-1.1,0.8-1.5,1,1-1.5,1-2,1-2.5,1.5,462.,5-6,8,abaxial,abaxially,accrescent,adaxial,adaxially,age,alyx,apar,apparently,appearing,appendage,arising,aristate,articulated,axillary,bendy,boiteau,cell,clearly,condensed,connate,covering,dark,datum,dehiscing,delineated,dense,developing,development,divided,domatia,dorsal,dorsifixed,eaf,earliest,ed,enlarged,equal,even,except,extending,filiform,fine,flower,foliaceous,free,immature,indistinc,inner,inside,known,lamina,larger,least,lengthening,like,linear,lobe,lobed,longitudinal,looped,lower,m.,main,margi,membranous,minute,minutely,multiseriate,nflorescence,nther,oblon,obtuse,occasional,one,orange,orolla,outside,ovate,overlapping,papillose,part,pendulous,perfec,persisting,plurifoliat,pore,poricidal,portion,prominent,pronounced,protruding,raised,reach,ridge,ruit,scar,secondary,see,seen,shoot,side,sinus,smaller,smoot,stump,subulate,sunk,tearing,tertiary,tip,toward,ud,unbranched,unicellular,unit,vary,venation,well-developed,wide,wrinkle,ympodial	arrangement,bud,characteristic,colour,corrugation,exertion,form,growth,height,history,inflorescence,length,life,lobing,na,number,ovary,per,perennial,seed,shape,size,texture,type	.1,.8,0.1-0.5,0.15,0.5-1,0.5-3,0.6,0°,1.1,1.3-2,1.5-8,1.7-3,13,2-4,2/3,4-5,6-9,absent,acute,almost,along,anthesi,apex,apically,attenuate,base,berry,black,brachyblast,branch,branched,brown,chartaceous,clavate,clustered,cm,concolorous,conical,coriaceous,corolla,cuneate,curved,dendritic,densely,developed,dilated,distributed,dry,drying,dull,elliptic,entire,epiphyte,erect,evenly,eye,faint,fruit,glabrous,green,grey,hair,lanceolate,lateral,light,long,longitudinally,mauve,midvein,mm,multicellular,naked,never,obconical,oblong,occasionally,orange-brown,ovoid,pair,partly,pericarp,pointed,primary,pubescent,rarely,reddish,revolute,ribbed,ridged,short,shrub,simple,slender,slightly,smooth,sometimes,sparse,sparsely,terete,terminal,thick,thin,unarmed,usually,vein,visible,weakly,white,winged,x,young	na,perennial
508	wfo-0001032157	success	136	114	73	84	52	30	70	3	.5,.75,0.25,0.6-1,1-3,1.9-2.2,2.2,3-6,5-15-flowered,5-9,7-9,9-17,acute,anther,apex,bark,base,becoming,beneath,berry,bi-lobed,calyx,cm,completely,corolla,crystalline,decurrent,deflexed,dia,dry,elliptic,exserted,filament,fruiting,glabrous,globose,golden,green,lateral,leaf,less,live,lobed,long,longitudinal,main,margin,minutely,mm,nearly,ovary,ovoid-reniform,pair,paler,papillose,pedicel,peeling,petiole,pitted,plant,pore,poricidal,reddish,rounded,shaped,shiny,shrub,simple,size,slender,soon,stem,stigma,strip,style,surface,tapering,tear-drop,tip,tube,vein,white,x,yellowish	0.5-1,0.75-1,2-3,2-5,5-8,anthesi,apart,beginning,caly,deltoid,differing,difoliate,eaf,edicel,eed,evenly,free,frui,geminat,glabrou,incrassate,inflorescenc,living,lobe,lon,lower,major,middle,minor,nflorescence,obscure,older,one,opposite,papillo,persistent,portion,raised,reflexed,ruit,scar,slightly,spaced,straight,tall,translucen,ud,unit,widest,woody,ympodial,young	alternate,arrangement,bud,characteristic,colour,corrugation,diameter,drying,exertion,form,fruit,glabrousnes,growth,height,history,inflorescence,length,life,lobing,na,new,number,peduncle,per,perennial,primary,seed,shape,texture,type	.5,.75,0.25,0.6-1,1-3,1.9-2.2,2.2,3-6,5-15-flowered,5-9,7-9,9-17,acute,base,becoming,beneath,berry,bi-lobed,calyx,cm,completely,crystalline,decurrent,deflexed,dia,dry,elliptic,exserted,glabrous,globose,golden,green,lateral,less,live,lobed,long,longitudinal,main,minutely,mm,nearly,ovoid-reniform,pair,paler,papillose,peeling,petiole,pitted,plant,pore,poricidal,reddish,rounded,shaped,shiny,shrub,simple,slender,soon,strip,surface,tapering,tear-drop,tip,tube,vein,white,x,yellowish	alternate,na,perennial
509	wfo-0001032161	success	146	127	65	82	64	45	61	4	.5,0.7-4,0.8-1,1-1.5,1-11,1-3,1.2-1.3,1.4-2,2-7,2.5-3,3.5-4,?,acute,adaxially,anther,anthesi,apex,area,bark,base,berry,calyx,cm,conical,corolla,dark,delicate,densely,dia,drying,ellipsoid,elliptic,filament,filiform,fruiting,giving,glabrous,globose,golden,green,inflorescence,internodal,later,leaf,lobe,lobed,margin,merely,minutely,mm,mustard,nearly,obovate,opposite,ovary,ovoid-reniform,pale,papillose,pedicel,petiole,pitted,plant,pubescent,reflexed,revolute,shaped,shrub,sparsely,stem,stigma,style,sulcate,surface,tan,tear-drop,thin,tube,vein,white,x,yellow,yellowish	0.4-1.2,0.5-1,0.75-1,2-8-flowered,abaxially,adaxiall,apical,ba,beneath,branched,brownish-blac,closely,color,coriaceous,deflexed,deltate,dendritic,difoliate,eaf,edicel,eed,exserted,free,hanging,lamina,like,long,lower,many,middle,minute,nflorescence,occasionally,older,overlappin,pericarp,persistent,plurifoliate,pore,poricidal,portion,projection,quadrate,rest,ruit,scar,shiny,shoot,short,simple,spaced,strongly,styl,tall,tip,trichome,tub,ud,uniseriate,unit,usually,widest,ympodial,young	0.5,alternate,appearance,arrangement,border,branch,brownish-black,bud,characteristic,colour,corrugation,diameter,distal,exertion,form,fruit,glabrousnes,growth,height,history,interjected,lateral,leaflet,length,life,lobing,midpoint,na,new,number,peduncle,per,prickle,primary,pseudostipule,ray,seed,shape,size,terminal,texture,thicknes,type,variation,width	.5,0.7-4,0.8-1,1-1.5,1-11,1-3,1.2-1.3,1.4-2,2-7,2.5-3,3.5-4,?,acute,adaxially,anthesi,area,base,berry,cm,conical,dark,delicate,densely,dia,drying,ellipsoid,elliptic,filiform,glabrous,globose,golden,green,internodal,later,leaf,lobed,merely,minutely,mm,mustard,nearly,obovate,opposite,ovoid-reniform,pale,papillose,pitted,pubescent,reflexed,revolute,shaped,shrub,sparsely,sulcate,tan,tear-drop,thin,white,x,yellow,yellowish	0.5,alternate,brownish-black,na
510	wfo-0001032165	success	197	128	66	86	111	42	61	5	0.25-0.5,0.75-1,1-1.2,1-1.5,1-2,10-25,2-2.5,2.5-3.5,3-6,5-15,5-6,5-7,8-9,acute,anther,apex,bark,base,berry,broadly,brown,bud,calyx,capitate,center,cm,corolla,cup-shaped,dark,densely,dia,distal,ellipsoid,elliptic,erect,exserted,filament,fruiting,glabrous,globose,golden-puberulent,golden-pubescent,green,greyish-brown,inflorescence,later,lateral,leaf,lobe,main,margin,minutely,mm,nearly,obovate,occasionally,once-furcate,ovary,ovoid-reniform,pair,pale,pedicel,petiole,pitted,plant,purplish,ripe,shape,simple,size,stem,stigma,straight,strongly,style,surface,tear-drop,terminal,tinged,tree,tube,vein,white,x,yellowish,young	.25,.5,0.1,0.1-0.3,0.3-1,1.5-4,3-4,3.5-8.5,4-6,5-30-flowered,5-9.5,abaxial,adaxial,along,anthesi,apparent,appearing,ba,beginning,beneath,closely,continued,cucullate,deciduous,decurrent,deltoid,denser,differing,difoliate,dry,due,dull,eaf,edged,edicel,eed,end,entire,even,expansion,exsertion,free,geminat,golden,immature,inflorescenc,less,like,live,lobed,lon,long,lower,major,markedly,medial,middle,midrib,minor,minute,near,nflorescence,node,older,one,onto,opposite,orbicular,overlapping,paler,papillo,papillose,planar,pore,poricidal,portion,presence,prominent,puberulent,rather,rest,ridge,rounded,ruit,scar,shaepd,single,slender,slightly,slow,small,smoot,spaced,specimen,stout,stripe,swollen,tall,tapering,thickened,time,tip,trichome,tub,ud,uniseriate,unit,widest,winged,woody,ympodial	0.25,alternate,appearance,arrangement,border,branch,characteristic,colour,corrugation,diameter,drying,exertion,form,fruit,giving,glabrousnes,growth,height,history,interjected,leaflet,length,life,lobing,midpoint,na,new,number,peduncle,per,perennial,prickle,primary,pseudostipule,ray,seed,shaped,texture,thicknes,type,variation,width	0.25-0.5,0.75-1,1-1.2,1-1.5,1-2,10-25,2-2.5,2.5-3.5,3-6,5-15,5-6,5-7,8-9,acute,base,berry,broadly,brown,capitate,center,cm,cup-shaped,dark,densely,dia,ellipsoid,elliptic,erect,exserted,glabrous,globose,golden-puberulent,golden-pubescent,green,greyish-brown,later,lateral,main,minutely,mm,nearly,obovate,occasionally,once-furcate,ovoid-reniform,pair,pale,pitted,purplish,ripe,simple,straight,strongly,tear-drop,tinged,tree,vein,white,x,yellowish,young	0.25,alternate,na,perennial,shaped
511	wfo-0001032167	success	163	134	73	88	75	46	70	3	.5,0.5-1,0.5-1.5,0.5-2.5,0.75-3,1,1-2,1-2.5,1-3,1-5,1-7,1.5,10-20,10-35,12-20,2-4,2-7,2-foliate,4-6,5-15,7-10,absent,acute,anther,apex,base,berry,brown,calyx,cell,chartaceous,ciliate,cm,densely,diameter,dm,drying,elliptic,elliptic-ovoid,entire,few-,filament,flower,forming,fruit,geniculate,glabrous,globose,growth,hair,herb,immature,linear-lanceolate,lobe,many-branched,margin,maturing,membranaceous,mm,moderately,nearly,netlike,new,oblong,obtuse,pedicel,peduncle,per,petiole,projection,pubescent,purple,raised,rotate,rounded,seed,semitransparent,sparsely,stigma,style,surface,tube,two-celled,vein,wall,white,x,yellow	1-2-celled,3-6,3-7,4-10,abaxially,abundant,adaxiall,adaxially,along,appressed,axe,blade,closely,common,connected,cordate,curved,decurrent,dehiscing,dense,denser,eaf,eed,emarginat,explosively,flat,flattened,frui,geminat,growt,held,interpetalar,larger,long,longer,lower,lowermost,lying,maturit,mesocarp,near,nfloresence,notch,often,older,one-celled,orolla,placenta,pressure,pubescen,rachi,ruit,shorter,slightly,small,smaller,sometimes,staman,stamen,straight,tal,tamen,tem,tissue,triangular,twisted,unbranched,unit,upper,usually,vary,watery,wid,woody,ympodial	appearance,arrangement,bark,border,branch,bud,characteristic,colour,corolla,corrugation,distal,exertion,form,fruiting,giving,glabrousnes,height,history,inflorescence,interjected,lateral,leaf,leaflet,length,life,lobing,midpoint,na,number,ovary,perennial,plant,prickle,primary,pseudostipule,ray,shape,size,stem,terminal,texture,thicknes,type,variation,wide,width	.5,0.5-1,0.5-1.5,0.5-2.5,0.75-3,1,1-2,1-2.5,1-3,1-5,1-7,1.5,10-20,10-35,12-20,2-4,2-7,2-foliate,4-6,5-15,7-10,absent,acute,berry,brown,cell,chartaceous,ciliate,cm,densely,diameter,dm,drying,elliptic,elliptic-ovoid,entire,few-,flower,forming,fruit,geniculate,glabrous,globose,hair,herb,immature,linear-lanceolate,many-branched,maturing,membranaceous,mm,moderately,nearly,netlike,oblong,obtuse,per,projection,pubescent,purple,raised,rotate,rounded,semitransparent,sparsely,two-celled,wall,white,x,yellow	na,perennial,wide
512	wfo-0001032176	success	177	174	120	131	46	43	115	5	.5,0,0.5,0.5-0.7,0.5-0.75,0.5-1,0.8-1,0.8-6,1-1.2,1.5-1.6,1.5-2.5,1/2,100,2-3,2.5-10,3-15,3-3.5,3-4,5-6-celled,6,6-10,7,anther,anthesi,apart,apex,apical,arising,attenuate,axil,axillary,base,becoming,berry,branched,calyx,cm,conical,copiously,corolla,creeping,cucullate,densely,diameter,drying,ellipsoid,elliptic,equal,especially,exserted,filament,filiform,flower,fruiting,glabrous,globose,green,greenish,grey-brown,greyish,herb,lateral,leaf,leaflet,lengthening,like,lobe,lobed,long,long-papillose,lower,margin,minute,minutely,mm,nearly,nodding,node,obtuse,occasionally,onto,open,ovary,ovoid-reniform,pair,pale,pedicel,per,petiole,pinnate,pore,poricidal,projection,pubescent,quadrate,rachi,reflexed,rest,rooting,rounded,scar,seed,separate,simple,single,sinuous,size,slightly,slit,somewhat,soon,spaced,sparsely,stem,stigma,strongly,style,terminal,thickening,time,tip,trichome,tube,ultimate,unevenly,uniseriate,vein,white,winged,without,x	0.42,1-10,1.5-6,3-7,adaxially,adhering,along,attaining,basal,beak,capitat,cateniform,cell,containing,denser,eaf,edicel,eed,epidermal,fallen,free,hangin,inflorescenc,lengt,log,nflorescence,obovate,often,papillose,petiolule,portion,ruit,smaller,strait,tem,tightly,tree,truncate,trunk,tub,ud,unifoliat,unit,wall,whit,ympodial	appearance,arrangement,bark,border,branch,bud,capitate,cateniforme,characteristic,colour,corrugation,distal,exertion,form,fruit,giving,glabrousnes,growth,height,history,inflorescence,interjected,length,life,lobing,midpoint,na,new,number,peduncle,plant,prickle,primary,pseudostipule,ray,shape,straith,surface,texture,thicknes,type,variation,width	.5,0,0.5,0.5-0.7,0.5-0.75,0.5-1,0.8-1,0.8-6,1-1.2,1.5-1.6,1.5-2.5,1/2,100,2-3,2.5-10,3-15,3-3.5,3-4,5-6-celled,6,6-10,7,anthesi,apart,apical,arising,attenuate,axil,axillary,base,becoming,berry,branched,calyx,cm,conical,copiously,creeping,cucullate,densely,drying,ellipsoid,elliptic,equal,especially,exserted,filiform,flower,glabrous,globose,green,greenish,grey-brown,greyish,herb,lateral,leaflet,lengthening,like,lobe,lobed,long,long-papillose,lower,minute,minutely,mm,nearly,nodding,node,obtuse,occasionally,onto,open,ovoid-reniform,pair,pale,pinnate,pore,poricidal,projection,pubescent,quadrate,rachi,reflexed,rest,rooting,rounded,scar,separate,simple,single,sinuous,size,slightly,slit,somewhat,soon,spaced,sparsely,stem,strongly,terminal,thickening,time,tip,trichome,tube,ultimate,unevenly,uniseriate,white,winged,without,x	capitate,cateniforme,inflorescence,na,straith
513	wfo-0001032187	success	132	120	74	84	48	36	71	3	0.1–1.4,0.5,0.5-1.1–3.2,0.5–1,0.6–1.3,1.3–1.8,1.6–2.1,1.8–2.8,100,22,2–9-11,3.1–3.5-4.2,3–4-5,5–7-9,7–11,9,acuminate,acute,angular,anther,apex,appressed,base,berry,branch,brown,brownish,changing,cm,consisting,corolla,cyme,dark,dia,dull,eglandular,elliptic,entire,equal,erect,filament,flowered,forked,glabrescent,globose,green,hair,herb,leaf,light,long,margin,marked,mature,mm,numerous,obovate,occasionally,ovate,pedicel,peduncle,pentagonal,per,petiole,plant,purple,rarely,ridge,simple,small,sparse,spreading,stage,stem,style,sub-glabrous,texture,tinged,tooth,truncate,well,yellowish,±,×	1.8–2,1–1.7-2.1,24.6–26.3,3–3.2-4,5-merous,adherent,alyx,ape,aromatic,blade,broadly,di-foliate,eaf,eed,fully,geminat,granule,hite,hooked,hydrated,lobe,lower,many,nflorescence,penden,perfec,persistent,petiolate,pollen,predominantly,presen,protruding,ruit,running,sclerotic,short,soft,sometimes,stellate,straight,triangular,unit,widest,wing,yellow,ympodial,±1,µm	arrangement,bark,bud,calyx,characteristic,colour,corrugation,diameter,drying,exertion,form,fruit,fruiting,glabrousnes,growth,height,history,inflorescence,length,life,lobing,na,new,number,ovary,pendent,primary,seed,shape,size,stigma,surface,tube,type,vein,white	0.1–1.4,0.5,0.5-1.1–3.2,0.5–1,0.6–1.3,1.3–1.8,1.6–2.1,1.8–2.8,100,22,2–9-11,3.1–3.5-4.2,3–4-5,5–7-9,7–11,9,acuminate,acute,angular,appressed,berry,brown,brownish,changing,cm,consisting,cyme,dark,dia,dull,eglandular,elliptic,entire,equal,erect,flowered,forked,glabrescent,globose,green,hair,herb,light,long,margin,marked,mature,mm,numerous,obovate,occasionally,ovate,pentagonal,per,plant,purple,rarely,ridge,simple,small,sparse,spreading,stage,sub-glabrous,tinged,tooth,truncate,well,yellowish,±,×	na,pendent,white
514	wfo-0001032206	success	213	169	130	143	70	26	126	4	.2,.5,0,0-5,0.2,0.8–1.2,00–200,0–20,0–5,1.1–1.2,1.2–2.2,1.5–2.5,1/3,1/4–1/2,1–2,1–2.3,1–3,1–4,2.5–3.3,2.7–3.5,2–2.5,2–3,3.5–9,3–4,4–6,5–15,5–20,5–8,6–10,6–15-20,6–8,8–20,acute,anther,apart,apex,apically,apparently,approximately,armed,articulated,bark,base,berry,branched,calyx,chartaceous,cm,concolorous,connivent,cream,cuneate,dark,deltate,diameter,discolorous,distance,drying,elliptic,erect,extending,filament,flattened,flattened-reniform,flower,foliaceous,fruit,fruiting,glabrescent,glabrous,green,green-brown,lateral,leaf,length,lobe,lobed,lobing,long,long-styled,margin,marking,maturity,mauve,midpoint,midvein,mm,moderately,obtuse,often,one,open,orange-brown,ovate,pair,pale,pedicel,peduncle,pendent,per,petiole,plant,poricidal,porrect,prickle,primary,purple,rarely,ray,secondary,sessile,short-styled,shrub,side,slender,sometimes,spaced,spherical,stalk,stalked,stellate,stellate-pubescent,stem,straight,style,surface,tapering,time,tip,toward,trichome,truncate,tube,unarmed,usually,variously,vein,weakly,white,wide,yellow,yellow-orange,young	..,0.2–0.4,0.2–0.5-0.8,0.5–1,0–30,1-2,1.5–2,1/4–1/3,1/6,10–80,11–22,2–8,30–80,4.5–5.8,5-merous,5–6,5–9,7–10,abaxially,accrescent,adaxially,alyx,andromonoecious,apar,blade,bluntly,broad-deltate,brow,clearly,covering,curved,distal,eaf,eed,equal,free,functionally,gently,hermaphroditic,heterostylous,infructescence,lengt,longer,lowermost,mal,mature,nflorescence,older,orolla,ower,pendulous,pericarp,plurifoliat,portion,reflexed,scar,smooth,sparsely,spreading,stout,tamen,tertiary,uit,ung,unit,vary,venation,visible,woody,ympodial	0.5–1.5,arrangement,branch,brown,characteristic,colour,corolla,exertion,form,glabrousnes,growth,height,history,inflorescence,life,na,new,number,ovary,perennial,seed,shape,size,stigma,texture,type	.2,.5,0,0-5,0.2,0.8–1.2,00–200,0–20,0–5,1.1–1.2,1.2–2.2,1.5–2.5,1/3,1/4–1/2,1–2,1–2.3,1–3,1–4,2.5–3.3,2.7–3.5,2–2.5,2–3,3.5–9,3–4,4–6,5–15,5–20,5–8,6–10,6–15-20,6–8,8–20,acute,apart,apex,apically,apparently,approximately,armed,articulated,base,berry,branched,chartaceous,cm,concolorous,connivent,cream,cuneate,dark,deltate,diameter,discolorous,distance,drying,elliptic,erect,extending,flattened,flattened-reniform,flower,foliaceous,glabrescent,glabrous,green,green-brown,lateral,length,lobe,lobed,lobing,long,long-styled,marking,maturity,mauve,midpoint,midvein,mm,moderately,obtuse,often,one,open,orange-brown,ovate,pair,pale,pendent,per,poricidal,porrect,prickle,purple,rarely,ray,secondary,sessile,short-styled,shrub,side,slender,sometimes,spaced,spherical,stalk,stalked,stellate,stellate-pubescent,straight,surface,tapering,time,tip,toward,trichome,truncate,unarmed,usually,variously,weakly,white,wide,yellow,yellow-orange,young	0.5–1.5,brown,na,perennial
515	wfo-0001032209	success	252	168	116	132	120	36	113	3	.5,0.5-1,1,1-6,1.5,1.5-6,10-13,2,2-3,2-3-lobed,2-5,2/3,20-30,3-7,4-20-30+,5-8,6-8,absent,acute,along,anther,anthesi,apex,apiculae,apparently,appearing,arching,basal,base,berry,bilobed,blue,branch,branched,broadly,brown,calyx,capitate,cell,climbing,cm,colour,conical,conspicuously,cordate,corolla,dark,deltate,dendritic,densely,diameter,early,ellipsoid,elliptic,entire,evenly,exerted,filament,flattened-reniform,fruiting,giving,glabrous,globose,growth,hairy,hollow,inflorescence,lamina,lateral,leaf,length,like,lobe,lobed,long,margin,mere,metallic,minute,minutely,mm,narrowly,nearly,new,occasionally,ovate,pair,papillae,pedicel,peduncle,per,petiole,pinnately,pinnatifid,primary,puberulent,pubescent,purple,red,reddish,rest,rim,ripe,several,shiny,simple,sometimes,somewhat,spreading,stem,stigma,stout,style,surface,tapering,terminal,testa,time,tiny,trichome,truncate,tube,uniseriate,variable,vein,vine,violet,wall,white,within,woody,x	0.3,0.5,1-1.5,1-2,1-2-celled,1.5-2,1.5-2.5,1.5-3-9-11,100,12-16,2.5-6-15-20,4,5-merou,adaxial,ag,alyx,apart,ark,articulated,axi,berr,bu,canopy,cast,chartaceous,connivent,coriaceous,cucullat,deeply,denser,distally,distinct,dried,eaf,ecuador,eed,enlarged,equal,erect,especially,finely,fleshy,flower,flowering,free,geminat,glabrescen,groove,hanging,hastate,held,ilament,keeled,large,leathery,leaving,lengthening,less,longer,longest,lower,markedly,material,mean,middle,midrib,midvein,mixture,near,nflorescence,nipple,often,older,one,orolla,papillat,papillate,part,particularly,peg,pentagonal,perfect,pericarp,planar,plurifoliate,pointed,pore,poricidal,portion,probably,pubescence,rhachi,ruit,sagittate,scar,sleeve,slit,small,spaced,sparser,stellate,tem,testal,thin,third,tightly,tip,twinin,twining,ud,unequal,unit,upper,usually,vary,w,weight,widest,yellow,ympodial	2.5-15-20,appearance,arrangement,bark,border,bud,characteristic,corrugation,distal,drying,exertion,form,fruit,glabrousnes,height,history,interjected,leaflet,life,lobing,midpoint,na,number,ovary,plant,prickle,pseudostipule,ray,seed,shape,size,texture,thicknes,type,variation,width	.5,0.5-1,1,1-6,1.5,1.5-6,10-13,2,2-3,2-3-lobed,2-5,2/3,20-30,3-7,4-20-30+,5-8,6-8,absent,acute,along,anthesi,apiculae,apparently,appearing,arching,basal,base,berry,bilobed,blue,branched,broadly,brown,calyx,capitate,cell,climbing,cm,conical,conspicuously,cordate,dark,deltate,dendritic,densely,diameter,early,ellipsoid,elliptic,entire,evenly,exerted,flattened-reniform,glabrous,globose,hairy,hollow,inflorescence,lamina,lateral,length,like,lobed,long,mere,metallic,minute,minutely,mm,narrowly,nearly,occasionally,ovate,pair,papillae,per,petiole,pinnately,pinnatifid,puberulent,pubescent,purple,red,reddish,rest,rim,ripe,several,shiny,simple,sometimes,somewhat,spreading,stem,stout,tapering,terminal,testa,time,tiny,trichome,truncate,tube,uniseriate,variable,vein,vine,violet,wall,white,within,woody,x	2.5-15-20,bud,na
516	wfo-0001032232	success	137	127	65	81	56	46	63	2	.5,0.1,0.25,0.5-1,0.6-3,0.8-1,1-3,1.8-2,18.8-27.5,2,2-2.6,20-100-flowered,3/4,4.8-7.3,5-6,anther,anthesi,apex,attenuate,bark,base,berry,calyx,clavate,cm,corolla,dia,distally,elliptic,erose,filament,filiform,fruiting,glabrous,globose,green,greenish-brown,lateral,leaf,less,light,lightly,lobe,long,long-acuminate,main,margin,minutely,mm,narrowly,occasionally,ovary,ovoid-reniform,pair,pale,papillose,pedicel,petiole,pitted,reflexed,revolute,shaped,shrub,simple,slightly,somewhat,sparsely,stem,stigma,straight,style,subshrub,surface,tear-drop,tube,umbonate,undulate,vein,way,wide,winged	0.5,?,abruptly,age,ba,becoming,closely,cup-shaped,dark-papillose,decurrent,deflexed,eaf,edicel,eed,erect,evenly,exfoliatin,flower,free,immature,irregular,lenticellate,lobed,lower,middle,midrib,minute,nflorescence,node,onto,opposite,overlappin,packed,paler,papillo,pore,poricidal,portion,prominent,raised,rounded,ruit,scar,short-styled,tall,ti,tip,translucent,tub,ud,unifoliat,unit,widening,widest,woody,ympodial	appearance,arrangement,border,branch,bud,characteristic,colour,corrugation,diameter,distal,drying,exertion,form,fruit,giving,glabrousnes,growth,height,history,inflorescence,interjected,leaflet,length,life,lobing,midpoint,na,new,number,peduncle,per,plant,prickle,primary,pseudostipule,ray,seed,shape,size,terminal,texture,thicknes,type,unifoliate,variation,width	.5,0.1,0.25,0.5-1,0.6-3,0.8-1,1-3,1.8-2,18.8-27.5,2,2-2.6,20-100-flowered,3/4,4.8-7.3,5-6,anthesi,attenuate,base,berry,clavate,cm,dia,distally,elliptic,erose,filiform,glabrous,globose,green,greenish-brown,lateral,less,light,lightly,long,long-acuminate,main,minutely,mm,narrowly,occasionally,ovoid-reniform,pair,pale,papillose,pitted,reflexed,revolute,shaped,shrub,simple,slightly,somewhat,sparsely,straight,subshrub,tear-drop,umbonate,undulate,vein,way,wide,winged	na,unifoliate
517	wfo-0001032233	success	160	125	64	72	88	53	62	2	0-2,0.3-2,1-1.5,1.5-2.5,10-15,2-15,2-3,2-5.5,2-6,3-4,3.5-4,4-18,4-5,5-6,6-25,acuminate,acute,almost,apex,basal,base,beyond,calyx,chartaceous,cm,convex,cordate,cylindrical,dark,densely,diameter,ellipsoidal,entire,exserted,flattened,fruit,glabrescent,glabrous,globose,green,lobe,longitudinal,margin,mm,moderately,narrowly,oblong,orange,ovate,ovoid,pedicel,peduncle,petiole,puberulent,pubescent,purple,shallowly,simple,stamen,stigma,stripe,style,subcoriaceous,subpeltiform,tree,triangular,truncate,tube,vein,x,yellow,yellow-green	1-2,1-3,157,2-4,2.5-4,20-100+,25-40,3-15,3-4.5,3-5,4-7,4-foliat,5-16,8-12,abaxially,absen,absent,adaxial,adaxially,aggregate,apart,ape,articulated,axe,bent,biglandula,blade,branched,brow,cell,connective,connivent,coriaceous,dilated,directed,distally,eaf,eed,equal,especially,exceeding,fleischmann,fleshy,flower,glabrate,glandular-puberulent,laterally,leaving,lon,long,lower,nflorescence,nther,obtuse,orolla,pedicellar,perfect,pore,present,projection,puberulen,rachise,radiu,remnant,ruit,shorter,slightly,small,somewhat,spaced,sparsely,stellate,stone,tal,tem,thecae,time,tip,tomento,toward,ud,unbranched,unit,vary,white,wide,yellow-orange,ympodial	anther,appearance,arrangement,bark,biglandular,border,branch,bud,characteristic,colour,corolla,corrugation,distal,drying,exertion,filament,form,fruiting,giving,glabrousnes,growth,height,history,inflorescence,interjected,lateral,leaf,leaflet,length,life,lobing,midpoint,na,new,number,ovary,per,plant,prickle,primary,pseudostipule,ray,seed,shape,size,stem,surface,terminal,texture,thicknes,type,variation,width	0-2,0.3-2,1-1.5,1.5-2.5,10-15,2-15,2-3,2-5.5,2-6,3-4,3.5-4,4-18,4-5,5-6,6-25,acuminate,acute,almost,apex,basal,base,beyond,chartaceous,cm,convex,cordate,cylindrical,dark,densely,diameter,ellipsoidal,entire,exserted,flattened,glabrescent,glabrous,globose,green,lobe,longitudinal,mm,moderately,narrowly,oblong,orange,ovate,ovoid,puberulent,pubescent,purple,shallowly,simple,stamen,stripe,subcoriaceous,subpeltiform,tree,triangular,truncate,x,yellow,yellow-green	biglandular,na
518	wfo-0001032259	success	201	153	96	112	89	41	91	5	-4,.5,/3,0-5,0.1-0.2,0.45-0.6,0.5-0.8,0.5-1.5,0.7-1.1,0.8-1.3,0.9-1.2,1-2,1-2.5,1.5-4.5,1/3,10-30,2-2.5,2.2-3,3-4,4,4-5,4-6,7-16,9-22,acute,almost,anther,apex,apically,apparently,articulated,bark,base,becoming,berry,brown,brownish,calyx,cm,conical,connivent,cordate,cuneate,dark,deltate,densely,diameter,discolorous,drying,dull,evenly,filament,flattened,flattened-reniform,fruit,fruiting,glabrous,green,lateral,leaf,length,lobe,lobed,long,lower,margin,maturity,mauve,midpoint,mm,orange,orange-brown,ovate,pair,pedicel,peduncle,per,petiole,poricidal,prickle,prickly,primary,pubescent,ray,recurved,red,shrub,side,simple,sparsely,spherical,stellate,stellate-pubescent,stem,straight,strongly,style,surface,tapering,terete,terminal,tip,toward,trichome,tube,vein,way,white,wide,yellow,yellow-green,young	/4,0-10,0-2,0-20,0-4,0.1-0.3,0.15-0.3,1-1.8,1/2,1/4-1/3,1/6-1/5,15-40,2-4,2-5,20-60,3/,4-9,5,5-30,5-merous,5.5-8,7-8,abaxial,abaxially,acut,adaxial,alyx,apar,apart,blade,branched,broad-deltate,chartaceous,difoliate,distance,eaf,eed,elongating,equal,erect,extending,flower,free,fully,geminate,glabrescent,gland,green-brow,hair,infructescence,longer,mature,midvein,minute,moderately,nflorescence,older,one,open,opening,orolla,oung,pendulous,perfec,pericarp,porrect,portion,prickl,reduced,rounded,ruit,scar,sessile,shorter,slender,smooth,sometimes,spaced,spreading,tamen,tertiary,time,unarmed,unit,vary,venation,visible,woody,ympodial	10-20,3/4,appearance,arrangement,border,branch,bud,characteristic,colour,corolla,corrugation,distal,exertion,form,giving,glabrousnes,green-brown,growth,height,history,inflorescence,interjected,leaflet,life,lobing,na,new,number,ovary,perennial,plant,pseudostipule,seed,shape,size,stigma,texture,thicknes,type,variation,width	-4,.5,/3,0-5,0.1-0.2,0.45-0.6,0.5-0.8,0.5-1.5,0.7-1.1,0.8-1.3,0.9-1.2,1-2,1-2.5,1.5-4.5,1/3,10-30,2-2.5,2.2-3,3-4,4,4-5,4-6,7-16,9-22,acute,almost,apex,apically,apparently,articulated,base,becoming,berry,brown,brownish,cm,conical,connivent,cordate,cuneate,dark,deltate,densely,diameter,discolorous,dull,evenly,flattened,flattened-reniform,glabrous,green,lateral,lobed,long,lower,maturity,mauve,mm,orange,orange-brown,ovate,pair,per,poricidal,prickle,prickly,pubescent,recurved,red,shrub,side,simple,sparsely,spherical,stellate,stellate-pubescent,straight,strongly,surface,tapering,terete,terminal,tip,toward,trichome,way,white,wide,yellow,yellow-green,young	10-20,3/4,green-brown,na,perennial
519	wfo-0001032260	success	210	150	91	112	98	38	89	2	-10,-8,/5,0-10-30,0-20,0-5,0-8,0.2-0.5,0.5-0.8,0.5-2,0.5-5,0.6-0.8-1.5,0.7-1.5,0.8-1.1,1-1.7,1.2-1.7,1.5-4,2,2.5,2.5-3,2.5-3.5,3-5,3-8,3-9,6-10,acuminate,acute,anther,apart,apex,apparently,articulated,bark,base,berry,calyx,cell,cm,connivent,cuneate,curved,deltate,densely,diameter,discolorous,drying,dull,elliptic,erect,filament,flattened,flattened-reniform,fruit,fruiting,glabrous,glaucous,green-brown,lateral,leaf,length,lobe,lobed,long,margin,maturity,mauve,midpoint,mm,orange-brown,outline,ovate,pair,pale,pedicel,peduncle,per,petiole,pit,poricidal,prickle,prickly,primary,pubescent,purple,raised,ray,red,rounded,scandent,shallowly,shrub,simple,small,spaced,sparsely,spherical,stellate,stellate-pubescent,stem,strongly,style,subentire,surface,tapering,terminal,tip,tube,vein,way,wide,yellow,yellow-green	-3,.1,0-0.5,0-10,0-5-20,0.1,0.1-0.3,0.1-0.4,0.15-0.3,0.4,0.7,1-3,1-5,1-6,1/2,1/3,1/3-1/2,1/3-1/5,2-20,2-4,2-5,3-10,4-5-merous,5-6-8,7-15,abaxial,abaxially,acuminat,adaxial,alyx,apar,apically,blade,branched,broad-deltate,chartaceous,difoliate,distance,eaf,eed,elongating,equal,extending,eye,flower,free,geminat,glabrescent,glabrou,gland,globular,gray-brow,infructescence,lon,long-styled,longer,lower,mature,midvein,moderately,naked,narrow-ovate,nflorescence,older,one,open,orolla,oung,pendulous,perfec,pericarp,porrect,portion,prickl,reduced,reflexed,ruit,scar,sessile,shorter,side,slender,smooth,spreading,stalk,stalked,tamen,terete,tertiary,time,trichome,unit,variously,vary,venation,visible,woody,ympodial	appearance,arrangement,border,branch,bud,characteristic,colour,corolla,corrugation,distal,exertion,form,giving,glabrousnes,gray-brown,growth,height,history,inflorescence,interjected,leaflet,life,lobing,na,new,number,ovary,plant,pseudostipule,seed,shape,size,stigma,texture,thicknes,type,variation,width	-10,-8,/5,0-10-30,0-20,0-5,0-8,0.2-0.5,0.5-0.8,0.5-2,0.5-5,0.6-0.8-1.5,0.7-1.5,0.8-1.1,1-1.7,1.2-1.7,1.5-4,2,2.5,2.5-3,2.5-3.5,3-5,3-8,3-9,6-10,acuminate,acute,apart,apparently,articulated,base,berry,cell,cm,connivent,cuneate,curved,deltate,densely,diameter,discolorous,dull,elliptic,erect,flattened,flattened-reniform,glabrous,glaucous,green-brown,lateral,lobed,long,maturity,mauve,mm,orange-brown,outline,ovate,pair,pale,per,pit,poricidal,prickle,prickly,pubescent,purple,raised,red,rounded,scandent,shallowly,shrub,simple,small,spaced,sparsely,spherical,stellate,stellate-pubescent,strongly,subentire,tapering,terminal,tip,way,wide,yellow,yellow-green	gray-brown,na
520	wfo-0001032264	success	183	138	79	94	89	44	75	4	.2,.5,0.25-0.75,0.6-2.2,0.8-10,1-1.5,1.2-2,1.5-1.8,1.8-3,2-50-flowered,2-6,3,3-15,4.5-5,6-17,acuminate,acute,anther,apex,apiculate,bark,base,berry,branched,broadly,bud,calyx,cm,corolla,cup-like,dia,elliptic,exserted,filament,flattened-reniform,flower,fruiting,glabrous,globose,green,inflorescence,lateral,leaf,like,lobe,lobed,long,margin,minute,minutely,mm,narrowly,nearly,occasionally,opposite,ovary,ovoid,pale,papillose,parallel,pedicel,petiole,pitted,plant,pubescent,red-papillose,reddish,reddish-tan,revolute,several,shaped,short,shrub,simple,size,slender,small-capitate,soon,stem,stigma,style,surface,tapering,tear-drop,time,tree,trichome,tube,uniseriate,vein,white,x,yellowish-brown,young	0.25-0.5,0.5-1,0.8-4,10-22,3-9,5-9,along,anthesi,apar,appearing,ba,bullate,cell,cell-layer,closely,curling,deciduous,deflexed,densely,differing,difoliate,dry,eaf,edicel,eed,epidermal,fleshy,free,geminat,gnarled,greyi,habitat,hair,incrassate,lamina,large,larger,layer,live,lon,lower,main,major,material,middle,minor,multiseriate,nflorescence,often,older,one,overlapping,pair,papillo,peeling,planar,pointed,pore,poricidal,portion,primarily,prominent,quite,raised,rounded-deltoid,ruit,scar,scattered,sheet,sheltered,small-celled,somewhat,spaced,sparsely,straight,tall,thick,tip,transversely,trunk,ud,unit,upper,weak,whitish,wide,widest,woody,ympodial	alternate,appearance,arrangement,border,branch,characteristic,colour,corrugation,diameter,distal,drying,exertion,form,fruit,giving,glabrousnes,greyish,growth,height,history,interjected,leaflet,length,life,lobing,midpoint,na,new,number,peduncle,per,perennial,prickle,primary,pseudostipule,ray,seed,shape,terminal,texture,thicknes,type,variation,width	.2,.5,0.25-0.75,0.6-2.2,0.8-10,1-1.5,1.2-2,1.5-1.8,1.8-3,2-50-flowered,2-6,3,3-15,4.5-5,6-17,acuminate,acute,apiculate,base,berry,branched,broadly,calyx,cm,cup-like,dia,elliptic,exserted,flattened-reniform,flower,glabrous,globose,green,leaf,like,lobed,long,minute,minutely,mm,narrowly,nearly,occasionally,opposite,ovoid,pale,papillose,parallel,pitted,pubescent,red-papillose,reddish,reddish-tan,revolute,several,shaped,short,shrub,simple,slender,small-capitate,soon,stem,style,tapering,tear-drop,time,tree,trichome,tube,uniseriate,white,x,yellowish-brown,young	alternate,greyish,na,perennial
521	wfo-0001032274	success	192	136	80	101	91	35	77	3	0,0.15-0.2,0.5-0.7,0.5-1,0.7-1.8,0.9-1,1-1.2,1-1.5,1-3,1.5-2,2,2-7,3-6,3/4,5-7,acuminate,acute,anther,anthesi,apex,apparently,appearance,arching,axillary,basal,base,berry,branch,brown,calyx,capitate,cm,corolla,densely,diameter,distal,ellipsoid,elliptic,entire,exserted,filament,filiform,flattened-reniform,fruiting,glabrous,globose,green,grey,growth,inflorescence,lanceolate,leaf,lobe,lobed,margin,minute,minutely,mm,new,nodding,obtusely,occasionally,often,once-branched,one,pair,pedicel,peduncle,per,petiole,pitted,primary,pubescent,purple,red,reddish,ripe,rounded,shape,shiny,shoot,short,shrub,simple,size,sometimes,sparsely,stem,stigma,style,surface,terminal,tinged,truncate,tube,two,vein,violet,way,white,x	.5,0.5,0.5-1.5,2-3.5,3-10,3-4,3-5,5-merou,<,ag,alyx,apiculate,ark,articulated,ba,borne,cell,clustered,conical,connivent,deltate,dendritic,eaf,eed,fleshy,flower,free,geminat,glabrou,group,highly,ilament,irregular,lax,lengthening,less,like,long,loosely,lower,markedly,membranous,nflorescence,non-reproductive,older,orolla,pale,papillo,peg,pendan,perfect,pericarp,platfor,platform,plurifoliate,pore,poricidal,portion,puberulent,quadrate,reflexed,reproductive,ridge,ridged,ruit,scar,sleeve,slit,small,somewhat,square,stellate,strongly,suckering,tem,testal,thin,tip,trichome,twinin,ud,uniseriate,unit,upper,usually,variable,vary,visible,woody,yellow,ympodial	arrangement,bark,border,bud,characteristic,colour,exertion,form,fruit,giving,glabrousnes,height,history,interjected,lateral,leaflet,length,life,lobing,midpoint,na,number,ovary,perennial,plant,prickle,pseudostipule,ray,seed,texture,thicknes,twining,type,variation,width	0,0.15-0.2,0.5-0.7,0.5-1,0.7-1.8,0.9-1,1-1.2,1-1.5,1-3,1.5-2,2,2-7,3-6,3/4,5-7,acuminate,acute,anthesi,apparently,arching,axillary,basal,base,berry,brown,calyx,capitate,cm,densely,diameter,ellipsoid,elliptic,entire,exserted,filiform,flattened-reniform,glabrous,globose,green,grey,lanceolate,lobe,lobed,minute,minutely,mm,nodding,obtusely,occasionally,often,once-branched,one,pair,per,pitted,pubescent,purple,red,reddish,ripe,rounded,shiny,shoot,short,shrub,simple,sometimes,sparsely,terminal,tinged,truncate,tube,two,violet,way,white,x	na,perennial,twining
522	wfo-0001032276	success	152	149	92	102	50	47	88	4	-,.25,.5,0.3-1,0.5-0.75,0.5-1,0.8-1,1-1.5,1-2,1.8-2,2-2.5,2.5-4,3-3.5,3-6-flowered,5-7,7-8,9-18,acute,along,anther,anthesi,apex,attenuate,bark,base,beneath,broadly,brown,calyx,cm,corolla,cup-shaped,curly-tipped,dark,decurrent,densely,dia,dry,ellipsoid,elliptic,exserted,filament,filiform,fruiting,glabrous,globose,green,lamina,later,lateral,leaf,lobe,lobed,long,long-pubescent,main,margin,material,minute,minutely,mm,narrowly,nearly,obovoid,occasionally,onto,ovary,ovoid-reniform,pair,pale,pedicel,perhaps,petiole,pitted,plant,prominent,pubescent,reflexed,shaped,short,shrub,simple,slender,soon,sparsely,stem,stigma,straw-colored,style,surface,tapering,tear-drop,trichome,tube,unifoliate,uniseriate,vein,white,winged,x,yellow,young	0.25-1.5,1,apart,ba,blade,capitat,converging,deflexed,deltoid,eaf,edicel,eed,evenly,except,free,geminate,greyish-gree,like,lower,middle,nflorescence,node,non-reproductive,older,opposite,papillose,pore,poricidal,portion,raise,raised,remaining,rest,ruit,scar,slightly,somewhat,spaced,straight,strongly,tall,tip,triangular,tub,ud,unit,widely,widest,woody,ympodial	appearance,arrangement,border,branch,bud,capitate,characteristic,colour,corrugation,diameter,distal,drying,exertion,form,fruit,giving,glabrousnes,greyish-green,growth,height,history,inflorescence,interjected,leaflet,length,life,lobing,midpoint,na,new,number,peduncle,per,perennial,prickle,primary,pseudostipule,ray,seed,shape,size,terminal,texture,thicknes,type,variation,width	-,.25,.5,0.3-1,0.5-0.75,0.5-1,0.8-1,1-1.5,1-2,1.8-2,2-2.5,2.5-4,3-3.5,3-6-flowered,5-7,7-8,9-18,acute,along,anthesi,attenuate,base,beneath,broadly,brown,calyx,cm,cup-shaped,curly-tipped,dark,decurrent,densely,dia,dry,ellipsoid,elliptic,exserted,filiform,glabrous,globose,green,lamina,later,lateral,leaf,lobe,lobed,long,long-pubescent,main,material,minute,minutely,mm,narrowly,nearly,obovoid,occasionally,onto,ovoid-reniform,pair,pale,perhaps,petiole,pitted,prominent,pubescent,reflexed,shaped,short,shrub,simple,slender,soon,sparsely,straw-colored,tapering,tear-drop,trichome,tube,unifoliate,uniseriate,vein,white,winged,x,yellow,young	capitate,greyish-green,na,perennial
523	wfo-0001032277	success	163	152	97	107	56	45	91	6	.5,0.1-0.5,0.2-0.6,0.75-1,0.8-3,1-1.1,1-1.2,1-1.5,1-2,1-5,1.5-1.8,1/2,10-14,2-2.5,2-4,2-6-flowered,3-3.5,3-9,5-6,8-9,acute,along,anther,anthesi,apex,area,bark,base,beneath,berry,blunt,branched,bright,calyx,cm,coriaceous,corolla,cup-shaped,deltoid,densely,dia,ellipsoid,elliptic,filament,flattened-reniform,fruit,fruiting,glabrous,globose,green,immature,inflorescence,internodal,lateral,lax,leaf,lobe,lobed,long,main,margin,minutely,mm,number,opposite,ovary,pair,pale,papillae,papillose,pedicel,petiole,pitted,pore,poricidal,puberulent,pubescent,revolute,ripe,round,rounded,shrub,simple,slender,small,sparsely,stem,stigma,straight,strict,style,surface,tapering,tip,translucent,trichome,tube,uniseriate,unit,varying,vein,virgately,way,white,x,yellow,yellowish-tan	apiculate,appear,appearing,auriculate,ba,blade,closely,drooping,dry,eaf,edicel,eed,erect,exserted,free,geminat,gre,impressed,incrassate,indentation,like,lower,mature,middle,nflorescence,obscured,occasionally,older,overlapping,paler,partially,portion,prominent,pubescenc,raised,reddish,remaining,rest,ruit,scar,slende,spaced,specimen,spicy-fragrant,strongly,styl,tall,truncate,trunk,tub,two,ud,widest,woody,ympodial,young	appearance,arrangement,border,branch,bud,characteristic,colour,corrugation,diameter,distal,drying,exertion,form,geminate,giving,glabrousnes,grey,growth,height,history,interjected,leaflet,length,life,lobing,midpoint,na,new,peduncle,per,plant,prickle,primary,pseudostipule,ray,seed,shape,size,sympodial,terminal,texture,thicknes,type,variation,width	.5,0.1-0.5,0.2-0.6,0.75-1,0.8-3,1-1.1,1-1.2,1-1.5,1-2,1-5,1.5-1.8,1/2,10-14,2-2.5,2-4,2-6-flowered,3-3.5,3-9,5-6,8-9,acute,along,anthesi,area,base,beneath,berry,blunt,branched,bright,calyx,cm,coriaceous,cup-shaped,deltoid,densely,dia,ellipsoid,elliptic,flattened-reniform,glabrous,globose,green,immature,internodal,lateral,lax,leaf,lobed,long,main,minutely,mm,number,opposite,pair,pale,papillae,papillose,pitted,pore,poricidal,puberulent,pubescent,revolute,ripe,round,rounded,shrub,simple,slender,small,sparsely,straight,strict,style,tapering,tip,translucent,trichome,tube,uniseriate,unit,varying,vein,virgately,way,white,x,yellow,yellowish-tan	.5-1.8,di,geminate,grey,na,sympodial
524	wfo-0001032304	success	249	162	107	123	126	39	103	4	0.2-0.3,0.5-4.5,1-3.5,1.1-2,1.2-2.3,1.3-2.1,1.6-1.9,10,18,2-5,2.5-19.5,2/3-3/4,3-10,3-15,3-4.5,3-6,4-7.5,5.5-9,7-27,9-13,abaxially,acuminate,acute,adaxially,anther,anthesi,apex,bark,base,becoming,berry,blackish,blunt-tipped,branch,branched,broadly,brown,brownish,bud,calyx,campanulate,cm,conical,continued,corolla,dark,deltoid,densely,diameter,distal,due,elliptic,entire,exserted,filament,fleshy,flower,fruit,fruiting,glabrescent,glabrous,granular-tomentose,green,greenish,growth,honeycombed,lateral,leaf,least,length,lobe,long-attenuate,margin,midvein,mm,mostly,oblong,obtuse,orbicular,ovate,ovate-lanceolate,pale,pedicel,peduncle,petiole,plant,probably,pubescent,rather,ray,reniform,reticulate-punctate,ripe,scabridulous,seed,short-,shrub,side,simple,small,sparingly,spreading,stamen,stem,stigma,style,subglobose,suborbicular,terete,time,tomentose,tree,tube,unarmed,vein,velutinous,violet,way,white,whitish,x,yellow,yellowish	-3,.6-1.2,.9-1.4,/20,0-120,0.3-1.5,0.5-3,0.9-1.3,1,1.2-3,1.5-3.2,1.8-4,1/2,1/3-1/2,1/5,1/8,2-4,2-4.2,21,3-20,3.2-3.8,3.2-5.5,44,5-6,7.5-12,accrescent,ag,along,apart,apical-lateral,apparently,appressed-tomentose,articulated,ascending,axe,axillary,ba,blade,capitat,chartaceous,closely,decurrent,dehiscing,dendritic,dendritic-echinoi,dendritic-echinoid,directed,eaf,echinoi,echinoid,especially,extend,few-,few-rayed,free,glabrescen,hair,high,inserted,introrse,juvenile,large,lobed,long,long-,long-stalked,longitudinal,lower,m.,main,many,many-rayed,mixed,multangulat,multangulate,nflorescence,obscured,occasionally,often,older,opaque,orolla,ovat,overlapping,partly,perfect,plurifoliate,pore,porrect-stellate,present,pseudo-terminal,rachi,rarely,relatively,rotate-stellate,ruit,runk,sessile,short,short-stalked,slit,somewhat,spaced,stellate-tomentose,strongly,sulcate,suture,tamen,testa,thick,thick-stalked,thin,thin-,thin-stalked,tomentu,touching,toward,triangular-ovate,unarme,unit,usually,vary,wide,within,ympodial,young	0.9-1.4,appearance,arrangement,border,capitate,characteristic,colour,corrugation,drying,exertion,form,giving,glabrousnes,height,history,inflorescence,interjected,leaflet,life,lobing,midpoint,na,new,number,ovary,per,prickle,primary,pseud-terminal,pseudostipule,shape,size,surface,terminal,texture,thicknes,type,variation,width	0.2-0.3,0.5-4.5,1-3.5,1.1-2,1.2-2.3,1.3-2.1,1.6-1.9,10,18,2-5,2.5-19.5,2/3-3/4,3-10,3-15,3-4.5,3-6,4-7.5,5.5-9,7-27,9-13,abaxially,acuminate,acute,adaxially,anthesi,apex,base,becoming,berry,blackish,blunt-tipped,branched,broadly,brown,brownish,calyx,campanulate,cm,conical,continued,dark,deltoid,densely,diameter,due,elliptic,entire,exserted,fleshy,flower,fruit,glabrescent,glabrous,granular-tomentose,green,greenish,growth,honeycombed,lateral,least,length,lobe,long-attenuate,midvein,mm,mostly,oblong,obtuse,orbicular,ovate,ovate-lanceolate,pale,probably,pubescent,rather,reniform,reticulate-punctate,ripe,scabridulous,short-,shrub,side,simple,small,sparingly,spreading,stamen,stem,subglobose,suborbicular,terete,time,tomentose,tree,unarmed,velutinous,violet,way,white,whitish,x,yellow,yellowish	0.9-1.4,capitate,na,pseud-terminal
525	wfo-0001032307	success	153	143	86	102	51	41	82	4	.5,/3,0.2-0.5,0.4-1.3,1-1.5,1-2,1.5-5,10-20,2-5,2.5-12,2.5-3,2.5-3.5,3.5-4,30,4-8,5-12,5-25-flowered,7-18,acute,along,anther,apex,bark,base,berry,branch,branched,calyx,campanulate,capitate,cm,congested,corolla,dark,dendritic,densely,dia,ellipsoid,elliptic,erect,exserted,filament,flat,flattened-reniform,fruiting,glabrate,glabrous,globose,green,growth,incrassate,inflorescence,later,lateral,leaf,like,lobe,lobed,long,loose,main,many,margin,minutely,mm,new,ovary,pair,pale,pedicel,petiole,pitted,plant,prominent,pubescent,reddish-brown,rest,shaped,shrub,small,sparsely,stem,stigma,stout,strongly,style,surface,tan,tear-drop,terminal,thick,time,tree,tree-like,trichome,truncate,tube,type,vein,way,white,wide	1.5-2,?,abaxial,adaxial,anthesi,apar,blade,body,brow,christmas-tree-like,deltate,eaf,edicel,eed,either,elongate,fleshy,free,immature,inflorescenc,lon,lower,middle,minute,nflorescence,older,papillae,papillo,petal,planar,plurifoliat,pore,poricidal,portion,reddish,ruit,scar,spaced,tall,thickened,tip,tub,ud,unevenly,upper,variable,widest,within,woody,ympodia,young	appearance,arrangement,border,brown,bud,characteristic,colour,corrugation,diameter,distal,drying,exertion,form,fruit,giving,glabrousnes,height,history,interjected,leaflet,length,life,lobing,midpoint,na,number,peduncle,per,perennial,plurifoliate,prickle,primary,pseudostipule,ray,seed,shape,size,texture,thicknes,variation,width	.5,/3,0.2-0.5,0.4-1.3,1-1.5,1-2,1.5-5,10-20,2-5,2.5-12,2.5-3,2.5-3.5,3.5-4,30,4-8,5-12,5-25-flowered,7-18,acute,along,base,berry,branched,calyx,campanulate,capitate,cm,congested,dark,dendritic,densely,dia,ellipsoid,elliptic,erect,exserted,flat,flattened-reniform,glabrate,glabrous,globose,green,incrassate,inflorescence,later,lateral,like,lobed,long,loose,main,many,margin,minutely,mm,pair,pale,pitted,prominent,pubescent,reddish-brown,rest,shaped,shrub,small,sparsely,stout,strongly,tan,tear-drop,terminal,thick,time,tree,tree-like,trichome,truncate,tube,vein,way,white,wide	brown,na,perennial,plurifoliate
526	wfo-0001032308	success	190	146	89	105	85	41	87	2	0.2-2.1,0.3-5,0.7-1,0.7-1.2,1-2,1.5-2.5,1.8-2.5,1.9-3,12-16,2-6,3.8-5,4-7,4.8-7.7,6,6-11,8-9,absent,acute,anther,apex,articulated,axillary,base,berry,brownish,bud,cell,chartaceous,clavate,cm,condition,connivent,cordate,corolla,covering,deep,diameter,distal,dot,drying,filament,forked,fresh,fruit,generally,glabrous,globose,green,green-white,greenish,hair,hair-like,half,interjected,invested,irregular,lanceolate,lateral,leaflet,like,lobe,long,make,margin,medium,membranous,mm,mucilaginous,non-glandular,odd-pinnate,often,orbicular,ovate,ovoid,pedicel,peduncle,petiole,plant,pubescent,pure,ripe,rounded,scattered,seed,shape,short,slightly,stem,stigma,style,subtending,terminal,testal,thick,throughout,trichome,tube,typically,usually,wall,wet,white,whitish,wide,x	0-3,1-10,2,2-3,2-4,3-10,3-6,4-8,5-7,5-merou,abaxially,acumen,adaxially,ag,along,alyx,apart,apparently,axe,blade,broadly,capitat,ciliate,cuneate,digestion,dorsally,eaf,edge,eed,elliptic,enzyme,especially,exceeding,flat,flower,folded,geminat,glabrou,greatly,hal,homostylous,honeycomb-shaped,larger,leave,lengthening,living,lobed,lower,midrib,minute,minutely,much,narrowly,nflorescence,obtuse,orolla,pair,pentagonal,perfect,petiolulate,petiolule,plurifoliate,pore,poricidal,puberulent,removed,ruit,sessile,seudostipule,slit,spaced,specimen,stamen,ste,straight,substellate,sympodial,tamen,tip,tri-,truncate,unit,vary,varying,yellow	appearance,arrangement,bark,border,branch,calyx,capitate,characteristic,colour,corrugation,exertion,form,fruiting,giving,glabrousnes,growth,height,history,inflorescence,leaf,length,life,lobing,midpoint,na,new,number,ovary,per,prickle,primary,pseudostipule,ray,size,surface,texture,thicknes,type,variation,vein,width	0.2-2.1,0.3-5,0.7-1,0.7-1.2,1-2,1.5-2.5,1.8-2.5,1.9-3,12-16,2-6,3.8-5,4-7,4.8-7.7,6,6-11,8-9,absent,acute,articulated,axillary,berry,brownish,bud,cell,chartaceous,clavate,cm,condition,connivent,cordate,covering,deep,distal,dot,drying,forked,fresh,generally,glabrous,globose,green,green-white,greenish,hair,hair-like,half,invested,irregular,lanceolate,lateral,like,long,make,medium,membranous,mm,mucilaginous,non-glandular,odd-pinnate,often,orbicular,ovate,ovoid,plant,pubescent,pure,ripe,rounded,scattered,seed,short,slightly,stem,subtending,terminal,testal,thick,throughout,trichome,typically,usually,wall,wet,white,whitish,wide,x	capitate,na
527	wfo-0001032335	success	214	133	95	90	124	43	75	20	.2,100,100+,>,acuminate,acute,along,anther,anthesi,apex,attenuate,axe,base,berry,branched,bright,calyx,capitate,chartaceous,cm,connivent,corolla,densely,diameter,discolorous,ellipsoidal,elliptic,entire,exserted,filament,flattened-reniform,flower,fruiting,glabrous,globose,gold,golden-yellow,growth,inflorescence,length,like,long,loosely,many,margin,membranous,minute,minutely,mm,multangulate,narrowly,new,nodding,onto,orange,pair,pale,pedicel,peduncle,peltate,per,persistent,petiole,pitted,plane,porrect-stellate,primary,pubescent,reddish,ripe,short-stalked,shrub,simple,small,somewhat,stem,stigma,stout,strongly,style,surface,terminal,time,tree,trichome,tube,vein,way,white,wide	.5,0,0.05,0.2,0.2–0.3,0.4,0.5,0.5–1,0.9–1,1.5–2,10–12,12–15,15,16,1–1.2,1–1.5,1–3,2.5–3,2–10,2–2.5,2–5,3361,4–14,4–5,4–6-rayed,5-merou,5–6,6–19,6–6.5,7–10,abaxial,abaxially,adaxial,ag,alyx,apar,appearing,ark,articulated,beneath,boh,branching,c.,cell,center,closely,covered,cup-shaped,deltate,dichasia,drying,eaf,eed,elongate,equal,erec,evenly,fide,free,fused,golden-brow,gradually,half,ilament,impressed,lamina,lengthening,less,lobe,lobed,lower,markedly,midpoint,moderately,narrowing,near,nflorescence,older,orolla,papillo,part,perfect,pericarp,plurifoliate,pore,poricidal,porrect,portion,pubescence,ray,reflexed,regularly,ruit,scar,scurfy,sessile,shiny,short,silvery,slightly,slit,sometimes,spaced,sparsely,square,stellate,stub,tal,tem,testal,thin,tip,ud,unevenly,unit,upper,vary,varying,visible,woody,yellow,ympodial,–4,–stellate	-4,/4,0.2-0.3,0.5-1,0.9-1,1-1.2,1-1.5,1-3,1.5-2,12-15,2-10,2-5,4-14,4-6-rayed,5-6,6-19,6-6.5,7-10,arrangement,bark,branch,bud,characteristic,colour,dichasial,exertion,form,fruit,glabrousnes,height,history,leaf,life,lobing,number,ovary,perennial,plant,seed,shape,size,texture,type	.2,100,100+,>,acuminate,acute,along,anthesi,attenuate,axe,base,berry,branched,bright,calyx,capitate,chartaceous,cm,connivent,densely,diameter,discolorous,ellipsoidal,elliptic,entire,exserted,flattened-reniform,flower,glabrous,globose,gold,golden-yellow,inflorescence,length,like,long,loosely,many,membranous,minute,minutely,mm,multangulate,narrowly,nodding,onto,orange,pair,pale,peltate,per,persistent,petiole,pitted,plane,porrect-stellate,pubescent,reddish,ripe,short-stalked,shrub,simple,small,somewhat,stem,stout,strongly,terminal,time,tree,trichome,tube,way,white,wide	-4,/4,0.2-0.3,0.5-1,0.9-1,1-1.2,1-1.5,1-3,1.5-2,12-15,2-10,2-5,4-14,4-6-rayed,5-6,6-19,6-6.5,7-10,dichasial,perennial
528	wfo-0001032337	success	225	157	102	117	108	40	99	3	0.4-1.5,0.5-3.5,1-2,1.2-2.8,1.4-2,1.5,2-14,2-3.5,2-7,2.3-11.5,2.3-4.8,3-8,4-17,4-6,4.5-14.5,5-11,8-10,8-17,9-21,9-29,abaxially,acuminate,acute,adaxially,anther,apex,apiculate,apparently,attenuate,axillary,base,basiscopic,berry,broadly,brownish,bud,canescent,chartaceous,clavate,cm,condition,corolla,cuneate,darker,decurrent,deep,densely,diameter,distal,dot,drying,filament,flower,forked,fresh,fruit,generally,glabrous,globose,green,greenish,hair,half,herb,interjected,lanceolate,lateral,leaf,leaflet,light,like,lobe,long,margin,membranous,mm,mottled,oblique,odd-pinnate,often,ovate,ovoid,pedicel,peduncle,perfect,petiole,plant,pubescent,purple,ray,ripe,rounded,scattered,seed,short,side,size,sometimes,sparsely,stem,stigma,style,subglabrous,subtending,terminal,tissue,tube,typically,unwinged,usually,violet,violet-purple,white,whitish,wide,wing,x	0,1,1-10,1-4,1.6-4,10,2,2-4,2-4.5,3-4,3.6-5,4-9,5-merou,acumen,ag,along,alyx,apart,articulated,axe,blade,borne,capitat,cell,ciliate,connivent,cordate,covering,digestion,dorsally,eaf,edge,eed,elliptic,end,enzyme,erec,especially,exceeding,except,flat,folded,frequently,geminat,glabrou,greatly,green-white,hair-like,homostylous,honeycomb-shaped,lengthening,living,lower,make,middl,midrib,minutely,mucilaginous,nflorescence,obtuse,orbicular,orolla,pair,paired,pentagonal,petiolulate,petiolule,plurifoliate,pore,poricidal,proximal,puberulent,rarely,reduced,removed,rotate,ruit,sessile,seudostipule,singly,slightly,slit,small,spaced,specimen,stamen,ste,stolo,straight,subequal,subsessile,tall,tamen,tem,tertiary,testal,thick,throughout,tip,tri-,tuber,unit,unpaired,vary,wall,wet,yellow,ympodial	appearance,arrangement,bark,border,branch,calyx,capitate,characteristic,colour,corrugation,erect,exertion,form,fruiting,giving,glabrousnes,growth,height,history,inflorescence,length,life,lobing,midpoint,na,new,number,ovary,per,prickle,primary,pseudostipule,shape,surface,texture,thicknes,type,variation,vein,width	0.4-1.5,0.5-3.5,1-2,1.2-2.8,1.4-2,1.5,2-14,2-3.5,2-7,2.3-11.5,2.3-4.8,3-8,4-17,4-6,4.5-14.5,5-11,8-10,8-17,9-21,9-29,abaxially,acuminate,acute,adaxially,apiculate,apparently,attenuate,axillary,basiscopic,berry,broadly,brownish,bud,canescent,chartaceous,clavate,cm,condition,cuneate,darker,decurrent,deep,densely,diameter,distal,dot,drying,flower,forked,fresh,generally,glabrous,globose,green,greenish,hair,half,herb,lanceolate,leaf,light,like,long,membranous,mm,mottled,oblique,odd-pinnate,often,ovate,ovoid,perfect,petiole,plant,pubescent,purple,ray,ripe,rounded,scattered,short,side,sometimes,sparsely,stem,subglabrous,subtending,terminal,tissue,typically,unwinged,usually,violet,violet-purple,white,whitish,wide,wing,x	capitate,erect,na
529	wfo-0001032344	success	157	152	93	105	52	47	90	3	0.2-0.5,1-1.3,1-4,1.5-4.5,1.5-6,1.6-2.4,10-29,2-2.8,2.2-4,3-5,3-7,3-8.5,3-9,3.5-6.5,5-10,6-15,9.5-21,absent,acuminate,acute,apex,apical,apically,articulate,base,bluish,branched,broadly,calyx,cell,cm,connate,corolla,covering,cuneate,cyme,dark,dehiscent,diameter,dichasial,dichasially,distal,dot,ebracteate,elliptical,exceeding,filament,globose,green,green-white,hair-like,herbaceous,interjected,introrse,lateral,leaf,leaflet,lobe,long,long-attenuate,make,maturing,medium,mm,monochasial,mucilaginous,oblique,odd-pinnate,often,ovate,ovoid,pedicel,peduncle,perennial,petiole,plant,poricidally,proximal,puberulent,pubescent,purple,rotate,rotate-pentagonal,scarce,seed,short,size,slit,smooth,stamen,stigma,straight,style,terminal,testal,thick,throughout,tuber-bearing,typically,violet,wall,white,wide,yellow,¼	1-3,2-3,2.8,3-6-foliat,4-11,4-8,abaxially,abruptly,acumen,adaxially,belo,decurrent,digestion,diminishing,dorsally,eaf,edge,eed,emoval,enzyme,flower,forked,generally,globo,half,honeycomb,inrolled,layeral,living,lon,lower,lunat,nflorescence,nther,orolla,pair,pattern,perfect,petiolule,plan,reveal,ruit,sessile,seudostipule,sometimes,specimen,tal,tem,toward,unit,vary,ympodial	7,anther,appearance,arrangement,bark,border,branch,bud,characteristic,colour,corrugation,drying,exertion,form,fruit,fruiting,giving,glabrousnes,growth,height,history,inflorescence,length,life,lobing,margin,midpoint,na,new,number,ovary,per,prickle,primary,pseudostipule,ray,shape,stem,surface,texture,thicknes,tube,type,variation,vein,wet,width	0.2-0.5,1-1.3,1-4,1.5-4.5,1.5-6,1.6-2.4,10-29,2-2.8,2.2-4,3-5,3-7,3-8.5,3-9,3.5-6.5,5-10,6-15,9.5-21,absent,acuminate,acute,apical,apically,articulate,bluish,branched,broadly,cell,cm,connate,covering,cuneate,cyme,dark,dehiscent,dichasial,dichasially,distal,dot,ebracteate,elliptical,exceeding,globose,green,green-white,hair-like,herbaceous,introrse,lateral,lobe,long,long-attenuate,make,maturing,medium,mm,monochasial,mucilaginous,oblique,odd-pinnate,often,ovate,ovoid,perennial,poricidally,proximal,puberulent,pubescent,purple,rotate,rotate-pentagonal,scarce,seed,short,slit,smooth,stamen,stigma,straight,style,testal,thick,throughout,tuber-bearing,typically,violet,wall,white,wide,yellow,¼	7,na,wet
530	wfo-0001032354	success	171	125	81	94	77	31	78	3	0,0-5,1-2,2-2.5,2.5-3,25,250-400,29,38/2,4-6,acute,anther,apex,aster,axillary,base,becoming,berry,bilobed,branch,broadly,brown,calyx,campanulate,capitate,cm,coarsely,colour,corolla,cuneate,deep,dia,discoidal,ellipsoid,except,exerted,filament,fork,glabrous,glandular,globose,green,greenish-ivory,greyish,hair,halfway,lasting,leaf,lengthening,lobed,maturity,minute,minutely,mm,obovate,obovoid,ovary,ovoid,pedicel,peduncle,pinnatisect,pore,poricidal,puberulent,rh,rounded,rugose-reticulate,several,shape,shrub,simple,size,slightly,slit,soft,somewhat,sparse,spreading,stem,stigma,straight,strongly,style,surface,tall,tip,variable,vein,violet,wide,wooded,woody,x,year	0.3,0.5-1,0.8-1,0.8-1.2,1-10,1-3,1-5,10-lobed,2,3-4,40-75,5-10,5-15,acuminate,almost,angular,anthesi,aspect,axi,branched,c.,cell,creating,cut,decurrent,deeply,distal,eaf,eed,effect,facetted,fleshy,flower,general,gre,gree,lanceolat,large,linear,lobe,lower,midrib,narrow,nflorescence,occasionally,oval,ovate,pair,pale,pebble-shaped,pedicellate,plurifoliat,pubescent,rather,rotate,ruit,secondary,seedling,shoot,single,sinus,small,smaller,smel,stellate,stone,trichome,tub,ud,uniseriate,unit,unpleasant,usually,wing,within,ympodial,young	arrangement,bark,bud,characteristic,corrugation,diameter,drying,exertion,form,fruit,glabrousnes,growth,height,history,inflorescence,length,life,lobing,margin,na,new,number,per,perennial,petiole,plant,primary,seed,texture,tube,type	0,0-5,1-2,2-2.5,2.5-3,25,250-400,29,38/2,4-6,acute,aster,axillary,base,becoming,berry,bilobed,branch,broadly,brown,calyx,campanulate,capitate,cm,coarsely,cuneate,deep,dia,discoidal,ellipsoid,except,exerted,fork,glabrous,glandular,globose,green,greenish-ivory,greyish,hair,halfway,lasting,lengthening,lobed,maturity,minute,minutely,mm,obovate,obovoid,ovoid,pinnatisect,pore,poricidal,puberulent,rh,rounded,rugose-reticulate,several,shrub,simple,slightly,slit,soft,somewhat,sparse,spreading,straight,strongly,tall,tip,variable,violet,wide,wooded,woody,x,year	na,perennial,tube
531	wfo-0001032358	success	216	108	66	87	129	21	64	2	.5,/2,0,0.2-4,0.5-3,0.7-1,1-2,1.3-1.7,1.5-2,13-20,2-3,2.2-7.5,3-4,3.5-13,4-4.5,4-7,4.5-5,acute,anther,apex,appearing,armed,bark,base,berry,branched,brown,calyx,capitate,cm,cordate,corolla,curved,diameter,entire,exserted,filament,flattened,fruit,fruiting,furcate,glabrous,globose,green,growth,inflorescence,internodal,leaf,margin,membranous,minutely,mm,new,ovate,ovoid,pair,pale,pedicel,peduncle,per,petiole,pitted,primary,pubescent,purple,reniform,ripening,shrub,simple,sinuate,slightly,somewhat,stellate,stem,stigma,strongly,style,surface,tan,time,tube,tuberculate,type,vein,way,x,yellowish	.1,.2,.3,.4,0.6-0.8,0.6-1,1-1.6,1.5-2.5,1/4-1/2,12-20,15-40,2,2-10,2-4,2-5,3-10,4-8,4-merous,abaxially,abscissio,adaxially,along,another,anthesi,apart,away,basal,based,broad,bulbous,cell,center,cupuliform,densely,difoliate,dorsal,drying,eaf,eed,equal,erect,expanding,flower,free,frui,geminate,glabrescen,glabrescent,heteromorphic,interpetalar,irregular,irregularly,lamina,left,lengthening,like,linear,lobe,lobed,long,longer,lower,lowermost,margined,markedly,maturity,midpoint,midrib,midvein,nflorescence,nodding,occasionally,often,older,one,orangish,paler,papillat,papillate,part,peg,perfect,pericarp,persistent,planar,pore,poricidal,porrect,portion,present,prickle,prickly,ray,red,rhachi,rotate-stellate,ruffly,ruit,scar,sessile,shiny,short,short-stalked,sinus,slit,small,sometimes,space,spaced,sparsely,spreading,staman,thick,thin,three,tip,trichome,tub,two,ud,unevenly,unisexual,unit,upper,usually,whitish,widely,ympodial,zygomorphic	arrangement,bud,characteristic,colour,exertion,form,glabrousnes,height,history,length,life,lobing,na,number,ovary,perennial,plant,seed,shape,size,texture	.5,/2,0,0.2-4,0.5-3,0.7-1,1-2,1.3-1.7,1.5-2,13-20,2-3,2.2-7.5,3-4,3.5-13,4-4.5,4-7,4.5-5,acute,appearing,armed,base,berry,branched,brown,calyx,capitate,cm,cordate,curved,diameter,entire,exserted,flattened,furcate,glabrous,globose,green,internodal,membranous,minutely,mm,ovate,ovoid,pair,pale,pitted,pubescent,purple,reniform,ripening,shrub,simple,sinuate,slightly,somewhat,stellate,strongly,tan,time,tube,tuberculate,way,x,yellowish	na,perennial
532	wfo-0001032367	success	231	154	97	112	119	42	91	6	0-0.3,0.4-0.5,0.5–0.8,0.6–0.8,0.7-1.1,0.8–2,1-2.1,100-300,1–1.8,2-4,2.2–2.5,2.2–2.8,2–2.5,3-5,3–6,5.5–6.9,5–18,6-8,6.8–8.2,acicular,acute,anther,apex,base,berry,branch,broad-based,calyx,capitate,cm,conical,cordate,cream,dark,densely,diameter,erect,filament,flattened-reniform,free,fruiting,glabrous,gland-tipped,glandular-puberulent,globose,green,greenish,hair,immature,inflorescence,lateral,leaf,length,light,lobe,lobed,long,many,margin,maturity,membranous,midpoint,minute,minutely,mm,mottled,nearly,obtuse,ovary,ovate,pair,pale,pedicel,peduncle,per,petiole,poricidal,prickle,prickly,puberulent,pubescence,pubescent,ray,red-brown,sessile,shallow,shrub,similar,simple,size,sparsely,spreading,stellate,stem,stigma,style,suborbicular,surface,tapering,terete,tip,triangular,truncate,tube,unbranched,uniformly,usually,vein,white,wide,yellow,–15	-3,.2,.4,0.2–0.35,0.4–0.5,0.4–0.6,0.4–1,0.5–2,0.6,0.8,1-2,1.2,1–1.5,2,2-3-celled,2.5–3,3-celled,3.2–4,3–10,3–5,4,4–6.5,5-merous,7–10,8,abaxial,abaxially,accrescent,adaxial,adaxiall,adaxially,also,alyx,anthesi,arme,around,axi,ba,blade,congested,connivent,copious,curved,deciduous,difoliate,directed,distall,eaf,eed,enlarged,entire,equal,expand,fertile,flower,geminat,geminate,grading,herbarium,heterostylous,hyaline,infructescence,lanceolate,largest,layer,least,long-styled,longer,lower,lowermost,major,mesocarp,mixed,mixture,moderately,narrowly,nflorescence,often,one,orolla,oung,papillat,pore,portion,rarely,recurved,rest,ruit,scarcely,scattered,secondary,short-styled,shorter,slender,small,smaller,somewhat,specimen,spongy,spreadin,staminat,ste,straight,tall,tamen,thick,tightly,time,tooth,trichome,twice,unarmed,uniseriate,unit,variable,vary,whitish,ympodial,–5	0.5-2,7-10,appearance,armed,arrangement,bark,border,bud,characteristic,colour,corolla,corrugation,distal,drying,exertion,form,fruit,giving,glabrousnes,growth,height,history,interjected,leaflet,life,lobing,na,new,number,papillate,perennial,plant,primary,pseudostipule,seed,shape,terminal,texture,thicknes,type,variation,width	0-0.3,0.4-0.5,0.5–0.8,0.6–0.8,0.7-1.1,0.8–2,1-2.1,100-300,1–1.8,2-4,2.2–2.5,2.2–2.8,2–2.5,3-5,3–6,5.5–6.9,5–18,6-8,6.8–8.2,acicular,acute,base,berry,branch,broad-based,capitate,cm,conical,cordate,cream,dark,densely,diameter,erect,flattened-reniform,free,glabrous,gland-tipped,glandular-puberulent,globose,green,greenish,hair,immature,lateral,light,lobe,lobed,long,many,maturity,membranous,minute,minutely,mm,mottled,nearly,obtuse,ovate,pair,pale,pedicel,per,poricidal,prickly,puberulent,pubescence,pubescent,red-brown,sessile,shallow,shrub,similar,simple,sparsely,spreading,stellate,stem,suborbicular,tapering,terete,tip,triangular,truncate,unbranched,uniformly,usually,white,wide,yellow,–15	0.5-2,7-10,armed,na,papillate,perennial
533	wfo-0001032407	success	216	159	101	118	98	41	98	3	0-4,0.4-4,0.5-3,0.8,1-2,1-2.4,1.2-7,1.4-2.7,1.5-2.2,10-27,2-10.5,2.5-10.5,2.5-9,3-15,3.1-13.5,4-48,4-7,5,5-23,5-30,8-10,acuminate,anther,apex,attenuate,axillary,base,berry,brownish,bud,cell,chartaceous,clavate,cm,coarsely,condition,conical,connivent,corolla,covering,dark,densely,diameter,distal,drying,elliptic,filament,finely,flower,forked,fresh,fruit,generally,glabrous,green,green-white,greenish,hair,hair-like,half,herb,interjected,lanceolate,lateral,leaf,leaflet,less,light,like,lobe,long,make,margin,medium,membranous,minute,mm,mottled,mucilaginous,narrow,obtuse,odd-pinnate,ovate,ovoid,pedicel,peduncle,petiole,plant,puberulent,pubescent,purple,rarely,ray,ripe,round,seed,semierect,simple,size,sparsely,stem,stigma,style,subtending,terminal,testal,thick,throughout,tube,unwinged,usually,wall,wet,white,whitish,wide,wing,x	0.3-0.6,0.3-8,0.8-0.3,1-10,1-5,10-19.5,12,2-4,30,38,4-11,5-merou,6,7-9,abaxially,absent,acumen,adaxially,ag,along,alyx,apart,apparently,arranged,articulated,asymmetrical,axe,basiscopic,bead,blade,capitat,ciliate,commonly,decreasing,digestion,eaf,edge,eed,elongated,enzyme,erec,especially,exceeding,folded,geminat,glabrou,gradually,homostylous,honeycomb-shaped,larger,lengthening,living,lower,middle,minutely,moniliform,multiple,necklace,nflorescence,orbicular,orolla,pair,pentagonal,perfect,petiolule,plurifoliate,pore,poricidal,proximal,pubescen,removed,rotate,ruit,secondary,sessile,seudostipule,side,slit,spaced,specimen,stamen,ste,stolon,straight,subequal,symmetrical,tall,tamen,tem,tip,tissue,tri-,tuber,typically,unit,vary,yellow,ympodial	appearance,arrangement,bark,border,branch,calyx,capitate,cayx,characteristic,colour,corrugation,erect,exertion,form,fruiting,giving,glabrousnes,growth,height,history,inflorescence,length,life,lobing,midpoint,na,new,number,ovary,per,prickle,primary,pseudostipule,shape,surface,texture,thicknes,type,variation,vein,width	0-4,0.4-4,0.5-3,0.8,1-2,1-2.4,1.2-7,1.4-2.7,1.5-2.2,10-27,2-10.5,2.5-10.5,2.5-9,3-15,3.1-13.5,4-48,4-7,5,5-23,5-30,8-10,acuminate,attenuate,axillary,berry,brownish,bud,cell,chartaceous,clavate,cm,coarsely,condition,conical,connivent,covering,dark,densely,distal,drying,elliptic,finely,flower,forked,fresh,generally,glabrous,green,green-white,greenish,hair,hair-like,half,herb,lanceolate,lateral,less,light,like,long,make,medium,membranous,minute,mm,mottled,mucilaginous,narrow,obtuse,odd-pinnate,ovate,ovoid,plant,puberulent,pubescent,purple,rarely,ripe,round,seed,semierect,simple,sparsely,stem,subtending,terminal,testal,thick,throughout,unwinged,usually,wall,wet,white,whitish,wide,wing,x	capitate,erect,na
534	wfo-0001032465	success	229	189	153	164	65	25	148	5	+,-11,.2,.5,0,0.2,0.5-1.5-5,0.5-2,0.5-2.5-5.5-9,1-1.5,1-1.7,1-3-8-14,1-5-8-10,1-celled,1.2-1.5,1.5-1.8,1.5-2,1/3,2,2-2.5,25,3-3.5,4,5,5-7,5-8,9,acuminate,acute,angled,anther,anthesi,apex,articulated,axi,basal,base,berry,black,branched,brown,calyx,capitate,ciliate,clasping,cm,commonly,conical,connivent,cordate,corolla,de,deep,deeper,deeply,deltate,densely,diameter,distal,drying,edge,ellipsoid,elliptic,entire,filament,filiform,flattened,flower,fringe,fruiting,glabrous,gland,glandular,glandular-tipped,globose,green,greenish,growth,half,included,inflorescence,janeiro,larger,later,lateral,leaf,leaving,length,lengthening,like,lobe,lobed,long,loosely,lower,margin,minute,minutely,mm,narrowly,new,nodding,often,outline,ovate,pair,pedicel,peduncle,peg,per,petiole,pinnate,pinnatifid,pore,poricidal,primary,puberulent,pubescent,purplish,reddish,reniform,reticulate,revolute,rio,ripe,seed,shallow,shape,similar,simple,size,sleeve,slit,sparsely,stellate-rotate,stem,stigma,strongly,style,surface,terminal,time,tiny,tip,transparent,trichome,truncate,tube,unicellular,uniseriate,upper,usually,variously,varying,vein,vine,violet,way,white,woody,x,yellowish,young,½	1.5,3-4,3-5,3-9,5-merou,abaxial,ag,alyx,apar,apically,appearing,ark,cell,coriaceous,decreasing,eaf,eed,elongate,erect,exserte,free,glabrescen,growing,ilament,irregular,irregularly,mature,membranous,nflorescence,occasionally,older,orolla,paired,papillate,papillo,pendan,pentagonal,perfect,pericarp,planar,plurifoliat,portion,ruit,scar,scattered,shiny,sinus,somewhat,spaced,splitting,subshrub,tem,testal,thicker,thin,toward,tuft,twinin,twining,ud,unit,vary,wall,widest,ympodial	age,arrangement,bark,branch,bud,characteristic,colour,corrugation,exertion,exserted,form,fruit,glabrescent,glabrousnes,height,history,life,lobing,na,number,ovary,papillose,plant,texture,type	+,-11,.2,.5,0,0.2,0.5-1.5-5,0.5-2,0.5-2.5-5.5-9,1-1.5,1-1.7,1-3-8-14,1-5-8-10,1-celled,1.2-1.5,1.5-1.8,1.5-2,1/3,2,2-2.5,25,3-3.5,4,5,5-7,5-8,9,acuminate,acute,angled,anthesi,articulated,axi,basal,base,berry,black,branched,brown,calyx,capitate,ciliate,clasping,cm,commonly,conical,connivent,cordate,corolla,de,deep,deeper,deeply,deltate,densely,diameter,distal,drying,edge,ellipsoid,elliptic,entire,filiform,flattened,flower,fringe,glabrous,gland,glandular,glandular-tipped,globose,green,greenish,half,included,inflorescence,janeiro,larger,later,lateral,leaf,leaving,length,lengthening,like,lobe,lobed,long,loosely,lower,margin,minute,minutely,mm,narrowly,nodding,often,outline,ovate,pair,peg,per,pinnate,pinnatifid,pore,poricidal,puberulent,pubescent,purplish,reddish,reniform,reticulate,revolute,rio,ripe,shallow,similar,simple,sleeve,slit,sparsely,stellate-rotate,stem,strongly,surface,terminal,time,tiny,tip,transparent,trichome,truncate,tube,unicellular,uniseriate,upper,usually,variously,varying,vine,violet,way,white,woody,x,yellowish,young,½	age,exserted,glabrescent,na,papillose
535	wfo-0001032494	success	163	138	79	89	74	49	72	7	.5,0.75-1,0.8-1,0.9-1.2,1-1.5,1.45-1.5,1.5,1.5-8,1.6-2,16.5-20.5,2.3-2.5,2.5,2.5-8,3/4,5-40,5-6.4,accrescent,acuminate,anther,anthesi,apex,attenuate,bark,base,berry,brown,calyx,clavate,cm,corolla,decurrent,dia,exserted,filament,flattened-reniform,flowered,fruit,fruiting,furcate,glabrous,globose,greenish-yellow,lateral,leaf,light,lobe,lobed,long,margin,minutely,mm,narrowly,occasionally,opposite,ovary,ovate,ovoid,pale,papillose,pedicel,petiole,pitted,revolute,shaped,shrub,simple,size,slender,small,stem,stigma,straight,style,surface,tapering,tear-drop,tree,trichome,tube,two-winged,uniseriate,vein,way,white,whitish-green,winged,x,yellow,zig-zag	.1,.4,0.6-1,1.1-1.2,1.8-4.5,3-4,3.4-14.5,4-8,8-11,apart,appearing,axil,ba,beginning,beneath,bullate,deflexed,differing,difoliate,dry,eaf,edicel,eed,equal,evenly,except,expanded,free,geminat,geminate,incrassate,inflorescenc,lax,lenticellat,lon,lower,main,major,material,middle,minor,nearly,nflorescence,node,orange,pair,papillae,papillo,planar,pore,poricidal,portion,prominent,proximal,pubescent,quite,raised,ridge,ruit,scar,slightly,somewhat,spaced,tall,tan,tip,triangular,ud,unit,upper,venation,widest,woody,ympodial	0.1,1,2.4,4,alternate,appearance,arrangement,border,branch,bud,characteristic,colour,corrugation,diameter,distal,drying,exertion,form,giving,glabrousnes,green,growth,height,history,inflorescence,interjected,leaflet,length,life,lobing,midpoint,na,new,number,peduncle,per,plant,prickle,primary,pseudostipule,ray,seed,shape,terminal,texture,thicknes,type,variation,width	.5,0.75-1,0.8-1,0.9-1.2,1-1.5,1.45-1.5,1.5,1.5-8,1.6-2,16.5-20.5,2.3-2.5,2.5,2.5-8,3/4,5-40,5-6.4,accrescent,acuminate,anthesi,attenuate,base,berry,brown,calyx,clavate,cm,decurrent,dia,exserted,flattened-reniform,flowered,furcate,glabrous,globose,greenish-yellow,leaf,light,lobed,long,minutely,mm,narrowly,occasionally,opposite,ovate,ovoid,pale,papillose,petiole,pitted,revolute,shaped,shrub,simple,slender,small,stem,straight,tapering,tear-drop,tree,trichome,tube,two-winged,uniseriate,way,white,whitish-green,winged,x,yellow,zig-zag	0.1,1,2.4,4,alternate,green,na
536	wfo-0001032507	success	206	140	81	98	108	42	78	3	.5,/4,0.25,0.3,0.5,0.8,1,1.3,1.5–2,1.5–7,10–20,15–20,2,2.5–6,3–5,3–7,4–10,5–10,5–8,6,8–15,abaxially,acuminate,acute,anther,anthesi,apex,armed,base,berry,blue,branched,brown,bud,calyx,campanulate,chartaceous,cm,compound,corolla,diameter,ellipsoid,entire,exserted,filament,flattened-reniform,fruiting,glabrous,globose,green,herbaceous,lateral,leaflet,light,lobe,long,margin,midrib,minutely,mm,narrowly,oblong,often,pedicel,peduncle,perennial,petiole,pinnate,pinnately,pinnatifid,pitted,plant,prickle,pulp,purple,quadrate,rarely,reddish,rounded,shape,side,simple,slender,stem,stigma,strongly,style,surface,terminal,tube,unbranched,variously,vein,vine,way,white,woody,×	.2,0.7-1.2,1.2-1.7,1–1.5,1–10,2.5–4,20–30,2–9,5–20,abaxial,absent,abundant,adaxiall,adaxially,adjacent,ag,alyx,apiculate,articulated,becoming,blade,broadly,cell,collection,confluent,connivent,cream,curved,deep,deltate,distally,distinct,dr.,eaf,eed,either,elliptic,elongating,equal,fertile,fifth,flower,flowering,four,hair,herbarium,highly,individual,internode,interpetalar,larger,lengthening,lobed,longer,lower,major,material,nearly,nflorescence,observe,occasionally,one,orolla,ovate,pale,papery,pentagonal,pericarp,pistillate,plurifoliat,pore,poricidal,present,puberulent,purplish,rachi,ranging,recurve,regularly,rotate-pentagonal,rugose,ruit,single,sinus,slightly,slit,sometimes,spreading,staminate,stout,straight,tamen,tear,testal,time,tip,tissue,unequal,unit,unlobed,usually,variable,vary,wide,widest,wood,yellowish,ympodial	appearance,arrangement,bark,border,branch,characteristic,colour,corrugation,distal,drying,exertion,form,fruit,giving,glabrousnes,growth,height,history,inflorescence,interjected,leaf,length,life,lobing,midpoint,na,new,number,ovary,per,plurifoliate,primary,pseudostipule,ray,recurved,seed,size,texture,thicknes,type,variation,width	.5,/4,0.25,0.3,0.5,0.8,1,1.3,1.5–2,1.5–7,10–20,15–20,2,2.5–6,3–5,3–7,4–10,5–10,5–8,6,8–15,abaxially,acuminate,acute,anthesi,armed,base,berry,blue,branched,brown,calyx,campanulate,chartaceous,cm,compound,diameter,ellipsoid,entire,exserted,flattened-reniform,glabrous,globose,green,herbaceous,leaflet,light,long,midrib,minutely,mm,narrowly,oblong,often,perennial,pinnate,pinnately,pinnatifid,pitted,pulp,purple,quadrate,rarely,reddish,rounded,side,simple,slender,strongly,terminal,tube,unbranched,variously,vine,way,white,woody,×	na,plurifoliate,recurved
537	wfo-0001032523	success	200	153	94	114	86	39	91	3	-2,-5,.2,.5,/4,0-12,0.2-0.4,0.3-0.5,0.4-1,0.6-0.7,0.6-0.8,1-1.5,1-3,1.3-1.6,1.5-3,10-50,2-2.4,2-4,2-5.5,2.7-3,3-15,3.5-4,5-20,6-10,6-8,abaxially,acuminate,acute,anther,apart,apex,apically,apparently,bark,base,berry,calyx,cm,conical,cuneate,curved,deltate,diameter,discolorous,drying,dull,elliptic,entire,erect,evenly,filament,filiform,flattened-reniform,fruit,fruiting,gently,glabrescent,glabrous,green,inflated,lateral,leaf,length,lobe,long,margin,maturity,mauve,membranous,midpoint,mm,moderately,older,orange,orange-brown,ovate,pair,pale,pedicel,peduncle,per,petiole,poricidal,prickle,prickly,primary,ray,recurved,red,red-brown,shrub,simple,sometimes,spaced,sparsely,spherical,stellate-pubescent,stem,straight,strongly,style,subentire,surface,tapering,terminal,tip,tube,unarmed,vein,way,weakly,wide,yellow,young	0-0.15,0-10,0-15,0-3,0.1-0.2,0.2,0.4-1.5,0.5-1,1-2,1-8,1/3-1/2,1/4-1/3,15-30,2,2-2.5,2.5-6,3-4,4-5-merous,4-7,5-12,6-20,abaxial,acuminat,adaxial,alyx,ame,apar,articulated,blade,branching,brow,c.,connivent,eaf,eed,elongating,equal,flower,free,glabrou,hair,herbaceous,infructescence,lobed,lon,longer,lower,mature,minute,multangulate,narrow-deltate,nflorescence,one,open,orolla,oung,perfec,pericarp,perpendicular,plurifoliat,porrect,portion,reflexed,ruit,scandent,scar,secondary,sessile,smooth,spreading,stalk,stalked,stellate,tamen,terete,tertiary,time,trichome,unarme,unit,variously,vary,venation,visible,woody,ympodial	appearance,arrangement,border,branch,brown,bud,characteristic,colour,corolla,corrugation,distal,exertion,form,giving,glabrousnes,growth,height,history,inflorescence,interjected,leaflet,life,lobing,na,new,number,ovary,perennial,plant,pseudostipule,seed,shape,size,stigma,texture,thicknes,type,variation,width	-2,-5,.2,.5,/4,0-12,0.2-0.4,0.3-0.5,0.4-1,0.6-0.7,0.6-0.8,1-1.5,1-3,1.3-1.6,1.5-3,10-50,2-2.4,2-4,2-5.5,2.7-3,3-15,3.5-4,5-20,6-10,6-8,abaxially,acuminate,acute,apart,apically,apparently,base,berry,cm,conical,cuneate,curved,deltate,diameter,discolorous,dull,elliptic,entire,erect,evenly,filiform,flattened-reniform,gently,glabrescent,glabrous,green,inflated,lateral,long,maturity,mauve,membranous,mm,moderately,older,orange,orange-brown,ovate,pair,pale,per,poricidal,prickly,recurved,red,red-brown,shrub,simple,sometimes,spaced,sparsely,spherical,stellate-pubescent,stem,straight,strongly,subentire,tapering,terminal,tip,unarmed,way,weakly,wide,yellow,young	brown,na,perennial
538	wfo-0001032524	success	205	118	57	78	127	40	55	2	1-2,1-2.5,1.5-2,1.5-4,10-35,12-13,14-50,2-3,2-5,2.5-8,25-90,3-8.5,3.5-4.5,4.5-8,6-16.5,7-8,acute,anther,apex,axillary,base,berry,bud,clavate,cm,corolla,cuneate,densely,diameter,distal,drying,elliptic,filament,forked,fruit,generally,glabrous,globose,grayish-green,green,greenish,half,herb,interjected,lanceolate,lateral,leaflet,length,light,lilac,lobe,margin,mm,obtuse,odd-pinnate,ovate,ovoid,pedicel,peduncle,petiole,plant,pubescent,purple,rounded,seed,size,stem,stigma,style,subtending,terminal,tube,typically,unwinged,usually,violet,whitish,x	1-10,120-210,3-4,3-5,4,4-5,4.5-5,5-6,5-9,5-merou,50-70,6-13,7-35,?,abaxially,acumen,adaxially,ag,along,alyx,apart,apparently,arranged,articulated,ascending,attenuate,axe,bead,blade,brownish,capitat,cell,chartaceous,ciliate,condition,connivent,covering,different,digestion,dorsally,eaf,edge,eed,enzyme,erec,especially,exceeding,except,flat,flower,folded,fresh,geminat,glabrou,greatly,green-white,hair,hair-like,hal,head,homostylous,honeycomb-shaped,lengthening,like,living,long,lower,make,membranous,middle,midrib,minutely,moniliform,mucilaginous,multicellular,multiple,narrowly,necklace,nflorescence,non-glandular,often,orolla,pair,pentagonal,perfect,petiolulate,petiolule,plurifoliate,pore,poricidal,proximal,puberulent,reduced,removed,ripe,rotate,ruit,sessile,seudostipule,short,silky,silvery-white,slit,spaced,specimen,stamen,ste,stolon,straight,subequal,tall,tamen,tem,testal,tetralobulate,thick,throughout,tip,tri-,trichome,tuber,unit,vary,wall,wet,yellow,ympodial	appearance,arrangement,bark,border,branch,calyx,capitate,characteristic,colour,corrugation,exertion,form,fruiting,giving,glabrousnes,growth,height,history,inflorescence,leaf,life,lobing,midpoint,na,new,number,ovary,per,prickle,primary,pseudostipule,ray,shape,surface,texture,thicknes,type,variation,vein,width	1-2,1-2.5,1.5-2,1.5-4,10-35,12-13,14-50,2-3,2-5,2.5-8,25-90,3-8.5,3.5-4.5,4.5-8,6-16.5,7-8,acute,axillary,berry,bud,clavate,cm,cuneate,densely,distal,elliptic,forked,generally,glabrous,globose,grayish-green,green,greenish,half,herb,lanceolate,light,lilac,mm,obtuse,odd-pinnate,ovate,ovoid,plant,pubescent,purple,rounded,subtending,terminal,typically,unwinged,usually,violet,whitish,x	capitate,na
539	wfo-0001032532	success	160	124	60	75	85	49	55	5	0.3-2.5,1-4,1.5-2.6,1.5-3.2,1.5-4.3,13-52,15-30,2-10,2-13,2.8-3.6,2.8-9.5,3-10,3.4-12.2,3.7-10,4-5.5,6,6-22,acuminate,acute,apex,articulate,base,branched,calyx,cm,conical,connate,corolla,cuneate,cyme,deep,diameter,dichasial,dichasially,distal,ebracteate,elliptical,filament,finely,green,green-white,herbaceous,interjected,lateral,leaf,leaflet,light,lobe,long,long-attenuate,medium,mm,monochasial,mucilaginous,narrowly,oblique,odd-pinnate,ovate,ovoid,pedicel,peduncle,perennial,petiole,plant,pubescent,purple,rotate,rounded,seed,size,stigma,straight,style,terminal,wide	0-.,1-1.5,2,2-3,2-3-5,3-6-foliat,4.5,8-38,abaxiall,abaxially,absent,acumen,adaxially,apical,apically,attenuate,cell,coarsel,covering,dehiscent,digestion,diminishing,dorsally,eaf,edge,eed,emoval,enzyme,exceeding,flat,flower,folded,forked,generally,globo,gradually,hair-like,half,honeycomb,introrse,living,lon,lower,lunat,make,maturing,minute,nflorescence,nther,obtuse,often,orolla,pair,pattern,perfect,petiolule,plan,poricidally,proximal,reveal,ruit,sessile,seudostipule,short,slit,specimen,stamen,subequal,subsessile,tal,tem,testal,thick,throughou,throughout,tip,toward,tuber-bearing,typically,unit,vary,wall,yellow,ympodial,¼	0-2,anther,appearance,arrangement,bark,border,branch,bud,characteristic,coarsely,colour,corrugation,drying,exertion,form,fruit,fruiting,giving,glabrousnes,globose,growth,height,history,inflorescence,length,life,lobing,margin,midpoint,na,new,number,ovary,per,prickle,primary,pseudostipule,ray,shape,stem,surface,texture,thicknes,tube,type,variation,vein,wet,width	0.3-2.5,1-4,1.5-2.6,1.5-3.2,1.5-4.3,13-52,15-30,2-10,2-13,2.8-3.6,2.8-9.5,3-10,3.4-12.2,3.7-10,4-5.5,6,6-22,acuminate,acute,articulate,branched,cm,conical,connate,cuneate,cyme,deep,dichasial,dichasially,ebracteate,elliptical,finely,green,green-white,herbaceous,light,lobe,long,long-attenuate,medium,mm,monochasial,mucilaginous,narrowly,oblique,odd-pinnate,ovate,ovoid,perennial,pubescent,purple,rotate,rounded,straight,wide	0-2,coarsely,globose,na,wet
540	wfo-0001032536	success	254	162	104	131	123	31	103	1	/3,0.5,1,1-2.5,1.3-2.2,10,10-30,100,14-16,2-3,2.5-3,20-22,20-50,3-3.5,4-6,4-9,5,5-8,5.5-8,7-10,<,>,abruptly,acute,age,almost,anther,apex,appressed,armed,bark,basal-most,base,berry,bright,bristle,bristly,broad-based,brown,calyx,capitate,caudate,chartaceous,clavate,cm,conical,curved,dark,deeply,densely,depressed,diameter,elliptic,entire,fading,filament,flattened,fruit,fruiting,glabrous,glandular,globose,grayish,growth,inflorescence,lateral,leaf,leaf-opposed,length,lobe,lobed,long,margin,maturity,membranous,midpoint,minute,minutely,mixture,mm,multiseriate,narrowing,near,new,number,oblique,older,olive-green,once-branched,ovary,papillae,papillate,part,pedicel,peduncle,per,petiole,plant,poricidal,porrect,prickle,primary,pubescent,purple,ray,reddish,reniform,simple,slightly,small,somewhat,sparsely,stellate,stem,stigma,style,surface,tapering,terete,terminal,tip,tree,trichome,truncate,tube,unarmed,vein,way,white,wide,yellow-green	-3,1-2,1.5,10-20,10-50,13-24,20-25,3,3-6,4-8,5-6,5-merous,abaxial,abaxially,adaxial,adaxiall,adaxially,along,alyx,angle,anthesi,apar,around,articulated,axi,berr,blade,broadly,caudat,cell,clearly,coriaceous,cu,dbh,deltate,denser,difoliate,directed,diverging,eaf,eed,enlarged,equal,evenly,flower,free,geminate,glabrescent,glandular-puberulent,halfway,hanging,heterostylous,inflorescenc,infructesecnce,interpetalar,irregularly,juvenile,lamina,leaving,like,long-stalked,long-styled,lower,mature,midrib,midvein,mixed,multangulate,narrowly,nflorescence,occasionally,occurring,odor,open,orolla,oung,papillat,pentagonal,pericarp,pore,portion,potato,prickl,prickly,prominent,protuberance,rarely,reproductive,rough,ruit,scar,scattered,shallowly,short-,short-styled,slender,smooth,soft,spaced,spreading,stalk,staminate,stellate-pubescent,strongly,tall,tamen,thick,time,tissue,triangular,trunk,unequal,unit,upward,urceolate,usually,vary,visible,wood,woody,yellowish,ympodial,younger	appearance,arrangement,border,branch,bud,characteristic,colour,corolla,corrugation,distal,drying,exertion,form,giving,glabrousnes,height,history,interjected,leaflet,life,lobing,na,pseudostipule,seed,shape,size,texture,thicknes,type,variation,width	/3,0.5,1,1-2.5,1.3-2.2,10,10-30,100,14-16,2-3,2.5-3,20-22,20-50,3-3.5,4-6,4-9,5,5-8,5.5-8,7-10,<,>,abruptly,acute,age,almost,appressed,armed,basal-most,base,berry,bright,bristle,bristly,broad-based,brown,calyx,capitate,caudate,chartaceous,clavate,cm,conical,curved,dark,deeply,densely,depressed,diameter,elliptic,entire,fading,flattened,glabrous,glandular,globose,grayish,lateral,leaf-opposed,lobed,long,maturity,membranous,minute,minutely,mixture,mm,multiseriate,narrowing,near,oblique,older,olive-green,once-branched,ovary,papillae,papillate,part,per,petiole,poricidal,porrect,pubescent,purple,reddish,reniform,simple,slightly,small,somewhat,sparsely,stellate,tapering,terete,tip,tree,trichome,truncate,unarmed,way,white,wide,yellow-green	na
541	wfo-0001032542	success	161	135	78	95	66	40	76	2	.25,/4,0.5-1,0.7-1,1-1.3,1-1.5,1-5,10-15-flowered,10-28,2-3,2-3.5,3-4,4-7,4-9.5,4.5-5,5-8,acuminate,acute,adaxially,anther,apex,attenuate,bark,base,berry,bluish-green,bright,brown,calyx,capitate,cm,conical,corolla,dark,deflexed,dendritic,densely,dia,distal,elliptic,elliptic-obovate,exserted,filament,flattened-reniform,fruiting,glabrous,globose,golden,green,growth,incrassate,inflorescence,later,lateral,leaf,less,lobe,long,main,margin,minutely,mm,new,opposite,ovary,pair,pedicel,petiole,pitted,pubescent,reddish-brown,shape,shaped,shining,shrub,simple,size,slender,small,stem,stigma,strongly,style,surface,tear-drop,treelet,trichome,tube,vein,way,wide,x,yellow-green,yellowish,young	.25-0.5,.5,.5-1,1-2,1.5-3.5,2.5-5,3-5,abaxial,abaxially,along,anthesi,apical,axi,ba,basal,beginning,closely,compact,deltate,di,differing,difoliate,dry,eaf,edicel,eed,either,erect,free,geminat,inflorescenc,lamina,like,lobed,lon,loose,lower,major,minor,minute,narrowly,near,nflorescence,older,overlapping,papillo,persisten,planar,pore,poricidal,portion,rounded,ruit,scar,slightly,somewhat,spaced,sparsely,swollen,tip,triangular,tub,ud,unit,woody,ympodial	alternate,appearance,arrangement,border,branch,bud,characteristic,colour,corrugation,diameter,drying,exertion,form,fruit,giving,glabrousnes,height,history,interjected,leaflet,length,life,lobing,midpoint,na,number,peduncle,per,plant,prickle,primary,pseudostipule,ray,seed,terminal,texture,thicknes,type,variation,width	.25,/4,0.5-1,0.7-1,1-1.3,1-1.5,1-5,10-15-flowered,10-28,2-3,2-3.5,3-4,4-7,4-9.5,4.5-5,5-8,acuminate,acute,adaxially,apex,attenuate,base,berry,bluish-green,bright,brown,calyx,capitate,cm,conical,dark,deflexed,dendritic,densely,dia,elliptic,elliptic-obovate,exserted,flattened-reniform,glabrous,globose,golden,green,incrassate,later,lateral,leaf,less,long,main,margin,minutely,mm,opposite,pair,pitted,pubescent,reddish-brown,shaped,shining,shrub,simple,slender,small,strongly,tear-drop,treelet,trichome,tube,vein,way,wide,x,yellow-green,yellowish,young	alternate,na
542	wfo-0001032564	success	160	129	87	100	60	29	85	2	.05-0.1,.1,.5,0.25-0.5,0.3-1,1-1.3,1-1.5,1-2,1.3-2.5,1.5,2-2.5,4-5,4-6-flowered,5.5-9,6-7,8-9,along,anther,anthesi,apex,arched,bark,base,becoming,beneath,berry,branch,broadly,brown,bud,calyx,clavate,cm,conical,corolla,dark,deflexed,densely,dia,dry,elliptic,exserted,filiform,flattened,fresh,fruiting,glabrous,globose,green,greenish-white,greyish-red,leaf,lobe,lobed,long,long-acuminate,margin,material,minutely,mm,narrowly,nearly,ovary,ovate,ovoid-reniform,pair,papillose,pedicel,petiole,pitted,pore,poricidal,puberulent,reflexed,ripe,shaped,shiny,shrub,simple,soon,stem,stigma,strongly,style,surface,tan,tapering,tear-drop,thread-like,tip,trichome,truncate,tube,unifoliate,uniseriate,vein,winged,x,yellowish-green,young	.05,0.75-1,1-1.2,apar,apart,aspec,ba,converging,deltoid,eaf,edicel,eed,except,expanded,extreme,flower,geminate,giving,glabrate,golden,halfway,lamina,later,lateral,like,lower,main,member,middle,minute,nflorescence,node,non-reproductive,obovoi,often,older,one,open,opposite,papillo,planar,point,projection,prominent,proximal,raised,rounded,ruit,scar,slightly,small,straight,tall,time,tiny,ud,unit,widest,woody,ympodial	arrangement,characteristic,colour,corrugation,diameter,drying,exertion,filament,form,fruit,glabrousnes,growth,height,history,inflorescence,length,life,lobing,na,new,peduncle,perennial,plant,primary,seed,shape,size,texture,type	.05-0.1,.1,.5,0.25-0.5,0.3-1,1-1.3,1-1.5,1-2,1.3-2.5,1.5,2-2.5,4-5,4-6-flowered,5.5-9,6-7,8-9,along,anthesi,arched,base,becoming,beneath,berry,broadly,brown,calyx,clavate,cm,conical,dark,deflexed,densely,dia,dry,elliptic,exserted,filiform,flattened,fresh,glabrous,globose,green,greenish-white,greyish-red,leaf,lobe,lobed,long,long-acuminate,material,minutely,mm,narrowly,nearly,ovate,ovoid-reniform,pair,papillose,pitted,pore,poricidal,puberulent,reflexed,ripe,shaped,shiny,shrub,simple,soon,strongly,surface,tan,tapering,tear-drop,thread-like,tip,trichome,truncate,unifoliate,uniseriate,vein,winged,x,yellowish-green,young	na,perennial
543	wfo-0001032569	success	164	132	74	88	76	44	71	3	.5,/3,0.8-1,1-1.2,1-2,1-4,1.2-5,1.5-2,1.7-2,2-3,4-18,5-6,7-27,7-9,acute,anther,apex,bark,base,berry,bilobed,branched,broadly,brown,calyx,cm,conical,corolla,corrugated,dark,decurrent,dendritic,densely,dia,drying,ellipsoid,elliptic,erect,exserted,filament,flattened,fleshy,fruiting,glabrous,globose,green,inflorescence,irregularly,later,lateral,leaf,lobe,lobed,main,margin,matted,minutely,mm,occasionally,onto,ovary,ovate,pair,papillose,pedicel,petiole,pitted,pubescent,reniform,shaped,shrub,simple,size,splitting,stem,stigma,strongly,style,surface,tear-drop,thick,triangular,trichome,tube,vein,way,white,x	0.5-10,1-1.5,1.5,2-4,4-8,5-60-flowered,abaxially,adaxially,along,anthesi,apparently,appearing,axi,bearing,bullate,cell,closely,deflexed,dense,denser,differing,difoliate,dry,eaf,edicel,eed,free,geminate,golden,gra,incrassate,lea,like,lon,long,los,lower,major,mature,middle,minor,moderately,nflorescence,obscured,open,opposite,otherwise,paler,papillo,pericar,planar,pore,poricidal,portion,present,pubecsence,rich,ruit,scar,somewhat,spaced,sparsely,stone,tall,time,tip,tub,tuft,ud,unifoliate,unit,waxy,widest,woody,ympodial,young	alternate,appearance,arrangement,border,branch,bud,characteristic,colour,corrugation,diameter,distal,exertion,form,fruit,giving,glabrousnes,gray,growth,height,history,interjected,leaflet,length,life,lobing,midpoint,na,new,number,peduncle,per,plant,prickle,primary,pseudostipule,ray,seed,shape,terminal,texture,thicknes,type,variation,width	.5,/3,0.8-1,1-1.2,1-2,1-4,1.2-5,1.5-2,1.7-2,2-3,4-18,5-6,7-27,7-9,acute,apex,base,berry,bilobed,branched,broadly,brown,calyx,cm,conical,corrugated,dark,decurrent,dendritic,densely,dia,ellipsoid,elliptic,erect,exserted,flattened,fleshy,glabrous,globose,green,irregularly,later,lateral,lobed,main,matted,minutely,mm,occasionally,onto,ovate,pair,papillose,petiole,pitted,pubescent,reniform,shaped,shrub,simple,splitting,strongly,tear-drop,thick,triangular,trichome,tube,vein,way,white,x	alternate,gray,na
544	wfo-0001032576	success	227	147	91	110	117	37	87	4	/5,0-5,0.3-0.7,0.5-1,0.5-2,0.5-4,0.8-1.2,0.8-1.4,1.5-2,1.5-2.3,1.5-7.5,1.8-2.5,1/3,2-4,3-14,4,4-6,acute,anther,apex,apically,apparently,articulated,bark,base,berry,bright,brown,brown-green,calyx,cell,chartaceous,cm,cuneate,deltate,densely,diameter,dull,ellipsoid,entire,erect,evenly,filament,flattened-reniform,fruit,glabrescent,glandular,gray,green,hair,herb,lanceolate,lateral,leaf,length,lobe,lobed,long,margin,maturity,membranous,midpoint,minutely,mm,moderately,obtuse,often,orange-brown,outline,ovate,pair,pedicel,peduncle,per,petiole,pit,poricidal,prickle,prickly,primary,purple,raised,ray,red,red-green,reflexed,reticulate,shiny,shrub,simple,small,sparsely,spherical,spreading,stellate-pubescent,stem,style,surface,tapering,terminal,tip,tube,upper,vein,way,white,wide,yellow,yellow-green,young	-10,-12,/4,0-1.5,0-2,0-3,0-30,0.1,0.1-0.15,0.1-0.2,0.1-0.25,0.3-0.5,0.5-1.5,0.8-2,1-3,1-4,1.2-1.8,1/2-2/3,1/3-1/6,2-10,2-3,2-5,2.5-3,2.5-4,4-5-merous,4-6-8,4-6.5,5-30,6-8,7-8,abaxially,acuminat,alyx,apar,apart,ascendant,ba,blade,branched,branching,brow,concolorous,conical,curved,difoliate,distance,drying,eaf,eed,elongating,equal,extending,eye,faint,flattened,flower,free,fruiting,geminat,glabrous,gland,globular,herbaceous,infructescence,longer,lower,mature,midvein,naked,narrow-deltate,narrow-ovate,near,nflorescence,obovate,older,one,open,orolla,oung,pale,perfec,pericarp,porrect,portion,prickl,reduced,rounded,ruit,scandent,scar,sessile,short,shorter,side,slender,slightly,smooth,sometimes,spaced,stalk,stalked,stellate,straight,tamen,tertiary,time,trichome,unarmed,unit,usually,variously,vary,venation,visible,woody,yellow-orange,ympodial	15-30,acuminate,appearance,arrangement,border,branch,bud,characteristic,colour,corolla,distal,exertion,form,giving,glabrousnes,growth,height,history,inflorescence,leaflet,life,lobing,na,new,number,ovary,perennial,plant,pseudostipule,seed,shape,size,texture,thicknes,type,variation,width	/5,0-5,0.3-0.7,0.5-1,0.5-2,0.5-4,0.8-1.2,0.8-1.4,1.5-2,1.5-2.3,1.5-7.5,1.8-2.5,1/3,2-4,3-14,4,4-6,acute,apically,apparently,articulated,base,berry,bright,brown,brown-green,cell,chartaceous,cm,cuneate,deltate,densely,diameter,dull,ellipsoid,entire,erect,evenly,flattened-reniform,glabrescent,glandular,gray,green,hair,herb,lanceolate,lateral,lobed,long,maturity,membranous,minutely,mm,moderately,obtuse,often,orange-brown,outline,ovate,pair,pit,poricidal,prickly,purple,raised,red,red-green,reflexed,reticulate,shiny,shrub,simple,small,sparsely,spherical,spreading,stellate-pubescent,tapering,terminal,tip,upper,way,white,wide,yellow,yellow-green,young	15-30,acuminate,na,perennial
545	wfo-0001032595	success	197	167	109	119	78	48	107	2	-pilose,0-0.5-3.5,0.5-1,1-2,1-3,1.5-2,1.5-2.5,1.5-4.5,1.5-5,15-25,15-40,2-4,2.3-24,25-40,3-10,3-12-25,3-4,4-25,4-7,5-6,6-7,abaxially,acuminate,acute,adaxially,along,also,anther,apex,apical,apiculate,articulated,axe,basal,base,branch,branched,brownish-purple,calyx,cm,connivent,cordate,cucullate,deeply,deltate,densely,diameter,dull,eglandular,ellipsoidal,entire,filament,finely,flattened,flower,fork,forked,fruit,fruiting,fusiform,glabrous,gland,glandular,greenish,hair,lanceolate,leaf-opposed,leaving,lobe,long,loosely,margin,mature,mm,moderately,narrowly,near,oblique,often,ovate,ovoid,pale,pedicel,pedicellar,peduncle,per,perfect,petiole,pilose,prominent,pseudohair,puberulent,pubescent,rarely,remnant,reniform,rugulose,shallow,shrub,simple,slightly,small,sparsely,stellate,stigma,style,subcoriaceous,tip,tree,triangular,truncate,tube,two,unbranched,vein,violet,white,x,yellow	1,1-2.5,1-6,1-6.5-20,12-16,2-3,3-4-foliate,3-5,4-5,5-merou,9-14,accrescen,aggregate,alyx,apart,ape,blade,brownish,cell,ciliat,connective,coriaceous,cream,crow,dense,denser,dilated,directed,distally,eaf,eed,equal,exceeding,free,geminate,homostylous,larg,lon,longitudinal,lower,m.,major,midrib,nflorescence,opening,orolla,part,pilo,pore,produced,purple,purplish,rachi,ruit,shorter,side,single,slit,spaced,spreading,stamen,stone,strongly,swelling,tall,tamen,tem,thecae,time,tomentose,toward,trunk,ud,umbrella-shaped,unit,vary,wide,ympodial	appearance,arrangement,bark,border,bud,characteristic,colour,corolla,corrugation,distal,drying,exertion,form,giving,glabrousnes,growth,height,history,inflorescence,interjected,lateral,leaf,leaflet,length,life,lobing,midpoint,na,new,number,ovary,perennial,plant,prickle,primary,pseudostipule,ray,seed,shape,size,stem,surface,terminal,texture,thicknes,type,variation,width	-pilose,0-0.5-3.5,0.5-1,1-2,1-3,1.5-2,1.5-2.5,1.5-4.5,1.5-5,15-25,15-40,2-4,2.3-24,25-40,3-10,3-12-25,3-4,4-25,4-7,5-6,6-7,abaxially,acuminate,acute,adaxially,along,also,apex,apical,apiculate,articulated,axe,basal,base,branch,branched,brownish-purple,cm,connivent,cordate,cucullate,deeply,deltate,densely,diameter,dull,eglandular,ellipsoidal,entire,finely,flattened,flower,fork,forked,fruit,fusiform,glabrous,gland,glandular,greenish,hair,lanceolate,leaf-opposed,leaving,lobe,long,loosely,margin,mature,mm,moderately,narrowly,near,oblique,often,ovate,ovoid,pale,pedicellar,perfect,pilose,prominent,pseudohair,puberulent,pubescent,rarely,remnant,reniform,rugulose,shallow,shrub,simple,slightly,small,sparsely,stellate,subcoriaceous,tip,tree,triangular,truncate,two,unbranched,violet,white,x,yellow	na,perennial
