	coreid	status	nwords_original	nwords_result	nwords_val	nwords_recovered	nwords_omitted	nwords_created	nwords_recovered_val	nwords_created_val	common_words	original_only	result_only	common_words_val	val_only
0	wfo-0001025652	success	156	111	75	97	59	14	75	0	.3,.5,0.5-1,1,1-1.5,1.5-2,10-20,15-17,15-19,2-5,2-6,20-50,3-3.5,3-5-flowered,4,4-6,4-7,9-11,abruptly,acuminate,acute,anther,anthesi,apex,bark,base,bilobed,calyx,campanulate,cm,connate,corolla,decurrent,densely,elliptic,filament,fleshy,flower,furcate,glabrate,glabrous,green,greyish,growth,lateral,leaf,lobed,main,matte,minor,minutely,mm,narrowing,nearly,new,occasionally,opposite,ovary,ovoid-reniform,pair,pale,paler,papillose,parallel,pedicel,petiole,pinkish-grey,pitted,planar,plant,pore,poricidal,red-papillose,shape,shaped,shiny,shrub,simple,size,small,stem,stigma,strongly,style,surface,tan,tear-drop,tightly,tip,tree,tube,vein,white,wing,winged,x,young	2-3,3-5,appearing,blade,broad,closed,closely,completely,dia,differing,difoliate,dry,eaf,edicel,eed,emerge,envelope,free,fruit,geminat,greyi,growing,irregular,like,live,lobe,lon,long,lower,major,margin,middle,minute,nflorescence,older,one,onto,overlappin,ovoid,papillae,papillo,portion,rather,ry,scar,soon,spaced,specimen,straight,tall,tapering,tear,thick,thicker,ud,unit,wider,widest,ympodial	abaxial,adaxial,colour,connective,form,height,inflorescence,length,number,position,seed,texture,venation,width	.3,.5,0.5-1,1,1-1.5,1.5-2,10-20,15-17,15-19,2-5,2-6,20-50,3-3.5,3-5-flowered,4,4-6,4-7,9-11,abruptly,acuminate,acute,anthesi,base,bilobed,calyx,campanulate,cm,connate,decurrent,densely,elliptic,fleshy,furcate,glabrate,glabrous,green,greyish,lateral,leaf,lobed,main,matte,minutely,mm,narrowing,nearly,occasionally,opposite,ovoid-reniform,pair,pale,paler,papillose,parallel,pinkish-grey,pitted,planar,poricidal,red-papillose,shaped,shiny,shrub,simple,small,strongly,tan,tear-drop,tightly,tip,tree,tube,vein,white,winged,x	
1	wfo-0001025657	success	239	115	70	92	147	23	69	1	0.1-0.4,0.2-0.4,0.5-2.5,1-1.1,1-1.3,1-1.6,1-3,1.2-1.5,1.5-1.8,2-10,2.7-4.3,3-6,4-4.4,5-14,5-16,6-12,6-8,7-27,7-9,8.3-12,acute,anther,apex,base,bluish,blunt-tipped,branch,branched,brown,bud,chartaceous,cm,conical,cordate,corolla,dark,deltoid,diameter,dried,elliptic,entire,flower,fruit,granular,green,hair,lateral,leaf,length,main,margin,mm,narrowly,oblong,orbicular,ovate,pale,pedicel,peduncle,persistently,petiole,plurifoliate,pore,poricidal,pseudo-terminal,rachi,reticulate-punctate,ripe,scented,shrub,simple,soft,stellate,stigma,strongly,style,suborbicular,surface,tan,tip,tomentose,tomentose-pubescent,tree,unarmed,unit,vein,velutinous-pubescent,white,x,yellow,yellowish,young	-2,/3,1.3-2,1.7-1.9,12x,2-3.5,2.2-5.5,2.5-9.3,2/3,25-60,3-4,3-4.8,3.2-6,4-4.5,4-7,6.5-10,7-9.5,8-10.5,abaxially,accrescent,adaxially,ag,also,anthesi,apart,apparently,appearing,ark,around,articulated,ascending,axe,axillary,ba,berry,blade,broadly,calyx,capitat,central,closely,cylindrical,dendritic-multangulat,dendritic-multangulate,dense,densely,directed,distally,due,eaf,earl,edge,eed,especially,evident,exerted,expanded,exserted,farinose,few-rayed,filament,fleshy,free,fruiting,glabrous,glandula,glandular,half,inserted,lanate-pubescent,lanceolate,lengthening,light,lobe,lobed,long,long-stalked,longitudinal,lower,m.,magnification,midrib,minutely,mixed,multangulate,nearly,nflorescence,obtuse,occasional,often,older,open,orolla,ovat,ovate-lanceolate,overlapping,part,parted,partly,perfect,persistent,porrect-stellate,present,pubescence,pubescent,ray,reportedly,ruit,semi-ovate,sessile,short,short-,short-stalked,side,slightly,slit,somewhat,spaced,splitting,stamen,stellate-pubescent,stem,stipitate-glandular,stipitate-multangulate,subcampanulate,subcoriaceous,suture,tall,tamen,terete,thick-stalked,thickened,thin-stalked,time,tomentum,transparent,tube,two-third,ud,unarme,upper,usually,vary,way,weakly,wide,ympodial	abaxial,adaxial,arming,arrangement,bark,branching,capitate,colour,form,growth,height,inflorescence,ovary,plant,position,scent,seed,shape,size,structure,sympodial,texture,type	0.1-0.4,0.2-0.4,0.5-2.5,1-1.1,1-1.3,1-1.6,1-3,1.2-1.5,1.5-1.8,2-10,2.7-4.3,3-6,4-4.4,5-14,5-16,6-12,6-8,7-27,7-9,8.3-12,acute,bluish,blunt-tipped,branched,brown,chartaceous,cm,conical,cordate,dark,deltoid,diameter,dried,elliptic,entire,flower,fruit,granular,green,mm,narrowly,oblong,orbicular,ovate,pale,persistently,plurifoliate,poricidal,pseudo-terminal,reticulate-punctate,ripe,scented,shrub,simple,soft,stellate,strongly,suborbicular,tan,tip,tomentose,tomentose-pubescent,tree,unarmed,velutinous-pubescent,white,x,yellow,yellowish	capitate
2	wfo-0001025669	success	214	128	86	107	107	21	82	4	.5,0-7,0.1-0.3,1,1-10,1-2,1-2.2,1-4,1.3-4.2,1.4-2.5,13-35,2-3,2-4,2.2-6,2.2-6.5,2.4-7,3-5,3-7,4-6,9-24.5,absent,anther,base,blade,blue,broadly,brownish,cell,chartaceous,clavate,cm,condition,corolla,diameter,digestion,drying,end,enzyme,extra,filament,flower,fresh,fruit,glabrous,globose,green,greenish,hair,herb,homostylous,honeycomb-shaped,interjected,lanceolate,lateral,leaflet,lengthening,lobe,long,membranous,minute,mm,moderately,monochasium,mottled,obovate,odd-pinnate,one,orbicular,ovoid,pair,pedicel,peduncle,petiole,placed,plant,pore,poricidal,pubescent,purple,rarely,removed,ripe,rotate,scale-like,seed,size,slightly,slit,sometimes,stem,stigma,straight,streaked,style,subglabrous,terminal,testal,tinged,tip,tube,tuber,typically,wall,white,whitish,wide,x	0-1,0-5,0.8-2.4,1-3,1.6-4.4,2,5-merou,abaxially,absen,acumen,acuminate,acute,adaxially,ag,along,alyx,apart,apex,apparently,articulation,axe,berry,capitat,ciliate,clearly,connivent,contracted,covering,cuneate,decurrent,discussion,distal,distinct,dorsally,eaf,edge,eed,elliptic,erec,especially,exceeding,except,flat,flowered,folded,forming,geminat,glabrou,greatly,green-white,hair-like,half,highly,larger,like,living,lower,make,margin,midrib,minutely,mucilaginous,multicellular,near,nflorescence,oblique,obtuse,often,orolla,ovate,perfect,petiolulate,petiolule,plurifoliate,proximal,puberulent,reduced,rosette,rounded,ruit,see,sessile,seudostipule,short,single,spaced,species,specimen,stamen,ste,stolo,subequal,tall,tamen,tem,thick,throughout,tri-,truncate,unbranched,unequal,unit,unwinged,vary,wet,yellow,ympodial	5-merous,age,arrangement,calyx,capitate,colour,form,growth,height,inflorescence,leaf,length,ovary,placement,pseudostipule,shape,spacing,staman,stolon,texture,type	.5,0-7,0.1-0.3,1,1-10,1-2,1-2.2,1-4,1.3-4.2,1.4-2.5,13-35,2-3,2-4,2.2-6,2.2-6.5,2.4-7,3-5,3-7,4-6,9-24.5,absent,base,blue,broadly,brownish,chartaceous,clavate,cm,condition,digestion,drying,end,enzyme,extra,flower,fresh,glabrous,globose,green,greenish,herb,homostylous,honeycomb-shaped,lanceolate,lateral,lengthening,long,membranous,minute,mm,moderately,monochasium,mottled,obovate,odd-pinnate,one,orbicular,ovoid,placed,pore,poricidal,pubescent,purple,rarely,removed,ripe,rotate,scale-like,slightly,slit,sometimes,straight,streaked,subglabrous,tinged,tip,typically,wall,white,whitish,wide,x	5-merous,age,capitate,stolon
3	wfo-0001025697	success	181	123	77	100	81	23	74	3	-9,0-14,0.15-0.75,0.8-2,1-1.7,1-2,1-3,1.5-1.8,1.7-8.6,10-26,2-2.6,2-4,2-6,25-35,3-10,3-4,3-5,3-6,3.3-11,4-7.5,5.5-11.5,6.5-13.5,acumen,anther,blade,blue,brownish,cell,clavate,cm,condition,coriaceous,corolla,dark,deep,diameter,digestion,distal,dorsally,drying,edge,elliptic,enzyme,filament,flat,flower,folded,forked,fresh,fruit,glabrescent,glabrous,globose,green,greenish,hair,half,herb,high,homostylous,honeycomb-shaped,interjected,lanceolate,lateral,leaf,leaflet,light,lilac,lobe,long,medium,mm,odd-pinnate,ovate,ovoid,pair,pedicel,peduncle,pentagonal,petiole,plant,pore,poricidal,purple,removed,rotate,seed,short,size,stigma,straight,stripe,style,terminal,testal,tip,tube,wall,whitish,x	0.6-3.5,2-10.5,5-merou,abaxially,acuminate,acute,adaxiall,adaxially,ag,alyx,apart,apex,apparently,articulated,asymmetric,attenuate,axe,axillary,base,basiscopic,berry,bud,capitat,connivent,covering,decreasing,decurrent,eaf,eed,erec,exceeding,geminat,generally,glabrou,green-white,hair-like,hal,lengthening,linear,living,lower,make,mucilaginous,nflorescence,orbicular,orolla,perfect,petiolulate,plurifoliate,rachi,ripe,rounded,ruit,sessile,seudostipule,side,slightly,slit,spaced,specimen,stamen,subequal,subglabrou,subtending,tall,tamen,tem,thick,throughout,tissue,toward,tri-,typically,unit,unwinged,usually,vary,wet,wood,yellow,ympodial	abaxial,adaxial,arrangement,articulation,branching,calyx,capitate,colour,form,growth,height,inflorescence,length,ovary,pseudostipule,shape,spacing,staman,stem,subglabrous,symmetry,texture,woody	-9,0-14,0.15-0.75,0.8-2,1-1.7,1-2,1-3,1.5-1.8,1.7-8.6,10-26,2-2.6,2-4,2-6,25-35,3-10,3-4,3-5,3-6,3.3-11,4-7.5,5.5-11.5,6.5-13.5,blue,brownish,clavate,cm,condition,coriaceous,dark,deep,diameter,digestion,distal,dorsally,drying,elliptic,enzyme,flat,folded,forked,fresh,glabrescent,glabrous,globose,green,greenish,hair,half,herb,high,homostylous,honeycomb-shaped,lanceolate,lateral,light,lilac,long,medium,mm,odd-pinnate,ovate,ovoid,pentagonal,poricidal,purple,removed,rotate,short,straight,stripe,tip,wall,whitish,x	capitate,subglabrous,woody
4	wfo-0001025699	success	181	135	83	111	70	24	81	2	.2,.5,0.5,1,1-1.5,1-2,1-2.5,1-3,1.5,1.5-2,1/3,15-20,2,2cm,3-15,4-5,5-8,8-9,absent,acute,almost,anther,anthesi,apart,apex,attenuate,bark,base,becoming,branching,brown,c.,calyx,campanulate,capitate,cm,completely,conical,corolla,crystal,dark,darker,deltate,densely,diameter,ellipsoid,elliptic,entire,exerted,filament,flower,fruiting,glabrous,globose,green,grey-brown,growth,immature,inflorescence,leaf,leaf-opposed,leafy,less,lobe,lobed,margin,markedly,minutely,mm,narrowly,new,older,ovary,pair,pale,pedicel,peduncle,petiole,plurifoliate,pore,poricidal,primary,red,reniform,reticulate-pitted,rounded,rounded-sagittate,sand,scar,shoot,short,simple,slightly,somewhat,stem,stigma,style,surface,time,tip,tree,tube,unit,vein,way,white,white-spotted,wide,wing,x,Â½	10,2-2.5,2-6,3-3.5,3-5.5,3-8,499,5-winged,5.5-14,abaxially,adaxially,age,apparently,appearing,articulating,berry,conspicuously,continuing,corrugate,cup-shaped,difoliate,dorsal,dry,drying,eaf,eed,erect,face,fide,free,glabrou,included,inclusion,inflorescenc,irregularly,lanceolate,leaving,lengthening,lower,midrib,nflorescence,nodding,one,onto,oxalate,papillat,papillose,peg,penden,per,perfect,portion,reddish,ruit,slit,small,spaced,stearn,straight,strongly,tangled,thickened,triangular,trichome,ud,winged,woody,yellow,ympodial,young	articulation,bud,colour,corrugated,corrugation,exsertion,form,fruit,glabrousnes,length,number,papillate,position,seed,shape,side,size,spacing,spotting,structure,sympodial,texture,type,width	.2,.5,0.5,1,1-1.5,1-2,1-2.5,1-3,1.5,1.5-2,1/3,15-20,2,2cm,3-15,4-5,5-8,8-9,absent,acute,almost,apart,attenuate,base,becoming,brown,c.,calyx,campanulate,capitate,cm,completely,conical,crystal,dark,darker,deltate,densely,diameter,ellipsoid,elliptic,entire,exerted,glabrous,globose,green,grey-brown,immature,leaf-opposed,leafy,less,lobed,markedly,minutely,mm,narrowly,pair,pale,plurifoliate,poricidal,red,reniform,reticulate-pitted,rounded,rounded-sagittate,sand,shoot,short,simple,slightly,somewhat,time,tip,tree,tube,way,white,white-spotted,wide,x,Â½	corrugated,papillate
5	wfo-0001025700	success	189	117	81	98	91	19	79	2	0-16,0.30-2.0,0.5-2,0.7-2.7,0.8-2.6,1-3,1.5-2,10-40,10.5-12,15-40,2-12,2-7,2.5-4,3-8,3.5-10.5,4-5,5-15,5-20,5.3-17.5,5.5-18,5.5-8,9-31,abaxially,acumen,adaxially,anther,blade,brownish,cell,chartaceous,clavate,cm,condition,corolla,covering,diameter,dot,drying,filament,flower,forked,fresh,fruit,glabrescent,glabrous,globose,green,green-white,greenish,hair,hair-like,herb,homostylous,interjected,lanceolate,lateral,leaf,leaflet,lilac,lobe,long,make,medium,mm,mucilaginous,narrowly,odd-pinnate,ovoid,pedicel,peduncle,pentagonal,petiole,plant,pore,poricidal,purple,ripe,rotate-pentagonal,seed,short,size,sometimes,stigma,straight,style,terminal,testal,thick,throughout,tip,tube,unwinged,wall,wet,white,whitish,winged,x	0.8-4,1-2,1.1-2.3,3-4,3.7-8.6,5-merou,acuman,acuminate,acute,ag,alyx,apex,apiculate,apparently,articulated,asymmetric,attenuate,axe,axillary,basal,base,basiscopic,berry,bud,capitat,connivent,considerably,decrease,decreasing,digestion,distal,dorsally,eaf,edge,eed,elliptic,enzyme,erec,exceeding,except,flat,folded,geminat,generally,glabrou,hal,half,high,honeycomb-shaped,larger,lengthening,light,linear,living,lower,nflorescence,orbicular,orolla,ovate,pair,par,perfect,petiolulate,plurifoliate,proximal,removed,rounded,ruit,sessile,seudostipule,side,slightly,slit,specimen,stamen,subequal,subglabrou,subtending,tall,tamen,tem,tissue,toward,tri-,typically,unit,usually,vary,whose,yellow,ympodial	arrangement,branching,calyx,capitate,colour,form,growth,height,inflorescence,length,number,ovary,pseudostipule,shape,staman,stem,subglabrous,texture,winging	0-16,0.30-2.0,0.5-2,0.7-2.7,0.8-2.6,1-3,1.5-2,10-40,10.5-12,15-40,2-12,2-7,2.5-4,3-8,3.5-10.5,4-5,5-15,5-20,5.3-17.5,5.5-18,5.5-8,9-31,abaxially,acumen,adaxially,brownish,cell,chartaceous,clavate,cm,condition,corolla,covering,diameter,dot,drying,forked,fresh,glabrescent,glabrous,globose,green,green-white,greenish,hair,hair-like,herb,homostylous,lanceolate,lateral,lilac,long,make,medium,mm,mucilaginous,narrowly,odd-pinnate,ovoid,pentagonal,poricidal,purple,ripe,rotate-pentagonal,seed,short,sometimes,straight,testal,thick,throughout,tip,unwinged,wall,wet,white,whitish,winged,x	capitate,subglabrous
6	wfo-0001025704	success	247	113	82	92	155	21	79	3	/6,0.7-1,1.2-3,1/2-4/5,1/5,3-10,4-12,4.5-6.5,8-17,abaxial,abaxially,acute,adaxial,almost,anther,apex,auriculate,base,berry,branched,calyx,chartaceous,cm,connivent,cordate,covering,curved,densely,ellipsoid,elliptic,elongating,equal,evenly,flattened-reniform,flower,fruit,fruiting,glabrescent,green,green-yellow,irregular,lateral,leaf,length,less,lobed,lower,margin,mature,maturity,mauve,mm,occasionally,often,orange,orange-brown,outline,ovate,pale,per,petiole,poricidal,prickle,rarely,red-green,round,shape,shrub,small,sometimes,somewhat,spherical,stellate,stellate-pubescent,stem,straight,style,surface,tapering,terminal,tip,tree,truncate,unbranched,upper,way,white,white-gray,yellow,yellow-green,yellowish,young	0-10,0-100,0-2,0-3.5,0-5,0.1,0.1-0.3,0.1-0.5,0.15-0.8,0.3-0.8,0.5-1.5,1,1-2,1-3,1-3.5,1-4,1-5,1-6,1.5-2,1.5-3.2,1.5-4.5,1.8-3.5,1/4-3/4,2,2-10,2-3,2-4.5,2-5,2-7,2.5-4.5,2.7-4,3-15,3-5,3-6,4-5,5-20,5-merous,6-12,6-15,8-12,8-15,age,alyx,andromonoecious,apar,apart,apically,apiculate,apparently,articulated,axe,ba,bark,blade,broad-deltate,brow,cell,deltate,development,diameter,discolorous,distal,distance,drying,eaf,eed,end,erect,extending,filament,flattened,free,glabrous,gray,half,hermaphrodite,heterostylous,infructescence,lobe,lobing,long,long-styled,longer,lowermost,midpoint,midvein,moderately,multangulate,near,nflorescence,obtuse,older,one,open,orolla,oung,pair,pedicel,peduncle,pendulous,pericarp,pit,plant,plurifoliat,porrect,portion,prickl,prickly,primary,prominent,raised,ray,recurved,red-brown,reflexed,retaining,rounded,ruit,scar,secondary,sessile,short-styled,shorter,side,slender,smooth,spaced,sparsely,spreading,stalk,stalked,staminat,stellate-pubescen,stout,strongly,tamen,terete,tertiary,throughout,time,trichome,tube,unarmed,unit,variously,vary,vein,venation,visible,warty,wide,widening,woody,ympodial,Ã	50-100,branching,colour,corolla,form,growth,hair,heteromorphism,inflorescence,na,needle-like,number,orientation,ovary,placement,position,seed,staman,texture,type,width	/6,0.7-1,1.2-3,1/2-4/5,1/5,3-10,4-12,4.5-6.5,8-17,abaxially,acute,almost,auriculate,base,berry,branched,chartaceous,cm,connivent,cordate,covering,curved,densely,ellipsoid,elliptic,elongating,equal,evenly,flattened-reniform,fruit,glabrescent,green,green-yellow,irregular,lateral,leaf,less,lobed,lower,mature,maturity,mauve,mm,occasionally,often,orange,orange-brown,outline,ovate,pale,per,poricidal,rarely,red-green,round,shrub,small,sometimes,somewhat,spherical,stellate,stellate-pubescent,stem,straight,surface,tapering,terminal,tip,tree,truncate,unbranched,upper,way,white,white-gray,yellow,yellow-green,yellowish,young	50-100,na,needle-like
7	wfo-0001025729	success	177	117	81	101	76	16	80	1	.5,/4,0.25-0.5,0.7-1.2,1-1.5,1-5,1.75,2,2-3.5,3-6,4-5,4-8,5-50-flowered,6-8,9-17,abaxial,abaxially,acute,adaxially,anther,apex,apiculate,axil,bark,base,blackish,bud,calyx,cm,corolla,covering,deflexed,densely,dia,diam,dirty,drying,elliptic,filament,flattened-reniform,fruiting,furcate,glabrous,globose,green,greenish-yellow,greyish-brown,lamina,lateral,leaf,lobed,long,main,member,minor,minutely,mm,oblique,occasionally,opposite,ovary,overlapping,pair,pale,papillose,pedicel,petiole,pit,pitted,plant,pore,pubescent,ripening,rounded,scar,shaped,shiny,short,simple,size,sparsely,stem,stigma,stout,style,surface,tear-drop,tip,touching,tree,treelet,trichome,tuft,uniseriate,usually,vein,way,white,woody,x,yellow	-20,1.1-1.5,1.2-1.8,1.5-2,20,7-8,abrupt,along,anthesi,apar,apical,appearing,basal,berry,black,branched,bright,bristly,covered,cyathiform,dark,deltoid,denser,differing,difoliate,eaf,edicel,eed,enclosed,expanded,f,fleshy,free,geminat,gently,glabrou,growing,incrassate,lat,like,live,lobe,lon,lower,m.,mainly,major,margin,middle,minute,nflorescence,often,older,one,overtopping,papillo,partially,poricidal,portion,prominent,quite,raised,reflexed,ruit,straight,tall,tapering,terminal,tub,tube,ud,unit,widening,widest,ympodial,young	4-20,branching,colour,flower,form,fruit,growth,hair,height,inflorescence,length,number,position,seed,shape,texture	.5,/4,0.25-0.5,0.7-1.2,1-1.5,1-5,1.75,2,2-3.5,3-6,4-5,4-8,5-50-flowered,6-8,9-17,abaxial,acute,apiculate,axil,base,blackish,bud,cm,covering,deflexed,densely,dia,diam,dirty,drying,elliptic,flattened-reniform,furcate,glabrous,globose,green,greenish-yellow,greyish-brown,lamina,lateral,leaf,lobed,long,main,member,minutely,mm,oblique,occasionally,opposite,overlapping,pair,pale,papillose,pit,pitted,pubescent,ripening,rounded,shaped,shiny,short,simple,sparsely,stout,tear-drop,tip,touching,tree,treelet,trichome,tuft,uniseriate,usually,vein,way,white,woody,x,yellow	4-20
8	wfo-0001025749	success	215	78	47	58	157	20	46	1	0.2-1.5,0.3-1.5,1-13,2.5-6,5-20,abaxial,adaxial,anther,berry,branched,calyx,chartaceous,cm,dark,dull,elongating,equal,flattened,flattened-reniform,flower,fruit,fruiting,glabrous,green-brown,lateral,leaf,length,lobed,long,margin,markedly,maturity,mauve,mm,narrow-deltate,orange-brown,orange-red,orbicular,ovate,pale,per,petiole,poricidal,prickle,rarely,red-brown,shrub,spherical,spreading,stellate-pubescent,straight,straw-yellow,tapering,tip,white,yellow,yellow-green,yellow-orange	.5,/5,0-10,0-3,0-5,0-6,0-8,0.1,0.1-0.2,0.1-0.3,0.1-0.4,0.2,0.4-0.7,0.5-0.8,0.5-0.9,0.5-1,0.5-1.3,0.5-3,0.6-4.5,0.8-0.9,1,1-10,1-2,1-3,1-6,1-8.5,1-9,1.5,1.5-2,1.5-2.5,1/4-1/3,1/5-1/2,2-10,2-2.5,2/3,3-20,3-5,4-8,5-10-12,5-6-8,5-merous,6-8,abaxially,acuminat,acute,adaxially,adnate,almost,alyx,apar,apart,apex,apically,apparently,articulated,bark,base,blade,broad-deltate,concolorous,cuneate,curved,densely,diameter,difoliate,discolorous,distance,drying,eaf,eed,erect,extending,filament,filiform,free,geminat,gently,glabrescent,gray,herbaceous,indistinct,infructescence,light,lobe,lon,long-ovate,longer,lower,magnification,mature,midpoint,midvein,moderately,narrow-ovate,nflorescence,oblong,obtuse,occasionally,older,one,open,orange-brow,orolla,oung,pair,pedicel,peduncle,pendulous,perfec,pericarp,porrect,portion,prickl,prickly,primary,procumbent,purple,ray,recurved,reduced,rounded,ruit,scar,sessile,shorter,side,smooth,sometimes,spaced,sparsely,stalk,stalked,stellate,stem,strongly,style,surface,tamen,terete,tertiary,time,toward,trichome,tube,unit,usually,variously,vary,vein,venation,visible,way,wide,without,yellowish,ympodial,Â½-2/	branching,colour,corolla,form,growth,hair,height,heteromorphism,inflorescence,number,orientation,plant,position,seed,shape,staman,symmetry,texture,type,zygomorphy	0.2-1.5,0.3-1.5,1-13,2.5-6,5-20,berry,branched,chartaceous,cm,dark,dull,elongating,equal,flattened,flattened-reniform,glabrous,green-brown,lateral,lobed,long,markedly,maturity,mauve,mm,narrow-deltate,orange-brown,orange-red,orbicular,ovate,pale,per,poricidal,rarely,red-brown,shrub,spherical,spreading,stellate-pubescent,straight,straw-yellow,tapering,tip,white,yellow,yellow-green,yellow-orange	zygomorphy
9	wfo-0001025754	success	164	94	61	72	92	22	59	2	-celled,.5,0.5-1,0.5-1.5,1,1-2,1-3,1.5,1.5-3,10-20,10-35,2-4,3-10,4,4-6,5-12,5-15,acuminate,acute,anther,apex,asymmetrical,base,berry,brown,calyx,center,chartaceous,ciliate,cm,cordate,cordiform,diameter,drying,edge,eglandular,entire,filament,fine,flower,fruit,glabrous,globose,hair,herb,immature,leaf,margin,maturing,membranaceous,mm,oblong,parallel,pedicel,per,petiole,radiating,raised,ridge,rotate,running,semitransparent,shallow,solitary,stigma,style,surface,truncate,unbranched,white,x,yellow	0.1-0.2,1-3.5,1.5-4,2-5-celled,2-7,2-foliate,3-5,3-6,abaxially,absent,abundant,adaxiall,adaxially,along,axe,barely,beyond,blade,branch,connected,decumbent,decurrent,dehiscing,densely,denser,dm,dried,eaf,eed,emarginat,equal,erect,explosively,exserted,flat,geminat,glandular,held,interpetalar,leaving,like,linear-lanceolate,lobe,long,lower,lying,main,material,maturit,mesocarp,mixed,moderately,much-branched,nearly,nfloresence,notch,often,orolla,palmately,peduncle,penden,placenta,pressure,probably,pubescen,pubescent,rachi,ruit,short,slightly,small,sometimes,sparsely,stamen,stem,straight,swollen,tal,tamen,tem,tissue,triangular,tube,unit,upright,vary,vein,visible,watery,wid,woody,ympodial	abaxial,arrangement,branching,colour,corolla,form,geminate,growth,inflorescence,length,number,orientation,ovary,pendent,prickle,seed,shape,staman,symmetry,texture,type,width	-celled,.5,0.5-1,0.5-1.5,1,1-2,1-3,1.5,1.5-3,10-20,10-35,2-4,3-10,4,4-6,5-12,5-15,acuminate,acute,asymmetrical,berry,brown,center,chartaceous,ciliate,cm,cordate,cordiform,drying,edge,eglandular,entire,fine,flower,fruit,glabrous,globose,hair,herb,immature,margin,maturing,membranaceous,mm,oblong,parallel,radiating,raised,ridge,rotate,running,semitransparent,shallow,solitary,truncate,unbranched,white,x,yellow	geminate,pendent
10	wfo-0001025760	success	207	94	63	77	130	17	62	1	-10,-6,/3,0-100,1-2,1-4,1.5,2.3-4,3,3.5-17,abaxial,acute,adaxial,anther,apex,base,berry,calyx,chartaceous,cm,connivent,cream,cultivar,cuneate,dark,dull,elliptic,elongating,equal,flattened-reniform,flower,fruit,fruiting,glabrous,green,herb,lateral,leaf,length,lobe,lobed,long,lower,margin,marking,maturity,membranous,mm,moderately,orange,orange-brown,ovate,pale,per,petiole,poricidal,rounded,shape,side,sometimes,spherical,spreading,stellate-pubescent,stem,subentire,surface,tapering,tip,unarmed,unbranched,usually,various,way,weakly,white,yellow,young	-12,.5,0-0.5,0.1,0.1-0.2,0.15-0.3,0.2-0.35,0.3-1,0.4-0.8,0.45-0.9,0.5-1.5,0.5-2,0.7-2.5,0.8-1.8,1-1.5-2.5-5,1-1.8,1-3,1.5-4.5,1.5-5,1/4,1/4-1/2,1/4-1/3,1/5,2-2.5,2-3,2.1-3.5,2.5-10,2.5-8,2/3,3-6,3.5-9,5-10-merous,5-18,8-10-12,abaxially,acut,almost,alyx,annual,apar,apically,apparently,articulated,bark,black,blade,broad-deltate,brow,concolorous,curved,deltate,diameter,difoliate,discolorous,distance,drying,eaf,eed,erect,extending,filament,free,geminat,geminate,gently,glabrescent,hair,infructescence,lengt,longer,mature,midpoint,midvein,minute,nflorescence,often,older,one,open,orolla,oung,pair,pedicel,peduncle,pendulous,perennial,perfec,pericarp,porrect,portion,primary,ray,recurved,red-brown,reflexe,ruit,scar,sessile,shorter,shrub,simple,slender,smooth,spaced,stalk,stalked,stellate,stellate-pubescen,stout,straight,style,tamen,terete,tertiary,thick-stalked,time,trichome,tube,unarme,unit,upper,variously,vary,vein,venation,visible,wide,woody,yellow-green,ympodial	arrangement,branching,colour,corolla,form,growth,heteromorphism,inflorescence,number,position,prickle,seed,staman,symmetry,texture,type,zygomorphy	-10,-6,/3,0-100,1-2,1-4,1.5,2.3-4,3,3.5-17,acute,base,berry,chartaceous,cm,connivent,cream,cultivar,cuneate,dark,dull,elliptic,elongating,equal,flattened-reniform,glabrous,green,herb,lateral,lobe,lobed,long,marking,maturity,membranous,mm,moderately,orange,orange-brown,ovate,pale,per,poricidal,rounded,shape,side,sometimes,spherical,spreading,stellate-pubescent,subentire,tapering,tip,unarmed,unbranched,usually,various,way,weakly,white,yellow,young	zygomorphy
11	wfo-0001025782	success	199	79	44	57	142	22	43	1	1-4,1.2-6,1.3-1.6,1/6,3-4,4-4.5,5-20,abaxial,adaxial,andromonoecious,anther,berry,calyx,chartaceous,cm,diameter,dull,elliptic,elongating,equal,evenly,flattened-reniform,flower,fruit,fruiting,glabrous,green,green-brown,hair,heterostylous,lateral,leaf,length,less,lobed,long,lower,margin,mature,membranous,mm,orange-brown,per,petiole,poricidal,prickle,shrub,sparsely,spherical,stellate-pubescent,stem,surface,tapering,unbranched,white,yellow,yellow-green	.5,0-10,0-5,0.1-0.15,0.1-0.2,0.1-0.25,0.3-1,0.4-0.6,0.5-1,0.55-0.75,0.9-1.3,1,1-1.7,1-2,1-2.5,1.5-3,1/4-1/2,1/4-1/3,10-13,2-10,2-2.5,2-3,2-5,2-7,2.5-3.5,2/3-3/4,20,3-5,4,4.5-9,5-6.5,5-8,5-merous,5.5-6,6-14,6-8,abaxially,acuminat,acuminate,also,alyx,apar,apart,apex,apically,apparently,articulated,bark,base,blade,brown,climbing,concolorous,conical,connivent,cuneate,curved,deltate,densely,difoliate,discolorous,distal,distance,drying,eaf,eed,elongated,extending,filament,flattened,free,geminat,geminate,gently,glabrescent,hermaphrodite,infructescence,lengt,lobe,long-styled,longer,lowermost,maturity,midpoint,midvein,minute,moderately,nflorescence,occasionally,older,one,open,orolla,oung,pair,pedicel,peduncle,pendulous,pericarp,plant,porrect,portion,prickl,prickly,primary,ray,red-brow,reduced,ruit,scar,sessile,short-styled,shorter,side,simple,smooth,spaced,spreading,staminat,stellate,stout,straight,style,tamen,terete,tertiary,time,tip,toward,trichome,tube,unit,vary,vein,venation,visible,way,weakly,wide,woody,ympodial,young	branching,breeding,colour,corolla,form,glabrescence,growth,heteromorphism,inflorescence,needle-like,number,orientation,ovary,placement,pore,position,seed,shape,staman,system,texture,type	1-4,1.2-6,1.3-1.6,1/6,3-4,4-4.5,5-20,andromonoecious,berry,chartaceous,cm,dull,elliptic,elongating,equal,evenly,flattened-reniform,fruit,glabrous,green,green-brown,heterostylous,lateral,length,less,lobed,long,mature,membranous,mm,orange-brown,per,poricidal,shrub,sparsely,spherical,stellate-pubescent,surface,tapering,unbranched,white,yellow,yellow-green	needle-like
12	wfo-0001025783	success	179	127	84	104	75	23	82	2	.5,0.5,0.5-1,0.5-1.5,0.8-3.5,1-1.2,1-1.5,1-3,1.8-2,2,2-3+,2-5,2-6.5,5,7-10,<,abaxially,acute,anther,anthesi,apart,apex,base,branching,brown,bud,c.,calyx,cell,cluster,cm,coriaceous,corolla,dendritic,densely,diameter,ellipsoid,elliptic,entire,exserted,flattened,fleshy,flexuous,flower,fruiting,glabrous,globose,greyish,growth,inserted,lateral,less,lobed,lower,margin,minutely,mm,narrowly,new,number,obtuse,pale,pedicel,peduncle,pentagonal,petiole,pitted,pubescent,purple,reniform,revolute,ripe,sagittate,scar,shiny,shoot,short,shrub,simple,sleeve,slightly,sometimes,somewhat,sparse,sparsely,stellate,stem,strongly,surface,suture,terminal,testal,thin,time,trichome,truncate,type,uniseriate,upper,vine,violet,way,weak,within	3-4,5-merou,abaxiall,adaxiall,adaxially,along,alyx,ape,ark,articulated,axil,berry,branched,completely,confined,conical,eaf,eed,erect,expanded,exposed,filiform,free,glabrou,green,groove,hromosome,ilament,keeled,known,lax,lobe,long,long/tall,mature,midrib,midvein,minute,mmm,near,nflorescence,nodding,obscured,occasionally,older,orolla,outlin,pair,penden,perfect,pericarp,plurifoliat,point,portion,possibly,primary,ruit,scarious,see,spaced,stigma,style,transparent,triangular,tube,tuft,twinin,ud,unit,vary,vein,wide,woody,yellowish,ympodial	3,articulation,bark,colour,exsertion,filament,form,fruit,hair,height,inflorescence,leaf,length,outline,ovary,plant,position,seed,shape,spacing,texture,thicknes,width	.5,0.5,0.5-1,0.5-1.5,0.8-3.5,1-1.2,1-1.5,1-3,1.8-2,2,2-3+,2-5,2-6.5,5,7-10,<,abaxially,acute,anthesi,apart,apex,base,brown,c.,calyx,cluster,cm,coriaceous,dendritic,densely,ellipsoid,elliptic,entire,exserted,flattened,fleshy,flexuous,glabrous,globose,greyish,inserted,lateral,less,lobed,minutely,mm,narrowly,obtuse,pale,pentagonal,pitted,pubescent,purple,reniform,revolute,ripe,sagittate,shiny,shoot,short,shrub,simple,sleeve,slightly,sometimes,somewhat,sparse,sparsely,stellate,strongly,suture,terminal,thin,time,trichome,truncate,uniseriate,vine,violet,way,weak,within	3,outline
13	wfo-0001025788	success	156	153	115	120	36	33	107	8	0-6,0.5-2,1-4,1-5,1.8-2.7,1.8-3.9,10-24,14-48,15-30,2-10,2-13,2-3,2-5,2.8-9.5,2m,4-5.5,4.5-10.1,4.5-12.5,5-8,6.2-12.5,8-38,acumen,acuminate,acute,apex,apical,apically,attenuate,base,blue,branched,calyx,cell,cm,conical,connate,corolla,covering,cuneate,cyme,deep,dehiscent,diameter,dichasial,dichasially,diminishing,distal,dorsally,edge,elliptical,exceeding,filament,finely,flat,flower,folded,forked,generally,gradually,green,green-white,hair-like,half,herbaceous,interjected,introrse,lateral,leaf,leaflet,lobe,long,long-attenuate,make,maturing,medium,mm,monochasial,mucilaginous,narrowly,oblique,obtuse,odd-pinnate,often,ovate,ovoid,pedicel,peduncle,perennial,perfect,petiole,petiolule,plant,poricidally,proximal,pubescent,purple,rotate,rounded,seed,sessile,short,size,slit,stamen,stigma,straight,style,subequal,subsessile,terminal,testal,thick,throughout,tip,toward,tuber-bearing,unit,wall,yellow,Â¼	3-6-7-8,3-6-foliat,4-3.,abaxiall,abaxially,adaxially,articulate,digestion,eaf,ebracteate,eed,emoval,enzyme,globo,honeycomb,living,lon,lower,lunat,nflorescence,nther,orolla,pair,pattern,plan,reveal,ruit,seudostipule,specimen,tal,tem,throughou,typically,vary,wide,ympodial	-8,3-6-foliate,4-31,6-7,anther,arrangement,articulation,attachment,bract,branching,colour,ebbrate,form,fruit,globose,growth,height,inflorescence,length,lunate,number,ovary,pore,position,pseudostipule,shape,stem,structure,sympodial,texture,type,wet,width	0-6,0.5-2,1-4,1-5,1.8-2.7,1.8-3.9,10-24,14-48,15-30,2-10,2-13,2-3,2-5,2.8-9.5,2m,4-5.5,4.5-10.1,4.5-12.5,5-8,6.2-12.5,8-38,acumen,acuminate,acute,apical,apically,attenuate,base,blue,branched,cell,cm,conical,connate,covering,cuneate,cyme,deep,dehiscent,dichasial,dichasially,diminishing,distal,dorsally,elliptical,exceeding,finely,flat,folded,forked,generally,gradually,green,green-white,hair-like,half,herbaceous,introrse,lateral,leaf,leaflet,lobe,long,long-attenuate,make,maturing,medium,mm,monochasial,mucilaginous,narrowly,oblique,obtuse,odd-pinnate,often,ovate,ovoid,perennial,perfect,petiolule,plant,poricidally,proximal,pubescent,purple,rotate,rounded,seed,sessile,short,size,slit,stamen,stigma,straight,style,subequal,subsessile,testal,thick,throughout,tip,toward,tuber-bearing,wall,yellow,Â¼	-8,3-6-foliate,4-31,6-7,ebbrate,globose,lunate,wet
14	wfo-0001025792	success	203	85	52	71	132	14	52	0	0.4-0.7,1-10,10-15,2-3,2.5-3.5,2.5-4,21-28,3-5,4-12,4-6,5,5-10,5-6,5-9,8-10,9-12,anther,blade,blue-mauve,blue-purple,brownish,chartaceous,cm,condition,corolla,densely,diameter,drying,elliptic,flower,forked,fresh,fruit,globose,green,greenish,hair,herb,homostylous,interjected,lanceolate,lateral,leaflet,long,mauve,membranous,minute,mm,odd-pinnate,ovoid,pair,pedicel,peduncle,plant,pore,poricidal,pubescent,purple,ripe,rotate-pentagonal,seed,size,stem,streak,style,terminal,tinged,tip,white,whitish,x	1-2,1-3,1-4,2-11,2-3.5,3-4,3.5-6,4.5-7,5-merou,7-10,7.5-8,abaxially,acumen,acuminate,acute,adaxially,ag,along,alyx,apart,apex,apparently,articulated,articulation,auriculate,axe,axillary,base,basiscopic,berry,broadly,bud,capitat,cell,ciliate,connivent,covering,dark,decurrent,developing,digestion,distal,distinct,distinctly,dorsally,eaf,edge,eed,enzyme,especially,exceeding,except,filament,flat,folded,geminat,generally,glabrou,glabrous,greatly,green-white,hair-like,hal,half,high,honeycomb-shaped,indistinct,lengthening,like,living,lobe,lower,make,margin,midrib,minutely,mottle,mucilaginous,narrow,narrowly,nflorescence,oblique,often,onto,orolla,papillose,perfect,petiole,petiolulate,plurifoliate,proximal,puberulent,rachi,reduced,removed,rounded,ruit,semi-erec,semi-rosette,sessile,seudostipule,short,shortly,side,slightly,slit,spaced,specimen,stamen,ste,stigma,straight,sub-rosette,subequal,subtending,tall,tamen,tem,testal,thick,throughout,tri-,tube,unit,usually,vary,wall,wet,wing,yellow,ympodial,young	arrangement,branching,calyx,colour,form,growth,height,inflorescence,leaf,length,pseudostipule,shape,spacing,texture	0.4-0.7,1-10,10-15,2-3,2.5-3.5,2.5-4,21-28,3-5,4-12,4-6,5,5-10,5-6,5-9,8-10,9-12,blue-mauve,blue-purple,brownish,chartaceous,cm,condition,densely,diameter,drying,elliptic,forked,fresh,globose,green,greenish,herb,homostylous,lanceolate,long,mauve,membranous,minute,mm,odd-pinnate,ovoid,poricidal,pubescent,purple,ripe,rotate-pentagonal,streak,tinged,tip,white,whitish,x	
15	wfo-0001025804	success	155	133	101	115	40	18	100	1	.25,.5,0.5-1,1-1.5,1-3,1.2-1.5,1.4-1.7,1.5-2,11-20,16-35,2-2.5,2.5-4,3-4.5,3.5-12,4-10,6-8,7-10,?,abaxially,acute,adaxially,age,anther,anthesi,apex,apiculate,attenuate,bark,base,berry,bilobed,branched,calyx,clavate,cm,conical,corolla,cream,cucullate,dark,decurrent,densely,dia,ellipsoid,elliptic,erect,exserted,filament,flattened,fleshy,fruiting,glabrous,glandular,globose,green,incrassate,internodal,lateral,leaf,lengthening,lobe,lobed,long,main,major,many,margin,mere,middle,minor,minute,minutely,mm,nearly,obovate,occasionally,often,onto,opposite,ovary,pair,paler,papillae,papillate,papillose,pedicel,pitted,planar,pore,poricidal,projection,red,reddish-brown,reniform,rim,sessile,shrub,size,slit,somewhat,stem,stigma,strongly,style,surface,thick,time,tip,tube,vein,white,whitish-green,widest,winged,x	10-20,5,apar,ape,ba,c.,covered,deflexed,differing,difoliate,drying,eaf,edicel,eed,flower,free,geminat,later,light,lower,near,nflorescence,older,papillat,plurifoliate,portion,red-papillose,reddish-brow,regularly,ruit,scar,spaced,tall,tub,ud,unit,wing,woody,ympodial,young	branching,bud,colour,diameter,form,fruit,growth,height,inflorescence,length,part,plant,position,seed,shape,texture,thicknes,ye	.25,.5,0.5-1,1-1.5,1-3,1.2-1.5,1.4-1.7,1.5-2,11-20,16-35,2-2.5,2.5-4,3-4.5,3.5-12,4-10,6-8,7-10,?,abaxially,acute,adaxially,age,anthesi,apex,apiculate,attenuate,base,berry,bilobed,branched,calyx,clavate,cm,conical,cream,cucullate,dark,decurrent,densely,dia,ellipsoid,elliptic,erect,exserted,flattened,fleshy,glabrous,globose,green,incrassate,internodal,lateral,leaf,lengthening,lobe,lobed,long,main,many,margin,mere,middle,minute,minutely,mm,nearly,obovate,occasionally,often,onto,opposite,pair,paler,papillate,papillose,pitted,planar,pore,poricidal,projection,red,reddish-brown,reniform,rim,sessile,shrub,slit,somewhat,stem,strongly,surface,thick,time,tip,tube,vein,white,whitish-green,winged,x	ye
16	wfo-0001025813	success	195	107	68	86	109	21	66	2	0-2,1-10,1-2,1.2-4.5,1.3-7,1.5-1.8,1.5-6.5,15-30,2-5,3-3.5,3-4,3-5,3-6,3-7,5-18.5,5-6,6-7,abaxially,absent,adaxially,anther,base,blade,blue,borne,broadly,brownish,chartaceous,cm,condition,corolla,dark,densely,diameter,drying,elliptic,end,extra,filament,flower,fresh,fruit,glabrous,globose,green,greenish,hair,herb,homostylous,interjected,lanceolate,lateral,leaflet,light,long,membranous,minute,mm,monochasium,odd-pinnate,ovoid,pair,pedicel,peduncle,pilose,pore,poricidal,pubescent,rarely,rotate,seed,singly,size,stem,strongly,style,suborbicular,terminal,tip,tube,tuber,typically,violet,white,whitish,x	0.7-1.7,1-1.5,1-4,1.5-2,2-3,2-4,5-merou,acumen,acuminate,acute,ag,along,alyx,apart,apex,apparently,articulated,axe,berry,cell,ciliate,connivent,contracted,covering,cuneate,decreasing,decurrent,digestion,discussion,distal,distinct,dorsally,eaf,edge,eed,enzyme,especially,exceeding,flat,folded,geminat,glabrou,green-white,hair-like,half,highly,honeycomb-shaped,larger,lengthening,like,living,lobe,longer,lower,make,margin,midrib,minutely,mucilaginous,near,nflorescence,obtuse,often,orbicular,orolla,ovate,ovoi,perfect,petiole,petiolulate,plant,plurifoliate,puberulent,rachi,removed,rosette-formin,ruit,see,sessile,seudostipule,short,single-flowered,slit,sometimes,spaced,species,specimen,stamen,ste,stigma,stolo,straight,tamen,tem,testal,thick,thir,throughout,toward,tri-,unforked,unit,unwinged,vary,vein,wall,wet,yellow,ympodial	arrangement,calyx,colour,form,formation,glabrousnes,growth,inflorescence,leaf,length,ovary,presence,pseudostipule,rosette,rosette-forming,shape,spacing,staman,stolon,texture,type	0-2,1-10,1-2,1.2-4.5,1.3-7,1.5-1.8,1.5-6.5,15-30,2-5,3-3.5,3-4,3-5,3-6,3-7,5-18.5,5-6,6-7,abaxially,absent,adaxially,base,blue,borne,broadly,brownish,chartaceous,cm,condition,dark,densely,drying,elliptic,end,extra,flower,fresh,glabrous,globose,green,greenish,hair,herb,homostylous,lanceolate,light,long,membranous,minute,mm,monochasium,odd-pinnate,ovoid,pilose,poricidal,pubescent,rarely,rotate,singly,strongly,suborbicular,tip,typically,violet,white,whitish,x	rosette-forming,stolon
17	wfo-0001025825	success	187	127	78	103	84	24	76	2	0-0.21,0.4-1,0.5-0.8,0.5-10.4,0.9-2,1-2,1-3,1-5.5,1.1-1.4,10-24,10.5-26,14-85,2-3.7,2-5,22-86,3-10,3-5,3.7-6.5,4-8,4-9,5-10,5-7,6-10,6.6-14,acuminate,acute,anther,apex,base,blade,brownish,cell,clavate,cm,condition,coriaceous,corolla,cuneate,dark,diameter,digestion,distal,drying,elliptic,enzyme,filament,flower,forked,fresh,fruit,glabrescent,glabrous,green,greenish,hair,half,herb,high,homostylous,honeycomb-shaped,interjected,lanceolate,lateral,leaf,leaflet,light,lilac,lobe,long,medium,mm,odd-pinnate,orbicular,ovate,ovoid,pair,pedicel,peduncle,pentagonal,perfect,petiole,plant,pore,poricidal,removed,rotate-pentagonal,seed,shiny,short,size,stigma,straight,streak,style,terminal,testal,tip,tube,wall,white,whitish,wing,x	0.4-3,0.7-2.2,0.9-4,3-8.5,5-merou,abaxially,acumen,adaxiall,adaxially,ag,alyx,apart,apparently,articulated,asymmetric,attenuate,axe,axillary,back,basiscopic,berry,bud,capitat,connivent,covering,decreasing,decurrent,dorsally,eaf,edge,eed,erec,exceeding,flat,folded,geminat,generally,glabrou,green-white,hair-like,hal,increasing,lengthening,living,lower,make,middle,mucilaginous,nflorescence,orolla,petiolulate,plurifoliate,rachi,rounded,ruit,sessile,seudostipule,side,slightly,slit,smaller,spaced,specimen,stamen,subequal,subglabrou,subtending,tall,tamen,tem,thick,throughout,tissue,toward,tri-,unit,unwinged,usually,vary,wet,wide,winged,yellow,ympodial	abaxial,adaxial,arrangement,articulation,branching,calyx,capitate,colour,form,growth,height,inflorescence,length,number,ovary,pseudostipule,shape,spacing,staman,stem,subglabrous,texture,type,width	0-0.21,0.4-1,0.5-0.8,0.5-10.4,0.9-2,1-2,1-3,1-5.5,1.1-1.4,10-24,10.5-26,14-85,2-3.7,2-5,22-86,3-10,3-5,3.7-6.5,4-8,4-9,5-10,5-7,6-10,6.6-14,acuminate,acute,brownish,clavate,cm,condition,coriaceous,cuneate,dark,diameter,digestion,distal,drying,elliptic,enzyme,forked,fresh,glabrescent,glabrous,green,greenish,hair,half,herb,high,homostylous,honeycomb-shaped,lanceolate,lateral,light,lilac,long,medium,mm,odd-pinnate,orbicular,ovate,ovoid,pentagonal,perfect,poricidal,removed,rotate-pentagonal,shiny,short,straight,streak,tip,wall,white,whitish,x	capitate,subglabrous
18	wfo-0001025838	success	215	142	102	121	94	21	99	3	.5,0.5-1,0.7-2,1-1.2,1-1.5,1.5-1.7,1.5-3.5,1.5-5,2/3,20-40,4.5-5.5,6.5-7,acuminate,anther,apex,appearing,articulated,attenuate,base,berry,black,branch,branched,brown,capitate,cell,clavate,clustered,cm,connivent,corolla,dark,dendritic,dense,densely,diameter,disintegrating,ellipsoidal,elliptic,entire,filament,flattened,fleshy,flower,fruit,fruiting,glabrous,globose,greenish,growth,hairy,inflorescence,inserted,lanceolate,lateral,leaf,lengthening,like,lobed,loosely,lower,many,margin,membranous,minutely,mm,mostly,narrowly,often,ovoid,pale,pedicel,peduncle,per,perfect,petiole,pitted,pointed,pore,poricidal,pubescent,purple,reddish,reniform,revolute,ripe,scar,seed,shiny,short,shrub,simple,sleeve,slightly,slit,sometimes,sparsely,square,stellate,stem,stigma,style,surface,terminal,testal,time,tinged,tip,tree,trichome,tuft,turbinate,uniseriate,upper,wall,way,white,winged,x,yellow,Â¾	0.5,1.2-5,1.5-2,1.5-2.5,1.8-2,10-15-20,10-60,2-2.5,2-5,2.5-3,3.5-6-15,4-15,5,5-merou,abruptly,adaxial,adaxially,ag,along,alyx,anthesi,apart,apiculate,archin,ark,axil,basall,broad,calyx,cucullate,cup-shaped,decurrent,denser,drying,eaf,eed,erect,exserted,extending,free,glabrescent,ilament,insertion,irregularly,keeled,lamina,less,lobe,long,m.,midrib,minute,narrowing,never,new,nflorescence,nodding,occasionally,older,onto,orolla,pair,papillat,papillo,pericarp,platform,plurifoliat,point,portion,primary,quadrate,ruit,shin,sinus,slender,small,spaced,spreading,strongly,tall,tem,thi,thin,tube,twinin,ud,unit,vary,vein,weight,wing,woody,yellowish,ympodial	5-merous,age,arching,articulation,bark,branching,bud,colour,disintegration,form,hair,height,length,number,ovary,pattern,plant,position,shape,texture,type	.5,0.5-1,0.7-2,1-1.2,1-1.5,1.5-1.7,1.5-3.5,1.5-5,2/3,20-40,4.5-5.5,6.5-7,acuminate,apex,appearing,articulated,attenuate,base,berry,black,branch,branched,brown,capitate,clavate,clustered,cm,connivent,dark,dendritic,dense,densely,diameter,disintegrating,ellipsoidal,elliptic,entire,flattened,fleshy,glabrous,globose,greenish,hairy,inflorescence,inserted,lanceolate,lateral,lengthening,like,lobed,loosely,many,membranous,minutely,mm,mostly,narrowly,often,ovoid,pale,perfect,pitted,pointed,pore,poricidal,pubescent,purple,reddish,reniform,revolute,ripe,seed,shiny,short,shrub,simple,sleeve,slightly,slit,sometimes,sparsely,square,stellate,stem,terminal,time,tinged,tip,tree,trichome,tuft,turbinate,uniseriate,way,white,winged,x,yellow,Â¾	5-merous,age,arching
19	wfo-0001025845	success	180	148	104	119	61	29	101	3	0.3-0.5,0.4-1.5,0.5-11,0.5-2.5,1-1.8,1-4.5,1.5,1.5-13,1.5-2,1.5-2.5,1.5-7,2,2-15,2-3,2-5-lobed,2.5-4,3-13,3-6,4-5,4-6,6-6.5,6-9,abaxially,abundantly,acuminate,acute,adaxial,adaxially,aggregate,along,anther,apart,apex,apiculate,base,branch,brown,calyx,cell,chartaceous,cm,compressed,corolla,cuneate,cylindrical,deltate,diameter,directed,distally,divided,eglandular,ellipsoidal,entire,especially,extra-axillary,filament,flattened,fork,fruit,glabrous,greenish,herb,laterally,leaf,light,lobe,lobed,located,major,margin,membranaceous,mesocarp,midrib,minutely,mm,narrowly,near,nearly,obtuse,orange,ovate,ovoid,patch,pedicel,peduncle,petiole,pinnately,pore,puberulent,pubescent,rachi,radiu,rotate-stellate,rugose-verrucate,sagittate,sand-punctate,shrub,side,simple,small,sparsely,stigma,stone,strongly,style,subcordate,tapered,tip,triangular,truncate,unbranched,unit,unlobed,vein,veiny,white,x,yellow,yellowish	.5,1,1-2,3,3-4,3-foliat,5-6,7-10,around,articulated,ascending,axe,ba,blade,channe,connivent,dark,decurrent,diamete,distall,eaf,eed,elliptic,flower,free,glabrou,green,inserted,lateral,long,longitudinal,lower,nflorescence,obovate,often,orolla,part,perfect,purple,rarely,rounded,ruit,shorter,sinus,spaced,stripe,tal,tamen,tem,terminal,thecae,thick,tightly,time,tomento,truncat,tube,vary,wide,ympodial,youn	3-foliate,articulation,branching,channel,colour,decurred,form,growth,hair,height,inflorescence,insertion,length,ovary,plant,position,seed,shape,size,spacing,staman,stem,structure,symmetry,sympodial,texture,theca,thicknes,type	0.3-0.5,0.4-1.5,0.5-11,0.5-2.5,1-1.8,1-4.5,1.5,1.5-13,1.5-2,1.5-2.5,1.5-7,2,2-15,2-3,2-5-lobed,2.5-4,3-13,3-6,4-5,4-6,6-6.5,6-9,abaxially,abundantly,acuminate,acute,adaxial,adaxially,aggregate,along,apart,apex,apiculate,base,branch,brown,cell,chartaceous,cm,compressed,corolla,cuneate,cylindrical,deltate,diameter,directed,distally,divided,eglandular,ellipsoidal,entire,especially,extra-axillary,flattened,fork,glabrous,greenish,herb,laterally,light,lobed,located,membranaceous,midrib,minutely,mm,narrowly,near,nearly,obtuse,orange,ovate,ovoid,patch,petiole,pinnately,puberulent,pubescent,rotate-stellate,rugose-verrucate,sagittate,sand-punctate,shrub,side,simple,small,sparsely,stone,strongly,subcordate,tapered,tip,triangular,truncate,unbranched,unlobed,veiny,white,x,yellow,yellowish	3-foliate,channel,decurred
20	wfo-0001025850	success	195	118	85	99	96	19	82	3	-7,.5,.8,0.5,0.5-1,0.5-3,0.6-1,1.5,15-20,30,4-5,6-7,acute,anther,anthesi,articulated,base,berry,branched,brown,calyx,capitate,cm,corolla,densely,diameter,divaricate,ellipsoid,elliptic,entire,exserted,filament,flattened,fleshy,flower,glabrous,glandular,globose,green,growth,inflorescence,later,lengthening,lobed,many,margin,membranous,minute,minutely,mm,narrowly,new,occasionally,openly,orange,pair,pale,papillate-puberulent,pedicel,peduncle,per,petiole,pinnatifid,pitted,pore,poricidal,primary,pubescent,reddish,reniform,rhomboid,ripe,scattered,shallowly,shiny,shrub,simple,sleeve,slightly,slit,small,stem,stigma,strongly,style,surface,tan,thin,time,tip,trichome,truncate,tube,uniseriate,vein,vine,white,x,young	0.5-1-3-5,0.5-1.5-5,1,1-1.5,1-celled,2,2-12,2-6.5,3-4,5-7,5-merou,abaxial,ag,along,alyx,apar,apex,apparently,ark,axi,basal,broadly,cell,connivent,cupped,cyathiform,deciduous,deflexed,deltate,denser,divided,drying,eaf,eed,elongate,em,erect,extending,free,fruiting,geminat,glabrou,gland,half,halfway,ilament,irregularly,lamina,lateral,lax,leaving,less,lobe,long,loosely,lower,midrib,nearly,nflorescence,nodding,node,often,older,orolla,outline,papillo,peg,perfect,planar,plurifoliate,portion,puberulen,rounded,ruit,scar,sinuate,sinus,slender,sometimes,soon,spaced,splitting,spreadin,spreading,stellate,surfac,terminal,testal,tiny,twinin,ud,unit,vary,woody,yellow,ympodial	5-merous,age,arrangement,articulation,bark,branching,bud,colour,form,fruit,glabrousnes,leaf,length,number,ovary,puberulent,seed,shape,texture	-7,.5,.8,0.5,0.5-1,0.5-3,0.6-1,1.5,15-20,30,4-5,6-7,acute,anthesi,articulated,base,berry,branched,brown,calyx,capitate,cm,densely,diameter,divaricate,ellipsoid,elliptic,entire,exserted,flattened,fleshy,glabrous,glandular,globose,green,later,lengthening,lobed,many,margin,membranous,minute,minutely,mm,narrowly,occasionally,openly,orange,pair,pale,papillate-puberulent,pinnatifid,pitted,pore,poricidal,pubescent,reddish,reniform,rhomboid,ripe,scattered,shallowly,shiny,shrub,simple,sleeve,slightly,slit,small,strongly,surface,tan,thin,time,tip,trichome,truncate,uniseriate,vine,white,x,young	5-merous,age,puberulent
21	wfo-0001025872	success	160	89	56	72	88	17	56	0	0.25-0.5,0.6-1,1-1.5,1-2,1.2-1.5,1.7-3,10-25-flowered,2-5,2/3,4-4.5,4.5-13,6-10,6-8,anther,apart,base,becoming,blade,branched,broadly,brownish,calyx,capitate,cm,coriaceous,corolla,cup-shaped,dark,dry,elliptic,filament,flattened-reniform,flower,fruiting,glabrous,globose,green,greenish-tan,later,lateral,leaf,live,lobed,main,margin,material,mm,narrowly,occasionally,opposite,ovary,pair,pedicel,petiole,plant,pore,red-papillose,revolute,scar,several,shaped,shrub,stigma,style,tear-drop,terminal,time,tube,vein,way,white,x	.1,.5,0.5,0.5-1,1,1-1.3,1.2-1.6,2-2.5,3.5-4,acute,along,anthesi,apex,apically,auriculate,ba,bark,beginning,beneath,berry,bright,crinkled,crowded,decurrent,deeply,deflexed,dense,densely,dia,eaf,edicel,eed,exserted,flattened,fleshy,free,glandular-resinous,grayish-brow,incrassate,inflorescenc,irregularly,junction,lobe,lon,long,lower,midrib,minutely,nflorescence,often,older,onto,paler,papillae,papillo,papillose,pitted,planar,plurifoliat,poricidal,portion,prominent,pubescent,rounded,rounded-triangular,ruit,simple,somewhat,soon,spaced,specimen,stem,straight,surface,tall,tapering,thick,thickened,tip,trichome,tub,ud,uniseriate,unit,visible,woody,ympodial,young	branching,colour,form,fruit,growth,hair,height,inflorescence,length,number,pattern,position,seed,shape,size,spacing,texture	0.25-0.5,0.6-1,1-1.5,1-2,1.2-1.5,1.7-3,10-25-flowered,2-5,2/3,4-4.5,4.5-13,6-10,6-8,apart,base,becoming,branched,broadly,brownish,capitate,cm,coriaceous,cup-shaped,dark,dry,elliptic,flattened-reniform,glabrous,globose,green,greenish-tan,later,lateral,leaf,live,lobed,main,material,mm,narrowly,occasionally,opposite,pair,plant,red-papillose,revolute,several,shaped,shrub,tear-drop,terminal,time,vein,way,white,x	
22	wfo-0001025893	success	157	74	45	60	97	14	45	0	.5,0.5-1.5,1-1.5,1-4,1.5-1.7,1.5-2,2-2.5,3-5,5-6,along,anther,attenuate,base,beneath,berry,bi-lobed,branched,broadly,calyx,capitate,cm,corolla,cup-shaped,elliptic,filament,flower,fruit,fruiting,glabrous,globose,golden-puberulent,green,internodal,leaf,lobed,long,minutely,mm,narrowly,nearly,obovate,occasionally,opposite,ovary,ovoid-reniform,pedicel,petiole,pitted,pore,shaped,shrub,sometimes,stigma,style,surface,tear-drop,tube,vein,white,x	.25,.4,0.8-1,1-1.2,1-2.5,11-20,2-3,6-10,accrescent,anthesi,apex,bank,barely,bark,bearing,beginning,blade,brownish-green,closely,decurrent,deflexed,deltoid,densely,dia,difoliate,dry,eaf,early,eed,ellipsoid,erect,even,exserted,faintly,free,geminate,glabrate,gravelly,greyish,growing,impressed,inflorescenc,lateral,lobe,lon,long-acuminate,longitudinally,lower,main,many,margin,material,middle,nflorescence,older,overlapping,pair,pale,papillo,papillose,planar,plurifoliat,poricidal,portion,puberulent,red-papillose,reflexed,river,rocky,ruit,sandy,scar,slender,slightly,spaced,specimen,stem,straight,stream,striat,tall,tapering,thickened,time,tip,trichome,ud,unicellular,unit,usually,visible,widest,winged,woody,yellowish,ympodial,young	branching,colour,form,growth,height,inflorescence,length,number,plant,position,seed,shape,texture,type	.5,0.5-1.5,1-1.5,1-4,1.5-1.7,1.5-2,2-2.5,3-5,5-6,along,attenuate,base,beneath,berry,bi-lobed,branched,broadly,capitate,cm,cup-shaped,elliptic,glabrous,globose,golden-puberulent,green,internodal,leaf,lobed,long,minutely,mm,narrowly,nearly,obovate,occasionally,opposite,ovoid-reniform,pitted,shaped,shrub,sometimes,tear-drop,vein,white,x	
23	wfo-0001025896	success	146	114	78	91	55	23	76	2	-3,-30,0.5,0.5-2,1-1.5,1-25,1-3,1-6.5,1-8,1.5-2,1.5-9,10-15,2-2.5,2.5-14,2.5-5,4,4-5,4-6,5-15,6-10,7743,abaxial,acosta,acuminate,also,angled,apart,apex,articulated,base,brownish,calyx,chartaceous,cm,constricted,cuneate,cylindrical,deltate,densely,diameter,directed,eglandular,elliptic-ovate,entire,flower,forked,fruit,glabrous,gland,globose,greenish,hair,inflated,like,lobe,margin,membranaceous,mm,moderately,obtuse,often,orange,ovate,pale,pedicel,peduncle,petiole,pore,pubescent,purple,rachi,radiu,red,ripe,rotate-stellate,rugose,short-stalked,shrub,simple,smooth,solÃ­,stem,stigma,style,subcordate,triangular-subulate,tube,unbranched,white,x,yellow	.5-2.5,10-25,2-14,4-12,4-23,5-7,6-13,7-,abaxially,absen,acute,adaxiall,adaxially,aggregate,axe,ba,blade,branched,cell,connivent,dendritically,distall,eaf,eed,especially,long,lower,many-foliat,near,nearly,nflorescence,nther,occasionally,orolla,perfect,present,puberulent,pubescen,ruit,spaced,sparsely,stalked,stone,surface,tal,tem,time,tip,triangular-ovate,truncat,unit,vary,vein,wide,ympodial	adaxial,anther,articulation,branching,colour,corolla,direction,distally,form,growth,height,inflorescence,leaf,length,number,ovary,plant,seed,shape,spacing,texture,truncate,type	-3,-30,0.5,0.5-2,1-1.5,1-25,1-3,1-6.5,1-8,1.5-2,1.5-9,10-15,2-2.5,2.5-14,2.5-5,4,4-5,4-6,5-15,6-10,7743,acosta,acuminate,also,angled,apart,apex,articulated,base,brownish,chartaceous,cm,constricted,cuneate,cylindrical,deltate,densely,directed,eglandular,elliptic-ovate,entire,forked,glabrous,gland,globose,greenish,hair,inflated,like,membranaceous,mm,moderately,obtuse,often,orange,ovate,pale,pubescent,purple,red,ripe,rotate-stellate,rugose,short-stalked,shrub,simple,smooth,solÃ­,stem,subcordate,triangular-subulate,tube,unbranched,white,x,yellow	distally,truncate
24	wfo-0001025902	success	211	150	113	128	83	22	107	6	.2,.5,/2,0.1-0.5,0.5-2.5,1-1.2,1-1.5,1.2-1.5,1.5,1/3,11-15,1983,3-10,4-13,4-5,40,5-6,>,abaxially,absent,acute,adaxially,along,anther,apex,articulated,attenuate,axi,bark,base,berry,black,branch,branched,branching,cabrera,cell,chartaceous,circular,clavate,cm,completely,corolla,densely,diameter,dull,ellipsoid,entire,except,fide,filament,flattened-reniform,fleshy,flower,fruiting,glabrous,globose,green,growth,inflorescence,lanceolate,leaf,leaving,length,lengthening,linear,lobed,long,lower,margin,markedly,mature,minute,minutely,mm,new,occasionally,ovary,pale,papillose,pedicel,peduncle,peg,per,perfect,petiole,pitted,pore,poricidal,pubescent,ridged,rotate-stellate,rounded,scar,scattered,simple,sleeve,slit,small,somewhat,spaced,sparsely,stem,stigma,strongly,style,surface,tangled,tapering,testal,time,tip,trichome,tube,uniseriate,usually,vine,violet,way,weak,whitish,widely,wing,woody,x,yellow,yellowish,Â½	0.5-2,1.5-2,1.5-3,2-6,2.5-4,4,4-6,5-merou,8-10,8-15,8-9,accompanied,ag,aid,always,alyx,anthesi,apar,ark,becoming,beginning,berr,broadly,c.,calyx,climbin,conical,connivent,deciduou,deltate,eaf,eed,either,exfoliatin,exserted,free,geminat,ilament,lateral,leaf-opposed,less,lobe,loosely,low,midvei,nflorescence,obscured,often,older,one,orolla,pair,papillat,pendant,pericarp,planar,plurifoliate,portion,primary,prominent,revolute,ruit,scrambling,semi-aquati,semi-circular,shallow,slender,sometimes,soon,spreading,tem,terminal,thin,twining,ud,ultimate,unit,vary,vegetation,vein,water,weight,ympodial	5-merous,age,apart,arrangement,articulation,bud,colour,exfoliating,exfoliation,form,fruit,hair,midvein,number,papillate,presence,ridging,seed,shape,size,texture,type	.2,.5,/2,0.1-0.5,0.5-2.5,1-1.2,1-1.5,1.2-1.5,1.5,1/3,11-15,1983,3-10,4-13,4-5,40,5-6,>,abaxially,absent,acute,adaxially,along,apex,articulated,attenuate,axi,base,berry,black,branch,branched,cabrera,cell,chartaceous,circular,clavate,cm,completely,densely,diameter,dull,ellipsoid,entire,except,fide,flattened-reniform,fleshy,glabrous,globose,green,inflorescence,lanceolate,leaving,lengthening,linear,lobed,long,lower,markedly,mature,minute,minutely,mm,occasionally,pale,papillose,peg,per,perfect,pitted,pore,poricidal,pubescent,ridged,rotate-stellate,rounded,scattered,simple,sleeve,slit,small,somewhat,spaced,sparsely,strongly,surface,tangled,tapering,testal,time,tip,trichome,uniseriate,usually,vine,violet,way,weak,whitish,widely,wing,woody,x,yellow,yellowish,Â½	5-merous,age,apart,exfoliating,midvein,papillate
25	wfo-0001025906	success	188	101	66	83	105	18	65	1	0-14,0.1-2,0.15-0.6,0.20-0.60,1.1-2,2-4.4,2-6,2.6-5.2,3-10,4-10,4-12,4-7,5-6,5-7,5.2-9,8-16,8.5-12.5,anther,blade,blue,brownish,cell,clavate,cm,condition,coriaceous,corolla,covering,dark,diameter,drying,flower,forked,fresh,fruit,glabrous,globose,green,greenish,hair,hair-like,herb,homostylous,interjected,lanceolate,lateral,leaf,leaflet,light,lilac,linear,long,mm,odd-pinnate,ovoid,pair,pentagonal,petiole,plant,pore,poricidal,pubescent,purple,rotate,seed,shiny,short,size,sparsely,stigma,straight,stripe,style,sub-glabrous,subglabrous,terminal,testal,thick,tip,wall,white,whitish,x	0.2-0.6,1-2,1-3,1-6,1.6-12.4,1.8-4.8,16-51,3-5,4-5,5-merou,abaxially,acumen,acute,adaxiall,adaxially,ag,alyx,apart,apex,apparently,articulated,axe,axillary,base,berry,bud,capitat,connivent,cuneate,decreasing,decurrency,decurrent,delimited,digestion,diminishing,distal,dorsally,eaf,edge,eed,enzyme,erec,exceeding,falcate,filament,first,flat,folded,geminat,generally,glabrou,green-white,hal,half,high,honeycomb-shaped,lengthening,living,lobe,lower,make,mucilaginous,next,nflorescence,obtuse,orolla,pedicel,peduncle,perfect,plurifoliate,rachi,removed,ripe,ruit,second,sessile,seudostipule,slightly,slit,smaller,spaced,specimen,stamen,subequal,subglabrou,subtending,tall,tamen,tem,third,throughout,toward,tri-,tube,typically,unit,unwinged,usually,vary,well,wet,width,wood,yellow,ympodial	abaxial,adaxial,arrangement,branching,calyx,capitate,colour,form,growth,height,inflorescence,length,ovary,pseudostipule,shape,stem,symmetry,texture	0-14,0.1-2,0.15-0.6,0.20-0.60,1.1-2,2-4.4,2-6,2.6-5.2,3-10,4-10,4-12,4-7,5-6,5-7,5.2-9,8-16,8.5-12.5,blue,brownish,cell,clavate,cm,condition,coriaceous,covering,dark,drying,forked,fresh,glabrous,globose,green,greenish,hair,hair-like,herb,homostylous,lanceolate,lateral,light,lilac,linear,long,mm,odd-pinnate,ovoid,pentagonal,poricidal,pubescent,purple,rotate,shiny,short,sparsely,straight,stripe,sub-glabrous,subglabrous,testal,thick,tip,wall,white,whitish,x	capitate
26	wfo-0001025907	success	147	108	65	88	59	20	62	3	-4,.05,.5,.5-1,0.8-1.8,1-1.2,1-2.3,1-3,1-5,1.5-2,1.5-2.2,10-15,12-45,2,2-3.5,2-8,2/3,3-5-15,3/2,4-5,acuminate,acute,anther,apex,attenuate,axil,axillary,base,beak,brown,calyx,cell,cm,conical,conspicuously,densely,diameter,elliptic,epidermal,filament,flower,fruit,fruiting,glabrous,globose,green,greenish,growth,highly,included,irregular,lower,minutely,mm,nearly,new,obovate,ovary,ovoid-reniform,pair,papillate,papillose,pedicel,per,petiole,plant,poricidal,primary,projection,pubescent,red-papillate,round,rugose,seed,shrub,simple,sinuous,size,stigma,style,surface,tip,trichome,tube,uniseriate,vein,without,x	0,0-60,1,3-4,absent,along,anthesi,anthesis5-7,anticlinal,appearing,bearing,berry,breaking,c,clavat,deciduous,eaf,edicel,eed,erec,flattened,free,iquito,isolated,lamina,lobe,lobed,lon,long,margin,near,nflorescence,occasionally,open,population,portion,raised,reflexed,remaining,ruit,scar,scattered,single-stemmed,slender,soon,sparsely,tal,tem,thickening,time,truncate,tub,ud,unifoliat,unit,variable,white,white-lenticellate,ympodial	5-7,bud,clavate,colour,erect,form,height,inflorescence,leaf,length,lenticellate,lobing,orientation,pore,position,shape,stem,texture,type,width	-4,.05,.5,.5-1,0.8-1.8,1-1.2,1-2.3,1-3,1-5,1.5-2,1.5-2.2,10-15,12-45,2,2-3.5,2-8,2/3,3-5-15,3/2,4-5,acuminate,acute,attenuate,axil,axillary,base,brown,cm,conical,conspicuously,densely,elliptic,glabrous,globose,green,greenish,highly,irregular,lower,minutely,mm,nearly,obovate,ovoid-reniform,pair,papillate,papillose,per,poricidal,primary,projection,pubescent,red-papillate,round,rugose,shrub,simple,sinuous,tip,uniseriate,without,x	5-7,clavate,erect
27	wfo-0001026203	success	197	114	69	93	104	21	68	1	0-39,0.06-0.86,0.38-11.3,0.4-3,0.5-2.3,0.7-2.6,1-13,1-2,1-4,1-5,1-9,1.2-5.5,2-10,2-4.9,2-43,2-5,2-8.5,2.2-13.3,3-10,3-11,3.2-22,3.2-23,7-47,acumen,anther,blade,blue,brownish,cell,clavate,cm,condition,coriaceous,corolla,dark,deep,diameter,drying,filament,flower,forked,fresh,fruit,glabrescent,glabrous,globose,green,greenish,hair,hair-like,herb,homostylous,interjected,lanceolate,lateral,leaf,leaflet,light,lilac,lobe,long,medium,mm,moniliform,odd-pinnate,ovate,ovoid,pair,pedicel,peduncle,pentagonal,petiole,plant,pore,poricidal,rotate,seed,short,size,stigma,straight,style,subglabrous,terminal,testal,tip,tube,tuber,wall,white,whitish,wide,x	0-7,0.3-11,0.3-6,0.5-3.2,1.1-7.9,3-5,5-merou,abaxially,acuminate,acute,adaxially,ag,along,alyx,apart,apex,apparently,arranged,articulated,asymmetric,attenuate,axe,axillary,base,basiscopic,bead,berry,bud,capitat,connivent,covering,decreasing,decurrent,digestion,distal,dorsally,eaf,edge,eed,elliptic,enzyme,erect,exceeding,flat,folded,geminat,generally,glabrescen,glabrou,green-white,hal,half,high,honeycomb-shaped,lengthening,like,linear,living,lower,make,middle,mucilaginous,multiple,necklace,nflorescence,orbicular,orolla,perfect,plurifoliate,rachi,removed,ripe,rosett,rounded,ruit,sessile,seudostipule,side,slightly,slit,sometimes,spaced,specimen,stamen,stolon,stripe,subequal,subtending,tall,tamen,tem,thick,throughout,tissue,toward,tri-,typically,unit,unwinged,usually,vary,wet,yellow,ympodial	abaxial,adaxial,arrangement,branching,calyx,capitate,colour,form,glabrousnes,growth,height,inflorescence,length,number,ovary,pseudostipule,shape,staman,stem,symmetry,texture	0-39,0.06-0.86,0.38-11.3,0.4-3,0.5-2.3,0.7-2.6,1-13,1-2,1-4,1-5,1-9,1.2-5.5,2-10,2-4.9,2-43,2-5,2-8.5,2.2-13.3,3-10,3-11,3.2-22,3.2-23,7-47,blue,brownish,cell,clavate,cm,condition,coriaceous,dark,deep,drying,forked,fresh,glabrescent,glabrous,globose,green,greenish,hair,hair-like,herb,homostylous,lanceolate,lateral,light,lilac,long,medium,mm,moniliform,odd-pinnate,ovate,ovoid,pentagonal,poricidal,rotate,short,straight,subglabrous,testal,tip,wall,white,whitish,wide,x	capitate
28	wfo-0001026208	success	210	92	57	74	136	18	56	1	0-20,0.6-0.8,0.7-2,1-5,2.5-5,3.5-5,4-7,5-22,abaxial,acuminate,acute,adaxial,anther,apex,base,berry,branched,bright,calyx,chartaceous,cm,connivent,cuneate,dark,densely,dull,elongating,equal,flattened-reniform,flower,fruit,fruiting,glabrous,lateral,leaf,length,lobed,long,margin,maturity,mauve,membranous,mm,moderately,orange,orange-brown,pair,pale,per,petiole,poricidal,prickle,prickly,primary,red,rounded,shrub,sometimes,sparsely,spherical,stellate,stellate-pubescent,stem,style,surface,tapering,terminal,tip,toward,trichome,unarmed,vein,white,yellow	.5,/3,0-4,0-5,0-8,0.1,0.1-0.2,0.1-0.25,0.1-0.3,0.5-0.8,0.5-1.2,0.6-0.9,0.8-1.3,0.8-1.5,1-2,1-4,1.5,1.5-2.5,1.8-2.3,1.8-2.5,1/3,1/3-1/2,1/4-1/3,1/4-1/6,2,2-20,2-3,2-4,2.5-6,3-30,3-5,3-6,3/,4-9,5,5-10,5-11-25,5-17,5-merous,6-22,6-8,abaxially,acut,alyx,apar,apart,apically,apparently,articulated,bark,becoming,blade,broad-deltate,brown,conical,curved,deltate,diameter,difoliate,discolorous,distance,drying,eaf,eed,elliptic,elongated,erect,evenly,extending,filament,flattened,free,geminat,geminate,glabrescent,gray-greenish,green,green-brown,infructescence,lobe,longer,lower,mature,midpoint,midvein,nflorescence,older,one,open,orolla,oung,ovate,pedicel,peduncle,pendulous,perfec,pericarp,porrect,portion,pubescent,ray,recurved,red-brow,ruit,scar,sessile,shorter,side,slender,smooth,somewhat,spaced,spreading,stalk,stalked,stout,straight,straw-yellow,subentire,tamen,terete,tertiary,time,tube,unarme,unit,usually,variously,vary,venation,visible,way,wide,woody,ympodial,young	branching,colour,corolla,form,growth,hair,height,inflorescence,number,ovary,plant,position,presence,present,seed,shape,staman,texture	0-20,0.6-0.8,0.7-2,1-5,2.5-5,3.5-5,4-7,5-22,acuminate,acute,apex,berry,branched,bright,chartaceous,cm,connivent,cuneate,dark,densely,dull,elongating,equal,flattened-reniform,glabrous,lateral,lobed,long,maturity,mauve,membranous,mm,moderately,orange,orange-brown,pair,pale,per,poricidal,prickly,red,rounded,shrub,sometimes,sparsely,spherical,stellate,stellate-pubescent,tapering,terminal,tip,toward,trichome,unarmed,white,yellow	present
29	wfo-0001026215	success	150	117	75	95	55	22	72	3	-3,.5,0,0.05,0.5-1,1-3,1.5,1.5-2,1.5-2.2,13-35,18-20,2-3,2-3.5,2-4,3/4,4-15,4-5,7-8,anther,apex,axillary,base,beak,broadly,brown,calyx,cell,clavate,cm,completely,conical,conspicuously,corolla,densely,diameter,elliptic,enlarged,epidermal,erect,filament,flattened-round,fruit,fruiting,glabrous,green,greenish,herb,highly,horizontal,internode,irregular,kink,length,less,lobed,marked,markedly,mm,narrowing,nearly,often,ovary,ovoid-reniform,pair,papillae,pedicel,per,petiole,poricidal,primary,projection,purple,red-papillose,rugose,seed,shrub,simple,sinuous,stem,stigma,strongly,style,surface,tip,tube,unit,usually,vein,way,white,white-pubescent,wing,winged,without,x	.05,1,15-2,2,abaxially,abruptly,absent,acuminate,along,anthesi,anticlinal,ape,axil,berry,bifi,continually,deltate,eaf,edicel,eed,entire,exserted,flower,free,globose,lobe,long,lower,minutely,nflorescence,noddin,nodding,occasionally,onto,papillat,papillate,portion,raised,reflexed,rounded,ruit,scar,shortsympodial,single-stemmed,small,ste,tal,tem,thickening,time,tub,ud,unifoliat,white-lenticellate,wide	bifid,branching,colour,form,growth,height,inflorescence,leaf,lenticel,number,orientation,plant,position,shape,short,size,structure,sympodial,texture,type,unifoliate,width	-3,.5,0,0.05,0.5-1,1-3,1.5,1.5-2,1.5-2.2,13-35,18-20,2-3,2-3.5,2-4,3/4,4-15,4-5,7-8,apex,axillary,base,broadly,brown,clavate,cm,completely,conical,conspicuously,densely,elliptic,enlarged,erect,flattened-round,glabrous,green,greenish,herb,highly,horizontal,irregular,kink,less,lobed,marked,markedly,mm,narrowing,nearly,often,ovoid-reniform,pair,papillae,poricidal,primary,projection,purple,red-papillose,rugose,shrub,simple,sinuous,stem,strongly,tip,usually,vein,way,white,white-pubescent,winged,without,x	bifid,short,unifoliate
30	wfo-0001026229	success	299	49	31	39	260	10	29	2	35,anther,apex,berry,black,branching,brown,elliptic,flattened,fruit,glabrous,globose,golden,green,growth,hair,immature,irregular,mature,mm,oblong,pale,per,pit,pore,poricidal,purple,reniform,shrub,small,spreading,stellate,stem,surface,tree,trichome,type,upper,white	0.1â1.47,0.2â0.8,0.35,0.3â0.9,0.3â1.2,0.4,0.8â1.2,0.8â2,0.9,0.9â4.3,1,1-celled,1.2â4.8,1.3â1.5,1.3â1.7,1.4,1.7â11.8,1.7â2.3,1.8,1.8â5.5,1.9â2.5,1/3,13,1â1.4,1â2,1â4,2,2.3â3.4,2.8â4,2â3,2â3-celled,2â4-celled,3,3â4,3â5,4.5â6.5,4â6,5,5-merou,5â9,6â15,6â7,6â8,8.6â12,8â10,9â31,abaxial,abaxially,accrescent,acuminate,acute,adaxial,adaxiall,adaxially,ag,almost,also,always,alyx,anthesi,ark,articulated,associated,asymmetric,attenuate-caudate,axe,ba,barely,base,beneath,blade,branch,broadly,broken,calyx,camptodromous,capitate,celled,central,changing,clavate,cm,commentary,commonly,completely,concentrated,connivent,cordate,corolla,covered,creating,cuneate,cylindrical,cyme,dark,deltoid,densely,develope,developed,diameter,differing,directed,discolorous,diÂ­,dried,drying,eaf,eed,eglandular,ellipsoidal,elongated,entire,even,faces,few-rayed,flower,found,free,frequently,fresh,fully,geminate,glabrescent,gland,glandular,glandular-capitate,head,hirsute,hispid,hyaline,ilament,impressed,included,inflorescence,insertion,internodal,introrsely,involute,lamina,lanceolate,larger,lateral,leaf,less,like,lobe,lobed,long,long-stalked,longer,longitudinal,lower,mainly,margin,material,maturit,membranaceous,midpoint,midri,midvein,minute,mixed,moderately,much,multangulate,multangulate-stellate,multiseriate,narrow-ovate,narrowly,near,nearly,new,nflorescence,often,old,older,one,open,opening,orientation,orolla,other,oung,ovate,ovate-elliptic,pair,paired,papillose,pedicel,peduncle,pedunculate,perfect,petiole,pink,plurifoliate,point,poorly,porrect-stellate,portion,primary,pubescent,purplish,ra,rachi,raised,rarely,ray,remnant,revolute,rounded,ruit,secondary,see,sessile,shin,shiny,short-,short-stalked,shorter,simple,size,slightly,slit,smaller,solitary,sometimes,somewhat,sparsely,spread,spreadin,stalk,stigma,strongly,style,subopposite,subsessile,supported,surfac,terminal,three,trifoliate,tube,tuft,ud,unbranched,unequal,unit,usually,vary,vein,venation,vestiture,visible,weakly,whitish-green,wide,yellow,yellowish-white,ympodial,Â¾	2.8-4,9-31,colour,connective,form,length,number,pattern,seed,shape	35,apex,berry,black,brown,elliptic,flattened,glabrous,globose,golden,green,immature,irregular,mature,mm,oblong,pale,pit,poricidal,purple,reniform,shrub,small,spreading,stellate,stem,tree,upper,white	2.8-4,9-31
31	wfo-0001026230	success	144	118	79	95	49	23	72	7	.25,.5,.8,0.3-1.5,0.75-1,0.9-2,1-1.5,1-4,1.1-1.8,1.8-2.3,1.9-4.1,12.6-20.8,2-4,2-5,3-4,4.6-9.3,5-10,5-20-flowered,acuminate,acute,anther,apart,apex,apiculate,area,bark,base,beginning,broadly,bud,calyx,clavate,cm,cordate,corolla,dia,difoliate,distal,elliptic,erect,except,filament,fruit,fruiting,geminate,glabrous,globose,green,grey,large,lateral,leaf,lobe,lobed,long-acuminate,main,minor,minutely,mm,nearly,obtuse,older,opposite,orbicular,ovary,ovoid,pair,papillose,pedicel,petiole,pore,rounded,rusty-papillose,scar,shaped,shrub,slightly,small,stem,stigma,straight,strongly,style,tear-drop,tip,tree,tube,unit,unknown,vein,white,winged,woody,x,young	0.5-3,1-1.4,anisomorphic,anisophyllou,anthesi,appears,back,beneath,berry,clu,completely,coroll,deflexed,deltoid,eaf,edicel,eed,enclosing,evenly,free,immature,inflorescenc,lon,long,long-triangular,lower,major,margin,middle,nflorescence,pointed,poricidal,portion,raised,reflexed,ruit,simple,sinus,slender,spaced,surface,tall,tapering,thickened,ud,umbonate,white-lenticellat,widest,ympodial	anisophyllous,club,colour,diameter,flower,form,growth,hair,height,inflorescence,length,na,number,plant,position,seed,shape,size,spacing,structure,sympodial,texture,white-lenticellate	.25,.5,.8,0.3-1.5,0.75-1,0.9-2,1-1.5,1-4,1.1-1.8,1.9-4.1,12.6-20.8,2-4,2-5,3-4,4.6-9.3,5-10,5-20-flowered,acuminate,acute,apart,apiculate,area,base,beginning,broadly,bud,clavate,cm,cordate,difoliate,distal,elliptic,erect,except,geminate,glabrous,globose,green,grey,large,lateral,leaf,lobed,long-acuminate,main,minutely,mm,nearly,obtuse,opposite,orbicular,ovoid,pair,papillose,petiole,rounded,rusty-papillose,shaped,shrub,slightly,small,straight,strongly,tear-drop,tip,tree,vein,white,winged,woody,x,young	.8-2.3,anisophyllous,club,di,inflorescence,na,white-lenticellate
32	wfo-0001026233	success	157	95	59	74	83	21	56	3	.25,.75,0.3,0.5,0.7-0.8-1,0.8-1.55-1.9,1-,1.1,1.2-2.7,1.5,1/2,2,2-,2.4-3.5-3.8,2/3,3.5-4.5-5.5,5-30-50,6,accrescent,acute,annular,anther,apex,basal,broadly,calyx,campanulate,capitate,cm,coat,densely,diameter,ellipsoidal,elliptic,embryo,entire,few-,filament,fruiting,glabrous,globose,hair,herb,leaf,less,lilac,lobe,margin,mm,moderately,non-glandular,ovate,ovule,pale,petiole,pinnatisect,pore,poricidal,present,pubescent,seed,simple,sparsely,stigma,style,subglobose,tip,trans-ovoidal,trichome,tube,tuberculate,uniseriate,x,yellow	0.7-0.8-1.3,0.8-4,1,2.1,2.3-7,2.6,3.2-3.7,3.2-4.7,4-5-6.2-8.1,abundant,ag,annual,antrorse,articulated,ascending,base,bearing,berry,conspicuous,cuneate-attenuate,curved,cylindrical,difoliat,dimorphic,eaf,eed,evident,herbaceous,hig,interlobular,investing,lamina,larger,lobed,long,longitudinal,longitudinally,lower,membrane,minutely,multicellular,narrowly,near,obtuse,occasionally,opening,orolla,other,outer,papery-scarious,partially,pinnatipartite,portion,protuberance,pubescen,ree,reticulate,ridged,rounded,ruit,scarcely,seede,serrate,shorter,slender,slightly,slit,small,smaller,striate,strongly,styl,surface,tem,unequal,unifoliate,unit,vary,venatio,verrucose,wider,winged,ympodial	0.7-1.3,4-6.2-8.1,colour,corolla,dimorphism,form,fruit,growth,height,length,number,ovary,plant,seeded,shape,size,stem,striation,texture,type,width	.25,.75,0.3,0.5,0.7-0.8-1,0.8-1.55-1.9,1-,1.1,1.2-2.7,1.5,1/2,2,2-,2.4-3.5-3.8,2/3,3.5-4.5-5.5,5-30-50,6,accrescent,acute,annular,basal,broadly,campanulate,capitate,cm,densely,diameter,ellipsoidal,elliptic,entire,few-,glabrous,globose,hair,herb,less,lilac,mm,moderately,non-glandular,ovate,pale,pinnatisect,poricidal,present,pubescent,simple,sparsely,subglobose,tip,trans-ovoidal,tuberculate,uniseriate,x,yellow	0.7-1.3,4-6.2-8.1,seeded
33	wfo-0001026241	success	220	138	102	117	103	21	101	1	.2,.3,0.2â,0.3â1,0.5,0.5â0.7,0.5â0.8,0.5â1,1-,1.9â2.1,1/3â1/2,10-20,109,1â1.4,1â2,2-flowered,2.5â3,2â2.1,3,3â3.1,4.5â5,5,5-celled,abaxially,adaxially,anther,appearing,appears,articulated,basal,base,berry,black,branching,brown,calyx,capitate,cell,cm,conical,cordate,corolla,covered,cup,curving,densely,depressed-globose,dry,eglandular,et,fruit,fruiting,galiano,glandular,glandular-pubescent,globose,herb,inflorescence,internodal,lateral,leaf,leaflet,like,lobed,long,mixture,mm,much,near,one,open,orangish,outline,ovary,ovate,ovoid,papillate,pedicel,peduncle,per,perennial,petiole,pinnatifid,pitted,pubescent,pulp,rachi,remain,reniform,seed,shallowly,simple,sinuate,slightly,smaller,somewhat,stellate,stem,stigma,style,subshrub,succulent,sulcate,surface,taproot,ternate,testa,thick,thickened,triangular,trichome,tuberculate,uniseriate,way,white,woody,x	.5,0.1â0.15,0.3â,0.3â0.4,0.3â0.6,0.7â1.1,1-celled,1.2â1.5,1.2â2,1.5â1.7,1.5â2.5,1.5â3.5,1â,1â1.1,1â1.5,2â3,3-,30â50,4-,5-merous,6,always,anthesi,apex,apical,attenuate,ba,basiscopically,beak,brittle,broader,campanulate,center,connecting,curved,darker,decurrent,deflexe,dehiscing,deltate,denser,dia,difoliate,discrete,drying,dwarf,eaf,elliptic,enclosed,entire,equal,erect,erose,extended,filament,flower,foliat,foliose,free,geminate,glabrous,gland,intially,irregularly,larger,lobe,lon,longitudinal,main,margin,midvein,nflorescence,oblique,onto,papillat,perfect,pericarp,pore,portion,prolonged,pubescen,robust,ruit,shiny,slit,small,sometimes,spatulate,stamen,stout,strongly,terminal,tip,tissue,truncate,tube,ud,unit,usually,vein,wide,wing,ympodial	arrangement,articulation,bud,colour,deflexed,diameter,form,growth,hair,history,length,life,number,pattern,position,root,shape,size,staman,texture,type	.2,.3,0.2â,0.3â1,0.5,0.5â0.7,0.5â0.8,0.5â1,1-,1.9â2.1,1/3â1/2,10-20,109,1â1.4,1â2,2-flowered,2.5â3,2â2.1,3,3â3.1,4.5â5,5,5-celled,abaxially,adaxially,appearing,appears,articulated,basal,base,berry,black,branching,brown,capitate,cell,cm,conical,cordate,covered,cup,curving,densely,depressed-globose,dry,eglandular,et,fruit,galiano,glandular,glandular-pubescent,globose,herb,internodal,lateral,leaflet,like,lobed,long,mixture,mm,much,near,one,open,orangish,outline,ovate,ovoid,papillate,perennial,pinnatifid,pitted,pubescent,pulp,remain,reniform,shallowly,simple,sinuate,slightly,smaller,somewhat,stellate,stem,subshrub,succulent,sulcate,surface,taproot,ternate,thick,thickened,triangular,trichome,tuberculate,uniseriate,way,white,woody,x	deflexed
34	wfo-0001026242	success	205	82	51	65	140	17	50	1	/4,0-2,0-5,0.4-0.5,0.4-2,0.5-0.7,0.55-0.9,0.7-1.3,1-2.5,1.5-3,1.5-4,10-20,2-2.5,2.5-2.8,2.5-4.5,5-7,acute,anther,apex,base,berry,bright,calyx,cm,cuneate,diameter,elongating,evenly,flower,fruit,fruiting,glabrescent,glandular,green,hair,leaf,length,lobe,lobed,margin,mature,maturity,membranous,minute,mm,moderately,pair,pedicel,peduncle,petiole,poricidal,prickle,red,red-brown,shrub,simple,spherical,stellate-pubescent,style,tapering,tip,venation,weakly,white,young	-1.5,-6,0,0.05-0.2,0.1,0.3-0.5,0.35-0.4-0.55-0.9,0.5,0.5-1,0.7,1-1.5,1-3,1.2-2,1/2,1/5-1/3,1/6-1/4,10-30-80,2-5,3-6.5,4-10,4-13,4-5-merous,4.5-5.5,5-18,5-8-20,6.5-8,7-17,abaxial,abaxially,acut,almost,alyx,ame,apar,apart,apically,apparently,articulated,bark,blade,branched,broad-deltate,c.,concolorous,connivent,curved,deltate,densely,difoliate,distance,drying,dull,eaf,eed,elliptic,equal,erect,extending,eye,filament,filiform,flattened,flattened-reniform,free,geminat,glabrou,glabrous,green-gra,infructescence,irregularly,largely,lateral,long,longer,lower,midpoint,midvein,multangulate,naked,narrow-deltate,nflorescence,obtuse,occasionally,older,one,open,orange-brown,orolla,oung,pale,pale-brown,per,perfec,pericarp,porrect,portion,prickl,prickly,primary,ray,recurved,reflexed,rounded,ruit,scar,sessile,shorte,shorter,side,smooth,sometimes,spaced,sparsely,spreading,stalk,stalked,stellate,stem,straight,subentire,surface,tamen,terete,tertiary,time,trichome,tube,unarme,unarmed,unit,upper,variously,vary,vein,visible,way,wide,woody,yellow,ympodial	0.35-0.55-0.9,articulation,branching,colour,corolla,form,growth,height,inflorescence,ovary,plant,seed,shape,staman,texture,type,width	/4,0-2,0-5,0.4-0.5,0.4-2,0.5-0.7,0.55-0.9,0.7-1.3,1-2.5,1.5-3,1.5-4,10-20,2-2.5,2.5-2.8,2.5-4.5,5-7,acute,base,berry,bright,cm,cuneate,elongating,evenly,fruit,glabrescent,glandular,green,hair,length,lobed,mature,maturity,membranous,minute,mm,moderately,pair,poricidal,red,red-brown,shrub,simple,spherical,stellate-pubescent,tapering,tip,weakly,white,young	0.35-0.55-0.9
35	wfo-0001026259	success	233	145	112	131	102	14	111	1	.8,0.2â0.4,0.3â1.2,0.4â0.6,0.5â0.6,0404,1,1.0â1.2,1.0â3.3,1.2â8.4,1.4â4.0,1.5,11â22,1â3-celled,2-ridged,2/3,2â17,2â3-celled,3.0â3.4,35â45,5â7-celled,6,8â11,?,abaxially,adaxially,affected,age,anther,anthesi,apex,appressed,base,becoming,berry,branching,broadly,brown,calyx,cell,central,cm,concave-reniform,conical-ellipsoid,corolla,cream-coloured,cylindrical,decurrent,densely,diameter,ellipsoid,end,entire,especially,et,filament,fleshy,fruit,fruiting,glabrous,globose,green,green-orange,herb,inflorescence,knapp,leaf,length,lengthening,lilac,margin,membranous,minutely,mm,much,narrower,nearly,node,often,once-branched,one,ovary,ovate-lanceolate,papillate,pathogen,pedicel,peduncle,per,petiole,plant,pore,poricidal,pubescent,purple,purple-black,purple-coloured,rachi,rarely,recurving,ripe,rounded,shiny,shrub,simple,slightly,slit,smooth,somewhat,sparsely,spreading,star,stellate,stem,stigma,stone,straight,style,tightly,tinged,tip,translucent,trichome,tube,turning,uniseriate,white,winged,woody,yellow,yellow-green,young	.1,.7,0.1â0.2,0.5,0.7â0.9,0â2,1-celled,1.5â2.0,12â24,1m,1â2,1â2-celled,4â5,5-merous,5â14,7â10,abaxial,acuminate,acute,adaxial,apar,arising,beyond,branch,branched,close,coloured,cone,congested,dehiscing,deltate,difoliate,drop,eaf,eed,elongating,exerted,flower,free,geminat,gradually,growt,halfway,hilum,individual,internodal,larger,lateral,leave,less,like,live,lobe,lobed,lon,long,longer,lower,lowermost,narrowly,near,nflorescence,occasionally,outline,pair,pale,pentagonal,perfect,pericarp,portion,positioned,primary,reduced,reflexed,relatively,remaining,ruit,scar,short,shorter,similar,sometimes,spaced,splitting,stout,strongly,sub-laterally,surface,tall,tapering,tem,testal,thick,together,toward,two,ud,unit,vein,wide,ympodial,â15	bud,colour,form,growth,hair,height,none,number,pattern,ridging,seed,shape,texture,width	.8,0.2â0.4,0.3â1.2,0.4â0.6,0.5â0.6,0404,1,1.0â1.2,1.0â3.3,1.2â8.4,1.4â4.0,1.5,11â22,1â3-celled,2-ridged,2/3,2â17,2â3-celled,3.0â3.4,35â45,5â7-celled,6,8â11,?,abaxially,adaxially,affected,age,anthesi,apex,appressed,base,becoming,berry,branching,broadly,brown,central,cm,concave-reniform,conical-ellipsoid,cream-coloured,cylindrical,decurrent,densely,ellipsoid,end,entire,especially,et,fleshy,fruit,glabrous,globose,green,green-orange,herb,knapp,leaf,length,lengthening,lilac,membranous,minutely,mm,much,narrower,nearly,node,often,once-branched,one,ovate-lanceolate,papillate,pathogen,petiole,pore,poricidal,pubescent,purple,purple-black,purple-coloured,rarely,recurving,ripe,rounded,shiny,shrub,simple,slightly,slit,smooth,somewhat,sparsely,spreading,star,stellate,straight,tightly,tinged,tip,translucent,trichome,turning,uniseriate,white,winged,woody,yellow,yellow-green,young	none
36	wfo-0001026267	success	162	95	62	72	90	23	57	5	0.6-1.7,0.7-1.1,1-1.2,1-2.6,1-4,1.5-2,2.5-3,3-15,3.2-8.6,5-7,acuminate,acute,anther,apex,attenuate,base,body,bright,calyx,cm,corolla,crateriform,cuneate,drying,filament,flattened-reniform,glabrous,globose,green,greyish-green,incrassate,larger,leaf,lobed,margin,minor,minutely,mm,narrowly,nearly,occasionally,opposite,ovary,ovate,pale,papillose,pedicel,petiole,pitted,pitting,pore,ripening,scattered,shaped,shrub,size,slender,slightly,small,stigma,straight,style,surface,tapering,tear-drop,tree,trichome,tube,uniseriate,white,x,yellow-green	.25,.5,0.1-1,0.5-1,1-1.5,1.5-2.3,20-30-flowered,3-6.1,4-8,8-10,8.5-15,anthesi,axil,ba,bark,beginning,beneath,berry,blackish,broadly,closely,decurrent,deflexed,densely,depressed,dia,differing,difoliate,distally,distinct,eaf,edicel,eed,except,exerted,free,fruiting,geminat,greenish-white,hard,inflorescenc,lateral,lavender,lobe,lon,long,longinflorescence,lower,main,major,maturity,middle,often,older,one,overlapping,pair,papillo,poricidal,portion,pubescent,quickly,raised,reflexed,remaining,rough,ruit,scar,scarious,simple,softening,soon,spaced,sparsely,stem,tall,tan,tinge,tip,triangular,tuft,ud,unit,vein,widest,wing,winged,woody,ympodial,young	0.25,0.5,1,20-30,abaxial,colour,diameter,flower,form,fruit,growth,hair,height,inflorescence,length,na,number,plant,position,seed,shape,symmetry,texture	0.6-1.7,0.7-1.1,1-1.2,1-2.6,1-4,1.5-2,2.5-3,3-15,3.2-8.6,5-7,acuminate,acute,attenuate,base,body,bright,calyx,cm,crateriform,cuneate,flattened-reniform,glabrous,globose,green,greyish-green,incrassate,larger,leaf,lobed,minutely,mm,narrowly,nearly,occasionally,opposite,ovate,pale,papillose,pitted,pitting,ripening,scattered,shaped,shrub,slender,slightly,small,straight,tapering,tear-drop,tree,trichome,tube,uniseriate,white,x,yellow-green	0.25,0.5,1,20-30,na
37	wfo-0001026279	success	244	91	63	77	167	14	62	1	0.9-1.8-2.9,1-1.4,1-10,1-3.5,11.5-19.7-34.3,3-4,3.1-4.2,8,anther,apex,appressed,attenuate,base,berry,black,blunt-tipped,branched,brown,bud,chartaceous,cm,corolla,cuneate,dark,deltoid,dendritic-echinoid,drying,echinoid,elliptic,entire,fleshy,flower,fruit,globose,granular,grayish-green,green,hair,lanceolate,lavender,leaf,length,lilac,many,margin,minute,mixed,mm,multangulate,narrowly,oblong,obovate,orbicular,pale,pedicel,peduncle,petiole,plant,pore,poricidal,porrect-stellate,rachi,sessile,short,short-stalked,shrub,simple,stellate,suborbicular,time,tip,tomentose-pubescent,tree,unwinged,white,x,yellowish-tan	-4,/14-1/8,0.2-0.4,0.25-0.4,0.8-2.3,0.9-1,1.1-1.6,1.1-1.9,1.5-1.8,1.5-3,1.7-2.3,1.9-3,1.9-3.2,1/2,14-27,2.4-3.2,2.5-3.2,2.6-4.8,2/3,3.1-3.6,3.4-5.2-5.9,3.5-7.8,3.8-5.1,4-7.5,5-200,5-8,8-11,8.5-10.5-11.4,9-22,abaxially,accrescent,acuminate,acute,adaxiall,adaxially,ag,anthesi,apart,apparently,appearing,ark,around,articulated,axe,axillary,ba,blade,branch,calyx,capitate,closely,completely,conical,covering,cylindrical,dendritic-echinoi,dense,diameter,directed,distally,due,eaf,earl,echinoi,edge,eed,elongated,enveloping,equal,evident,exerted,expanded,farinose,few-rayed,filament,free,fruiting,glabrescen,glabrescent,glabrous,grayish,half,immature,inserted,lateral,lengthening,lobe,lobed,long,long-stalked,longer,longitudinal,longitudinall,lower,m.,main,mature,midrib,multangulate-pubescent,multiseriate,nflorescence,occasional,occasionally,often,older,open,orolla,ovate-lanceolate,overlapping,partly,perfect,plurifoliate,present,prominent,pseudo-terminal,pubescence,reticulate-punctate,rounded,ruit,scabridulous,scabrous,scattered,secondary,semi-ovate,short-,short-decurrent,side,slightly,slit,slowly,somewhat,spaced,splitting,stalk,stamen,stem,stigma,style,subcampanulate,subcoriaceous,subsessile,sulcate,surface,suture,tall,tamen,tertiary,thickened,thin,thin-stalked,tomentose,tube,ud,unarme,unarmed,unit,upper,usually,vary,vein,way,whitish,wide,yellow,yellowish,ympodial,young	abaxial,arrangement,branching,colour,form,growth,height,inflorescence,position,pseudoterminally,seed,shape,texture,type	0.9-1.8-2.9,1-1.4,1-10,1-3.5,11.5-19.7-34.3,3-4,3.1-4.2,8,appressed,attenuate,berry,black,blunt-tipped,branched,brown,chartaceous,cm,cuneate,dark,deltoid,dendritic-echinoid,drying,echinoid,elliptic,entire,fleshy,flower,fruit,globose,granular,grayish-green,green,lanceolate,lavender,lilac,many,minute,mixed,mm,multangulate,narrowly,oblong,obovate,orbicular,pale,poricidal,porrect-stellate,sessile,short,short-stalked,shrub,simple,stellate,suborbicular,time,tip,tomentose-pubescent,tree,unwinged,white,x,yellowish-tan	pseudoterminally
38	wfo-0001026299	success	236	125	77	100	136	25	74	3	0.1-0.2,0.1-0.25,0.1-0.4,0.2-0.25,0.25-0.5,0.3-0.4,0.4-0.5,0.5,0.5-0.6,0.5-1,0.8-0.9,0.8-1,0.9-1,1,1-1.4,1.1-1.7,1.2-1.6,1.5-2.3,2.2-3.2,2.5-7,6-20,7-12,acute,almost,angled,anther,apex,apical,appendage,axi,base,bract,broadly,brown,calyx,capitate,cm,column,conical,corolla,crenate-serrate,dark,densely,diameter,distal,elliptic,entire,filament,fruit,fruiting,glabrous,glandular,globose,green,hair-like,half,herb,imparipinnate,inflorescence,interrupted,irregularly,leaf,leaflet,less,lobe,lobed,long,margin,middle,minute,minutely,mm,obovate,outgrowth,ovary,pale,pedicel,peduncle,pentagonal,perennial,petiole,pseudostipule,pubescent,regularly,short,simple,sparsely,stem,sterile,stigma,stripe,style,toward,trichome,truncate,tube,variously,velvety,wide,yellow	--,-10,-2.5,.5,0-8,0.1-0.2-1,0.1-0.4-1,0.1-0.5,0.15-0.2,0.2-1,0.4-2,0.5-0.6-0.8,0.5-0.7,0.5-2.5-3.5,0.6-2,0.7-3.5-5,1-celled,1.2-5,1.5-3.5-10,1.8-2,2-4,2-6,2-foliate,2-locular,2.5,25,3-5-15,5,5-20,abaxially,absent,abundant,acroscopically,adaxially,along,anthesi,appearance,approximately,articulated,basal,basiscopically,beneath,berr,bracteate,cell,change,chota,could,crenat,decurrent,developed,diamete,eaf,ebracteate,edicel,eed,eglandular,erect,exserted,flower,give,gree,hal,head,interjected,intermixed,internode,investing,jequetepeque,lacking,lanceolate,larger,lateral,like,lon,long-acuminate,longer,loosely,lower,maraÃ±Ã³n,maturity,mixture,multicellular,narrowly,nearly,nflorescence,node,oblique,occasionally,often,pair,patent,petiolule,population,present,primary,prostrate,pubescence,purple,rachi,reflexed,rest,ruit,scarcely,scattered,secondary,sessile,silky,size,sparse,spreading,staminal,stout,straight,surface,tall,tem,terminal,tertiary,testa,thick,tip,ud,unicellular,uniseriate,unit,usually,valley,vein,wall,way,weak-walled,white,winged,woody,ympodial	0.5-2.5,1.5-10,3-15,abaxial,adaxial,angle,arrangement,articulation,branching,bud,colour,form,growth,height,history,length,life,plant,position,seed,shape,staman,texture,thicknes,width	0.1-0.2,0.1-0.25,0.1-0.4,0.2-0.25,0.25-0.5,0.3-0.4,0.4-0.5,0.5,0.5-0.6,0.5-1,0.8-0.9,0.8-1,0.9-1,1,1-1.4,1.1-1.7,1.2-1.6,1.5-2.3,2.2-3.2,2.5-7,6-20,7-12,acute,almost,angled,apex,axi,broadly,brown,capitate,cm,conical,crenate-serrate,dark,densely,distal,elliptic,entire,glabrous,glandular,globose,green,hair-like,half,herb,imparipinnate,inflorescence,interrupted,irregularly,less,lobed,long,middle,minute,minutely,mm,obovate,outgrowth,pale,pentagonal,perennial,pubescent,regularly,short,simple,sparsely,stripe,toward,trichome,truncate,variously,velvety,wide,yellow	0.5-2.5,1.5-10,3-15
39	wfo-0001026305	success	135	94	55	72	63	22	53	2	.25,/4,0.2-1,0.25-0.5,0.5-2,0.6-1,1-1.5,1.3-1.5,2-2.5,2-6-flowered,2.5-3,3-8.5,4-4.5,5-7,6-9,7-16,abaxial,acute,anther,apex,area,attenuate,base,beige-tan,calyx,closely,cm,congested,conical,corolla,dendritic,densely,elliptic,filament,fruiting,glabrous,globose,green,greenish-white,leaf,leaf-opposed,lobed,long,minute,minutely,mm,older,ovary,ovoid-reniform,papillose,pedicel,petiole,pitted,pore,pubescent,rounded,scar,shaped,shining,shrub,simple,spaced,stem,stigma,style,surface,tear-drop,tip,trichome,tube,way,young	0.7-1,7-9,abaxially,adaxially,along,anthesi,apical,ba,bark,berry,dark,deflexed,deltate,dia,difoliate,drying,eaf,edicel,eed,exserted,free,geminat,glabrate,interlocking,knob-like,lamina,lateral,like,lobe,lon,lower,main,margin,middle,midrib,nflorescence,occasionally,overlappin,pair,pale,planar,poricidal,portion,projection,reddish-brow,ruit,scattered,slender,sparsely,strongly,styl,tall,tan,tub,ud,unifoliate,unit,vein,visible,widest,woody,x,ympodial	adaxial,branching,bud,colour,diameter,flower,form,fruit,growth,hair,height,inflorescence,length,na,number,overlapping,plant,position,seed,shape,texture,width	.25,/4,0.2-1,0.25-0.5,0.5-2,0.6-1,1-1.5,1.3-1.5,2-2.5,2-6-flowered,2.5-3,3-8.5,4-4.5,5-7,6-9,7-16,acute,area,attenuate,base,beige-tan,closely,cm,congested,conical,dendritic,densely,elliptic,glabrous,globose,green,greenish-white,leaf-opposed,lobed,long,minute,minutely,mm,ovoid-reniform,papillose,pitted,pubescent,rounded,shaped,shining,shrub,simple,spaced,style,tear-drop,tip,trichome,way	na,overlapping
40	wfo-0001026307	success	193	138	96	118	75	20	94	2	.3,.5,.6,.8,0.2â1.5,0.4,0.5â0.6,0.5â0.7,0.5â5.0,0.6,0.8â0.9,0.8â2,0.8â5,1.0â1.2,1.0â2.0,1.0â2.4,1.0â2.5,2.0,2.0â3.5,2.6â13,2/3,3.0â4.0,3.5â7.0,35â45,3â8-celled,4â5.7,abaxial,abaxially,acute,acute-acuminate,adaxial,age,angled,anther,apex,appressed,articulated,base,berry,black,broadly,calyx,cell,central,clavate,cm,corolla,cuneate,cylindrical,decurrent,densely,diameter,ellipsoid,entire,eye,filament,flattened-reniform,fruit,fruiting,glabrous,glandular,globose,green,growth,herb,internodal,lateral,length,lengthening,lobed,long,margin,minutely,mm,narrowing,ovary,ovate,paler,pedicel,peduncle,per,petiole,pore,poricidal,pubescent,purple,purple-yellow,reflexed,ripe,scar,shallowly,shape,shrub,simple,slightly,slit,sparsely,stellate,stem,stigma,stone,style,surface,tinged,tip,toward,translucent,trichome,tube,turning,undulate,unequal,uniseriate,variable,white,wide,yellow,yellow-green	.0â1.2,.5â4.0,0.2â0.5,1.0â1.5,1â3-celled,1â6-celled,2.0â3.0,3â8,5-merous,5â7,8â12,9,adaxially,anthesi,apar,becoming,beyond,cone,difoliate,eaf,eed,end,exerted,facing,flower,free,geminat,gradually,hilum,later,like,lobe,longer,lower,membranous,middle,narrower,new,nflorescence,one,outline,pair,papillat,pentagonal,perfect,portion,positioned,primary,recurved,reflexe,restricted,ruit,shallow,shorter,side,spaced,spreading,ste,straight,strongly,sub-laterally,tal,tem,testal,three,triangular,two,ud,unevenly,unit,upper,vein,vigorous,weak-stemmed,ympodial	angle,apart,articulation,branching,bud,colour,form,glandularity,height,inflorescence,leaf,number,papillate,plant,pubescence,seed,size,spacing,type,width	.3,.5,.6,.8,0.2â1.5,0.4,0.5â0.6,0.5â0.7,0.5â5.0,0.6,0.8â0.9,0.8â2,0.8â5,1.0â1.2,1.0â2.0,1.0â2.4,1.0â2.5,2.0,2.0â3.5,2.6â13,2/3,3.0â4.0,3.5â7.0,35â45,3â8-celled,4â5.7,abaxially,acute,acute-acuminate,age,angled,apex,appressed,articulated,base,berry,black,broadly,central,clavate,cm,cuneate,cylindrical,decurrent,densely,diameter,ellipsoid,entire,eye,flattened-reniform,glabrous,glandular,globose,green,herb,internodal,lateral,length,lengthening,lobed,long,minutely,mm,narrowing,ovate,paler,pore,poricidal,pubescent,purple,purple-yellow,reflexed,ripe,shallowly,shape,shrub,simple,slightly,slit,sparsely,stellate,tinged,tip,toward,translucent,turning,undulate,unequal,uniseriate,variable,white,wide,yellow,yellow-green	apart,papillate
41	wfo-0001026317	success	167	94	57	77	90	17	56	1	/4,0.25-1,0.3-1.2,0.5,0.5-0.6,0.7-0.9,1-1.2,2-2.5,2.5-10,3,4-5,6-8,6x,acuminate,acute,anther,apart,apex,approximately,attenuate,bark,base,berry,branched,bright,brown,capitate,cm,conical,corolla,dark,dendritic,densely,diameter,elliptic,entire,filament,flattened,fruiting,glabrous,globose,growth,inflorescence,less,lobed,many,margin,mm,narrowly,orange,ovary,pale,pedicel,per,petiole,pore,poricidal,pubescence,pubescent,red,reniform,scar,shiny,shrub,simple,sparsely,stem,stigma,style,time,tip,trichome,uniseriate,way,white,x,yellowish	.5,0.5-0.8,0.5-1,0.6-1-5.7,0.8-1,1-1.5,10-12,2-3-foliate,2-3.5-15,2-4,3-3.5,50-200,?,abaxially,absent,adaxially,age,anthesi,apically,calyx,clonal,closely,correlated,deltate,dense,distally,drying,eaf,eed,em,erec,erect,essentially,exerted,extremely,flower,found,free,geminat,halfwa,internodal,lamina,lengthening,like,lobe,longer,lower,maturity,minutely,new,nflorescence,nodding,occasionally,often,packed,pair,papillat,papillate,peduncle,perfect,pericarp,pitted,planar,plane,plant,population,portion,primary,pubescen,pulp,rachi,reflexed,ruit,slightly,slit,sticky,straight,surface,swollen,terminal,thin,toward,triangular,tube,ud,unit,variable,vein,woody,ympodial	abaxial,adaxial,branching,bud,colour,exertion,form,fruit,halfway,leaf,length,number,seed,shape,spacing,texture,type	/4,0.25-1,0.3-1.2,0.5,0.5-0.6,0.7-0.9,1-1.2,2-2.5,2.5-10,3,4-5,6-8,6x,acuminate,acute,apart,approximately,attenuate,base,branched,bright,brown,capitate,cm,conical,dark,dendritic,densely,elliptic,entire,flattened,glabrous,globose,less,lobed,many,mm,narrowly,orange,pale,poricidal,pubescent,red,reniform,shiny,shrub,simple,sparsely,time,tip,trichome,uniseriate,way,white,x,yellowish	halfway
42	wfo-0001026335	success	157	100	64	81	76	19	62	2	.5,0.25-0.5,0.5-1,0.6-1,1-2,1.5-2,10-20,10-30,2,2-3,2-4,2-7.5,3-18,4-5,5-15,5-7,abaxially,acuminate,adaxially,anther,apex,base,branched,calyx,chartaceous,cm,cuneate,curved,cylindrical,dense,densely,diameter,directed,distally,elliptic,elliptic-ovate,entire,flattened,flower,forked,fruit,glabrescent,glabrous,globose,green,hair,large,leaf,longitudinal,margin,mm,moderately,multangulate,oblong,opening,pedicel,peduncle,petiole,pore,probably,pubescence,pubescent,rachi,reticulate,ripe,rounded,sessile,shrub,simple,slit,stellate,stem,stigma,straight,style,surface,unripe,white,whitish,x,yellowish	.5-3.5,0.1-0.3,0.8-1.3,1,1-1.5,1-3,1-4,1.5-4,3-5,5-,7-8,accrescent,acute,adaxiall,ag,apart,apparently,articulated,axe,ba,blade,capitat,connivent,covering,deltate,eaf,eed,equal,erect,especially,filament,frui,fruiting,geminate,glandula,glandular,held,lanceolate,leaf-opposed,like,lobe,long,lower,many-foliate,midpoint,much,nflorescence,often,orolla,paired,perfect,ray,ruit,scattered,slightly,smaller,sometimes,spaced,ste,stellate-pubescent,subtending,tal,tamen,tem,time,tip,toward,tube,unit,uprigh,usually,vary,vein,wide,yellow,ympodial	age,articulation,branching,capitate,colour,corolla,form,growth,height,inflorescence,length,ovary,plant,seed,shape,size,staman,texture,type	.5,0.25-0.5,0.5-1,0.6-1,1-2,1.5-2,10-20,10-30,2,2-3,2-4,2-7.5,3-18,4-5,5-15,5-7,acuminate,base,branched,chartaceous,cm,cuneate,curved,cylindrical,dense,densely,diameter,directed,distally,elliptic,elliptic-ovate,entire,flattened,forked,glabrescent,glabrous,globose,green,large,longitudinal,mm,moderately,multangulate,oblong,opening,probably,pubescence,pubescent,reticulate,ripe,rounded,sessile,shrub,simple,slit,stellate,straight,unripe,white,whitish,x,yellowish	age,capitate
43	wfo-0001026343	success	218	80	51	60	158	20	49	2	.5,0-40,0.05-0.5,2-8,2.5-8,5-10,7-12,abaxial,adaxial,anther,base,berry,branched,calyx,chartaceous,cm,cream,dark,dull,elliptic,elongating,equal,flattened-reniform,flower,fruit,fruiting,glabrescent,green,lateral,leaf,length,lobed,long,lower,margin,marking,maturity,mauve,mm,orange,orange-brown,pale,per,petiole,poricidal,prickle,purple,reflexed,shrub,small,sparsely,spherical,stellate-pubescent,stem,surface,tapering,tip,tree,yellow,young	-15,-4,-7,/2,/5,0-1,0-10,0-2,0-4,0-5,0.05-0.2,0.1-0.2,0.15,0.2,0.2-0.3,0.2-0.7-1.5,0.3,0.45-1,0.5,0.5-1.5,0.8-1.5,1-2,1-3,1-4,1.3-1.7,1.5-2,1.5-2.5-3.5,1.8-2.2,1.8-3,1/,1/3,1/4-2/3,1/5,10-30,2-3,2-3.2,2-4,2-5,2-6,2.2-3.2,3-4,3-5,3.5-4.5,5-merous,5.5-9,6-9,7-14,7-8,7-9,abaxially,acuminat,acute,alyx,andromonoecious,apar,apart,apex,apically,apparently,articulated,bark,blade,broadly,brow,concolorous,connivent,cuneate,curved,deltate,densely,diameter,distal,distance,drying,eed,erect,extending,faint,filament,flattened,free,glabrous,green-brown,hermaphrodite,heterostylous,infructescence,less,lobe,lobing,lon,long-styled,longer,lowermost,mature,midpoint,midvein,moderately,multangulate,narrow-deltate,nflorescence,obtuse,older,one,open,orolla,oung,ovate,pair,pedicel,peduncle,pendulous,pericarp,plant,plurifoliat,porrect,portion,prickl,prickly,primary,ray,reddish,reduced,rounded,ruit,scar,secondary,sessile,short-styled,side,smooth,sometimes,spaced,spreading,stalk,stalked,staminat,stellate,stout,style,tamen,terete,tertiary,time,trichome,tube,unarmed,unit,upper,variously,vary,vein,venation,visible,way,weakly,wide,woody,ympodial	branching,colour,corolla,form,growth,heteromorphism,inflorescence,needle-like,number,orientation,placement,position,seed,shape,staman,symmetry,texture,type,width,zygomorphy	.5,0-40,0.05-0.5,2-8,2.5-8,5-10,7-12,base,berry,branched,chartaceous,cm,cream,dark,dull,elliptic,elongating,equal,flattened-reniform,glabrescent,green,lateral,leaf,lobed,long,lower,marking,maturity,mauve,mm,orange,orange-brown,pale,per,poricidal,purple,reflexed,shrub,small,sparsely,spherical,stellate-pubescent,stem,surface,tapering,tip,tree,yellow,young	needle-like,zygomorphy
44	wfo-0001026352	success	207	142	110	126	81	16	107	3	.3,.5,0.5,0.5-0.8,0.5-1.5,0.5-3,0.6-1.5-4.6,0.7-2,0.9-1,1-1.5,1-10,1-2-celled,1-3.5-9,1.5,10+,2,4-4.5,5-6,<,?,abaxially,acuminate,acute,almost,angle,anther,antrorsely,apart,apex,articulated,articulation,axi,bark,basal,base,bending,berry,blue,branching,capitate-truncate,cm,cordate,corolla,curved,deciduous,densely,diameter,ellipsoid,entire,evenly,filament,flattened,fruiting,glabrous,globose,green,growth,half,herbarium,inflorescence,irregularly,lamina,leafy,leaving,length,lengthening,like,lobed,long,many,margin,minutely,mm,narrowly,near,nearly,new,outline,ovate,pale,papillate,pedicel,peduncle,peg,per,petiole,pink,point,pore,poricidal,pubescent,rachi,reniform,revolute,right,scar,shallowly,shoot,short,simple,sleeve,slit,small,spaced,specimen,stellate,stem,stigma,straw-colored,style,surface,terminal,time,tip,trichome,truncate,tube,tuberculate,uniseriate,vein,vine,violet,weak,white,woody,yellowish	0.5-1,1.2-1.7,1.5-2,12-60,2-3-celled,3-15,5-merou,6-7,7-9,adaxiall,ag,alyx,anthesi,apparently,appearance,arising,branch,broadly,brown,calyx,cell,chartaceous,conical,deltate,denser,discolorous,eaf,eed,eventually,expanded,exserted,few-celled,flower,free,giving,greenish,heigh,ilament,immature,impressed,inflorescenc,junction,large,largest,leave,lobe,lower,mature,membranous,nflorescence,older,orolla,pair,papillo,perfect,pericarp,plurifoliat,portion,primary,principal,reflexed,rest,ruit,seen,shiny,sparser,spreadin,spreading,strongly,tem,thin,third,tub,ud,unit,unspecified,upper,vary,wide,widest,ympodial	age,bud,colour,form,fruit,glabrousnes,hair,leaf,number,ovary,papillose,seed,shape,texture,type,width	.3,.5,0.5,0.5-0.8,0.5-1.5,0.5-3,0.6-1.5-4.6,0.7-2,0.9-1,1-1.5,1-10,1-2-celled,1-3.5-9,1.5,10+,2,4-4.5,5-6,<,?,abaxially,acuminate,acute,almost,angle,antrorsely,apart,apex,articulated,articulation,axi,basal,base,bending,berry,blue,capitate-truncate,cm,cordate,curved,deciduous,densely,diameter,ellipsoid,entire,evenly,flattened,glabrous,globose,green,half,herbarium,irregularly,lamina,leafy,leaving,lengthening,like,lobed,long,many,minutely,mm,narrowly,near,nearly,outline,ovate,pale,papillate,peg,per,pink,point,pore,poricidal,pubescent,reniform,revolute,right,shallowly,shoot,short,simple,sleeve,slit,small,spaced,specimen,stellate,stem,straw-colored,surface,terminal,time,tip,trichome,truncate,tuberculate,uniseriate,vein,vine,violet,weak,white,woody,yellowish	age,leaf,papillose
45	wfo-0001026352	success	212	122	97	112	100	10	95	2	.5,0.5,0.5-0.8,0.5-1.5,0.5-3,0.9-1,1-1.5,1-10,1-2-celled,1.5,10+,2,4-4.5,5-6,<,?,abaxially,acuminate,acute,adaxially,anther,antrorsely,apart,apex,articulated,articulation,axi,basal,base,berry,blue,branching,capitate-truncate,chartaceous,cm,connivent,cordate,corolla,curved,densely,diameter,ellipsoid,entire,evenly,filament,flattened-reniform,form,fruiting,glabrous,globose,green,growth,half,inflorescence,irregularly,lamina,leaf,leaving,length,lengthening,like,lobed,long,many,margin,membranous,minutely,mm,narrowly,near,nearly,outline,pale,papillate,pedicel,peduncle,peg,per,petiole,pink,pore,poricidal,pubescent,revolute,scar,shallowly,shiny,simple,sleeve,slit,small,spaced,spreading,stellate,stem,stigma,style,surface,time,tip,trichome,truncate,twining,uniseriate,vein,vine,violet,weak,white,woody,x,yellowish	.3,0.5-1,0.6-1.5-4.6,0.7-2,1-3.5-9,1.2-1.7,1.5-2,12-60,2-3-celled,3-15,5-merou,6-7,7-9,ag,almost,alyx,angle,anthesi,apparently,appearance,arising,ark,bending,branch,broadly,brown,calyx,cell,conical,deciduous,deltate,denser,discolorous,eaf,eed,eventually,expanded,exserted,few-celled,flower,free,geminat,giving,greenish,heigh,herbarium,ilament,immature,impressed,inflorescenc,junction,large,largest,leafy,lobe,lower,mature,new,nflorescence,older,orolla,ovate,pair,papillo,perfect,pericarp,plurifoliate,point,portion,primary,principal,rachi,reflexed,rest,right,ruit,seen,shoot,short,sparser,speciman,specimen,spreadin,straw-colored,strongly,tem,terminal,thin,third,tub,tube,tuberculate,ud,unit,unspecified,upper,vary,widest,yellow,ympodial	age,colour,fruit,hair,number,ovary,papillose,seed,shape,texture	.5,0.5,0.5-0.8,0.5-1.5,0.5-3,0.9-1,1-1.5,1-10,1-2-celled,1.5,10+,2,4-4.5,5-6,<,?,abaxially,acuminate,acute,adaxially,antrorsely,apart,apex,articulated,axi,basal,base,berry,blue,capitate-truncate,chartaceous,cm,connivent,cordate,curved,densely,diameter,ellipsoid,entire,evenly,flattened-reniform,glabrous,globose,green,half,irregularly,lamina,leaf,leaving,lengthening,like,lobed,long,many,membranous,minutely,mm,narrowly,near,nearly,outline,pale,papillate,peg,per,pink,pore,poricidal,pubescent,revolute,shallowly,shiny,simple,sleeve,slit,small,spaced,spreading,stellate,stem,surface,time,tip,trichome,truncate,twining,uniseriate,vein,vine,violet,weak,white,woody,x,yellowish	age,papillose
46	wfo-0001026379	success	218	184	144	163	55	21	141	3	0.2-0.38,0.2-0.4,0.7-1,0.7-2.5,0.8-1.2,0.9-1.2,1-1.7,1-10,1-2,1-3.7,1.3-2.1,1.5-2.3-4.5,1.7-4.9,1.8-2.6,1.8-3.2,1.9-3.4,1/2,13,2-7,2.6-3.7,2/3,4-5,4.1-7,5.3-10.2,50-450,8-13,8-15,8.3-10,9-14,abaxially,acute,adaxially,along,anther,apart,apex,apparently,around,attenuate,bark,basal,base,berry,blunt-tipped,branch,branched,brown,calyx,chartaceous,cm,conical,corolla,cylindrical,dark,dendritic-echinoid,densely,diameter,directed,distal,distally,dried,echinoid,echinoid-pubescent,edge,ellipsoid,entire,evident,farinose,few-rayed,filament,finely,fleshy,flower,free,fruit,glabrous,globose,granular,gray-brown,grayish,growth,hair,inserted,large,lateral,leaf,length,lengthening,line,lobe,long-attenuate,main,many,margin,midrib,minute,minutely,mm,mostly,multangulate,multangulate-pubescent,nearly,oblong,obovate,obtuse,ovate,ovate-lanceolate,pale,partly,pedicel,peduncle,perfect,persistently,petiole,pitted,plant,pore,poricidal,porrect-stellate,rachi,reniform,rich,scabrous,scattered,semi-ovate,sessile,short-stalked,shrub,side,simple,size,slit,small,sometimes,somewhat,sparse,stellate,stellate-,stellate-pubescent,stellate-tomentose,stelliform,stigma,style,suture,terete,testa,time,tip,tomentose-pubescent,translucent,tree,tube,upper,usually,vein,velutinous-pubescent,vestigial,violet,whitish,whitish-brown,x,yellow,young	1.8-5,2-2.8,2.4-5.1,2.9-4,3-11,3/4,6-10.6,8-29,accrescent,adaxiall,ag,anthesi,articulated,axillary,ba,blade,capitat,closely,completely,covering,eaf,echinoi,eed,enveloping,fruiting,hig,included,lacking,lobed,long,lower,m.,mature,multangulat,nflorescence,often,older,orolla,plurifoliate,present,pubescen,rather,recent,ruit,runk,spaced,stem,tamen,thin,ud,uneven,unit,vary,way,ympodial	age,arrangement,branching,bud,capitate,colour,form,glabrousnes,height,inflorescence,insertion,number,ovary,pubescent,seed,shape,spacing,staman,texture,trunk,type	0.2-0.38,0.2-0.4,0.7-1,0.7-2.5,0.8-1.2,0.9-1.2,1-1.7,1-10,1-2,1-3.7,1.3-2.1,1.5-2.3-4.5,1.7-4.9,1.8-2.6,1.8-3.2,1.9-3.4,1/2,13,2-7,2.6-3.7,2/3,4-5,4.1-7,5.3-10.2,50-450,8-13,8-15,8.3-10,9-14,abaxially,acute,adaxially,along,apart,apex,apparently,around,attenuate,basal,base,berry,blunt-tipped,branched,brown,calyx,chartaceous,cm,conical,corolla,cylindrical,dark,dendritic-echinoid,densely,directed,distal,distally,dried,echinoid,echinoid-pubescent,edge,ellipsoid,entire,evident,farinose,few-rayed,finely,fleshy,flower,free,glabrous,globose,granular,gray-brown,grayish,hair,inserted,large,length,lengthening,line,lobe,long-attenuate,many,midrib,minute,minutely,mm,mostly,multangulate,multangulate-pubescent,nearly,oblong,obovate,obtuse,ovate,ovate-lanceolate,pale,partly,perfect,persistently,petiole,pitted,poricidal,porrect-stellate,reniform,rich,scabrous,scattered,semi-ovate,sessile,short-stalked,shrub,side,simple,slit,small,sometimes,somewhat,sparse,stellate,stellate-,stellate-pubescent,stellate-tomentose,stelliform,suture,terete,time,tip,tomentose-pubescent,translucent,tree,tube,upper,usually,velutinous-pubescent,vestigial,violet,whitish,whitish-brown,x,yellow	age,capitate,pubescent
47	wfo-0001026400	success	187	126	79	104	83	22	78	1	0.2-0.8,0.4-1,0.5-1.2,0.7-1.1,1-10,1-2,1.3-2.6,10-18,10-28,12-27,13-30,2-8,3.4-4.8,3.5-5.9,30-55,4-7,5-7,6-13,6-15,6.5-20,8-12,9-13,acumen,anther,blade,blue,brownish,clavate,cm,condition,connivent,coriaceous,corolla,dark,deep,diameter,distal,dorsally,drying,edge,elliptic,filament,finely,flat,flower,folded,forked,fresh,fruit,glabrescent,glabrous,globose,green,green-white,greenish,hair,half,herb,high,homostylous,interjected,lanceolate,lateral,leaf,leaflet,light,lilac,linear,lobe,mm,moderately,mucilaginous,odd-pinnate,ovate,ovoid,pair,pedicel,peduncle,pentagonal,petiole,plant,pore,poricidal,puberulent,pubescent,purple,ripe,seed,semi-stellate,short,simple,size,stigma,straight,stripe,style,terminal,throughout,tip,tube,wet,white,whitish,x	0.5-1,1.7-2.2,2-6,2.4-5.9,3-6,5-merou,abaxially,acuminate,acute,adaxiall,adaxially,ag,alyx,apart,apex,apparently,articulated,asymmetric,attenuate,axe,axillary,base,basiscopic,berry,bud,capitat,cell,covering,decreasing,decurrent,digestion,eaf,eed,enzyme,erec,exceeding,geminat,generally,glabrou,gree,hair-like,hal,honeycomb-shaped,lengthening,living,long,lower,make,nflorescence,orbicular,orolla,perfect,petiolulate,plurifoliate,removed,rounded,ruit,sessile,seudostipule,side,slightly,slit,spaced,specimen,stamen,subequal,subtending,tall,tamen,tem,testal,thick,tissue,toward,tri-,typically,unit,unwinged,usually,vary,wall,yellow,ympodial	abaxial,adaxial,arrangement,articulation,branching,calyx,capitate,colour,connective,form,growth,height,inflorescence,length,ovary,pseudostipule,shape,spacing,staman,stem,symmetry,texture	0.2-0.8,0.4-1,0.5-1.2,0.7-1.1,1-10,1-2,1.3-2.6,10-18,10-28,12-27,13-30,2-8,3.4-4.8,3.5-5.9,30-55,4-7,5-7,6-13,6-15,6.5-20,8-12,9-13,blue,brownish,clavate,cm,condition,connivent,coriaceous,dark,deep,distal,dorsally,drying,elliptic,finely,flat,folded,forked,fresh,glabrescent,glabrous,globose,green,green-white,greenish,hair,half,herb,high,homostylous,lanceolate,light,lilac,linear,mm,moderately,mucilaginous,odd-pinnate,ovate,ovoid,pentagonal,poricidal,puberulent,pubescent,purple,ripe,semi-stellate,short,simple,straight,stripe,throughout,tip,wet,white,whitish,x	capitate
48	wfo-0001026406	success	219	95	68	77	142	18	67	1	.2,.5,00-200,1.5-5,1.8-2.4,1/4,1/4-1/2,2-2.7,2-6,2.5-8,2.9-3.2,3.2-3.8,5-8,6-12,6.5-7,9-15,abaxial,adaxial,anther,base,berry,branched,chartaceous,cm,conical,connivent,cream,curved,dark,densely,diameter,dirty-whitish,flattened,flower,fruit,gently,glabrous,green,herb,lateral,leaf,length,lobed,long,long-styled,margin,marking,maturity,mauve,midvein,mm,orange-brown,ovate,pale,per,petiole,poricidal,prickle,purple,red-brown,short-styled,shrub,spherical,stellate-pubescent,stem,straight,style,tapering,terminal,tip,upper,velvety,way,white,wide,yellow,young	0,0-3,0-30,0-5,0.3,0.3-0.5,0.3-0.5-1,0.3-0.7,0.4-0.8,0.4-0.9,0.5,0.5-1.5,0.5-2.5,0.8,1,1-2,1.3-1.5,1.5-2,1/,1/3,1/4-1/3,10-30,12-19,2-3,20-60,3-10.5,3-4,30-60,5,5-25,5-50,5-6,5-7,5-merous,6-15,7-10,7-8,7-9,abaxially,acute,adaxially,alyx,ame,andromonoecious,apar,apart,apex,apically,apparently,articulated,bark,blade,broad-deltate,c.,calyx,cordate,deltate,discolorous,distal,distance,drying,eaf,eed,elongated,elongating,equal,erect,extending,filament,flattened-reniform,foliaceous,free,fruiting,fully,hermaphrodite,heterostylous,infructescence,least,lobe,lon,longer,lower,lowermost,mature,midpoint,moderately,nflorescence,oblong,obtuse,older,one,open,opening,orolla,oung,pair,pedicel,peduncle,pendent,pendulous,pericarp,plant,plurifoliat,porrect,portion,prickl,prickly,primary,ray,reflexed,rounded,ruit,scar,sessile,side,smooth,sometimes,spaced,sparsely,spreading,stalk,stalked,staminat,stellate,stout,surface,tamen,terete,tertiary,time,trichome,tube,unit,variously,vary,vein,venation,visible,weakly,woody,yellow-brow,ympodial	branching,colour,corolla,form,growth,inflorescence,na,number,ovary,placement,position,seed,shape,size,staman,texture,type,width	.2,.5,00-200,1.5-5,1.8-2.4,1/4,1/4-1/2,2-2.7,2-6,2.5-8,2.9-3.2,3.2-3.8,5-8,6-12,6.5-7,9-15,base,berry,branched,chartaceous,cm,conical,connivent,cream,curved,dark,densely,diameter,dirty-whitish,flattened,flower,gently,glabrous,green,herb,lateral,lobed,long,long-styled,marking,maturity,mauve,midvein,mm,orange-brown,ovate,pale,per,poricidal,purple,red-brown,short-styled,shrub,spherical,stellate-pubescent,stem,straight,tapering,terminal,tip,upper,velvety,way,white,wide,yellow,young	na
49	wfo-0001026407	success	221	156	114	136	85	20	111	3	.5,/3,0.5,0.5-0.6,0.5-1,0.5-2,1,1-1.2,1-10,1.2-1.5,1.3,20-30,3.5,4-5,7-8,acute,anther,apart,apex,articulated,axi,basal,base,becoming,beneath,berry,black,branched,broadly,brown,brownish,capitate,chartaceous,cm,congested,connivent,corolla,deep,dendritic,densely,diameter,discolorous,ellipsoid,elliptic,entire,erect,filament,flattened-reniform,fleshy,flower,free,fruiting,glabrous,globose,golden,growth,inflorescence,internodal,irregularly,lamina,lateral,lax,leaving,lengthening,like,lobed,long,loosely,lower,many,margin,markedly,membranous,minutely,mixture,mm,narrowly,new,oblique,obscured,occasionally,outline,pale,paler,papillate,pedicel,peduncle,peg,per,perfect,petiole,pitted,pore,poricidal,portion,primary,pubescence,pubescent,purple,purplish,reddish,revolute,ripe,scar,shiny,short,shrub,simple,sleeve,slightly,slit,small,spaced,stellate,stem,stiff,stigma,style,surface,tangled,terminal,testal,time,tip,trichome,truncate,tube,upper,vein,vine,violet,way,weak,woody,x,yellow	+,-11,-6,0.9-3,1.5-1.7,1.5-2,1.5-7,2-2.5,2.5-3,20-40,3.5-5.5,5,5-10,5-7,5-merou,7-10,abaxially,adaxially,ag,aid,along,always,alyx,anthesi,appearing,area,ark,around,berr,blunt,branch,calyx,cell,clear,climbin,conical,deltate,dense,denser,eaf,eed,evenly,exserted,geminat,glabrescen,glabrou,golden-pubescent,ilament,interpetalar,leafy,lobe,midvein,near,nflorescence,numerous,often,older,open,orolla,pair,papillat,pedice,pentagonal,pericarp,persistent,planar,plurifoliate,pubescenc,ruit,sinus,sparsely,sparser,spreading,stout,strongly,tem,thin,transition,twining,ud,undulate,unit,usually,vary,ympodial	5-merous,age,arrangement,articulation,bark,bud,colour,form,fruit,glabrescent,hair,leaf,length,number,ovary,position,seed,shape,texture,type	.5,/3,0.5,0.5-0.6,0.5-1,0.5-2,1,1-1.2,1-10,1.2-1.5,1.3,20-30,3.5,4-5,7-8,acute,apart,apex,articulated,axi,basal,base,becoming,beneath,berry,black,branched,broadly,brown,brownish,capitate,chartaceous,cm,congested,connivent,deep,dendritic,densely,diameter,discolorous,ellipsoid,elliptic,entire,erect,flattened-reniform,fleshy,glabrous,globose,golden,internodal,irregularly,lamina,lateral,lax,leaving,lengthening,like,lobed,long,loosely,many,markedly,membranous,minutely,mixture,mm,narrowly,oblique,obscured,occasionally,outline,pale,paler,papillate,peg,perfect,pitted,pore,poricidal,pubescence,pubescent,purple,purplish,reddish,revolute,ripe,shiny,short,shrub,simple,sleeve,slightly,slit,small,spaced,stellate,stem,stiff,tangled,terminal,time,tip,trichome,truncate,vine,violet,way,weak,woody,x,yellow	5-merous,age,glabrescent
50	wfo-0001026424	success	135	52	30	35	100	17	27	3	0.75-1.5,1-1.5,1.5-2,12-60,3-4,acuminate,acute,apex,axil,base,blush-violet,calyx,campanulate,cell,cm,corolla,cuneate,cyme,fork,glabrous,glandular,hair,leaf,minute,mm,oblique,pedicel,petiole,pinnatisect,rotate-stellate,scorpioid,shrub,simple,stem,stone	-3.5,-4,1,1-10,1-2,10,10-15,15,15-30,3-11,637/1,8-10-25,acuman,acumen,age,angular,anthesi,aspect,ba,becoming,blunt,bluntly,broad,broadly,clonal,close,common,conspicuous,cut,dia,distinct,downard,eaf,ellipsoid,elliptic,erect,exceeding,except,exerted,facetted,facing,floral,flower,forked,general,gree,growing,interacuminal,lacking,lanceolate,lanceolate-elliptic,larger,lasting,lavender,line,lobe,lobed,lon,long,lower,midvein,nflorescence,obovate,often,part,pedicellate,peduncle,plurifoliat,point,rachi,raised,rarely,rh,rounded,second,several,shallowly,short,sinus,slightly,soft-wooded,soon,straggly,time,tip,tissue,toward,triangular,tub,ud,unit,unwinged,usually,violet,within,woody,x,year,ympodial,young	1-3.5,1-4,8-25,colour,diameter,form,growth,height,inflorescence,length,margin,plant,position,shape,texture,type,width	0.75-1.5,1-1.5,1.5-2,12-60,3-4,acuminate,acute,axil,blush-violet,campanulate,cm,cuneate,cyme,fork,glabrous,glandular,hair,leaf,minute,mm,oblique,pinnatisect,rotate-stellate,scorpioid,shrub,simple,stem	1-3.5,1-4,8-25
51	wfo-0001026440	success	181	119	84	97	84	22	81	3	0-15,1-5,1.1-1.5,1.3-1.7,1.5-2.1,1/2,2-2.8,2-4,2.9-4.4,3-7,3-8,3/4,5-7,7-14,9,abaxially,adaxially,anther,appressed,bark,basal,base,blunt-tipped,branch,branched,broadly,brown,cm,conical,corolla,dendritic-echinoid,diameter,directed,distal,distally,echinoid,elliptic,filament,globose,granular,green,greenish-yellow,hair,large,leaf,length,lengthening,many,minute,minutely,mm,mostly,multangulate,multangulate-pubescent,oblong,obovate,obovoid-oblong,often,ovate,pale,pedicel,peduncle,persistently,petiole,pitted,pore,poricidal,porrect-stellate,reniform,ripe,scabrous,sessile,short-stalked,shrub,simple,size,slit,small,somewhat,sparse,stellate,stigma,style,terete,testa,time,tip,tomentose,tomentose-pubescent,tree,truncate,tube,turning,white,x,yellow,young	1.1-1.4,1.8-4.5,1.9-3.7,1/2-2/3,14-30,3-5,3.9-6.5,4-12,accrescent,acute,adaxiall,ag,along,always,anthesi,apex,apparently,articulated,axillary,ba,berry,blade,bract-like,branche,calyx,capitat,chartaceous,closely,dense,developed,dichotomy,eaf,echinoi,eed,entire,first,fleshy,flower,free,fruiting,high,included,inserted,lobe,lobed,long,long-attenuate,lower,m.,margin,multangulat,nearly,nflorescence,obscure,obtuse,older,openly,orolla,pair,perfect,plurifoliate,pubescen,rather,ruit,runk,semi-ovate,short-acuminate,sometimes,spaced,stellate-pubescent,stem,suture,tamen,thick,thin,tomentum,translucent,ud,uneven,unit,usually,vary,way,ympodial	age,arrangement,branching,bud,capitate,colour,form,fruit,growth,height,inflorescence,insertion,ovary,plant,pubescent,seed,shape,staman,texture,thicknes,trunk,type	0-15,1-5,1.1-1.5,1.3-1.7,1.5-2.1,1/2,2-2.8,2-4,2.9-4.4,3-7,3-8,3/4,5-7,7-14,9,adaxially,appressed,basal,base,blunt-tipped,branched,broadly,brown,cm,conical,corolla,dendritic-echinoid,directed,distal,distally,echinoid,elliptic,globose,granular,green,greenish-yellow,hair,large,lengthening,many,minute,minutely,mm,mostly,multangulate,multangulate-pubescent,oblong,obovate,obovoid-oblong,often,ovate,pale,persistently,pitted,pore,poricidal,porrect-stellate,reniform,ripe,scabrous,sessile,short-stalked,shrub,simple,slit,small,somewhat,sparse,stellate,terete,time,tip,tomentose,tomentose-pubescent,tree,truncate,tube,turning,white,x,yellow	age,capitate,pubescent
52	wfo-0001026441	success	197	128	94	106	91	22	90	4	0.3-0.7,1-1.5,1-2,1.5-2.5,10,15-20,2-2.5,2-8,3-5,4-6,4-8.5,4.5-6.5,5,5-10.5,7-20,7-8,9-14,abaxially,adaxially,anther,base,berry,blade,brownish,cell,chartaceous,ciliate,cm,condition,conical,corolla,covering,decreasing,diameter,drying,elliptic-lanceolate,end,especially,filament,forked,fresh,fruit,glabrous,gradually,green,green-white,greenish,hair,hair-like,herb,homostylous,lanceolate,lateral,leaf,leaflet,lengthening,light,like,long,make,margin,minute,minutely,mm,mottled,mucilaginous,odd-pinnate,one,ovoid,pair,pale,pedicel,peduncle,petiole,placed,plant,pore,poricidal,puberulent,pubescent,purple,ripe,rotate,seed,size,slit,sparsely,stem,stigma,style,subequal,terminal,testal,thick,throughout,tip,toward,tube,tuber,typically,usually,violet,wall,wet,whitish,x	.5,0-2,0.4-3,0.5-1.5,0.8,1-10,1.5-2,10-14,2-5.5,4-8,5-merou,6-15,absent,acumen,acuminate,ag,alyx,apart,apex,apparently,articulated,attenuate,axe,axillary,bud,capitat,connivent,digestion,distal,dorsally,eaf,edge,eed,enzyme,equal,erec,exceeding,flat,flower,folded,fourt,geminat,generally,glabrou,half,honeycomb-shaped,interjected,internal,larger,living,lobe,lower,middle,narrow,nflorescence,obtuse,orbicular,orolla,ovate,perfect,petiolule,plurifoliate,removed,rounded,ruit,secondary,semierect,seudostipule,short,slightly,spaced,specimen,stamen,star,ste,stolo,straight,subsessile,subtending,symmetrical,tall,tamen,tem,tri-,unit,vary,white,wide,wing,yellow,ympodial	5-merous,age,arrangement,branching,calyx,capitate,ciliation,colour,flowering,form,growth,habit,height,inflorescence,length,ovary,placement,pseudostipule,shape,stolon,texture,width	0.3-0.7,1-1.5,1-2,1.5-2.5,10,15-20,2-2.5,2-8,3-5,4-6,4-8.5,4.5-6.5,5,5-10.5,7-20,7-8,9-14,abaxially,adaxially,base,berry,brownish,cell,chartaceous,ciliate,cm,condition,conical,corolla,covering,decreasing,drying,elliptic-lanceolate,end,especially,forked,fresh,glabrous,gradually,green,green-white,greenish,hair,hair-like,herb,homostylous,lanceolate,lateral,leaf,lengthening,light,like,long,make,margin,minute,minutely,mm,mottled,mucilaginous,odd-pinnate,one,ovoid,pale,placed,pore,poricidal,puberulent,pubescent,purple,ripe,rotate,seed,size,slit,sparsely,stem,subequal,testal,thick,throughout,tip,toward,typically,usually,violet,wall,wet,whitish,x	5-merous,age,capitate,stolon
53	wfo-0001026460	success	131	88	49	59	72	29	46	3	.1,.5,0.5-1.5,1-1.5,1.5-2,1/2,10-15,5,6-7,abaxially,adaxially,anther,base,berry,brown,calyx,capitate,cm,completely,corolla,dark,distal,elliptic,filament,filiform,flower,fruiting,glabrous,globose,green,greenish,inflorescence,leaf,less,lobed,long,minutely,mm,nearly,opposite,ovary,ovoid-reniform,papillose,pedicel,pitted,pore,poricidal,shaped,shrub,simple,stigma,style,subshrub,surface,tear-drop,tip,tube,white,yellow	13.5-21,2-2.5,2.5-3,4.5-5,513,6-9,7-9,8-10,acut,acute-acuminate,anthesi,apex,axi,becoming,branched,closely,conical,deflexed,deltate,dia,do,drying,eaf,edicel,eed,erect,fide,floccose,free,frui,inflorescenc,internodal,like,lobe,long-exserted,lower,major,membraneous,middle,nflorescence,often,older,pair,pale,papillo,portion,puberulent,reddish,reddish-brow,reflexed,ruit,santo,scar,slightly,somewhat,soon,spaced,stem,tall,tapering,tiny,trichome,tub,ud,unifoliat,unit,vein,widest,woody,x,ympodial,young	acute,articulation,branching,colour,connective,diameter,form,fruit,growth,hair,height,insertion,length,margin,marking,mature,modification,na,number,odour,paired,plant,position,seed,shape,spot,symmetry,texture,type	.1,.5,0.5-1.5,1-1.5,1.5-2,1/2,10-15,5,6-7,abaxially,adaxially,base,berry,brown,capitate,cm,completely,dark,distal,elliptic,filiform,glabrous,globose,green,greenish,inflorescence,leaf,less,lobed,long,minutely,mm,nearly,opposite,ovoid-reniform,papillose,pitted,poricidal,shaped,shrub,simple,subshrub,tear-drop,tip,white,yellow	acute,fruit,na
54	wfo-0001026489	invalid_json	153	85	NA	62	91	23	NA	NA	.3,0.05-0.1,0.25-0.5,0.5-0.75,0.5-2,0.8-1.2,0.8-1.3,1-1.5,1.5-5,2-3,2-4,2-5,2.5-4,5-6,acute,anther,apex,area,base,berry,branched,broadly,calyx,cm,corolla,cup-shaped,deflexed,elliptic,filament,flattened-reniform,fruiting,glabrous,globose,incrassate,leaf,lobed,margin,minor,minutely,mm,opposite,ovary,paler,pedicel,petiole,pitted,pore,pubescent,shaped,shrub,simple,size,stigma,style,surface,tear-drop,trichome,tube,uniseriate,white,widened,x	0.5,0.5-1,0.6-1.4,0.8-3.7,1.3-3,2-8-flowered,2.5-13,2/3,8-13,along,anthesi,appearing,axil,ba,bark,beneath,brown,closely,dark,deltoid,densely,dia,differing,difoliate,dry,eaf,edicel,eed,erect,exserted,extending,flattened,fleshy,free,geminat,gra,green,lamina,later,lateral,lobe,lon,long,lower,main,major,middle,nflorescence,occasionally,often,older,one,overlappin,pair,papillo,papillose,parallel,perpendicular,planar,poricidal,portion,prominent,red-papillose,rhachi,ruit,scar,shiny,slender,somewhat,soon,spaced,specimen,stem,straight,strongly,tall,tapering,terminal,thickened,tip,tub,ud,unit,usually,vein,way,whitish,widest,woody,ympodial,young	2-8,articulation,branching,characteristic,colour,diameter,flower,form,fruit,growth,height,inflorescence,length,na,number,plant,position,seed,shape,symmetry,texture,type,value	NA	NA
55	wfo-0001026490	success	270	127	94	118	152	9	93	1	0.1â0.2,0.1â2.5,0.2â1,0.2â1.5,0.3â3.5,0.4â0.8,0.5â1,0.5â1.5,0.5â3.5,0.5â8,0.8â1.5,0.8â12,1.5,1.5â2,1.5â3.5,10â20,1â15,1â2.5,1â3,2,2â2.5,2â4,2â6,3â4.2,4â5,5â7,7-pinnate,7â15,abaxially,adaxially,along,anther,apex,blade,bract,branched,calyx,cauline,chartaceous,cm,connivent,corolla,crisped,darker,densely,diameter,ellipsoidal,elliptic,entire,flattened,flower,fruit,glabrous,green,immature,incurved,inflorescence,irregularly,lacking,leaf,leaflet,length,lenticular,lobe,long,margin,mature,midvein,mm,moderately,mottled,nearly,obliquely,oblong,obtusely,orange,ovate,ovate-lanceolate,pedicel,peduncle,pentagonal,petiole,petiolule,pointed,pseudostipule,pubescence,pubescent,rachi,revolute,rounded,seed,shape,shoot,similar,simple,size,slightly,sometimes,sparsely,spur,stem,stigma,striping,style,tawny,teardrop-shaped,tip,transparent,tube,vine,violet,white,wide,wing,yellow,Ã,â4.5,â8	.5,0.7â3,1.2â8,1.5â5,1.8â2.2,1.9,1â1.2,1â8,2.5â3.5,2â8,3,3â4.5,3â5,3â5-pinnate,3â8,4.6,4â4.5,5-merous,6,7,=,absent,accrescent,acuminate,acute,ag,alyx,anthesi,apart,apical,apicall,apparently,around,articulated,axe,axillary,ba,base,becoming,bracteate,broadly,brown,capitat,ciliate,climbing,commonly,completely,contiguously,cordate,covered,cylindrical,decreasing,directed,distal,distally,eaf,eed,eglandular,equal,exceeding,expanded,extra-axillary,filament,flat,free,fruiting,fused,geminat,ground,interjected,large,lateral,latrorse-introrse,light,lobed,longitudinal,lower,lowermost,lunate,main,markedly,match,mean,mean=,medium,middle,minute,multicellular,near,nflorescence,node,obliqu,oblique,oblon,obtuse,occasionally,one,opening,orolla,pair,papillose,part,per,perfec,perfect,plurifoliate,pore,present,pubescen,punctate,pur,radial,reflexed,reniform,resulting,rooting,ruit,sand,seudostipule,short,shorter,slender,slit,smaller,smooth,somewhat,spaced,stamen,striation,strongly,surface,tamen,tem,terminal,thickened,toward,trailing,trichome,trichomessympodial,truncate,typically,unbranched,undulate,unit,vary,vegetation,woody,yellowish-tan,youn,Â½,â4,â9.5	branching,capitate,colour,form,growth,ovary,staman,texture,type	0.1â0.2,0.1â2.5,0.2â1,0.2â1.5,0.3â3.5,0.4â0.8,0.5â1,0.5â1.5,0.5â3.5,0.5â8,0.8â1.5,0.8â12,1.5,1.5â2,1.5â3.5,10â20,1â15,1â2.5,1â3,2,2â2.5,2â4,2â6,3â4.2,4â5,5â7,7-pinnate,7â15,abaxially,adaxially,along,apex,branched,cauline,chartaceous,cm,connivent,crisped,darker,densely,diameter,ellipsoidal,elliptic,entire,flattened,flower,fruit,glabrous,green,immature,incurved,irregularly,lacking,leaf,lenticular,lobe,long,mature,midvein,mm,moderately,mottled,nearly,obliquely,oblong,obtusely,orange,ovate,ovate-lanceolate,pentagonal,pointed,pubescent,revolute,rounded,shape,similar,simple,slightly,sometimes,sparsely,striping,tawny,teardrop-shaped,tip,transparent,vine,violet,white,wide,yellow,Ã,â4.5,â8	capitate
56	wfo-0001026491	success	165	125	91	103	62	22	88	3	.5,1,1.5-2,1.5-2.5,1.5-3.5,1.7,10-50,2-celled,2.5-3.5,3,3-pinnate,5-6,5-8,6-8,abaxially,absent,acuminate,acute,adaxially,anther,apex,appressed,articulated,averaging,base,bayonet,bent,berry,blade,bract,branched,branching,broadly,cellular-papillose,cellular-pilose,central,cm,conspicuously,cuneate,deciduous,deep,diameter,elliptic-lanceolate,entire,flower,glistening,globose,green,hair,highly,inflorescence,interjected,lanceolate,leaf,leaflet,less,light,long,margin,middle,minutely,mm,near,oblong-elliptic,often,ovate-elliptic,ovoid,pale,pedicel,peduncle,perfect,petiole,pilose,pore,poricidal,porrect-incurved,present,pubescent,purple,readily,rotate-pentagonal,rotate-substellate,rounded,row,sharp,shortly,shrub,simple,spotted,stigma,strigose,strongly,suborbicular-ovate,surface,tawny,tip,uniseriate,usually,ventral,white,whitish,x,yellow	1-2,1977,2-3,2-4,5-merou,7-8,abaxiall,alyx,anderson,apparently,axe,ba,capitat,connivent,crinkly,deltoid,densely,directed,distall,eaf,eed,equal,filament,first,geminat,greatly,growing,homostylous,lateral,lobe,lower,lunulat,mean,nflorescence,obtuse,orolla,ovate,plurifoliate,point,rachi,rarely,reduced,ruit,scandent,seudostipule,similar,slender,small,straight,strigo,strong,subacute,tal,tamen,tem,terminal,tightly,tube,tyle,unit,upright,ympodial	articulation,capitate,colour,corolla,distally,form,fruit,growth,height,length,lunulate,number,plant,pseudostipule,seed,shape,size,staman,stem,style,texture,type	.5,1,1.5-2,1.5-2.5,1.5-3.5,1.7,10-50,2-celled,2.5-3.5,3,3-pinnate,5-6,5-8,6-8,abaxially,absent,acuminate,acute,adaxially,apex,appressed,articulated,averaging,base,bayonet,bent,berry,branched,broadly,cellular-papillose,cellular-pilose,central,cm,conspicuously,cuneate,deciduous,deep,diameter,elliptic-lanceolate,entire,glistening,globose,green,hair,highly,lanceolate,less,light,long,middle,minutely,mm,near,oblong-elliptic,often,ovate-elliptic,ovoid,pale,perfect,pilose,poricidal,porrect-incurved,present,pubescent,purple,readily,rotate-pentagonal,rotate-substellate,rounded,row,sharp,shortly,shrub,simple,spotted,strigose,strongly,suborbicular-ovate,surface,tawny,tip,uniseriate,usually,ventral,white,whitish,x,yellow	capitate,distally,lunulate
57	wfo-0001026501	success	194	83	53	65	129	18	53	0	.6,/3,0,0.27-0.7,0.5-0.6,0.5-1,0.9-2.2,1-2,1/4,3.5-4,4-5,?,anther,base,berry,branched,brown-green,calyx,chartaceous,cm,densely,diameter,dull,elliptic,elongating,entire,equal,flattened-reniform,flower,fruit,fruiting,green,leaf,length,lobed,long,margin,mauve,mm,moderately,orange-brown,orbicular,ovate,pale,per,petiole,poricidal,shoot,short,shrub,simple,spherical,spreading,stellate-pubescent,style,surface,tapering,terminal,tip,unarmed,upper,way,white,yellow,yellow-green	.1,.35,.5,.7,0-1,0-2,0-3,0.05-0.3,0.1,0.2-1.8,0.5,0.5-0.9,0.6-1,0.6-1.1-1.7,0.6-2,1,1-2.5,1.8-2.2,1/2-2/3,1/6-1/2,2-10,2.5-4,2.8-3,3-4,3-5,3-9,4-7,5-merous,6-9,7-9,abaxially,acicular,acute,almost,alyx,apar,apart,apex,apically,apparently,articulated,bark,becoming,blade,borne,brown,color,concolorous,cuneate,curved,deltate,discolorous,drying,eaf,eed,elongated,erect,eye,filament,filiform,filiform-acuminat,flattened,free,glabrou,glabrous,gray,infructescence,known,light,lobe,longer,lower,mature,midpoint,naked,nflorescence,often,older,one,open,orolla,oung,pair,pedicel,peduncle,pendulous,perfec,pericarp,plurifoliat,porrect,portion,prickl,prickle,prickly,primary,ray,reddish,rounded,ruit,scandent,scar,sessile,shorter,slender,small,smooth,sometimes,somewhat,spaced,sparsely,stalk,stalked,stellate,stem,straight,subsessile,tamen,terete,time,trichome,tube,unarme,unit,variously,vary,vein,visible,wide,ympodial	branching,colour,corolla,form,growth,hair,height,heteromorphism,inflorescence,number,ovary,plant,position,seed,shape,staman,texture,type	.6,/3,0,0.27-0.7,0.5-0.6,0.5-1,0.9-2.2,1-2,1/4,3.5-4,4-5,?,base,berry,branched,brown-green,chartaceous,cm,densely,dull,elliptic,elongating,entire,equal,flattened-reniform,green,lobed,long,mauve,mm,moderately,orange-brown,orbicular,ovate,pale,poricidal,shoot,short,shrub,simple,spherical,spreading,stellate-pubescent,surface,tapering,terminal,tip,unarmed,upper,way,white,yellow,yellow-green	
58	wfo-0001026513	success	138	93	53	69	69	24	48	5	.1,.25,.75,/3,0.8-2,1-1.5,1-3,2-2.2,3-5,4-5,7-9,acute,anther,apex,area,bark,base,closely,cm,corolla,elliptic,filament,flower,fruit,fruiting,glabrous,globose,green,lanceolate,lateral,leaf,less,long,long-styled,main,mm,older,opposite,ovary,pair,pale,papillose,pedicel,petiole,plant,pore,scar,shaped,short-styled,shrub,slender,small,spaced,stem,stigma,style,surface,tear-drop,tip,treelet,trichome,tube,undersurface,uniseriate,vein,venation,way,white,young	.3,2-5,3-6-flowered,6-8,8-16,anthesi,apiculate,ba,berry,broadly,caly,calyx,completely,darkish,decurrent,deflexed,delicate,deltoid,dia,differentiated,dry,eaf,edicel,eed,erect,except,exserted,free,gre,hirsute,immature,known,leave,live,lobe,lobed,longer,lower,mature,middle,minute,minutely,much,nflorescence,obscure,overlappin,poricidal,portion,prominent,raised,reflexed,rest,ruit,shiny,simple,somewhat,soon,specimen,straight,styl,tall,ud,unifoliat,unit,wide,widest,woody,x,ympodial	3-6,arrangement,bud,colour,decurent,decurrence,diameter,form,grey,growth,hair,height,inflorescence,length,lobing,number,overlapping,position,shape,spacing,texture,type,unifoliate,width	.1,.25,.75,/3,0.8-2,1-1.5,1-3,2-2.2,3-5,4-5,7-9,acute,area,base,closely,cm,elliptic,glabrous,globose,green,lanceolate,lateral,leaf,less,long,long-styled,main,mm,opposite,pair,pale,papillose,petiole,shaped,short-styled,shrub,slender,small,spaced,style,tear-drop,tip,treelet,trichome,uniseriate,vein,way,white	3-6,decurent,grey,overlapping,unifoliate
59	wfo-0001026529	success	219	97	65	83	136	14	65	0	0-25,0.3-1,0.5-4.5,1.1-2.5,1.5-2.5,1.5-4,12-22,3-12,3-5,3-6,3-9.5,5-15,5-17,5-9,abaxially,adaxially,anther,berry,blue,brownish,chartaceous,cm,condition,corolla,creamy,dark,deep,densely,diameter,drying,faintly,flower,forked,fresh,fruit,glandular,globose,greatly,green,greenish,herb,homostylous,interjected,lanceolate,lateral,leaflet,length,lilac,long,medium,membranous,mm,moderately,non-glandular,odd-pinnate,ovoid,pair,pedicel,peduncle,pentagonal,petiole,plant,pore,poricidal,pubescent,pure,rarely,ripe,seed,shape,short,size,slightly,stem,substellate,terminal,tip,trichome,varying,white,whitish,x,yellowish	1,1-10,1-2,1-3,1-4.5,10,10-28,11-14,120-210,2,2-5,2-7.5,20-60,4-8,5-merou,50-70,6-20,600-950,?,acumen,acuminate,acute,ag,along,alyx,apart,apex,apparently,articulated,attenuate,axe,axillary,base,blade,broadly,bud,capitat,cell,ciliate,clavate,connivent,cordate,covering,digestion,distal,dorsally,dot,eaf,edge,eed,elliptic,enzyme,erec,especially,exceeding,except,filament,flat,folded,geminat,generally,glabrou,glabrous,gland,gree,green-white,hair,hair-like,hal,half,head,honeycomb-shaped,lengthening,light,like,living,lobe,longer,lower,lunate,make,margin,midrib,minutely,mucilaginous,narrowly,nflorescence,oblique,often,orbicular,orolla,ovate,perfect,petiolulate,petiolule,plurifoliate,proximal,puberulent,reduced,removed,rounded,ruit,scattered,sessile,seudostipule,slit,spaced,specimen,stamen,ste,stigma,straight,style,subequal,subsessile,subtending,tall,tamen,tem,testal,tetralobulate,thick,throughout,tri-,tube,typically,unit,unwinged,usually,vary,wall,wet,wide,wing,yellow,ympodial	arrangement,branching,calyx,colour,form,growth,height,inflorescence,leaf,pseudostipule,pubescence,symmetry,texture,type	0-25,0.3-1,0.5-4.5,1.1-2.5,1.5-2.5,1.5-4,12-22,3-12,3-5,3-6,3-9.5,5-15,5-17,5-9,abaxially,adaxially,berry,blue,brownish,chartaceous,cm,condition,creamy,dark,deep,densely,drying,faintly,forked,fresh,glandular,globose,greatly,green,greenish,herb,homostylous,lanceolate,lilac,long,medium,membranous,mm,moderately,non-glandular,odd-pinnate,ovoid,pentagonal,poricidal,pubescent,pure,rarely,ripe,shape,short,size,slightly,substellate,tip,trichome,varying,white,whitish,x,yellowish	
60	wfo-0001026534	success	149	131	94	106	43	25	93	1	0.5-1,1-2.5,1-3,1.5-6,1.5-9,10-20,10-50,15-50,2-2.5,2-7,2-8,2.5-15,3-10,3-25,3-4,3-5,3.5-4,4-10,5-6,6-35,7-40,abaxially,absent,acuminate,acute,adaxially,apart,apex,apiculate,auriculate,basal,base,beyond,branched,bright,calyx,chartaceous,cm,connective,connivent,cordate,cylindrical,darker,deltate,densely,diameter,directed,distally,eglandular,ellipsoidal,entire,equal,flattened,fleshy,flower,fruit,glabrous,glandular,hair,lanceolate,leaving,lobe,long,longitudinal,margin,mm,moderately,narrowly,obtuse,often,orange,ovate,ovoid,pale,pedicel,pedicellar,peduncle,petiole,pinkish,pore,puberulent,pubescent,purple,rachi,radiu,red,remnant,shorter,simple,slightly,stamen,stellate,stigma,stripe,style,subcoriaceous,thecae,tip,tree,triangular,truncate,unbranched,vein,white,x,yellow	-1.5,1-2,10-15,2-3,2.5-4,3-4-foliat,4.5-5,7-12,aggregate,ape,articulated,axe,blade,cell,eaf,eed,exserted,lemon-yello,lon,lower,m.,nflorescence,nther,orolla,perfect,presen,puberulen,ruit,small,spaced,sparsely,stone,tal,tem,time,tomento,truncat,tube,ud,unit,vary,wide,ympodial	anther,arrangement,articulation,branching,bud,colour,corolla,direction,exsertion,form,growth,height,inflorescence,leaf,lemon-yellow,length,ovary,plant,seed,shape,size,spacing,stem,texture,theca	0.5-1,1-2.5,1-3,1.5-6,1.5-9,10-20,10-50,15-50,2-2.5,2-7,2-8,2.5-15,3-10,3-25,3-4,3-5,3.5-4,4-10,5-6,6-35,7-40,abaxially,absent,acuminate,acute,adaxially,apart,apex,apiculate,auriculate,basal,base,beyond,branched,bright,chartaceous,cm,connivent,cordate,cylindrical,darker,deltate,densely,directed,distally,eglandular,ellipsoidal,entire,equal,flattened,fleshy,fruit,glabrous,glandular,hair,lanceolate,leaving,lobe,long,longitudinal,mm,moderately,narrowly,obtuse,often,orange,ovate,ovoid,pale,pedicellar,pinkish,puberulent,pubescent,purple,red,remnant,shorter,simple,slightly,stamen,stellate,stripe,subcoriaceous,thecae,tip,tree,triangular,truncate,unbranched,vein,white,x,yellow	lemon-yellow
61	wfo-0001026535	success	248	179	139	153	95	26	132	7	.5,.8,0.15,0.2,0.7-1.5,1,1-2,1.2-2,1.3,1.5-3,1/2-2/3,1/3,2-5,2.5,3-5,3.5-4,4-15,5-7,7-8,abaxial,abaxially,accrescent,acute,adaxially,age,almost,along,anther,anthesi,apically,apparently,around,bark,base,becoming,berry,black,brachyblast,branch,branched,branching,broadly,brown,calyx,chartaceous,clavate,clustered,cm,conical,corolla,cuneate,cup,cupular,dark,deltoid,dendritic,dendritic-pubescent,dense,developed,developing,diameter,dilated,distributed,dorsal,dry,drying,elliptic,elongated,entire,evenly,filament,fine,flat,flexuous,flower,forming,fruit,fruiting,glabrous,green-brown,known,leaf,length,liana,like,lobe,lobed,long,loose,lower,main,margin,membranous,midvein,minute,minutely,mm,network,number,oblong,obovate,older,orange-brown,ovate,ovoid,pair,partly,pedicel,peduncle,pericarp,petiole,plant,pointed,pore,poricidal,primary,prominent,pubescent,rachi,raised,rarely,ray,ridged,shrub,side,slightly,smooth,sparsely,stem,stigma,style,surface,terete,terminal,tertiary,thin,tip,trichome,truncate,tube,unarmed,uneven,unevenly,vein,venation,violet,visible,white,widely,wider,x,yellowish,young	.1,.2,.4,0-0.5,0.1-0.2,0.2-0.3,0.2-1.5,0.5-1,1-3,1-5,1.5-2,2-3,3,3-4.5,5-10,5Â°,absent,alternate,alyx,apar,apex,area,articulated,clearly,concolorous,condensed,curved,deeply,delineate,delineated,detaching,discolorous,divided,domatia,eaf,eed,ellipsoi,equal,except,eye,fertilisation,free,frui,increasing,inside,leave,lengthening,linear,lon,loop,m.,marginal,mostly,much,naked,nflorescence,nther,obscure,orolla,outside,papillo,pendulous,perfec,plurifoliat,portion,protruding,reaching,rounded,ruit,scar,secondary,see,short,simple,sinus,slender,smaller,soon,spaced,spreading,stump,tearing,tissue,toward,translucent,tufted,two,ud,unit,unlignified,vary,weakly,wide,ympodial,youngest	-0.5,0.1,1.5,45Â°,accrescence,angle,armament,arrangement,articulation,bud,colour,ellipsoid,form,growth,hair,inflorescence,ovary,papillose,pattern,perfect,position,presence,seed,shape,texture,type	.5,.8,0.15,0.2,0.7-1.5,1,1-2,1.2-2,1.3,1.5-3,1/2-2/3,1/3,2-5,2.5,3-5,3.5-4,4-15,5-7,7-8,abaxial,abaxially,accrescent,acute,adaxially,age,almost,along,anthesi,apically,apparently,around,base,becoming,berry,black,brachyblast,branch,branched,branching,broadly,brown,chartaceous,clavate,clustered,cm,conical,corolla,cuneate,cup,cupular,dark,deltoid,dendritic,dendritic-pubescent,dense,developed,developing,diameter,dilated,distributed,dorsal,dry,drying,elliptic,elongated,entire,evenly,fine,flat,flexuous,forming,fruit,glabrous,green-brown,known,leaf,length,liana,like,lobe,lobed,long,loose,lower,membranous,minute,minutely,mm,network,oblong,obovate,older,orange-brown,ovate,ovoid,pair,partly,pericarp,plant,pointed,pore,poricidal,prominent,pubescent,rachi,raised,rarely,ridged,shrub,side,slightly,smooth,sparsely,stem,terete,terminal,thin,tip,trichome,truncate,unarmed,uneven,unevenly,vein,violet,visible,white,widely,wider,x,yellowish,young	-0.5,0.1,1.5,45Â°,ellipsoid,papillose,perfect
62	wfo-0001026604	success	192	124	87	108	84	16	87	0	.4,.5,.75,0,0.8-0.9,1-1.2,1.1-1.3,1.2-1.7,1.5-2,1.5-9,2-2.5,2.3-3.5,3-3.5,3-5,4-4.5,4.5-7,5,acuminate,along,anther,apex,articulated,articulation,bark,base,berry,branching,brown,c.,calyx,capitate,cell,cm,conical,cordate,corolla,dark,densely,diameter,distal,ellipsoid,entire,filament,flattened,fruit,fruiting,glabrous,globose,growth,inflated,leaf-opposed,liana,lobed,margin,midrib,minute,minutely,mm,narrowly,new,nodding,oblique,outline,ovary,ovate,ovoid,pale,papillose,pedicel,peduncle,per,pericarp,petiole,pitted,poricidal,pubescent,purple,quarter,red,reddish,reniform,ripe,shape,shiny,shrub,simple,sinuate,somewhat,stellate,stem,stigma,stout,style,surface,terminal,testal,thin,time,tip,trichome,truncate,tube,uniseriate,vining,violet,way,woody,x	0.1,0.4-0.6,0.8-1,10-30,2-2.3,3.5-4,5-7,50-100,<,?,absent,age,aid,always,anthesi,apart,appearing,atop,basal,brow,clearly,climbing,comical,cucullate,cupped,deflexed,differentiated,distinct,drying,due,eaf,eed,elongate,expanding,exserted,flexuous,flower,free,later,leaving,lengthening,lobe,lower,mere,nflorescence,occasionally,older,overall,pair,papillo,part,particularly,peg,perfect,planar,plurifoliat,poin,point,pore,portion,primary,receptacle-like,rim,ruit,scar,series,slender,slightly,slit,spaced,strongly,structure,support,swolle,tub,twisting,ud,undulation,unit,upper,vein,widely,ympodial,Â½	arrangement,bud,colour,form,hair,inflorescence,leaf,length,number,position,seed,size,symmetry,texture,thicknes,type	.4,.5,.75,0,0.8-0.9,1-1.2,1.1-1.3,1.2-1.7,1.5-2,1.5-9,2-2.5,2.3-3.5,3-3.5,3-5,4-4.5,4.5-7,5,acuminate,along,apex,articulated,base,berry,branching,brown,c.,calyx,capitate,cm,conical,cordate,dark,densely,diameter,distal,ellipsoid,entire,flattened,glabrous,globose,inflated,leaf-opposed,liana,lobed,midrib,minute,minutely,mm,narrowly,nodding,oblique,outline,ovate,ovoid,pale,papillose,per,pitted,poricidal,pubescent,purple,quarter,red,reddish,reniform,ripe,shiny,shrub,simple,sinuate,somewhat,stellate,stout,surface,terminal,thin,time,tip,trichome,truncate,tube,uniseriate,vining,violet,way,woody,x	
63	wfo-0001026607	success	204	105	64	86	118	19	62	2	0-3,0-4,0.1-0.3,0.5-5.8,0.8-4.5,0.8-5,1-2,1-8,10-30,2-10,2-2.5,2.4-5.8,2.5-3.8,2.7-19,4-10,4-6,5,5.8-19.8,6-10,abaxially,absent,adaxially,anther,blade,brownish,chartaceous,clavate,cm,condition,connivent,corolla,deep,diameter,dorsally,drying,edge,filament,flat,flower,folded,forked,forming,fresh,fruit,glabrous,globose,green,greenish,hair,herb,homostylous,interjected,lanceolate,lateral,leaf,leaflet,long,margin,medium,membranous,minute,mm,moderately,odd-pinnate,ovoid,pair,pedicel,peduncle,pentagonal,plant,pore,poricidal,pubescent,rachi,rarely,ripe,rosette,seed,size,stigma,style,terminal,tip,violet,whitish,x	0.3-1.8,0.8-3.4,1-10,1-3.8,1-5,1.5-4,2-3,3-8,5-merou,acumen,acute,ag,along,alyx,apart,apex,apparently,articulated,attenuate,axe,axillary,base,basiscopic,berry,bud,capitat,cell,ciliate,clearly,coarse,covering,decreasing,decurrent,digestion,distal,dot,eaf,eed,elliptic,enzyme,especially,exceeding,finely,geminat,generally,glabrou,greatly,gree,green-white,hair-like,hal,half,high,honeycomb,larger,lengthening,like,living,lobe,lower,make,marked,midrib,minutely,much,mucilaginous,nflorescence,obtuse,often,orbicular,orolla,ovate,perfect,petiole,petiolulate,plurifoliate,present,puberulent,removed,rounded,ruit,scattered,semierec,sessile,seudostipule,shaped,short,side,simple,slit,sometimes,spaced,specimen,stamen,ste,stem,straight,subtending,tall,tamen,tem,testal,thick,throughout,toward,tri-,tube,typically,unit,unwinged,usually,vary,wall,wet,white,without,yellow,ympodial	arrangement,branching,calyx,capitate,colour,form,glabrousnes,growth,height,inflorescence,length,ovary,pseudostipule,semierect,shape,staman,symmetry,texture,type	0-3,0-4,0.1-0.3,0.5-5.8,0.8-4.5,0.8-5,1-2,1-8,10-30,2-10,2-2.5,2.4-5.8,2.5-3.8,2.7-19,4-10,4-6,5,5.8-19.8,6-10,abaxially,absent,adaxially,brownish,chartaceous,clavate,cm,condition,connivent,deep,diameter,dorsally,drying,flat,folded,forked,forming,fresh,glabrous,globose,green,greenish,herb,homostylous,lanceolate,long,medium,membranous,minute,mm,moderately,odd-pinnate,ovoid,pentagonal,poricidal,pubescent,rarely,ripe,rosette,tip,violet,whitish,x	capitate,semierect
64	wfo-0001026613	success	159	142	104	116	43	26	99	5	0.5-1,1-10,1-2,11-19.5,2.3-8,2.5-2.8,3-5,4-5,4.5-8.5,5,5-6,5-7,5.5-7,6-12,6-8,6.2-9.5,8-18,8.5-10,8.5-9,9.5-13.5,abaxially,absent,acumen,acuminate,adaxially,along,anther,apart,apex,apparently,attenuate,base,berry,blade,borne,chartaceous,ciliate,cm,conical,connivent,cordate,corolla,decreasing,densely,diameter,distal,dorsally,edge,end,especially,filament,flat,flower,folded,forked,fruit,generally,glabrous,greatly,green,hair,half,herb,homostylous,immature,interjected,lanceolate,lateral,leaf,leaflet,lengthening,like,lobe,long,margin,mature,membranous,middle,midrib,minute,minutely,mm,mottled,odd-pinnate,ovate,pair,pedicel,peduncle,perfect,petiole,plant,pore,poricidal,proximal,puberulent,pubescent,purple,rotate-pentagonal,singly,size,slit,stem,stigma,style,subequal,terminal,tip,toward,tube,tuber,typically,unknown,unwinged,usually,x,yellow	0.6,1.5-4,2-7.5,3-10,5-merou,ag,alyx,articulated,axe,axillary,bud,capitat,eaf,eed,erec,geminat,hal,larger,lower,m-1.2,nflorescence,orolla,petiolule,plurifoliate,pubescen,ruit,secondary,semierect,seudostipule,spaced,sparsely,ste,stolo,subtending,symmetrical,tall,tamen,tem,tri-,unit,unknow,vary,ympodial	0.6-1.2,5-merous,age,arrangement,articulation,branching,calyx,capitate,ciliation,colour,form,growth,height,inflorescence,length,merosity,number,ovary,presence,pseudostipule,seed,shape,spacing,stolon,texture,type	0.5-1,1-10,1-2,11-19.5,2.3-8,2.5-2.8,3-5,4-5,4.5-8.5,5,5-6,5-7,5.5-7,6-12,6-8,6.2-9.5,8-18,8.5-10,8.5-9,9.5-13.5,abaxially,absent,acumen,acuminate,adaxially,along,apart,apex,apparently,attenuate,base,berry,borne,chartaceous,ciliate,cm,conical,connivent,cordate,corolla,decreasing,densely,distal,dorsally,end,especially,flat,flower,folded,forked,fruit,generally,glabrous,greatly,green,hair,half,herb,homostylous,immature,lanceolate,leaf,leaflet,lengthening,like,long,margin,mature,membranous,middle,midrib,minute,minutely,mm,mottled,odd-pinnate,ovate,perfect,plant,pore,poricidal,proximal,puberulent,pubescent,purple,rotate-pentagonal,singly,size,slit,stem,subequal,tip,toward,typically,unknown,unwinged,usually,x,yellow	0.6-1.2,5-merous,age,capitate,stolon
65	wfo-0001026614	success	199	140	107	118	81	22	103	4	.8,0.2â0.3,0.4-0.7,0.5,0.5â2,1.3-1.8,11-15,1â2,1â3,1â5,2.2,2.2-5.5,2.5,2.5â3,20â25,2â6.5,3â10,4-7,4.5â11,4.5â5.5,50,8â10,9â16,>,abaxially,acuminate,acute,adaxially,anther,apex,articulated,base,berry,black,blunt-tipped,broad-based,brown,calyx,campanulate,cm,commonly,dark,densely,denser,diameter,directed,distally,dried,entire,evenly,filament,flattened-reniform,fleshy,flower,fruit,glabrescent,glabrous,gland-tipped,globose,hair,homostylous,internode,interpetalar,irregularly,leaf,linear,lobe,lobed,long,margin,minute,mm,mottled,nearly,often,orange,orange-red,ovate,ovoid,pair,pedicel,peduncle,per,petiole,pore,prickle,pubescence,pubescent,rachi,repand,ripe,rotate-pentagonal,rounded,scattered,sessile,shallowly,shrub,similar,simple,slightly,sometimes,somewhat,soon,sparsely,spreading,stellae,stellate,stellate-pubescent,stem,stigma,style,tapering,tissue,weakly,x,yellow,yellowish,â5	0.2,1-2â4-branched,1.5â2,15â30,2â4,3-foliate,3.2-5.2,5,5-merou,5.3-8.2,6.4-8.4,6â8,7.2-9.8,absent,across,adaxiall,alyx,apart,apparently,armed,axe,ba,blade,capitat,chartaceous,clavate,closely,concentrated,cylindrical,developed,eaf,eed,erect,especially,expanded,extra-axillary,foveolate,fruiting,geminate,globo,golden,lanceolate-attenuate,lateral,less,lon,lower,midpoint,midvein,minutely,nflorescence,oblique,obtuse,orolla,ovate-lanceolate,perfect,rarely,ray,reflexed,ruit,shin,side,smaller,spaced,surface,tall,tamen,tem,time,tissu,tube,ud,unarme,unarmed,usually,vary,vein,well,white,wide,ympodia,young	3â4-branched,5-merous,articulation,branching,bud,capitate,colour,corolla,form,growth,height,inflorescence,length,number,ovary,plant,seed,shape,shiny,size,staman,type	.8,0.2â0.3,0.4-0.7,0.5,0.5â2,1.3-1.8,11-15,1â2,1â3,1â5,2.2,2.2-5.5,2.5,2.5â3,20â25,2â6.5,3â10,4-7,4.5â11,4.5â5.5,50,8â10,9â16,>,abaxially,acuminate,acute,adaxially,articulated,base,berry,black,blunt-tipped,broad-based,brown,campanulate,cm,commonly,dark,densely,denser,diameter,directed,distally,dried,entire,evenly,flattened-reniform,fleshy,flower,fruit,glabrescent,glabrous,gland-tipped,globose,hair,homostylous,interpetalar,irregularly,linear,lobe,lobed,long,minute,mm,mottled,nearly,often,orange,orange-red,ovate,ovoid,pair,pore,pubescence,pubescent,repand,ripe,rotate-pentagonal,rounded,scattered,sessile,shallowly,shrub,similar,simple,slightly,sometimes,somewhat,soon,sparsely,spreading,stellae,stellate,stellate-pubescent,stem,tapering,tissue,weakly,x,yellow,yellowish,â5	3â4-branched,5-merous,capitate,shiny
66	wfo-0001026642	success	193	109	68	67	126	42	48	20	0.25,5,6,abaxial,abaxially,along,annual,anther,apart,base,bipinnate,black,blade,blue,calyx,cell,clavate,cm,cylindrical,denser,diameter,elliptic,filament,flower,fruit,glabrous,glandular,globose,green-purple,hair,herb,lavender,leaf,length,lilac,long,mm,multicellular,number,oblong,often,pale,pedicel,peduncle,pentagonal,perennial,pinnate,pitted,pore,present,pubescent,shallowly,simple,sparsely,stigma,stone,style,surface,time,tube,uniseriate,usually,vein,violet,woody,x,yellow	.05,.1,.8,0.1,0.1â0.3,0.2,0.4,0.4â2.2,0.5,0.5â,0.5â0.7,0.5â1.7,0.5â2.0,0.5â3.5,0.6,0.6â1.0,0.75â1.0,0.75â2.0,0.7â1.6,0.8â1.2,1.0,1.0â2.0,1.2â1.7,1.2â2.0,1.2â3.5,1.2â6.2,1.6â8.0,1.9â3.0,12â30,1â10,1â3,2.0â4.0,2.5â3.5,2.5â4.0,2.8â3.0,3.0â5.1,3â5,4.0â6.0,4â7,5.0â7.0,50â100,<,acute,adaxiall,adaxially,ag,anthesi,apex,appressed,articulated,axe,axillary,ba,borne,branched,brown,chartaceous,circular,connivent,dark,decreasing,decumbent,densely,divided,eaf,eed,either,equal,erect,flattened,fleshy,geminat,glabrescen,gland,half,indumentum,lobe,lon,longitudinal,lower,m.,moderately,narrow,nflorescence,obtuse,occasionally,opening,orolla,ovate,pair,perfect,petiole,pinnae,poricidal,primary,probably,rapidly,rounded,ruit,secondary,sessile,shoot,side,slit,sometimes,spaced,straight,subglabrous,tal,tamen,tem,tip,unicellular,unifoliate,unit,vary,white,wide,wing,ympodial,â1.2,â11.0,â2.0,â4.5,â6,â7	0.1-0.3,0.5-2.0,0.5-3.5,0.5-6.2,0.5-8.0,0.75-1.0,0.8-1.2,1-10,1-3,1-3-6,1.2-1.7,1.2-3.5,12-30,2.0-4.0-4.5,2.8-3.0,3.0-5.1-11.0,4.0-6.0,5.0-7.0,50-100,articulation,branching,colour,corolla,form,glabrousnes,glandularity,growth,height,history,inflorescence,life,ovary,plant,seed,shape,spacing,staman,stem,type,venation,width,ye	0.25,5,6,abaxial,abaxially,along,annual,apart,base,bipinnate,black,blue,clavate,cm,cylindrical,denser,elliptic,fruit,glabrous,glandular,globose,green-purple,herb,lavender,lilac,long,mm,multicellular,oblong,often,pale,pentagonal,perennial,pinnate,pitted,present,pubescent,shallowly,simple,sparsely,surface,time,uniseriate,usually,vein,violet,x,yellow	0.1-0.3,0.5-2.0,0.5-3.5,0.5-6.2,0.5-8.0,0.75-1.0,0.8-1.2,1-10,1-3,1-3-6,1.2-1.7,1.2-3.5,12-30,2.0-4.0-4.5,2.8-3.0,3.0-5.1-11.0,4.0-6.0,5.0-7.0,50-100,ye
67	wfo-0001026651	success	222	145	108	123	99	22	104	4	-celled,1,1.8,1â2,2.2â10,2.8,2â13,2â3,2â4,2â8,3,3-plurifoliate,3â7,4,4â6,4â7.8,6â10,6â14,8,abaxially,adaxially,along,anisophyllous,anther,antrorse,appressed,arcuate,articulated,asymmetric,attenuate,axi,base,beneath,berry,brochidodromous,brown,brownish-green,calyx,capitate,cell,chartaceous,ciliate,cyme,dark,densely,diameter,differing,drying,dull,entire,erect,exfoliating,flattened,flower,fruit,geminate,geniculate,glabrescent,glandular,globose,green,hair,herb,introrsely,lanceolate,lateral,leaf,length,less,light,like,lobe,long,margin,markedly,matte,membranaceous,mm,mostly,much-branched,narrowly-elliptic,new,normally,oblong-ellipsoid,ovate-reniform,pedicel,peduncle,pedunculate,per,perfect,petiole,plant,pore,pubescence,pubescent,revolute,ripe,rounded,seed,shape,shrub,similar,simple,size,slightly,sometimes,spaced,stellate,stem,style,sub-opposite,surface,terminal,translucent,trichome,unbranched,undulate,uniseriate,unit,venation,white,wide,woody	0.2â1.3,0.35â2.6,0.9â3,2â11.5,2â3.3,2â4.5,3â5,5-merou,absent,accrescent,acuminate,acute,adaxiall,alyx,antror,antrorsely,apar,apex,ark,beyond,branch,broadly,capitat,circular,cm,connivent,cordate,cylindrical,decumbent,decurrent,directed,discolorous,eaf,eed,elliptic,emarginate,equal,exserted,eye,filament,flexuous,frui,glabrou,glabrous,growt,head,highly,hilum,hollow,impressed,longitudinal,lower,lying,major,midrib,minor,moderate,moderately,multicellular,naked,nflorescence,obtuse,older,one,onto,opening,orolla,ovate-deltate,ovate-lanceolate,parallel,poricidal,prominent,reduce,region,ruit,secondary,shiny,single-celled,slit,small,smaller,stalk,stamen,stigma,straight,subapical,tall,tamen,tem,turning,upper,usually,vary,vein,visible,yellow,ympodial,young,Ã	5-merous,apart,articulation,bark,branching,colour,corolla,form,glabrousnes,growth,height,inflorescence,number,orientation,ovary,pattern,staman,structure,sympodial,texture,type,ye	-celled,1,1.8,1â2,2.2â10,2.8,2â13,2â3,2â4,2â8,3,3-plurifoliate,3â7,4,4â6,4â7.8,6â10,6â14,8,abaxially,adaxially,along,anisophyllous,antrorse,appressed,arcuate,articulated,asymmetric,attenuate,base,beneath,berry,brochidodromous,brown,brownish-green,capitate,cell,chartaceous,ciliate,cyme,dark,densely,differing,drying,dull,entire,erect,exfoliating,flattened,flower,fruit,geminate,geniculate,glabrescent,glandular,globose,green,hair,herb,introrsely,lanceolate,lateral,leaf,less,light,like,long,markedly,matte,membranaceous,mm,mostly,much-branched,narrowly-elliptic,new,normally,oblong-ellipsoid,ovate-reniform,pedunculate,perfect,pubescence,pubescent,revolute,ripe,rounded,shape,shrub,similar,simple,size,slightly,sometimes,spaced,stellate,stem,sub-opposite,terminal,translucent,trichome,unbranched,undulate,uniseriate,white,wide	5-merous,apart,growth,ye
68	wfo-0001026656	success	211	116	77	96	115	20	74	3	0-4,1,1-10,1-2,1.1-8.1,2-6,2.5-17,20-60,4-13,4-8,5-18,5-35,5.5-27,9-11,abaxially,acuminate,acute,adaxially,anther,apex,base,blade,blue,broadly,brownish,bud,chartaceous,cm,condition,connate,connivent,corolla,cuneate,dark,densely,diameter,dot,drying,elliptic,filament,flower,fresh,fruit,glabrous,globose,green,greenish,hair,herb,interjected,lanceolate,lateral,leaflet,lengthening,light,long,lunate,membranous,minutely,mm,moderately,mottled,narrowly,oblique,odd-pinnate,ovate,ovoid,pair,pedicel,peduncle,pentagonal,plant,pore,poricidal,puberulent,pubescent,purple,rotate-pentagonal,scale-like,scattered,seed,slit,stem,style,subglabrous,subtending,symmetrical,terminal,tip,truncate,tuber,unwinged,violet,white,whitish,wing	0.3-3,0.3-4.2,0.4-6.5,0.7-10.5,0.9-13,1-1.8,1-3.8,1-4,1-5,1.5-7,10,2-8,4-10,5,5-merou,absent,acumen,ag,along,alyx,apart,articulated,attenuate,bearing,borne,capitate,cell,ciliate,clavat,covering,curved,decurrent,digestion,distal,dorsally,eaf,edge,eed,end,enzyme,erec,especially,exceeding,flat,folded,forked,geminat,generally,glaucous,greatly,green-white,greenish-yellow,hair-like,half,homostylous,honeycomb-shaped,larger,like,living,lobe,lower,make,margin,middl,midvein,mucilaginous,nflorescence,non-glandular,occasionally,often,orolla,petiole,petiolulate,petiolule,plurifoliate,pubescen,rachi,ranging,removed,ruit,seudostipule,short,singly,slightly,sometimes,somewhat,spaced,specimen,stamen,star,ste,stigma,stolo,straight,subequal,tall,tamen,tem,tertiary,testal,therefore,thick,throughout,tinged,tri-,tube,typically,unit,vary,wall,wet,wide,without,yellow,ympodial	age,arrangement,colour,form,growth,height,inflorescence,leaf,length,number,ovary,position,presence,present,pseudostipule,shape,staman,texture,width,winged	0-4,1,1-10,1-2,1.1-8.1,2-6,2.5-17,20-60,4-13,4-8,5-18,5-35,5.5-27,9-11,abaxially,acuminate,acute,adaxially,blue,broadly,brownish,bud,chartaceous,cm,condition,connate,connivent,cuneate,dark,densely,dot,drying,elliptic,fresh,glabrous,globose,green,greenish,herb,lanceolate,lengthening,light,long,lunate,membranous,minutely,mm,moderately,mottled,narrowly,oblique,odd-pinnate,ovate,ovoid,pentagonal,pore,poricidal,puberulent,pubescent,purple,rotate-pentagonal,scale-like,scattered,slit,subglabrous,subtending,symmetrical,terminal,tip,truncate,unwinged,violet,white,whitish	age,present,winged
69	wfo-0001026663	success	247	113	74	89	158	24	70	4	-2.9,0.2-0.6,0.4-2.2,0.9-1.5,1-3.2,1-5,1.1,1.2-2,1.6-2.3,1/3,10.3-13.2-15,2-12,2.1-2.6,2.9-5,2/3,31,4.7-25.9,abaxially,adaxially,anther,attenuate,bark,base,becoming,blunt-tipped,branch,branched,broadly,brown,bud,cm,conical,constricted,corolla,cylindrical,dark,diameter,drying,echinoid,elongated,entire,fruit,globose,granular,green,greenish-brown,hair,immature,lanceolate,leaf,length,long,lower,many,margin,mm,multangulate,openly,ovate,pale,pedicel,peduncle,petiole,pore,poricidal,rachi,rich,scabrous,shrub,simple,slightly,small,stellate,stem,stigma,style,subglabrous,subglobose,time,tip,tomentose,tree,unarmed,upper,violet,white,whitish,x,young	.5-2.5,/25-1/15,/3,0-160,0.3-0.8,1,1-2.5,1.1-2.1,1.4-2.6,1.4-3.1,1.9-2.6,1/2,1/4-1/2,10-26,12-14,2.5-3.7,2.8-5.3,24-45,3-5,3.5-5,3.8-5.7,4.5-5.7-8,5-8,5.5-7.5-9,5.5-8.8-9.7,8-17,accrescent,acuminate,acute,adaxiall,ag,along,angled,anthesi,apart,apex,apparently,appressed,around,articulated,ascending,axe,axillary,berry,blade,calyx,capitat,chartaceous,closely,completely,covering,densely,directed,distally,distributed,eaf,echinoi,echinoid-pubescent,edge,eed,enveloping,especially,evident,exserted,farinose,filament,flared,fleshy,flower,free,fruiting,glabrescen,glabrescent,glabrous,granular-tomentose,grooved,inserted,lateral,lengthening,less,light,line,lined,lobe,lobed,long-stalke,long-stalked,longer,longitudinal,longitudinally,m.,main,matur,midrib,midvein,minute,multangulate-pubescent,nearly,nflorescence,obtuse,occasional,occuring,older,opening,orolla,ovate-lanceolat,ovate-lanceolate,perfect,persistent,plurifoliate,porrect-stellate,present,pseudo-terminal,pubescence,pubescent,rather,ray,ridged,robust,ruit,runk,sessile,short,short-stalked,side,slit,sometimes,somewhat,soon,spaced,sparsely,stalk,stalked,stamen,strongly,subcampanulate,subcoriaceous,suture,tall,tamen,tangled,terete,thick,thin,tomentose-pubescent,tomentum,touching,tube,ud,unarme,unit,usually,vary,vein,way,wide,yellow,ympodial	5.5-9,articulation,branching,capitate,colour,form,growth,height,inflorescence,ovary,pattern,plant,position,prickle,pseudoterminally,scale,seed,shape,size,texture,tommentose,trichome,trunk,type	-2.9,0.2-0.6,0.4-2.2,0.9-1.5,1-3.2,1-5,1.1,1.2-2,1.6-2.3,1/3,10.3-13.2-15,2-12,2.1-2.6,2.9-5,2/3,31,4.7-25.9,abaxially,adaxially,attenuate,base,becoming,blunt-tipped,branched,broadly,brown,cm,conical,constricted,cylindrical,dark,diameter,drying,echinoid,elongated,entire,globose,granular,green,greenish-brown,immature,lanceolate,long,lower,many,mm,multangulate,openly,ovate,pale,poricidal,rich,scabrous,shrub,simple,slightly,small,stellate,subglabrous,subglobose,time,tip,tomentose,tree,unarmed,upper,violet,white,whitish,x	5.5-9,capitate,pseudoterminally,tommentose
70	wfo-0001026686	success	196	116	78	92	104	24	73	5	.4,0.6-0.9,1-2,1.2-3.4,1.5-7,1.7-2.5,2-10,3-4,3.7-8,5,5-16.5,5-8,6.5-12.7,7-9,8-10,8-14,8-27,abaxially,adaxially,anther,berry,blade,borne,brownish,cell,chartaceous,ciliate,cm,condition,conical,corolla,densely,diameter,digestion,drying,end,enzyme,especially,filament,flower,forked,fresh,fruit,glabrous,green,greenish,hair,herb,homostylous,honeycomb-shaped,interjected,lanceolate,lateral,leaf,leaflet,lengthening,light,like,long,margin,minute,minutely,mm,mottled,odd-pinnate,ovoid,petiole,plant,pore,poricidal,puberulent,pubescent,purple,purple-violet,removed,ripe,rotate-stellate,seed,singly,size,slit,sparsely,stigma,style,terminal,testal,tip,tuber,typically,wall,whitish,x	0.2-0.5,1,1-10,1-2.5,1.2-3.6,10-28,2-9,2.4-3.6,2.5-8,3-5,4-6,5-merou,absent,acumen,acuminate,ag,along,alyx,apart,apex,apparently,articulated,axe,axillary,base,bud,capitat,connivent,covering,decreasing,distal,dorsally,eaf,edge,eed,elliptic-lanceolate,equal,erec,exceeding,flat,folded,geminat,generally,glabrou,gradually,green-white,hair-like,half,larger,living,lobe,lower,make,middle,midrib,mucilaginous,nflorescence,obtuse,often,orbicular,orolla,ovate,pair,pedicel,peduncle,perfect,petiolule,plurifoliate,pubescen,round,ruit,secondary,semierect,seudostipule,slightly,spaced,specimen,stamen,star,ste,stolo,straight,stripe,subequal,subsessile,subtending,symmetrical,tall,tamen,tem,thick,throughout,toward,tri-,tube,unit,usually,vary,wet,white,wide,wing,yellow,ympodial	5-merous,age,arrangement,branching,calyx,capitate,ciliation,colour,form,growth,height,inflorescence,length,number,ovary,presence,pseudostipule,pubescence,shape,stem,stolon,texture,type,width	.4,0.6-0.9,1-2,1.2-3.4,1.5-7,1.7-2.5,2-10,3-4,3.7-8,5,5-16.5,5-8,6.5-12.7,7-9,8-10,8-14,8-27,abaxially,adaxially,berry,borne,brownish,chartaceous,ciliate,cm,condition,conical,corolla,densely,digestion,drying,end,enzyme,especially,forked,fresh,glabrous,green,greenish,hair,herb,homostylous,honeycomb-shaped,lanceolate,lateral,lengthening,light,like,long,margin,minute,minutely,mm,mottled,odd-pinnate,ovoid,pore,poricidal,puberulent,pubescent,purple,purple-violet,removed,ripe,rotate-stellate,singly,slit,sparsely,tip,typically,wall,whitish,x	5-merous,age,capitate,stem,stolon
71	wfo-0001026696	success	139	109	72	81	58	28	68	4	0.3-4.5,0.8-7,0.9-7.2,1,1-1.3,1-4,1.3-2.1,2-17,3-17,3-3.5,3-6,3-8.5,4-16,5-35,9,abaxially,acute,adaxially,apex,apical,apically,base,branched,broadly,calyx,cm,connate,corolla,cuneate,cyme,decurrent,dehiscent,densely,diameter,dichasial,dichasially,distal,ebracteate,filament,flower,generally,globose,green,green-white,half,herbaceous,introrse,lanceolate,light,linear,maturing,mm,monochasial,mucilaginous,obtuse,odd-pinnate,often,ovate,ovoid,pedicel,peduncle,perennial,perfect,petiole,plant,poricidally,proximal,pubescent,rounded,seed,short,simple,slit,stellate,style,throughout,tuber-bearing,typically,unit,white-cream,Â¼	1.5-3,2-3,3-6-foliat,acumen,apiculate,articulate,cell,covering,digestion,dorsally,eaf,edge,eed,emoval,entire,enzyme,exceeding,flat,folded,forked,globo,hair-like,honeycomb,lateral,light-yello,living,lobe,lon,long,lower,lunat,make,margin,nflorescence,nther,oblong,orolla,pattern,plan,reveal,ruit,seudostipule,sinuate,specimen,stamen,stigma,straight,tal,tem,testal,thick,throughou,vary,wall,wide,without,yellow,ympodial	3-6-foliate,anther,arrangement,articulation,branching,colour,form,fruit,growth,height,inflorescence,leaf,length,light-yellow,lunate,number,ovary,pore,position,pseudostipule,shape,stem,structure,sympodial,texture,type,wet,width	0.3-4.5,0.8-7,0.9-7.2,1,1-1.3,1-4,1.3-2.1,2-17,3-17,3-3.5,3-6,3-8.5,4-16,5-35,9,abaxially,acute,adaxially,apical,apically,branched,broadly,cm,connate,cuneate,cyme,decurrent,dehiscent,densely,dichasial,dichasially,distal,ebracteate,generally,globose,green,green-white,half,herbaceous,introrse,lanceolate,light,linear,maturing,mm,monochasial,mucilaginous,obtuse,odd-pinnate,often,ovate,ovoid,perennial,perfect,plant,poricidally,proximal,pubescent,rounded,short,simple,slit,stellate,throughout,tuber-bearing,typically,white-cream,Â¼	3-6-foliate,light-yellow,lunate,wet
72	wfo-0001026706	success	228	185	149	163	65	22	146	3	-5.5,0.2-0.3,0.2-0.5,0.6-2.2-6.1,0.8-1.2,0.8-1.5,0.8-2.8-4.4,0.9-1.9,0.9-2,1-2.2-3.1,1-5,1.5-3,1/2-2/3,12,14-32,2.2-3.3,2.3-3.8,2.5-3,2.7-4,2/3-3/4,3-4.6,3.1-3.8,3.6-5.7,4,4.2-12,4.5-5.5,5.3-6.4,6-10,6-8,6.1-9.8-15.4,7-16,8-14,abaxially,acute,adaxially,anther,anthesi,apart,apex,appearing,around,bark,base,becoming,blunt-tipped,branch,branched,brown,bud,calyx,chartaceous,cm,coriaceous,corolla,crisped,cuneate,cylindrical,dark,dendritic-echinoid,dendritic-multangulate,densely,diameter,directed,distally,edge,entire,farinose,filament,fleshy,flower,fourth,fruit,glabrate,glabrous,globose,golden,grayish,green,hair,herbarium,indument,inserted,lanceolate,leaf,length,lengthening,lobe,long,long-stalked,longitudinal,lower,many,margin,matted,minute,mixed,mm,multangulate,nearly,oblong,obtuse,occasionally,often,ovate,ovate-elliptic,ovate-lanceolate,pale,pedicel,peduncle,persistent,petiole,pore,poricidal,porrect-stellate,pubescence,pubescent,rachi,rather,reddish,reticulate-punctate,sessile,short-,short-stalked,shrub,simple,slightly,slit,small,softly,somewhat,sparsely,specimen,splitting,stalked,stellate,stigma,style,subcampanulate,subconical,subglobose,suborbicular,sulcate,surface,tall,thin-walled,time,tip,tomentose-pubescent,translucent,transparent,tree,tube,unevenly,upper,velutinous,wavy,way,white,whitish,x,yellow,yellowish-tan,young	.5,/14-1/6,0-240,1.1-4,10-15,2.9-6,5-6.5,accrescent,adaxiall,ag,apparently,articulated,attenuate,axe,axillary,ba,berry,blade,capitat,closely,completely,covering,eaf,eed,enveloping,exserted,free,fruiting,furfuraceou,lackin,lacking,lateral,lobed,m.,main,midrib,multangulat,nflorescence,obscured,older,orolla,perfect,plurifoliate,pseudo-terminal,ruit,runk,semi-ovate,side,soon,spaced,stamen,stem,strongly,suture,tamen,tomentu,touching,ud,unarme,unarmed,unit,vary,vein,wide,ympodial	age,arrangement,branching,capitate,colour,form,furfuraceous,growth,height,inflorescence,insertion,ovary,persistence,plant,seed,shape,size,spacing,staman,texture,trunk,type	-5.5,0.2-0.3,0.2-0.5,0.6-2.2-6.1,0.8-1.2,0.8-1.5,0.8-2.8-4.4,0.9-1.9,0.9-2,1-2.2-3.1,1-5,1.5-3,1/2-2/3,12,14-32,2.2-3.3,2.3-3.8,2.5-3,2.7-4,2/3-3/4,3-4.6,3.1-3.8,3.6-5.7,4,4.2-12,4.5-5.5,5.3-6.4,6-10,6-8,6.1-9.8-15.4,7-16,8-14,abaxially,acute,adaxially,anthesi,apart,apex,appearing,around,base,becoming,blunt-tipped,branched,brown,bud,chartaceous,cm,coriaceous,corolla,crisped,cuneate,cylindrical,dark,dendritic-echinoid,dendritic-multangulate,densely,diameter,directed,distally,edge,entire,farinose,fleshy,flower,fourth,fruit,glabrate,glabrous,globose,golden,grayish,green,hair,herbarium,inserted,lanceolate,lengthening,lobe,long,long-stalked,longitudinal,lower,many,matted,minute,mixed,mm,multangulate,nearly,oblong,obtuse,occasionally,often,ovate,ovate-elliptic,ovate-lanceolate,pale,persistent,pore,poricidal,porrect-stellate,pubescence,pubescent,rather,reddish,reticulate-punctate,sessile,short-,short-stalked,shrub,simple,slightly,slit,small,softly,somewhat,sparsely,specimen,splitting,stalked,stellate,subcampanulate,subconical,subglobose,suborbicular,sulcate,tall,thin-walled,time,tip,tomentose-pubescent,translucent,transparent,tree,tube,unevenly,upper,velutinous,wavy,way,white,whitish,x,yellow,yellowish-tan	age,capitate,furfuraceous
73	wfo-0001026707	success	194	158	113	130	64	28	110	3	.5,/3,0-20,0-5,0.05,0.5-1,0.5-3,0.6-0.7,0.6-0.8,0.7-1,0.7-1.4,0.7-1.5,1-1.7,1-5,1.5-1.8,1.6-2,1/3,1/3-1/2,2-10,2-2.3,2.5-4,2.5-6,3-4,3-8,5-10,5-25,5-merous,8-15,?,acute,anther,apart,apex,apically,apparently,articulated,attenuate,bark,base,berry,branched,broad-deltate,calyx,chartaceous,clustered,cm,concolorous,connivent,densely,diameter,discolorous,drying,entire,equal,erect,eye,filament,flattened-reniform,flower,fruit,fruiting,fused,glabrescent,glabrous,gray,green,known,lateral,leaf,length,less,lobe,lobed,long,lower,margin,mauve,mm,moderately,naked,narrow-deltate,narrow-oblong,obtuse,orange-brown,pedicel,peduncle,per,petiole,poricidal,porrect-lepidote,prickle,prickly,pubescent,ray,red-brown,rounded,scar,sessile,shrub,simple,small,sometimes,sparsely,spherical,stalk,stalked,stellate,stellate-pubescent,stem,straight,style,surface,tapering,terete,terminal,tip,tree,trichome,tube,unarmed,upper,variously,venation,visible,way,weakly,white,wide,yellow-green,Â¼	.8,0-3,0.05-0.15,0.1-0.2,0.3-0.8,1-3,1/3-3/4,1/4-1/3,1/8-1/4-1/3,11-16,2-6,2.5-3,3-4.5,3-7,4,5-7,5-8,abaxially,alyx,apar,blade,branche,broadly,color,curved,cuspidat,decurrent,eaf,eed,elongating,foliaceous,free,gently,glabrou,inflated,infructescence,juvenil,longer,mature,midpoint,nflorescence,older,one,open,orolla,oung,perfec,pericarp,plurifoliat,porrect,portion,reflexed,ruit,shorter,slender,smooth,spaced,spreading,stout,tamen,time,unit,vary,ympodial	abaxial,arrangement,articulation,branch,branching,colour,corolla,cuspidate,form,fusion,growth,hair,inflorescence,juvenile,number,ovary,perfect,placement,position,seed,shape,spacing,staman,symmetry,texture,type,width,young	.5,/3,0-20,0-5,0.05,0.5-1,0.5-3,0.6-0.7,0.6-0.8,0.7-1,0.7-1.4,0.7-1.5,1-1.7,1-5,1.5-1.8,1.6-2,1/3,1/3-1/2,2-10,2-2.3,2.5-4,2.5-6,3-4,3-8,5-10,5-25,5-merous,8-15,?,acute,apart,apically,apparently,articulated,attenuate,base,berry,branched,broad-deltate,chartaceous,clustered,cm,concolorous,connivent,densely,diameter,discolorous,drying,entire,equal,erect,eye,filament,flattened-reniform,fused,glabrescent,glabrous,gray,green,known,lateral,length,less,lobed,long,lower,mauve,mm,moderately,naked,narrow-deltate,narrow-oblong,obtuse,orange-brown,per,poricidal,porrect-lepidote,prickle,prickly,pubescent,red-brown,rounded,sessile,shrub,simple,small,sometimes,sparsely,spherical,stalked,stellate,stellate-pubescent,straight,surface,tapering,terete,terminal,tip,tree,tube,unarmed,upper,variously,visible,way,weakly,white,wide,yellow-green,Â¼	branch,cuspidate,perfect
74	wfo-0001026711	success	207	89	56	67	140	22	55	1	0-25,0.3-1,0.5-1.5,0.75-1,1/2-2/3,1/3,2-6,3.5-5.2,acicular,acute,anther,apex,apically,base,berry,branched,calyx,cm,cuneate,densely,dull,elongating,equal,evenly,flattened-reniform,flower,fruit,fruiting,green,lateral,leaf,length,lobed,long,margin,maturity,mauve,mm,narrow-deltate,obtuse,orange,orange-brown,per,perpendicular,petiole,poricidal,prickle,purple,red,reflexed,rounded,shrub,sometimes,somewhat,spherical,stellate-pubescent,stem,style,tapering,terminal,thick-chartaceous,tip,upper,way,weakly,yellow,young	-15,-5,-7,.2,.5,.8,0-0.2,0-2,0-4,0-5,0-6,0-7,0.1,0.15,0.2-0.3,0.7-0.9,0.7-0.9-1.1,0.7-1.4,0.8,0.8-2.2,0.9-1.5,1-2,1-2-4-6,1-30,1.5-2-2.5,1.5-2.2,1.7-4,1/,1/4,1/4-1/3,2-2.2,2-3.5,2.1-2.5,3-4,3-4.5,3-5,3-7,4-8,4.5-7,5-merous,7-8,abaxially,acuminat,alyx,ame,apar,apart,apparently,articulated,bark,blade,brow,c.,cell,concolorous,connivent,curved,deltate,diameter,difoliate,discolorous,distance,drying,eaf,eed,elliptic,erect,extending,faint,filament,free,geminat,glabrous,infructescence,less,lobe,longer,lower,mature,midpoint,midvein,moderately,nflorescence,occasionally,older,one,open,orolla,oung,outline,pair,pale,pedicel,peduncle,pendulous,perfec,pericarp,pit,porrect,portion,prickl,prickly,primary,raised,ray,reduced,ruit,scar,sessile,shallowly,shorter,side,slender,small,smooth,spaced,spreading,stalk,stalked,stellate,straight,surface,tamen,terete,tertiary,time,trichome,tube,unarmed,uniform,unit,variously,vary,vein,venation,visible,wide,woody,yellow-green,ympodial	abaxial,acuminate,adaxial,branching,colour,corolla,form,growth,height,heteromorphism,inflorescence,number,orientation,ovary,placement,plant,position,seed,shape,staman,texture,type	0-25,0.3-1,0.5-1.5,0.75-1,1/2-2/3,1/3,2-6,3.5-5.2,acicular,acute,apically,base,berry,branched,cm,cuneate,densely,dull,elongating,equal,evenly,flattened-reniform,green,lateral,lobed,long,maturity,mauve,mm,narrow-deltate,obtuse,orange,orange-brown,per,perpendicular,poricidal,purple,red,reflexed,rounded,shrub,sometimes,somewhat,spherical,stellate-pubescent,stem,tapering,terminal,thick-chartaceous,tip,upper,way,weakly,yellow,young	acuminate
75	wfo-0001026717	success	207	136	102	115	92	21	98	4	0.3-0.6,0.6-1.5,1-2,1-2.5,1.4-2.2,1.8-3,13-28,14-22,2.5-4.5,2.5-5.5,3-4,3-5,3-6,3.3-11,4-6,4-8,5,5-11,5-13.5,5-6,5.3-9,7-11,abaxially,adaxially,along,anther,berry,blade,borne,brownish,cell,chartaceous,ciliate,cm,condition,conical,corolla,covering,dark,diameter,distal,drying,end,especially,filament,flower,forked,fresh,fruit,generally,glabrous,green,green-white,greenish,hair,hair-like,half,herb,homostylous,interjected,lanceolate,lateral,leaf,leaflet,lengthening,light,like,lobe,long,make,margin,membranous,midrib,minute,minutely,mm,mottled,mucilaginous,odd-pinnate,ovoid,pedicel,peduncle,pentagonal,petiole,plant,pore,poricidal,puberulent,pubescent,purple,ripe,rotate,seed,singly,size,slit,sparsely,stigma,straight,style,terminal,testal,thick,throughout,tip,tube,tuber,typically,usually,violet,wall,wet,whitish,wide,x	0.3-2.5,0.3-5,0.8,1-10,1-3,1.3-2.5,15-34,2.2-5,4-9,5-merou,acumen,acuminate,ag,alyx,apart,apex,apparently,articulated,attenuate,axe,axillary,base,bud,capitat,connivent,darker,decreasing,decurrent,digestion,dorsally,eaf,edge,eed,elliptic,enzyme,equal,erec,exceeding,flat,folded,geminat,glabrou,gradually,honeycomb-shaped,larger,living,lower,medium,middle,narrow,nflorescence,obtuse,often,one-quarte,orbicular,orolla,ovate,pair,perfect,petiolule,plurifoliate,present,pubescen,removed,round,ruit,secondary,semierect,sessile,seudostipule,slightly,spaced,specimen,stamen,ste,stolo,stripe,subequal,subglabrous,subsessile,subtending,symmetrical,tall,tamen,tem,toward,tri-,unit,vary,wing,yellow,ympodial	age,arrangement,branching,calyx,capitate,colour,form,glabrousnes,growth,height,inflorescence,length,ovary,presence,pseudostipule,shape,stem,stolon,symmetry,texture,width	0.3-0.6,0.6-1.5,1-2,1-2.5,1.4-2.2,1.8-3,13-28,14-22,2.5-4.5,2.5-5.5,3-4,3-5,3-6,3.3-11,4-6,4-8,5,5-11,5-13.5,5-6,5.3-9,7-11,abaxially,adaxially,along,berry,borne,brownish,cell,chartaceous,ciliate,cm,condition,conical,corolla,covering,dark,distal,drying,end,especially,flower,forked,fresh,fruit,generally,glabrous,green,green-white,greenish,hair,hair-like,half,herb,homostylous,lanceolate,lateral,lengthening,light,like,long,make,margin,membranous,midrib,minute,minutely,mm,mottled,mucilaginous,odd-pinnate,ovoid,pentagonal,plant,pore,poricidal,puberulent,pubescent,purple,ripe,rotate,seed,singly,slit,sparsely,straight,testal,thick,throughout,tip,typically,usually,violet,wall,wet,whitish,wide,x	age,capitate,stem,stolon
76	wfo-0001026725	success	166	79	43	57	109	22	40	3	.3,.5,0.7-1.2,1-1.2,1-1.5,1-4.5,1-5,1.2-1.7,1.5-2,1.6-2,2,2.2-4,5-5.5,5-6,acute,anther,anthesi,base,calyx,capitate,cm,corolla,elliptic,filament,flattened-reniform,fruit,fruiting,glabrous,globose,green,greenish-white,leaf,lobe,minor,mm,onto,opposite,ovary,ovate,pedicel,petiole,pore,pubescent,reddish-brown,shaped,shrub,size,stigma,style,subshrub,tear-drop,trichome,tube,uniseriate,white,winged,x	/4,0.2,1.5,1/2,3.5-4,3.6-7.7,5-20-flowered,8-18.6,8-9,accrescent,apart,apex,attenuate,axil,bark,becoming,beneath,berry,black,bluish,broadly,brownish-papillose,character,crackin,cup-shaped,dark,deflexed,dia,differing,difoliate,dry,drying,eaf,edicel,eed,ellipsoid,evenly,extremely,free,geminat,geographically,glandular-papillose,incrassate,inflorescenc,interpetalar,large,lateral,less,lobed,lon,long,lower,main,major,margin,margine,material,middle,minutely,nflorescence,occasionally,often,older,one,open,ovoid,pair,pale,paler,papillo,papillose,pitted,planar,poricidal,portion,prominent,proximal,reflexed,rounded,ruit,scar,scarious,short,simple,sinus,slender,slightly,spaced,split,stem,straight,stretching,surface,tall,tan,tapering,tip,triangular,tuft,ud,unit,upper,varying,vein,way,widest,woody,ympodial,young	0.5,1,5-20,abaxial,adaxial,colour,diameter,flower,form,growth,hair,height,inflorescence,length,number,plant,position,seed,shape,symmetry,texture,type	.3,.5,0.7-1.2,1-1.2,1-1.5,1-4.5,1-5,1.2-1.7,1.5-2,1.6-2,2,2.2-4,5-5.5,5-6,acute,capitate,cm,elliptic,flattened-reniform,glabrous,globose,green,greenish-white,leaf,mm,onto,opposite,ovate,petiole,pubescent,reddish-brown,shaped,shrub,subshrub,tear-drop,trichome,uniseriate,white,winged,x	0.5,1,5-20
77	wfo-0001026733	success	183	127	88	102	81	25	85	3	-11,-13,0.3-0.5,0.5-2,1-2,1-7,10-20,2-2.5,2-3,2-6,25-40,3-7,4,5-8,abaxially,acuminate,acute-acuminate,adaxially,aggregate,apex,base,calyx,cell,chartaceous,cm,connective,connivent,cordate,cylindrical,deltate,densely,diameter,directed,distally,eglandular-pilose,eglandular-pubescent,ellipsoidal,elliptic-ovate,entire,equal,flattened,flower,forked,fruit,fusiform,glabrate,glabrous,glandular-,glandular-puberulent,green,greyish,hair,hirsute,immature,lanceolate,leaving,lobe,long,longitudinal,margin,membranaceous,mm,moderately,narrowly,near,oblique,ovate,ovoid,pedicel,pedicellar,peduncle,petiole,pilose,pore,pubescent-pilose,rachi,radiu,remnant,round,shining,shorter,simple,slightly,smooth,sometimes,stellate,stigma,stone,stripe,style,submarginally,thecae,tree,triangular,truncate,unbranched,villous,white,white-puberulent,x,yellow,yellowish	-4,-7,-8,.5-3,0.3-0.5-1,0.3-2,0.5,0.5-1,0.5-4,1-1.5,1-3,1.5-14,1.5-2,1.5-2.5,15-20-50,2-4,2.5-7.5,3-15,3-3.5,3-4-foliat,4-23,4-5,4.5-5,7-10-14,8-12-15,acute,apart,ape,articulated,axe,basal,beyond,blade,capitat,ciliat,color,curled,dense,dia,eaf,eed,eglandular-villous,especially,exceeding,exserted,gland-tipped,glandula,glandular-tomentose,linear-triangular,lon,lower,midrib,nflorescence,nther,orolla,ovum,perfect,present,pubescent,pubescent-pilo,ripe,ruit,small,spaced,sparsely,stamen,swelling,tal,tem,time,toward,tube,ud,unit,unknow,unknown,usually,vary,vein,wide,ympodial	20-50,abaxial,adaxial,anther,arrangement,articulation,branching,bud,capitate,colour,corolla,form,growth,height,inflorescence,leaf,length,oval,ovary,plant,seed,shape,stem,texture,theca	-11,-13,0.3-0.5,0.5-2,1-2,1-7,10-20,2-2.5,2-3,2-6,25-40,3-7,4,5-8,abaxially,acuminate,acute-acuminate,adaxially,apex,base,chartaceous,cm,connivent,cordate,cylindrical,deltate,densely,directed,distally,eglandular-pilose,eglandular-pubescent,ellipsoidal,elliptic-ovate,entire,equal,flattened,forked,fruit,fusiform,glabrate,glabrous,glandular-,glandular-puberulent,green,greyish,hair,hirsute,immature,lanceolate,leaving,long,longitudinal,membranaceous,mm,moderately,narrowly,near,oblique,ovate,ovoid,pedicellar,pilose,pubescent-pilose,remnant,round,shining,shorter,simple,slightly,smooth,sometimes,stellate,stripe,submarginally,thecae,tree,triangular,truncate,unbranched,villous,white,white-puberulent,x,yellow,yellowish	20-50,capitate,oval
78	wfo-0001026734	success	266	109	51	64	202	45	48	3	0.3,0.6,2.3â5,2â3,3,absent,accrescent,anther,apex,articulated,asymmetric,base,berry,branched,calyx,chartaceous,corolla,cuneate,elliptic,entire,foliate,fruit,geminate,globose,green,growth,hair,immature,internodal,lateral,leaf,length,lobed,long,lower,margin,maturity,membranaceous,mm,much,obtuse,paired,pale,pedicel,petiole,plane,pore,poricidal,porrect-stellate,purple,sessile,shape,shrub,simple,stellate,stem,subopposite,subsessile,surface,trichome,unbranched,unit,white,Â¾	0.1,0.2,0.5,0.7â0.9,0.7â1,0.8â1,1,1.6â2,1.6â2.5,1.8â2.2,1.8â3,1/4,1â1.2,1â3,2.2â7,2.5â3,2â2.4,3.2â3.8,3â4,3â4-celled,3â8,4â6,4â7,4â8,4â9,5-merou,5â9,8,abaxial,abaxially,acuminate,acute,adaxial,adaxiall,adaxially,ag,also,always,alyx,anthesi,apical,apice,archin,ark,associated,axi,barely,becoming,beneat,beneath,blade,branch,bright,broadly,brown,caly,camptodromous,capitate,celled,central,clavate,closely,cm,commonly,congested,connivent,covered,covering,cylindrical,cyme,dark,dense,densely,denser,diameter,differing,directed,discolorous,distally,downward,dried,drying,due,eaf,eed,eglandular,emergent,erect,f.,fewer,flat,flattened,flower,forked,found,free,frequently,glabrescen,glabrescent,glabrous,glandular,gray,held,ilament,initially,introrsely,irregular,j,lamina,lanceolate,large,less,lobe,long-attenuate,longer,longitudinal,lying,material,mature,maturit,midpoint,midri,minute,moderately,mostly,multiseriate,narrow,near,new,nflorescence,normally,oblong,obovate,observed,often,old,older,one,one-celled,opening,orolla,other,oung,ovary,ovate,pair,papillose,peduncle,perfect,pit,pointing,porrect,portion,pubescence,pubescent,purplish,rachi,raised,rarely,ray,rayed,reaching,reniform,rounded,ruit,scandent,secondary,shiny,short-stalked,shorter,size,slightly,slit,smaller,sometimes,spaced,sparse,sparsely,spread,spreading,stalk,stigma,still,style,surfac,terminal,tube,tuft,ud,unequal,uniseriate,upward,vary,vein,venation,vestiture,visible,whole,wide,yellow,yellowish,ympodial	articulation,bract,branching,broad-based,cell,colour,connective,filament,form,fruiting,height,heteromorphism,inflorescence,insertion,interjected,interpetalar,leaflet,marking,na,needle-like,odour,orientation,pattern,placement,plant,position,prickle,pseudostipule,rhizome,scale,smell,spot,staman,stone,structure,symmetry,sympodial,texture,tissue,tuber,type,vegetative,xylopodia,ye,zygomorphy	0.3,0.6,2.3â5,2â3,3,absent,accrescent,apex,articulated,asymmetric,base,berry,branched,chartaceous,cuneate,elliptic,entire,foliate,geminate,globose,green,immature,internodal,lateral,leaf,length,lobed,long,maturity,membranaceous,mm,much,obtuse,pale,plane,poricidal,porrect-stellate,purple,sessile,shrub,simple,stellate,subopposite,subsessile,trichome,unbranched,white,Â¾	na,ye,zygomorphy
79	wfo-0001026740	success	171	145	106	121	50	24	105	1	0-10,0.5-1,1-12,1-2,1-4,1-5,10-20,10-30,2-3,2-4,2.5-27,2.5-4.5,2.5-6,20-50,3-15,3-3.5,3-5,4-5,4.5-10,5-8,6-10,8-19,abaxially,absent,acuminate,acute,adaxially,aggregate,also,apex,apiculate,basal,base,beyond,branched,calyx,cell,cm,connective,connivent,cordate,corky,curled,cylindrical,darker,deltate,densely,diameter,directed,distally,eglandular,ellipsoidal,elliptic,entire,equal,especially,exceeding,flattened,fleshy,flower,fruit,glabrate,glabrous,glandular-puberulent,greenish,hair,immature,lanceolate,leaving,lobe,long,margin,mature,mm,moderately,near,nearly,oblong,obtuse,often,orange,ovate,ovoid,pedicel,pedicellar,peduncle,perfect,petiole,pilose,pore,present,puberulent,purple,rachi,radiu,remnant,reticulate,scar,sessile,shorter,simple,slightly,sparsely,stamen,stellate,stigma,stone,stripe,style,subcoriaceous,thecae,tree,truncate,unbranched,violet,white-puberulent,whitish,woody,x,yellow,young	-17,-2,1-10,1-3,2.5-3,3-foliat,3.5-40,5-40,absen,acute-acuminate,apart,ape,articulated,axe,blade,browni,ciliate,eaf,eed,exserted,lon,lower,narrowly,nflorescence,nther,orolla,pilo,pubescent,rarely,ruit,small,sometimes,spaced,swelling,tal,tems,time,tomentose,toward,triangular,truncat,tube,ud,unit,unlobed,vary,vein,villous,wide,ympodial	anther,arrangement,articulation,branching,brownish,bud,colour,corolla,exsertion,form,growth,height,inflorescence,leaf,length,number,ovary,plant,seed,shape,stem,texture,theca,type	0-10,0.5-1,1-12,1-2,1-4,1-5,10-20,10-30,2-3,2-4,2.5-27,2.5-4.5,2.5-6,20-50,3-15,3-3.5,3-5,4-5,4.5-10,5-8,6-10,8-19,abaxially,absent,acuminate,acute,adaxially,also,apex,apiculate,basal,base,beyond,branched,cm,connivent,cordate,corky,curled,cylindrical,darker,deltate,densely,directed,distally,eglandular,ellipsoidal,elliptic,entire,equal,especially,exceeding,flattened,fleshy,fruit,glabrate,glabrous,glandular-puberulent,greenish,hair,immature,lanceolate,leaving,lobe,long,mature,mm,moderately,near,nearly,oblong,obtuse,often,orange,ovate,ovoid,pedicellar,perfect,pilose,present,puberulent,purple,remnant,reticulate,scar,sessile,shorter,simple,slightly,sparsely,stamen,stellate,stripe,subcoriaceous,thecae,tree,truncate,unbranched,violet,white-puberulent,whitish,woody,x,yellow,young	brownish
80	wfo-0001026752	success	166	130	94	105	61	25	93	1	-4,1,1-5,1-6,1.5-12,10-20-25,15-35-50,2,2-2.5,20-30,3-18,3.5-4,4-5,abaxially,abruptly,acute,adaxially,also,apart,apex,basal,base,beyond,black,branched,campanulate,chartaceous,cm,connective,connivent,cordate,coriaceous,cuneate,cylindrical,darker,densely,diameter,dilated,directed,distally,ellipsoidal,elliptic-oblong,elliptic-ovate,entire,equal,exceeding,finely,flattened,fleshy,flower,forked,fruit,glabrous,globose,green,greenish-brown,hair,immature,lanceolate,laterally,leaving,less,lobe,long,margin,mm,moderately,narrowly,near,ovoid,pedicel,pedicellar,peduncle,petiole,pilose,pore,possibly,pubescent,pubescent-pilose,purplish,rachi,rarely,rather,remnant,ripe,short-acuminate,simple,slightly,somewhat,stamen,stellate,stigma,stripe,style,thecae,tree,triangular,truncate,unbranched,vein,violet,white,whitish,x,yellow	0-1-2-3,1-1.5,1-12,1-2,1-3,1.5-2,1.5-2.5,2-3,2-4,2.5-20,2.5-5,3,3-4,3-5,3-foliat,4-45,7-15,8-16,absent,aggregate,ape,apiculate,articulated,axe,blade,calyx,capitat,cell,deltate,eaf,eed,exserted,lon,lower,nearly,nflorescence,nther,obtuse,orolla,papillose,perfect,pilo,presence,present,radiu,ruit,small,spaced,stone,tal,tem,time,tomento,tube,ud,unit,unknow,vary,wide,yello,ympodial	anther,articulation,branching,bud,capitate,colour,corolla,direction,exsertion,form,growth,height,inflorescence,leaf,length,ovary,plant,seed,shape,size,spacing,stem,texture,theca,type	-4,1,1-5,1-6,1.5-12,10-20-25,15-35-50,2,2-2.5,20-30,3-18,3.5-4,4-5,abaxially,abruptly,acute,adaxially,also,apart,apex,basal,base,beyond,black,branched,campanulate,chartaceous,cm,connivent,cordate,coriaceous,cuneate,cylindrical,darker,densely,dilated,directed,distally,ellipsoidal,elliptic-oblong,elliptic-ovate,entire,equal,exceeding,finely,flattened,fleshy,forked,fruit,glabrous,globose,green,greenish-brown,immature,lanceolate,laterally,leaving,less,lobe,long,mm,moderately,narrowly,near,ovoid,pedicellar,pilose,possibly,pubescent,pubescent-pilose,purplish,rarely,rather,remnant,ripe,short-acuminate,simple,slightly,somewhat,stamen,stellate,stripe,thecae,tree,triangular,truncate,unbranched,vein,violet,white,whitish,x,yellow	capitate
81	wfo-0001026754	success	175	133	100	112	63	21	95	5	-6+,.5,0.5,0.5-1,0.9-1.1,1,1-1.5-3,1/2,2/3,3-4-celled,5,5-lobed,9,abaxially,adaxially,along,anther,anthesi,apex,articulated,asymmetric,axi,basal,base,berry,branched,broadly,calyx,clavate,cm,corolla,deeply,dendritic,densely,diameter,distal,ellipsoid,elliptic,entire,especially,exerted,filament,flower,glabrous,globose,growth,half,halfway,inflorescence,irregularly,lamina,later,lateral,leaf,leaving,lengthening,like,lobed,long,lower,many,margin,membranous,midvein,minute,minutely,mixture,mm,mostly,narrowly,new,oblique,pedicel,peduncle,peg,perfect,petiole,pore,poricidal,puberulent,pubescent,scar,simple,sleeve,slit,small,spaced,sparsely,stellate-rotate,stem,stigma,style,surface,tangled,terminal,time,tip,transparent,trichome,truncate,tube,twining,uniseriate,upper,vein,vine,way,weak,white,within,yellow,yellowish	10,198.,2,2-2.5,2-3,2-4,2.5-3.5,30+,4-5,5-merou,5.5-9,7-9,9-11,acute,ag,alyx,apar,apparently,ark,brow,cabrera,complete,conical,connivent,cucullat,denser,divided,eaf,ed,extending,fide,free,ilament,lobe,loosely,mature,nflorescence,older,orolla,outline,pair,papillo,pinnate,planar,plurifoliat,portion,primary,ruit,scandent,seen,slender,sometimes,splitting,spreading,tem,tub,twinin,ud,unit,vary,woody,x,ympodial	5-merous,age,apart,articulation,bark,branching,brown,bud,characteristic,colour,exertion,form,fruit,hair,length,ovary,papillose,position,shape,texture,type	-6+,.5,0.5,0.5-1,0.9-1.1,1,1-1.5-3,1/2,2/3,3-4-celled,5,5-lobed,9,abaxially,adaxially,along,anthesi,apex,articulated,asymmetric,axi,basal,base,berry,branched,broadly,calyx,clavate,cm,deeply,dendritic,densely,diameter,distal,ellipsoid,elliptic,entire,especially,exerted,glabrous,globose,half,halfway,inflorescence,irregularly,lamina,later,lateral,leaving,lengthening,like,lobed,long,many,membranous,midvein,minute,minutely,mixture,mm,mostly,narrowly,oblique,peg,perfect,pore,poricidal,puberulent,pubescent,simple,sleeve,slit,small,spaced,sparsely,stellate-rotate,surface,tangled,terminal,time,tip,transparent,trichome,truncate,twining,uniseriate,upper,vein,vine,way,weak,white,within,yellow,yellowish	5-merous,age,apart,brown,papillose
82	wfo-0001026756	success	147	104	62	81	66	23	60	2	.25,.5,0.5-1,0.5-3,1-2,1.5-1.7,1.5-10,1.5-2,1.5-3,1.8-3,3-4,3.5-8.5,5-10,5-5.5,6-16,abaxial,along,anther,apiculate,base,bilobed,closely,cm,corolla,dendritic,densely,denser,distal,elliptic,exserted,filament,fleshy,fruiting,glabrescent,glabrous,globose,green,hard,lax,leaf,lobe,minutely,mm,nearly,occasionally,opposite,ovary,ovate,ovoid-reniform,pedicel,perhaps,pericarp,petiole,pinkish-white,pitted,pore,pubescence,pubescent,scar,shape,shaped,shrub,simple,somewhat,soon,spaced,sparsely,stem,stigma,strongly,style,surface,tear-drop,thick,tree,trichome,tube,uniseriate,vein,white,woody	0-7-1.2,0.25-0.5,1-1.5,5-10-flowered,6-10,abaxially,acute,adaxially,anthesi,apex,attenuate,ba,bark,berry,broadly,brown,calyx,conical,corresponding,dark,deflexed,deltate,dia,differing,difoliate,eaf,edicel,eed,erect,free,geminat,grayish-brow,inflorescenc,irregular,lamina,lateral,like,lobed,long,lower,main,major,middle,minor,nflorescence,older,overlappin,pair,pale,papillo,planar,poricidal,portion,present,rest,ruit,tall,tip,tub,ud,unifoliate,unit,wide,widest,ympodial,young	adaxial,apiculation,bud,colour,density,diameter,exsertion,form,fruit,glabrescence,growth,height,inflorescence,length,lobing,overlapping,papillose,plant,position,seed,texture,type,width	.25,.5,0.5-1,0.5-3,1-2,1.5-1.7,1.5-10,1.5-2,1.5-3,1.8-3,3-4,3.5-8.5,5-10,5-5.5,6-16,along,apiculate,base,bilobed,closely,cm,dendritic,densely,denser,elliptic,exserted,fleshy,glabrescent,glabrous,globose,green,hard,lax,leaf,minutely,mm,nearly,occasionally,opposite,ovate,ovoid-reniform,perhaps,pinkish-white,pitted,pubescent,shaped,shrub,simple,somewhat,soon,spaced,sparsely,strongly,tear-drop,thick,tree,uniseriate,vein,white,woody	overlapping,papillose
83	wfo-0001026777	success	168	108	73	92	76	16	73	0	.5,0.25-0.5,0.5-1.5,0.5-5,0.9-3,1-10,1-2,1-4,1.5-3,1.5-5,2-4,3-3.5,5-50-flowered,5-7,acuminate,acute,anther,apart,apex,base,beneath,blue,branching,brown,calyx,capitate,cell,cm,corolla,cup,decurrent,dense,distal,elliptic,end,fide,filament,flattened,flattened-reniform,fruiting,glabrous,globose,green,growth,incrassate,lateral,leaf,lobed,long,margin,matted,minor,minutely,mm,narrowly,near,nearly,occasionally,often,onto,opposite,outline,ovary,papillose,pedicel,petiole,pitted,pore,pubescent,quite,russet,scar,seed,shaped,shiny,shrub,sinuate,size,slightly,smooth,stigma,style,surface,tear-drop,testa,trichome,tube,uniseriate,vellozo,wall,white,x	.25,/3,0.5-1,1-1.3,1-1.5,1.2-1.8,2-4.5,2-5,4-8,5-14,anthesi,apiculate,axil,ba,beginning,berry,body,campanulate,deflexed,dia,differing,difoliate,eaf,edicel,eed,exserted,filiform,flexuous,free,geminat,glabrate,greyi,hyaline,inflorescenc,irregularly,like,lobe,lon,lower,main,major,middle,new,nflorescence,older,one,overtopping,pair,papillo,planar,poricidal,portion,prominent,quadrate-deltoid,rest,ruit,somewhat,soon,spaced,sparsely,stem,straight,tall,tapering,thread-like,tip,tuft,ud,unit,vein,way,widest,woody,yellowish,ympodial,young	bud,colour,diameter,flower,form,fruit,hair,height,inflorescence,length,number,plant,position,shape,spacing,texture	.5,0.25-0.5,0.5-1.5,0.5-5,0.9-3,1-10,1-2,1-4,1.5-3,1.5-5,2-4,3-3.5,5-50-flowered,5-7,acuminate,acute,apart,base,beneath,blue,branching,brown,capitate,cell,cm,cup,decurrent,dense,distal,elliptic,end,fide,flattened,flattened-reniform,glabrous,globose,green,incrassate,lateral,leaf,lobed,long,matted,minutely,mm,narrowly,near,nearly,occasionally,often,onto,opposite,outline,papillose,petiole,pitted,pubescent,quite,russet,shaped,shiny,shrub,sinuate,slightly,smooth,tear-drop,testa,trichome,uniseriate,vellozo,wall,white,x	
84	wfo-0001026819	success	218	128	84	107	111	21	83	1	0-27,0.5-1.5,1-10,1-2,1.5-10,1.5-12,1.5-3.3,1.6-3.5,10-26,2-5,2-6,2.5-5,3-120,3-18,3-20,3-35,3-38,4-10,4-7,5-30,6-11,7,abaxially,absent,acuminate,acute,adaxially,anther,apart,apex,base,blade,blue,broadly,brownish,chartaceous,cm,condition,corolla,dark,densely,diameter,distal,dot,drying,elliptic,filament,flower,fresh,fruit,glabrous,globose,green,greenish,hair,herb,interjected,lanceolate,lateral,leaflet,light,like,lobe,long,lunate,membranous,middle,minutely,mm,moderately,mottled,narrowly,oblique,odd-pinnate,ovate,ovoid,pair,pedicel,peduncle,pentagonal,petiole,petiolule,plant,pore,poricidal,puberulent,pubescent,purple,rotate-pentagonal,scale-like,scattered,seed,slightly,somewhat,stem,stripe,style,subglabrous,symmetrical,terminal,tinged,tip,tube,tuber,violet,white,whitish	0.3-4.7,1-2.3,1-5,1.2-36,1.5-3.0,1.5-3.5,10,4,5-merou,acumen,ag,along,alyx,articulated,ascending,attenuate,bearing,borne,bud,capitate,cell,ciliate,clavat,connate,connivent,covering,cuneate,curved,decurrent,digestion,dorsally,eaf,edge,eed,end,enzyme,erec,especially,exceeding,flat,folded,forked,geminat,generally,glabrou,glaucous,greatly,green-white,greenish-yellow,hair-like,half,homostylous,honeycomb-shaped,larger,lengthening,living,lower,make,margin,midvein,mucilaginous,nflorescence,non-glandular,often,orolla,pedice,plurifoliate,rachi,ranging,removed,ruit,seudostipule,short,singly,slit,sometimes,spaced,specimen,stamen,star,ste,stigma,stolo,straight,subequal,suborbicular,subrosette,subtending,tall,tamen,tem,tertiary,testal,therefore,thick,throughout,tri-,truncate,typically,unit,unwinged,usually,vary,wall,wet,wide,wing,within,without,yellow,ympodial	arrangement,articulation,calyx,colour,form,growth,height,inflorescence,leaf,length,number,ovary,position,presence,present,pseudostipule,shape,spacing,staman,texture,width	0-27,0.5-1.5,1-10,1-2,1.5-10,1.5-12,1.5-3.3,1.6-3.5,10-26,2-5,2-6,2.5-5,3-120,3-18,3-20,3-35,3-38,4-10,4-7,5-30,6-11,7,abaxially,absent,acuminate,acute,adaxially,apart,blue,broadly,brownish,chartaceous,cm,condition,dark,densely,distal,dot,drying,elliptic,fresh,glabrous,globose,green,greenish,hair,herb,lanceolate,light,like,long,lunate,membranous,middle,minutely,mm,moderately,mottled,narrowly,oblique,odd-pinnate,ovate,ovoid,pentagonal,poricidal,puberulent,pubescent,purple,rotate-pentagonal,scale-like,scattered,slightly,somewhat,stem,stripe,subglabrous,symmetrical,terminal,tinged,tip,violet,white,whitish	present
85	wfo-0001026821	success	204	136	97	116	88	20	94	3	.2,0.2-1.5,0.3-1.2,0.3-2.5,0.4-1.5,0.5-3.5,0.7-1.8,0.8-1,1-1.5,1-2,1-5,1.5-2.5,10-15,2-3.5,2-6,2-celled,2.5-18,3-18,3-7,3-branched,3-celled,4-4.5,5-12,5-20,5-34,acuminate,anther,apex,apically,appressed,base,bayonet,berry,blade,broadly,brown,chartaceous,cm,cordate,dark,diameter,directed,distally,due,ellipsoidal,elliptic,equal,filament,flattened,flower,forked,frequent,fruit,gglobose,glabrous,gland-tipped,green,hair,herb,homostylous,incurved,interjected,lanceolate,large,lateral,leaflet,length,light,long-attenuate,longitudinal,many,mature,membranous,mm,moderately,oblong,obtuse,occasional,odd-pinnate,one-celled,opening,pair,paired,pale,pedicel,peduncle,per,petiole,petiolule,pilose,pore,present,puberulent,pubescent,rachi,rarely,remnant,slender,slit,small,sparsely,stamen,stellate,stigma,stripe,style,subglabrous,substellate,surface,terminal,thickening,unbranched,wall,white,x,yellow	/3,0-20,0.5-1.2,1-20,1-3,1.2-1.5,17,1977,2-15,3-11,3-6,5-10,5-merou,abaxially,acut,adaxial,adaxially,ag,alyx,anderson,angular,apart,apical,apiculate,articulated,auriculate,axe,ba,basal,bract,cell,ciliat,cuneate,deltate,distal,eaf,eed,especially,exceeding,fused,geminat,glabrou,greatly,interstaminal,leaf-opposed,lobe,long,lower,lowermost,margin,mean,membrane,minute,minutely,much,narrowly,nflorescence,oblique,obliquely,occasionally,orolla,perfect,plurifoliate,pseudostipular,pubescen,reduced,reniform,rounded,ruit,scandent,seudostipule,short,slightly,smaller,somewhat,spaced,subtended,tamen,tem,time,tri-,truncat,tube,unit,vary,wide,winged,ympodial	5-merous,age,arrangement,branching,calyx,colour,corolla,form,growth,inflorescence,leaf,ovary,pseudostipule,seed,shape,stem,texture,truncate,type,width	.2,0.2-1.5,0.3-1.2,0.3-2.5,0.4-1.5,0.5-3.5,0.7-1.8,0.8-1,1-1.5,1-2,1-5,1.5-2.5,10-15,2-3.5,2-6,2-celled,2.5-18,3-18,3-7,3-branched,3-celled,4-4.5,5-12,5-20,5-34,acuminate,apically,appressed,base,bayonet,broadly,brown,chartaceous,cm,cordate,dark,directed,distally,due,ellipsoidal,elliptic,equal,flattened,flower,forked,frequent,fruit,gglobose,glabrous,gland-tipped,green,hair,herb,homostylous,incurved,lanceolate,large,lateral,light,long-attenuate,longitudinal,many,mature,membranous,mm,moderately,oblong,obtuse,occasional,odd-pinnate,one-celled,opening,paired,pale,pilose,present,puberulent,pubescent,rarely,remnant,slender,slit,small,sparsely,stellate,stripe,subglabrous,substellate,thickening,unbranched,wall,white,x,yellow	5-merous,age,truncate
86	wfo-0001026827	success	142	93	68	80	62	13	67	1	.5,/3,0.4-0.6,0.6-1,1-1.1,1-1.5,1-2,1-2.1,1.3-1.6,1.5-2,2-2.2,3-9,5-6,abaxially,acute,age,anther,apart,apex,attenuate,base,branched,calyx,clavate,cm,conical,corolla,dendritic,densely,diameter,distally,ellipsoid,especially,exerted,filament,glabrescent,glabrous,growth,inflorescence,internodal,lanceolate,leaf,lengthening,like,lobed,margin,minutely,mm,narrowly,oblanceolate,ovary,papillate,pedicel,petiole,plane,pore,poricidal,pubescent,rachi,reddish,revolute,scar,shrub,simple,sinus,slit,sparsely,stem,stigma,straight,strongly,style,surface,tip,trichome,tube,uniseriate,way,white,x	0.2-0.5,0.5-2,1-2-2.5,2-4,7-9,?,adaxiall,and/or,anthesi,appearing,arachnoid,bark,branch,broadly,crowded,deciduou,deltate,dense,dry,drying,eaf,erect,fleshy,flower,free,irregularly,know,known,lamina,less,lobe,lower,near,new,nflorescence,nodding,ot,pair,paler,papillat,peduncle,perfect,planar,plurifoliat,portion,primary,slender,small,soon,stout,surfac,terminal,thick,thickened,third,tub,ud,unit,upper,vein,widest,ympodial	adaxially,branching,bud,colour,distance,exertion,form,length,position,shape,texture,type,width	.5,/3,0.4-0.6,0.6-1,1-1.1,1-1.5,1-2,1-2.1,1.3-1.6,1.5-2,2-2.2,3-9,5-6,abaxially,acute,age,apart,apex,attenuate,base,branched,calyx,clavate,cm,conical,dendritic,densely,diameter,distally,ellipsoid,especially,exerted,glabrescent,glabrous,inflorescence,internodal,lanceolate,lengthening,like,lobed,minutely,mm,narrowly,oblanceolate,papillate,plane,pore,poricidal,pubescent,rachi,reddish,revolute,shrub,simple,sinus,slit,sparsely,straight,strongly,surface,tip,trichome,tube,uniseriate,way,white,x	adaxially
87	wfo-0001026830	success	198	142	91	119	79	23	90	1	0-10,0.3-1.3,0.4-1,0.5-1.0,0.5-1.2,1-10,1-11,1-2,1.1-2.7,1.5-4,10-57,2-4,2.5-4.4,2.5-5,2.7-8,4-10,4-14.5,4-7,4.4-14.5,4.5-17.5,5-11,6-13,7-18,acumen,acuminate,acute,anther,apex,attenuate,base,blade,brown,brownish,cell,ciliate,clavate,cm,condition,coriaceous,corolla,deep,diameter,distal,dorsally,drying,edge,elliptic,filament,finely,flat,flower,folded,forked,fresh,fruit,glabrescent,glabrous,globose,green,greenish,hair,hair-like,half,herb,high,homostylous,interjected,lanceolate,lateral,leaf,leaflet,light,linear,lobe,long,margin,medium,mm,moderately,moniliform,odd-pinnate,ovate,ovoid,pair,pedicel,peduncle,pentagonal,petiole,plant,pore,poricidal,puberulent,pubescent,purple,ripe,rotate,rounded,seed,sessile,short,simple,size,stigma,straight,stripe,style,subglabrous,terminal,testal,tip,tube,tuber,typically,wall,white,whitish,x,yellow,yellowish	0.9-1.9,1.4-4,2-6,3.5-8.5,5-merou,abaxially,adaxiall,adaxially,ag,along,alyx,apart,apparently,arranged,articulated,asymmetric,axe,axillary,basiscopic,bead,berry,bud,capitat,connivent,covering,decreasing,digestion,eaf,eed,enzyme,erec,exceeding,geminat,generally,glabrou,green-white,hal,honeycomb,lengthening,like,living,lower,make,mucilaginous,multiple,necklace,nflorescence,orbicular,orolla,perfect,petiolulate,plurifoliate,removed,ruit,seudostipule,shaped,side,slit,spaced,specimen,stamen,stolon,subequal,subglabrou,subtending,tall,tamen,tem,thick,throughout,tissue,toward,tri-,unit,unwinged,usually,vary,wet,ympodial	abaxial,adaxial,arrangement,articulation,branching,calyx,capitate,colour,density,form,growth,height,inflorescence,length,number,ovary,pseudostipule,shape,spacing,staman,stem,texture,type	0-10,0.3-1.3,0.4-1,0.5-1.0,0.5-1.2,1-10,1-11,1-2,1.1-2.7,1.5-4,10-57,2-4,2.5-4.4,2.5-5,2.7-8,4-10,4-14.5,4-7,4.4-14.5,4.5-17.5,5-11,6-13,7-18,acuminate,acute,attenuate,brown,brownish,cell,ciliate,clavate,cm,condition,coriaceous,deep,distal,dorsally,drying,elliptic,finely,flat,folded,forked,fresh,glabrescent,glabrous,globose,green,greenish,hair,hair-like,half,herb,high,homostylous,lanceolate,lateral,light,linear,long,medium,mm,moderately,moniliform,odd-pinnate,ovate,ovoid,pentagonal,poricidal,puberulent,pubescent,purple,ripe,rotate,rounded,sessile,short,simple,straight,stripe,subglabrous,testal,tip,typically,wall,white,whitish,x,yellow,yellowish	capitate
88	wfo-0001026831	success	205	78	50	59	146	19	49	1	-5,0-20,0.2-1,1-2,1-4,3-5,3-6,anther,berry,branched,bright,calyx,chartaceous,cm,cream,dark,dull,elliptic,elongating,equal,flattened-reniform,flower,fruit,fruiting,gray-brown,green,lateral,leaf,length,lobed,long,margin,marking,maturity,mauve,membranous,mm,moderately,orange,orange-brown,pale,per,petiole,poricidal,prickle,red-brown,shrub,sometimes,sparsely,spherical,stellate-pubescent,stem,surface,tapering,tip,white,yellow,yellow-green,young	-6.5,.5,/4,0-10,0-3,0-6,0.1,0.1-0.2-0.25,0.1-0.25,0.15-0.25,0.2-0.4,0.3-0.6,0.3-0.65,0.5-1.2,0.6,0.6-2,0.65-1,0.7-1.1,0.7-2,1-10,1-2.2,1-2.5,1-3,1-6,1.2-2,1.5-2.5-9,1/3,1/3-1/,1/3-2/3,1/5-1/4,2-2.5,2-3,2-4,2.3-2.9,2.5-4.5,3.5-10,5-merous,7-10,7-8,abaxially,acute,alyx,apar,apart,apex,apically,apparently,articulated,attenuate,bark,base,blade,broad-deltate,brow,caudat,cell,concolorous,connivent,curved,deltate,densely,diameter,difoliate,distance,drying,eaf,eed,erect,extending,eye,filament,free,fully,geminat,glabrescent,glabrous,herbaceous,infructescence,less,lobe,longer,lower,mature,midpoint,midvein,multangulate,naked,narrow-cuneate,nflorescence,oblong,occasionally,older,one,open,opening,orolla,oung,outline,ovate,pair,pedicel,peduncle,pendulous,perfec,pericarp,porrect,portion,prickl,prickly,primary,raised,ray,reduced,rounded,ruit,scandent,scar,sessile,shiny,shorter,side,slender,smooth,spaced,spreading,stalk,stellate,style,subsessile,tamen,terete,tertiary,time,trichome,tube,unit,upper,usually,vary,vein,venation,visible,way,white-gray,wide,ympodial	branching,colour,corolla,form,growth,hair,heteromorphism,inflorescence,number,placement,position,seed,shape,staman,symmetry,texture,type,width,zygomorphy	-5,0-20,0.2-1,1-2,1-4,3-5,3-6,berry,branched,bright,chartaceous,cm,cream,dark,dull,elliptic,elongating,equal,flattened-reniform,gray-brown,green,lateral,lobed,long,marking,maturity,mauve,membranous,mm,moderately,orange,orange-brown,pale,per,poricidal,red-brown,shrub,sometimes,sparsely,spherical,stellate-pubescent,stem,surface,tapering,tip,white,yellow,yellow-green,young	zygomorphy
89	wfo-0001026841	success	139	78	52	62	77	16	51	1	/4,0.25-0.3,0.5-0.75,0.5-1,0.6-1,0.75-1,0.8-1,0.8-3,1.5,1.5-2,2-2.5,3-6.5,3.5-5,4-8,6-8,9.2-18,acute,along,anther,base,beneath,bi-lobed,broadly,calyx,clavate,cm,conical,corolla,decurrent,elliptic,filament,filiform,fruiting,glabrous,globose,green,inflorescence,leaf,lobed,mm,opposite,ovary,pedicel,petiole,pore,pubescent,shaped,shining,shrub,simple,slender,slightly,stigma,style,tapering,tear-drop,trichome,tube,uniseriate,vein,way,white	.25,.5,0.05,0.25-0.5,0.5-2,5-8-flowered,7-9,anthesi,apart,apex,arch,axi,ba,bark,berry,coroll,curly-tipped,deflexed,deltoid,dia,eaf,edicel,eed,ellipsoid,exsertion,free,glabrate,greyish-gree,hyaline,immature,joined,known,later,lateral,like,lobe,lon,long,lower,main,margin,middle,minutely,nflorescence,older,pair,paler,papillo,papillose,poricidal,portion,prominent,raised,reddish,reflexed,rest,ruit,scar,series,spaced,sparsely,stem,straight,tall,terminal,thickened,tip,ud,unevenly,unifoliat,unit,widest,winged,woody,x,ympodial,young	5-8,colour,diameter,flower,form,fruit,growth,height,length,number,plant,position,shape,texture,type,width	/4,0.25-0.3,0.5-0.75,0.5-1,0.6-1,0.75-1,0.8-1,0.8-3,1.5,1.5-2,2-2.5,3-6.5,3.5-5,4-8,6-8,9.2-18,acute,along,base,beneath,bi-lobed,broadly,calyx,clavate,cm,conical,decurrent,elliptic,filiform,glabrous,globose,green,leaf,lobed,mm,opposite,petiole,pubescent,shaped,shining,shrub,simple,slender,slightly,tapering,tear-drop,tube,uniseriate,vein,way,white	5-8
90	wfo-0001026849	success	177	129	81	107	70	22	78	3	0-10,0.5-1,1-1.5,1-2,11,2-3,38/2,5,637/2,7-8,acute,adult,anther,apex,aspect,aster,axil,base,brown,calyx,capitate,cell,cm,colour,conical,corolla,cut,cyme,deflexed,discoidal,distinctly,ellipsoid,entire,exerted,expanded,facetted,filament,filled,flesh,floral,fork,fruiting,general,glabrous,glandular,globose,globular,granule,green,grey-brown,growth,hair,half,inflorescence,lavender,leaf,linear-lanceolate,little,lobe,long-cuneate,margin,mid-vein,minute,minutely,mm,oblong,oblong-lanceolate,ovary,pale,pedicel,peduncle,petiole,pore,poricidal,pruinose,purple,rarely,reproducing,reticulate,rh,rhachi,rotate,rounded,sea,seed,shallow,short-lived,shrub,simple,sinus,slightly,soon,stem,stigma,stone,stony,style,surface,tip,tube,unarmed,undulate,unit,vegetatively,violet,way,well	1,1-6,1.5-2.5,1.75-2,2,30-40-50,5-10,80-100-130,adherent,amongst,appearing,australian,berry,composed,conspicuous,curved,developed,dia,distinct,eed,emarginate,enlarge,erect,exceeding,except,flower,flowered,free,greater,gree,interacuminal,large,leave,lengthening,less,lon,long,loosely,lower,mature,maturity,native,nflorescence,occasionally,often,pal,pedicellate,petal,plurifoliat,preparation,relatively,ruit,ruiting,shed,slende,slit,soft-wooded,solanum,solitary,sometimes,somewhat,stout,thus,tissue,tub,ud,uvenile,x,ympodial,young	armament,bud,content,depth,enlarged,form,fruit,fruition,history,juvenile,length,life,plurifoliate,position,reproduction,shape,size,slender,structure,sympodial,texture,type	0-10,0.5-1,1-1.5,1-2,11,2-3,38/2,5,637/2,7-8,acute,aster,axil,brown,calyx,capitate,cm,conical,cut,cyme,deflexed,discoidal,distinctly,ellipsoid,entire,exerted,expanded,facetted,filled,fork,glabrous,glandular,globose,globular,granule,green,grey-brown,hair,half,lavender,leaf,linear-lanceolate,little,long-cuneate,mid-vein,minute,minutely,mm,oblong,oblong-lanceolate,pale,poricidal,pruinose,purple,rarely,reproducing,reticulate,rh,rotate,rounded,sea,seed,shallow,short-lived,shrub,simple,slightly,soon,stem,stony,tip,tube,unarmed,undulate,vegetatively,violet,way,well	enlarged,plurifoliate,slender
91	wfo-0001026858	success	150	115	71	86	64	29	66	5	0.8,0.8-1,1-10,1-11.5,1-4,1-5,1.3-1.5,1.5-4,2-4,2.5-3,3-4,3-5-15-30,4-24,4.5-10.5,6-10,6-18,6-7,abaxially,adaxially,apical,apically,branched,calyx,cell,cm,connate,corolla,covering,cyme,dehiscent,diameter,dichasial,dichasially,distal,filament,flower,glabrescent,glabrous,globose,green,green-white,hair-like,herbaceous,interjected,introrse,lateral,leaf,leaflet,light,lobe,long,maturing,mm,monochasial,oblong,odd-pinnate,often,ovoid,pedicel,peduncle,perennial,perfect,petiole,plant,poricidally,proximal,seed,shiny,short,size,slit,stellate,stigma,straight,style,testal,thick,throughout,triangular,tuber-bearing,typically,unit,wall,wide,yellow,Â¼	0-.,0.5,1-2-3-4,2-2.5,2-3,3-6-foliat,abruptly,acumen,acute,apex,articulate,base,cordate,cuneate,digestion,diminishing,dorsally,eaf,ebracteate,edge,eed,emoval,enzyme,exceeding,flat,folded,forked,generally,globo,half,honeycomb,living,lon,lower,lunat,make,minute,mucilaginous,mucronate,nflorescence,nther,oblique,obtuse,orolla,ovate,ovate-lanceolate,pair,pattern,plan,reveal,rounded,ruit,seudostipule,slightly,specimen,stamen,tal,tem,throughou,toward,vary,white-crea,without,ympodial	0-2,3-6-foliate,anther,arrangement,articulation,bract,branching,colour,connective,ebbrate,form,fruit,growth,height,inflorescence,length,lunate,number,ovary,pore,pseudostipule,shape,stem,structure,sympodial,texture,type,white-cream,width	0.8,0.8-1,1-10,1-11.5,1-4,1-5,1.3-1.5,1.5-4,2-4,2.5-3,3-4,3-5-15-30,4-24,4.5-10.5,6-10,6-18,6-7,apical,apically,branched,cell,cm,connate,covering,cyme,dehiscent,dichasial,dichasially,distal,glabrescent,glabrous,globose,green,green-white,hair-like,herbaceous,introrse,lateral,light,long,maturing,mm,monochasial,oblong,odd-pinnate,often,ovoid,perennial,perfect,poricidally,proximal,shiny,short,slit,stellate,straight,testal,thick,throughout,triangular,tuber-bearing,typically,wall,wide,yellow,Â¼	0-2,3-6-foliate,ebbrate,lunate,white-cream
92	wfo-0001026895	success	166	102	69	88	78	14	68	1	0.5-1,0.5-1.2,0.5-1.5,0.5-2,0.8-1,1-1.5,1.4-2.1,2-2.3,2-2.5,2-3,2.5-3.2,2/3,4.5-5,abaxial,acute,adaxial,along,anther,anthesi,apex,apically,attenuate,base,broadly,brown,calyx,capitate,cm,conical,corolla,dark,deflexed,dendritic,denser,drying,erect,filament,flattened,fruiting,glabrous,globose,green,incrassate,internodal,lamina,leaf,lobed,margin,minutely,mm,mustard,often,ovary,pale,pedicel,petiole,pitted,pointed,pore,pubescent,reddish,reniform,scattered,shape,shaped,shrub,shrublet,simple,size,small,somewhat,stigma,style,surface,swollen,swollen-based,tan,tear-drop,toothed,trichome,tube,type,uniseriate,vein,way,white,x,yellow	.5,0-0.5,1-5,1.5-2,3-12,5-6,5-8-flowered,apical,appearing,ba,bark,berry,borne,broad,campanulate,closely,contracted,deltoid,dia,differing,difoliate,eaf,edicel,eed,ellipsoid,elliptic,elongate,filiform,free,geminat,glabrate,hard,lateral,like,lobe,lon,long,long-exserted,lower,main,major,middle,minor,minute,narrowly,nflorescence,obovate,older,overlappin,pair,papillo,pericarp,poricidal,portion,present,projection,reddish-brow,ruit,scar,shoot,short,side,soon,spaced,sparsely,stem,tall,thin,tip,tub,tuft,ud,unit,usually,widest,woody,ympodial,young	0.5,branching,colour,diameter,form,fruit,growth,height,inflorescence,length,plant,position,seed,texture	0.5-1,0.5-1.2,0.5-1.5,0.5-2,0.8-1,1-1.5,1.4-2.1,2-2.3,2-2.5,2-3,2.5-3.2,2/3,4.5-5,acute,along,apically,attenuate,base,broadly,brown,capitate,cm,conical,dark,deflexed,dendritic,denser,drying,erect,flattened,glabrous,globose,green,incrassate,internodal,lamina,lobed,margin,minutely,mm,mustard,often,pale,pitted,pointed,pubescent,reddish,reniform,scattered,shaped,shrub,shrublet,simple,small,somewhat,swollen,swollen-based,tan,tear-drop,toothed,trichome,type,uniseriate,vein,way,white,x,yellow	0.5
93	wfo-0001026905	success	199	91	46	62	137	29	45	1	0-25,0.5-1.5,1/2-3/4,2.5-3.5,anther,articulated,attenuate,base,berry,branched,calyx,cell,chartaceous,cm,connivent,elongating,erect,flattened-reniform,fruit,fruiting,glabrous,inflorescence,lateral,leaf,length,lobed,long,lower,margin,marking,mature,maturity,mauve,mm,orange,outline,pedicel,per,petiole,pit,poricidal,prickle,prickly,raised,red,rounded,shrub,small,smooth,sometimes,spherical,stellate-pubescent,stem,subentire,surface,tapering,tip,trichome,usually,way,weakly,white	-4,.2,.5,0-10,0-2,0-20,0-3,0.1,0.15,0.2-0.3,0.2-0.5,0.3-0.4,0.4-0.9,0.4-1,0.4-1.5,0.5-0.7,0.6-0.7,0.7-1.4,0.75-1.1,0.9-1.3,1-2,1-2.5,1-20,1-3.7,1-4,1-6,1.9-2.5,1/3,1/4-2/3,1/5-1/3,2-3,2.5-2.9,2/3-3/,3-5,3-8,5-6,5-merous,6-8,7-8,abaxially,acuminat,acute,alyx,ame,apar,apart,apex,apically,apparently,bark,blade,brow,c.,cream,curved,dark,deltate,densely,diameter,difoliate,discolorous,distance,drying,dull,eaf,eed,equal,extending,eye,filament,flower,free,geminat,gray-green,green,infructescence,lobe,longer,midpoint,midvein,moderately,naked,oblong,older,one,open,orange-brown,orolla,oung,ovate,pair,pale,peduncle,pendulous,perfec,pericarp,porrect,portion,prickl,primary,ray,reduced,ruit,scar,sessile,shallowly,shorter,side,slender,somewhat,spaced,sparsely,spreading,stalk,stalked,stellate,straight,style,tamen,terete,tertiary,time,tube,unarmed,unit,upper,variously,vary,vein,venation,visible,wide,woody,yellow,yellow-green,ympodial,young	abaxial,adaxial,appressed,articulation,branching,colour,connective,corolla,form,growth,hair,heteromorphism,inflated,insertion,modification,na,number,odour,orientation,placement,pore,position,seed,shape,spot,staman,symmetry,texture,type	0-25,0.5-1.5,1/2-3/4,2.5-3.5,articulated,attenuate,base,berry,branched,cell,chartaceous,cm,connivent,elongating,erect,flattened-reniform,glabrous,lateral,lobed,long,maturity,mauve,mm,orange,outline,per,pit,poricidal,prickly,raised,red,rounded,shrub,small,smooth,sometimes,spherical,stellate-pubescent,subentire,tapering,tip,usually,way,weakly,white	na
94	wfo-0001026923	success	177	114	80	96	81	18	78	2	.1-0.3,.5,0.25-0.5,0.5-1,0.6-0.8,0.8-1,1,1-7,1.5-4,2,2-2.5,2-6,20-50,3-5,4-18,5-10,5-15,5-6,5-9,abaxially,acuminate,adaxially,anther,apex,base,black,branched,brown,calyx,chartaceous,cm,cuneate,curved,cylindrical,densely,diameter,directed,distally,elliptic,elliptic-ovate,entire,flattened,flower,forked,fruit,glabrescent,glabrous,globose,green,hair,intermediate,large,leaf,light,like,longitudinal,margin,mm,moderately,multangulate,oblong,opening,pedicel,peduncle,peltate,petiole,pore,possibly,pubescent,purple,rachi,red,ripening,rounded,rugulose,scale,sessile,shrub,simple,slit,small,sparsely,stellate,stem,stigma,straight,strongly,style,surface,tree,trichome,white,whitish,x,yellow,yellowish	-5,0-5,0.5,1-1.5,1-3,1-4,1.5-2,10,2-3,3-4,4-5-,absent,accrescent,acute,adaxiall,ag,apart,apparently,articulated,axe,ba,blade,capitat,center,connivent,covering,deltate,denser,eaf,eed,eglandular,equal,erect,filament,frui,fruiting,fused,geminate,gland-tippe,glandular,held,lanceolate,lateral,leaf-opposed,lobe,long,lower,many-foliate,midpoint,midvein,much,nearly,nflorescence,orange,orolla,paired,perfect,pubescence,ray,relatively,ruit,short,slightly,smaller,sometimes,somewhat,spaced,ste,subtending,tal,tamen,tem,time,tip,tube,unit,uprigh,usually,vary,wide,ympodial	age,arrangement,branching,capitate,colour,corolla,form,growth,height,inflorescence,length,ovary,plant,seed,shape,size,staman,texture	.1-0.3,.5,0.25-0.5,0.5-1,0.6-0.8,0.8-1,1,1-7,1.5-4,2,2-2.5,2-6,20-50,3-5,4-18,5-10,5-15,5-6,5-9,acuminate,black,branched,brown,chartaceous,cm,cuneate,curved,cylindrical,densely,diameter,directed,distally,elliptic,elliptic-ovate,entire,flattened,forked,glabrescent,glabrous,globose,green,hair,intermediate,large,light,like,longitudinal,mm,moderately,multangulate,oblong,opening,peltate,possibly,pubescent,purple,red,ripening,rounded,rugulose,scale,sessile,shrub,simple,slit,small,sparsely,stellate,stem,straight,strongly,tree,trichome,white,whitish,x,yellow,yellowish	age,capitate
95	wfo-0001026925	success	215	87	60	66	149	21	58	2	0-20,1-3.5,1/3-1/2,4-10,5-6,6-8,anther,base,berry,branched,calyx,chartaceous,cm,connivent,cream,curved,dark,deltate,elliptic,equal,flattened,flattened-reniform,flower,fruit,fruiting,gently,green,hair,lateral,leaf,length,lobed,long,long-styled,margin,marking,maturity,mauve,membranous,minute,mm,moderately,orange-brown,ovate,pale,per,petiole,poricidal,prickle,rarely,reflexed,short-styled,shrub,simple,spherical,stellate-pubescent,stem,straight,tapering,terminal,tip,way,white,yellow,yellow-orange,young	.5,/6,0,0-10,0-2,0-5,0-7,0.1,0.1-0.2,0.1-0.3,0.2,0.5-1.5,0.5-4,0.7-1.8,0.9-1.8,00-200,1-1.3,1-1.4,1-25,1-3,1-4,1.5-2,1.5-2.5,1.5-4.5,1.8-2,1.8-2.5,1/3,1/4-2/3,1/6-1/3,2-4,2-5,2.4-2.6,2.4-3,2.5-6,2/,3-20,3-7,4-14,4-5,4-7,5-8,5-merous,5.5-10,6-10,6-17,7-12,abaxially,acuminat,acute,alyx,ame,andromonoecious,apar,apart,apex,apically,apparently,articulated,attenuate,bark,blade,broad-deltate,brow,c.,concolorous,diameter,distal,distance,drying,eaf,eed,elongating,erect,extending,filament,free,glabrescent,glabrous,green-brown,hermaphrodite,heterostylous,infructescence,lobe,lobing,longer,lower,lowermost,mature,midpoint,midvein,narrow-deltate,nflorescence,oblong,older,one,open,orolla,oung,pair,pedicel,peduncle,pendent,pendulous,pericarp,plant,plurifoliat,porrect,portion,prickl,prickly,primary,ray,red-brown,reduced,rounded,ruit,scar,secondary,sessile,side,smooth,sometimes,spaced,sparsely,spreading,stalk,stalked,staminat,stellate,stout,style,surface,tamen,terete,tertiary,time,translucent,trichome,tube,unarmed,unit,upper,vary,vein,venation,visible,wide,woody,ympodial	100-200,abaxial,adaxial,branching,colour,corolla,form,growth,heteromorphism,inflorescence,number,orientation,placement,position,seed,shape,staman,symmetry,texture,type,zygomorphy	0-20,1-3.5,1/3-1/2,4-10,5-6,6-8,base,berry,branched,chartaceous,cm,connivent,cream,curved,dark,deltate,elliptic,equal,flattened,flattened-reniform,flower,gently,green,hair,lateral,lobed,long,long-styled,marking,maturity,mauve,membranous,minute,mm,moderately,orange-brown,ovate,pale,per,poricidal,prickle,rarely,reflexed,short-styled,shrub,simple,spherical,stellate-pubescent,stem,straight,tapering,terminal,tip,way,white,yellow,yellow-orange,young	100-200,zygomorphy
96	wfo-0001026946	success	205	123	88	103	102	20	86	2	0-20,0.5-2,0.9-4.3,1-2,1.5-2,1.6-3.7,10-39,12-23,2,2-15,2.5-10.5,3-20,3-5,3.5-10,4-7,4.1-9.4,5-7,6-24,8-15,abaxially,adaxially,anther,apparently,blade,borne,brownish,cell,chartaceous,cm,condition,connivent,corolla,creamy,deeply,densely,diameter,digestion,distal,drying,end,enzyme,filament,forked,fresh,fruit,generally,glabrous,globose,green,greenish,hair,half,herb,honeycomb-shaped,interjected,lanceolate,lateral,leaflet,lengthening,like,long,membranous,mm,mottled,odd-pinnate,ovoid,pair,pedicel,peduncle,pentagonal,perfect,plant,pore,poricidal,pubescent,pure,purple,removed,ripe,seed,short,short-pubescent,singly,size,slightly,slit,stellate,stem,streak,style,terminal,testal,tip,tuber,typically,unwinged,usually,wall,white,whitish,wing,x,yellow-white	0-5,0.9-3.5,1,1-10,1-4,2-5,2.7-9,3-6,5-merou,8-25,acumen,acuminate,acute,ag,along,alyx,apart,apex,articulation,attenuate,axe,axillary,base,berry,broadly,bud,capitat,ciliate,clavate,covering,dorsally,dot,eaf,edge,eed,elliptic,erec,especially,exceeding,except,extremely,flat,flower,folded,geminat,glabrou,greatly,green-white,hair-like,homostylous,living,lobe,lower,make,margin,midrib,minutely,mucilaginous,narrowly,nflorescence,oblique,often,orbicular,orolla,ovate,petiole,petiolulate,petiolule,plurifoliate,proximal,puberulent,pubescen,reduced,rounded,ruit,scattered,sessile,seudostipule,spaced,specimen,stamen,ste,stigma,stolo,straight,subequal,subtending,tall,tamen,tem,thick,thir,throughout,tri-,truncate,tube,unit,variable,vary,wet,yellow,ympodial	age,arrangement,branching,calyx,colour,flowering,form,growth,height,inflorescence,leaf,length,ovary,presence,pseudostipule,pubescence,shape,staman,stolon,texture	0-20,0.5-2,0.9-4.3,1-2,1.5-2,1.6-3.7,10-39,12-23,2,2-15,2.5-10.5,3-20,3-5,3.5-10,4-7,4.1-9.4,5-7,6-24,8-15,abaxially,adaxially,apparently,borne,brownish,chartaceous,cm,condition,connivent,creamy,deeply,densely,diameter,digestion,distal,drying,end,enzyme,forked,fresh,generally,glabrous,globose,green,greenish,hair,half,herb,honeycomb-shaped,lanceolate,lateral,lengthening,like,long,membranous,mm,mottled,odd-pinnate,ovoid,pentagonal,perfect,plant,pore,poricidal,pubescent,pure,purple,removed,ripe,short,short-pubescent,singly,slightly,slit,stellate,stem,streak,tip,typically,unwinged,usually,wall,white,whitish,wing,x,yellow-white	age,stolon
97	wfo-0001026962	success	205	110	76	91	114	19	74	2	.05,.5,0,0.3-0.7,0.8-1,1,1-1.2,1-1.5,1-2,1-3,1-4.5,1.5-2,1.5-5,10-12,15-22,2-2.5,2-6,2/3-3/4,3-3.5,4-5,6-7,acute,anther,apex,base,broadly,calyx,chartaceous,cm,corolla,darker,deltate,diameter,entire,filament,flattened-reniform,flower,free,fruit,glabrous,globose,green,incrassate,inflorescence,internodal,leaf,lobe,lobed,longitudinal,major,margin,minor,minutely,mm,oblong,occasionally,opening,opposite,pedicel,peduncle,petiole,pitted,pore,portion,rachi,rounded,sagittate,shaped,shrub,simple,size,slightly,slit,small,somewhat,stellate,stigma,style,surface,tear-drop,tip,tree,triangular,trichome,tube,unbranched,uniseriate,way,white,x,yellow	0.5,0.5-0.8,0.5-1,0.5-1.5,1-6,1.5-17,1.5-3,10-20,2-5,3-6,9-12,9-17,abaxially,abrupt,abruptly,accrescent,adaxially,ag,alyx,anthesi,apparently,appearing,arising,articulated,axe,bark,basebud,becoming,beneath,blade,brittle,bud,capitat,cell,closely,composed,connivent,constricted,cucullat,cylindrical,deflexed,densely,denser,differing,difoliate,dimorphic,dry,eaf,eed,elliptic,elongate,evenly,except,exerted,fruiting,geminat,glabrate,glabrou,ilament,later,lateral,like,long,main,material,narrowly,nflorescence,obconic,obovoid,often,older,one,orolla,oung,outline,ovate-lanceolate,overlapping,packed,pair,pale,papillose,paten,pendent,perfect,prominent,pubescen,pubescent,purplish,raised,reflexed,remaining,rest,rounder,ruit,slender,sometimes,soon,stem,straight,tal,tapering,tinged,tooth,trunk,unarmed,unifoliate,unit,vary,vein,whit,woody,yellowish,ympodial,young	abaxial,adaxial,age,arrangement,branching,capitate,colour,form,growth,hair,height,length,ovary,plant,position,seed,shape,texture,type	.05,.5,0,0.3-0.7,0.8-1,1,1-1.2,1-1.5,1-2,1-3,1-4.5,1.5-2,1.5-5,10-12,15-22,2-2.5,2-6,2/3-3/4,3-3.5,4-5,6-7,acute,base,broadly,chartaceous,cm,darker,deltate,entire,filament,flattened-reniform,flower,free,fruit,glabrous,globose,green,incrassate,internodal,leaf,lobed,longitudinal,major,minor,minutely,mm,oblong,occasionally,opening,opposite,pitted,portion,rounded,sagittate,shaped,shrub,simple,slightly,slit,small,somewhat,stellate,tear-drop,tip,tree,triangular,trichome,tube,unbranched,uniseriate,way,white,x,yellow	age,capitate
98	wfo-0001026964	success	128	103	67	80	48	23	62	5	.2,.5,0,0.5,0.5-1,1-1.2,1-2.5,10,10-30,2-2.5,2-4,3-5,3.5-7,4.5-8.5,7-8,acuminate,acute,along,anther,apex,attenuate,axillary,basal,base,beak,cm,conical,corolla,diameter,elliptic,equal,filament,filiform,fruiting,glabrous,globose,green,greenish,herb,horizontal,lateral,leaflet,lightly,lobed,long,long-attenuate,margin,minutely,mm,nearly,obovate,onto,ovary,pair,papillate,pedicel,petiole,petiolule,pinnate,poricidal,purple,rachi,rugose,shape,simple,size,smooth,somewhat,stigma,style,surface,terminal,tip,trichome,tube,uniseriate,unit,winged,x,yellow	?,anthesi,bearing,berry,calyx,capitat,conspicuously,differentiated,distinct,eaf,edicel,erec,exserted,fleshy,flower,free,glabrou,immature,known,lenticellate,line,lobe,lower,nflorescence,noddin,often,one,open,ot,portion,primary,pubescent,purpli,reflexed,ruit,scar,side,slender,small,sparsely,tal,tem,time,tub,ud,unifoliat,vein,ympodial	bud,capitate,colour,erect,form,fruit,glabrousnes,growth,height,inflorescence,leaf,length,nodding,number,plant,position,purplish,stem,structure,sympodial,type,unifoliate,winging	.2,.5,0,0.5,0.5-1,1-1.2,1-2.5,10,10-30,2-2.5,2-4,3-5,3.5-7,4.5-8.5,7-8,acuminate,acute,along,attenuate,axillary,base,cm,conical,diameter,elliptic,equal,filiform,glabrous,globose,green,greenish,herb,horizontal,lateral,lightly,lobed,long,long-attenuate,margin,minutely,mm,nearly,obovate,onto,pair,papillate,pinnate,poricidal,purple,rachi,rugose,shape,simple,size,smooth,somewhat,tip,trichome,uniseriate,winged,x,yellow	capitate,erect,nodding,purplish,unifoliate
99	wfo-0001026981	success	249	123	73	105	144	18	73	0	-2.5,0.1-0.3,0.15-0.2,0.2-0.4,0.25-0.4,0.3-0.5,0.3.6-0.8,0.4-0.5,0.4-0.7,0.4-2,0.45-1.3,0.5-0.3,0.5-30-35,0.6-1.4,0.6-2,0.7-0.8,0.8-1.2,0.8-6,0.9-1.4,0.9-1.5,1-2,1-2-cellular,1-3,1-3-celled,1-3.3,1-4,1.5-2.0,1.5-8.5,1/3,2-3-branched,3.5-14,6-10,7.5,absent,anther,apical,appendage,articulation,asymmetric,base,calyx,capitate,cm,coastal,column,conical,cordate,corolla,dark,densely,diameter,distal,entire,filament,fruit,fruiting,glandular,globose,green,herb,imparipinnate,interrupted,irregularly,lateral,leaf,leaflet,lime,lobe,lobed,margin,minutely,mm,occasionally,orange,ovary,patent,pedicel,peduncle,pentagonal,perennial,petiole,population,pseudostipule,pubescence,pubescent,rounded,shorter,simple,slender,sometimes,staminal,stem,sterile,stigma,style,terminal,trichome,tube,type,uniseriate,variously,velvety,villous,without,yellow	-0.4,-14,-4,-8,.2,.2-0.2,0-5,0.05-0.1,0.1-0.2,0.2,0.2-2,0.5,1,1.5-5,1.8-2.8,11,196.,2-3,2-locular,3-foliate,4,4-8,4-celled,<,abaxially,absen,abundant,academy,accrescent,acute,adaxially,adpressed,along,amongst,angled,anthesi,apex,appearance,appressed,articulated,axi,basiscopically,bay,beak,becoming,bract,bracteole-like,brown,cell,citrus-like,composed,cone,d,deltate,eaf,ebracteate,edicel,eed,erect,exserted,flower,giving,glabrescent,gree,hair-like,half,halfway,head,included,initially,interjected,internode,jointles,larger,later,less,like,linear,lon,long,lower,mainly,maturity,mixed,much,multicellular,narrowly,nflorescence,obovate,orbicular,outgrowth,ovate,pair,pale,per,petiolule,plant,present,primary,procumbent,pronounced,proximal,rachi,reflexed,rick,robust,ruit,scen,secondary,see,sessile,several,shaggy,shaped,short,silky,smaller,sparsely,sparser,specimen,spreadin,straight,strong,surface,tangled,tem,tertiary,testa,thick,tightly,transparent,tub,uni-,unicellular,unit,upto,usually,viny,wall,wide,winged,ympodial,â,â	abaxial,adaxial,arrangement,branching,bud,colour,form,glandularity,growth,history,inflorescence,length,life,seed,shape,texture,thicknes,width	-2.5,0.1-0.3,0.15-0.2,0.2-0.4,0.25-0.4,0.3-0.5,0.3.6-0.8,0.4-0.5,0.4-0.7,0.4-2,0.45-1.3,0.5-0.3,0.5-30-35,0.6-1.4,0.6-2,0.7-0.8,0.8-1.2,0.8-6,0.9-1.4,0.9-1.5,1-2,1-2-cellular,1-3,1-3-celled,1-3.3,1-4,1.5-2.0,1.5-8.5,1/3,2-3-branched,3.5-14,6-10,7.5,absent,articulation,asymmetric,capitate,cm,conical,cordate,dark,densely,distal,entire,glandular,globose,green,herb,imparipinnate,interrupted,irregularly,lime,lobed,minutely,mm,occasionally,orange,patent,pentagonal,perennial,pubescent,rounded,shorter,simple,slender,sometimes,trichome,uniseriate,variously,velvety,villous,without,yellow	
100	wfo-0001026992	success	243	130	92	112	131	18	90	2	0.2-0.5,0.25-0.45,0.5-1.2,0.6-1.5,1-4,1.2-1.4,1.2-1.7,1.4-1.6,1.4-1.9,1.5-3.4,1.7-1.9,1.7-2.4,1.7-4.3,1/2,2-10,2.8-4.7,3-4,3.3-5.5,3.3-5.6,5.3-12.1,6-10,8,8-11,8-14,abruptly,acuminate,acute,anther,apart,apex,appressed,attenuate,bark,base,blunt-tipped,branch,branched,broadly,brown,calyx,chartaceous,cm,corolla,crown,dark,deltoid,diameter,drying,echinoid,elliptic,entire,filament,flat-topped,flower,fruit,globose,granular-tomentose,greenish,hair,lance-ovate,lanceolate,leaf,length,lobe,many,margin,mm,moderately,multangulate,often,orange-tan,ovate,pedicel,peduncle,petiole,plant,porrect-stellate,pubescent,rachi,rather,reniform,reticulate-punctate,ripe,scabridulous-,sessile,short,short-stalked,shrub,simple,size,small,sometimes,sparingly,spreading,stalked,stellate,stigma,stout-stalked,style,subcampanulate,surface,tan,thin-textured,time,tomentose,tree,velutinous,way,whitish,x,yellow,yellowish	-2.5,/7,0.8-3.4,00-170,1.3-2.6,1.3-4.3,10-12,12-33,2-5.6,2.3-3.3,2.6-4.6,2.8-4.6,4-8,5-15,5-merou,abaxial,abaxially,accrescent,adaxiall,adaxially,ag,along,alyx,angled,anthesi,apparently,approximately,around,articulated,axe,axillary,ba,berry,blade,capitat,completely,coriaceous,covering,cylindrical,densely,directed,distally,eaf,echinoi,edge,eed,enveloping,equal,evident,exserted,farinose,fleshy,forming,free,fruiting,geminate,glabrescen,glabrous,grooved,high,homostylous,immature,inserted,lacking,lateral,lengthening,less,line,lobed,long,long-stalked,longitudinal,longitudinally,lower,m.,main,mature,maturity,midrib,minute,mostly,nearly,nflorescence,oblong,obtuse,occasional,occasionally,older,orolla,ovate-lanceolate,overlapping,perfect,plurifoliate,pore,poricidal,pubescence,rare,ruit,runk,semi-ovate,short-,shorter,side,slit,somewhat,spaced,split,stamen,stem,subglobose,suture,tamen,terete,terminal,tip,tube,ud,unarme,unarmed,unequal,unit,usually,vary,vein,violet,weakly,white,wide,ympodial,young,Â½	100-170,arrangement,branching,bud,capitate,colour,form,growth,height,inflorescence,insertion,ovary,seed,shape,spacing,staman,texture,trunk	0.2-0.5,0.25-0.45,0.5-1.2,0.6-1.5,1-4,1.2-1.4,1.2-1.7,1.4-1.6,1.4-1.9,1.5-3.4,1.7-1.9,1.7-2.4,1.7-4.3,1/2,2-10,2.8-4.7,3-4,3.3-5.5,3.3-5.6,5.3-12.1,6-10,8,8-11,8-14,abruptly,acuminate,acute,apart,appressed,attenuate,base,blunt-tipped,branched,broadly,brown,chartaceous,cm,dark,deltoid,diameter,drying,echinoid,elliptic,entire,flat-topped,flower,fruit,globose,granular-tomentose,greenish,lance-ovate,lanceolate,many,mm,moderately,multangulate,often,orange-tan,ovate,porrect-stellate,pubescent,rather,reniform,reticulate-punctate,ripe,scabridulous-,sessile,short,short-stalked,shrub,simple,small,sometimes,sparingly,spreading,stalked,stellate,stout-stalked,subcampanulate,tan,thin-textured,time,tomentose,tree,velutinous,way,whitish,x,yellow,yellowish	100-170,capitate
101	wfo-0001026994	success	260	120	76	90	170	30	72	4	0.2-0.5,0.4-1.2,0.5,0.5-0.7,0.5-0.8,0.5-0.9,0.5-1.2,0.5-2,1.2-1.6,2.2-3.2,4,anther,articulation,base,bent,berry,bifurcate,bract,branched,bright,brown,calyx,cell,cm,corolla,crenate,dark,darker,deeply,densely,distal,eglandular,elliptic,filament,fruit,fruiting,globose,greenish,hair-like,half,herb,imparipinnate,inflorescence,interrupted,investing,irregularly,lateral,leaf,less,lobe,lobed,locule,long,loosely,lower,margin,medial,midvein,mm,narrowly,oblique,obovate,outgrowth,pedicel,perennial,petiole,pseudostipule,pubescent,purple,rachi,regularly,ripe,rotate-stellate,simple,size,spreading,stem,stripe,surface,testa,thick,tip,trichome,uniseriate,usually,velvety,wall,white,wide,yellow	-foliate,.2,.5,0.05-0.1,0.05-0.2,0.1,0.1-0.2,0.1-0.3,0.15-0.2,0.2-0.4,0.25,0.3-0.4,0.4-0.5-0.7,0.5-0.6,0.5-0.6-0.7,0.5-1.3,0.7-2.5,0.9-1.2,0.9-1.3,1,1-1.2,1-1.4,1-1.5,1-1.6,1-2,1.2-3.5,1.4-2.1,10-20,12-20-50,2,2-2.5-6.5-10,2-2.6,2-4,2-5-locular,3,3-branched,4-15,4-celled,5,5-7,5-7-13-20,6-20-30,8,8-12,abaxially,absent,abundant,acroscopically,acuminate,acute,additional,adpressed,along,also,amongst,andscattered,anthesi,apex,apical,apically,appearance,appendage,articulate,basal,basally,basiscopically,becoming,beneath,bifurcation,bracteate,broader,broadly,capitate,celled,column,conical,crenat,crowded,decreasing,decumbent,decurrent,developed,diameter,eaf,ebracteate,edicel,eed,erect,especially,essentially,exserted,fewer,flower,giving,glabrous,glandular,grayish,gree,green,habitat,hal,halfway,head,interjected,internode,lamina,lanceolate,large,larger,largest,leaflet,leave,like,lon,markedly,minutely,moderately,much,narrower,narrowing,nearly,nflorescence,node,occasionally,often,ovary,pair,paler,papillate,peduncle,petiolule,present,primary,puberulent,rarely,reflexed,robust,rocky,secondary,sessile,set,shaggy,short,silky,sinus,slightly,sometimes,sparsely,specimen,spreadin,staminal,sterile,stigma,straight,style,tall,tem,terminal,tertiary,toward,tube,ud,unicellular,unit,weak-walled,well,winged,woody,ympodial,young	abaxial,appressed,arrangement,branching,colour,decurred,form,growth,hair,hirsute,history,inflated,insertion,length,life,marking,modification,orientation,placement,pore,position,prickle,scattered,seed,shape,specified,spot,symmetry,texture,type	0.2-0.5,0.4-1.2,0.5,0.5-0.7,0.5-0.8,0.5-0.9,0.5-1.2,0.5-2,1.2-1.6,2.2-3.2,4,bent,berry,bifurcate,branched,bright,brown,cell,cm,crenate,dark,darker,deeply,densely,distal,eglandular,elliptic,globose,greenish,hair-like,half,herb,imparipinnate,interrupted,investing,irregularly,lateral,less,lobe,lobed,locule,long,loosely,margin,medial,midvein,mm,narrowly,oblique,obovate,outgrowth,perennial,pubescent,purple,rachi,regularly,ripe,rotate-stellate,simple,spreading,stripe,testa,thick,tip,trichome,uniseriate,usually,velvety,wall,white,wide,yellow	decurred,hirsute,scattered,specified
102	wfo-0001026996	success	188	107	68	89	99	18	66	2	0-6,0.6-1,1-2,1-3,1-4,1.8-4.4,15-28,3-10,3-7,3.3-6,3.8-14.1,4-4.4,4-8,4.5-10.5,5-8,6-8,6.9-10.9,8.7-18.6,abaxially,acumen,adaxially,anther,blade,blue,brownish,cell,clavate,cm,condition,coriaceous,corolla,covering,dark,deep,diameter,drying,filament,flower,forked,fresh,fruit,glabrous,globose,green,greenish,hair-like,herb,homostylous,interjected,lanceolate,lateral,leaf,leaflet,lilac,lobe,medium,mm,moniliform,mottled,odd-pinnate,ovate,ovoid,pair,pedicel,peduncle,pentagonal,plant,pore,poricidal,purple,ripe,rotate,seed,size,stigma,straight,stripe,style,terminal,testal,thick,tip,tube,tuber,unwinged,wall,white,whitish,x	0.9-2.7,1-5,1.2-1.8,1.3-7.7,14-33,2-3,3-5,5-merou,abaxiall,acuminate,acute,ag,along,alyx,apart,apex,apparently,arranged,articulated,asymmetric,attenuate,axe,axillary,base,basiscopic,bead,berry,bud,capitat,connivent,considerably,decreasing,digestion,distal,dorsally,eaf,edge,eed,elliptic,enzyme,erec,exceeding,flat,folded,geminat,generally,glabrou,green-white,half,honeycomb-shaped,larger,lengthening,like,linear,living,long,lower,make,middl,mucilaginous,multiple,necklace,nflorescence,orbicular,orolla,perfect,petiole,petiolulate,plurifoliate,removed,rounded,ruit,sessile,seudostipule,side,slightly,slit,sometimes,spaced,specimen,stamen,stolon,subglabrou,subtending,symmetric,tall,tamen,tem,throughout,tissue,toward,tri-,typically,unit,usually,vary,wet,yellow,ympodial	arrangement,branching,calyx,capitate,colour,form,growth,height,inflorescence,length,ovary,pseudostipule,shape,staman,stem,subglabrous,symmetry,texture	0-6,0.6-1,1-2,1-3,1-4,1.8-4.4,15-28,3-10,3-7,3.3-6,3.8-14.1,4-4.4,4-8,4.5-10.5,5-8,6-8,6.9-10.9,8.7-18.6,abaxially,acumen,adaxially,blue,brownish,cell,clavate,cm,condition,coriaceous,covering,dark,deep,drying,forked,fresh,glabrous,globose,green,greenish,hair-like,herb,homostylous,lanceolate,lateral,lilac,medium,mm,moniliform,mottled,odd-pinnate,ovate,ovoid,pentagonal,poricidal,purple,ripe,rotate,straight,stripe,testal,thick,tip,unwinged,wall,white,whitish,x	capitate,subglabrous
103	wfo-0001027010	success	198	121	75	101	97	20	74	1	0-2,0-2.5,0.4-5.1,0.5-1.5,1-10,1-2,1-4,1.2-1.7,1.2-1.9,10-60,14-46,2-9.4,2.1-15.3,2.1-4.3,2.2-12.9,3-10,3-5,3-6,3-8,4-12,4-8,4.4-29,4.9-31,5-13,5-14,abaxially,adaxially,anther,blade,brownish,clavate,cm,condition,coriaceous,corolla,deep,diameter,distal,drying,elliptic,filament,flower,forked,fresh,fruit,glabrescent,glabrous,green,green-white,greenish,hair,half,herb,high,homostylous,interjected,lanceolate,lateral,leaf,leaflet,light,lobe,long,mm,moniliform,mucilaginous,occasionally,odd-pinnate,ovate,ovoid,pair,pedicel,peduncle,pentagonal,petiole,plant,pore,poricidal,purple,ripe,rotate,scabrous,seed,short,size,spot,stigma,straight,stripe,style,terminal,throughout,tip,tube,tuber,wet,white,whitish,wide,wing,x	0-3,1-7,1.4-6.9,2-6,3.5-13.6,5-merou,acumen,acuminate,acute,adaxiall,ag,along,alyx,apart,apex,apparently,arranged,articulated,asymmetric,attenuate,axe,axillary,base,basiscopic,bead,bud,capitat,cell,coloration,connivent,covering,decreasing,digestion,dorsally,eaf,edge,eed,enzyme,erec,exceeding,flat,folded,geminat,generally,glabrescen,glabrou,hair-like,hal,honeycomb-shaped,larger,lengthening,like,living,lower,make,multiple,narrow,necklace,nflorescence,orbicular,orolla,perfect,petiolulate,plurifoliate,present,removed,rounded,ruit,scabrou,sessile,seudostipule,side,slightly,slit,sometimes,spaced,specimen,stamen,stolon,subequal,subtending,tall,tamen,tem,testal,thick,tissue,toward,tri-,typically,unit,usually,vary,wall,winged,yellow,ympodial	abaxial,adaxial,arrangement,articulation,branching,calyx,capitate,colour,form,growth,height,inflorescence,length,ovary,pseudostipule,shape,spacing,staman,stem,texture	0-2,0-2.5,0.4-5.1,0.5-1.5,1-10,1-2,1-4,1.2-1.7,1.2-1.9,10-60,14-46,2-9.4,2.1-15.3,2.1-4.3,2.2-12.9,3-10,3-5,3-6,3-8,4-12,4-8,4.4-29,4.9-31,5-13,5-14,abaxially,adaxially,brownish,clavate,cm,condition,coriaceous,deep,distal,drying,elliptic,forked,fresh,glabrescent,glabrous,green,green-white,greenish,hair,half,herb,high,homostylous,lanceolate,light,long,mm,moniliform,mucilaginous,occasionally,odd-pinnate,ovate,ovoid,pentagonal,poricidal,purple,ripe,rotate,scabrous,short,straight,stripe,throughout,tip,wet,white,whitish,wide,x	capitate
104	wfo-0001027019	success	142	129	94	107	35	22	90	4	.5,/4,0-0.5,0.5-1,1-1.5,1.5-2,1.5-3,1/2,10,10-40-flowered,12-30,2-3,2-5,2-8,4-5,4-8.5,7-14,abaxially,acute,adaxially,along,anther,anthesi,apex,apparent,attenuate,bark,base,branched,bright,calyx,capitate,cm,constriction,corolla,cyathiform,densely,dia,difoliate,distal,ellipsoid,elliptic,even,exserted,filament,flattened,fleshy,fruiting,glabrous,globose,golden,green,inflorescence,largely,later,leaf,like,live,lobed,long,major,midrib,minor,minutely,mm,obovate,older,onto,opposite,ovary,overlapping,ovoid-reniform,papillose,pedicel,petiole,pitted,plant,pore,poricidal,pubescent,scar,shaped,shrub,small,somewhat,spaced,sparsely,stem,stigma,straight,strongly,style,surface,tapering,tear-drop,tip,tree,trichome,tube,unit,waxy,way,white,wing,winged,x,young	1-2,abaxial,abruptly,ba,berry,deflexed,deltoid,eaf,edicel,eed,erect,free,geminat,glabrate,inflorescenc,lobe,lon,lower,narrowed,nflorescence,pale,papillo,planar,portion,reddish-brow,rest,ruit,tall,tan,third,tub,ud,widest,woody,ympodial	branching,bud,colour,exsertion,flower,form,fruit,geminate,growth,height,length,number,position,reddish-brown,seed,shape,size,spacing,structure,sympodial,texture,winging	.5,/4,0-0.5,0.5-1,1-1.5,1.5-2,1.5-3,1/2,10,10-40-flowered,12-30,2-3,2-5,2-8,4-5,4-8.5,7-14,acute,along,apparent,attenuate,base,branched,bright,calyx,capitate,cm,constriction,cyathiform,densely,dia,difoliate,distal,ellipsoid,elliptic,even,exserted,filament,flattened,fleshy,glabrous,globose,golden,green,inflorescence,largely,later,leaf,like,live,lobed,long,midrib,minutely,mm,obovate,onto,opposite,ovary,overlapping,ovoid-reniform,papillose,petiole,pitted,plant,pore,poricidal,pubescent,shaped,shrub,small,somewhat,spaced,sparsely,stem,straight,strongly,tapering,tear-drop,tip,tree,trichome,tube,waxy,way,white,wing,winged,x,young	.5-2,di,geminate,reddish-brown
105	wfo-0001027030	success	228	92	50	63	165	29	48	2	0-4,0.6-0.8,1-3,1.2-1.6,2-foliate,2.2-3.2,articulation,base,basiscopically,berry,bract,branched,calyx,cell,cm,crenate,decurrent,deeply,densely,distal,entire,extremely,fruit,fruiting,globose,green,half,herb,imparipinnate,inflorescence,interjected,interrupted,investing,leaflet,long,loosely,margin,mm,oblique,obovate,papillate,pedicel,perennial,petiole,present,pseudostipule,pubescent,simple,size,slender,soft,sometimes,somewhat,sparsely,spreading,thick,trichome,truncate,uniseriate,unit,velvety,weak,wide	-15,.2,.5,0.05-0.1,0.1-0.7,0.1-0.9,0.15-0.2,0.2,0.2-0.3,0.2-1,0.3-0.4-1.5,0.3-0.5,0.3-0.7,0.4-0.5,0.4-0.8,0.5,0.5-0.6-1.8,0.5-0.7,0.5-0.8,0.5-1,0.5-1-3.4,0.6-0.7,0.7-1,0.8-0.9,0.8-1,0.9-1.1,1,1-1.2,1-1.3,1-2-4-11,1.5-2-4.8,1.6-2,2-3,2-3-9,2-6,2-7,2-locular,3-4-celled,3-8,4-celled,5-12,8-celled,abaxial,abaxially,absent,abundant,acuminate,acute,adaxially,adpressed,angled,anther,anthesi,apex,apical,appearance,appendage,articulated,axi,basal,beneath,beyond,bright,brown,capitate,column,conical,corolla,crenat,crenation,dark,darker,deeper,denser,diamete,diameter,due,eaf,edicel,eed,eglandular,elliptic,evenly,exserted,filament,flower,giving,gland,glandular,grayish,gree,growt,hair-like,hal,halfway,internode,interspersed,irregularly,lamina,lanceolate,larger,lateral,less,like,lobe,lon,longer,lower,minutely,multicellular,narrowly,near,nflorescence,node,occasionally,often,outgrowth,ovary,pair,pale,paler,peduncle,petiolule,primary,pubescence,reflexed,robust,rotate-stellate,ruit,secondary,sessile,silky,similar,slightly,small,smaller,spread,spreadin,staminal,stem,sterile,stigma,straight,stripe,style,surface,tall,tem,terminal,tertiary,testa,tiny,trailing,tube,ud,unicellular,usually,vein,wall,white,winged,woody,yellow,ympodial,young	appressed,branching,colour,form,growth,hair,heteromorphism,history,inflated,insertion,leaf,life,mature,na,odour,orientation,paired,placement,position,prickle,seed,shape,staman,stone,structure,symmetry,sympodial,texture,type	0-4,0.6-0.8,1-3,1.2-1.6,2-foliate,2.2-3.2,base,basiscopically,berry,branched,cm,crenate,decurrent,deeply,densely,distal,entire,extremely,globose,green,half,herb,imparipinnate,interrupted,investing,long,loosely,mm,oblique,obovate,papillate,perennial,present,pubescent,simple,slender,soft,sometimes,somewhat,sparsely,spreading,thick,trichome,truncate,uniseriate,velvety,weak,wide	appressed,na
106	wfo-0001027035	success	199	113	71	95	104	18	70	1	0-36,0.1-0.9,0.3-2.3,0.4-12.8,0.5-7,0.8-4.2,0.9-3.1,1-2,1-3,1-3.4,1-8,1.7-8,1.8-5.2,10-80,2-38,2-7,2.8-10.3,3-10,4-18,4-18.5,4.9-23.5,anther,blade,blue,brownish,cell,clavate,cm,completely,condition,corolla,covering,deep,diameter,drying,elliptic,filament,flower,forked,fresh,fruit,glabrescent,glabrous,globose,green,greenish,hair,hair-like,herb,homostylous,interjected,lanceolate,lateral,leaf,leaflet,light,lilac,lobe,long,medium,mm,moniliform,odd-pinnate,ovate,ovoid,pair,pedicel,peduncle,pentagonal,petiole,plant,pore,poricidal,purple,rotate,seed,shape,short,size,stigma,straight,style,terminal,testal,thick,throughout,tip,tube,tuber,usually,wall,white,whitish,wide,x	0-7,0.5-3.4,0.5-5,0.8-3,1.5-5.9,3-5,5-merou,abaxially,acumen,acuminate,acute,adaxiall,adaxially,ag,along,alyx,apart,apex,apparently,arranged,articulated,asymmetric,attenuate,axe,axillary,base,basiscopic,bead,bud,capitat,coloration,connivent,decreasing,digestion,distal,dorsally,eaf,edge,eed,enzyme,erec,exceeding,flat,folded,geminat,generally,glabrescen,glabrou,green-white,hal,half,high,honeycomb,larger,lengthening,like,living,lower,make,mucilaginous,multiple,necklace,nflorescence,orbicular,orolla,perfect,petiolulate,plurifoliate,present,removed,ripe,rounded,ruit,second,sessile,seudostipule,shaped,side,slightly,slit,smaller,sometimes,spaced,specimen,stamen,stolon,stripe,subequal,subglabrous,subtending,tall,tamen,tem,tissue,toward,tri-,typically,unit,unwinged,variable,vary,wet,yellow,ympodial	abaxial,arrangement,branching,calyx,capitate,colour,form,glabrescence,growth,height,inflorescence,length,number,ovary,pseudostipule,staman,stem,texture	0-36,0.1-0.9,0.3-2.3,0.4-12.8,0.5-7,0.8-4.2,0.9-3.1,1-2,1-3,1-3.4,1-8,1.7-8,1.8-5.2,10-80,2-38,2-7,2.8-10.3,3-10,4-18,4-18.5,4.9-23.5,blue,brownish,cell,clavate,cm,completely,condition,covering,deep,drying,elliptic,forked,fresh,glabrescent,glabrous,globose,green,greenish,hair,hair-like,herb,homostylous,lanceolate,lateral,light,lilac,long,medium,mm,moniliform,odd-pinnate,ovate,ovoid,pentagonal,poricidal,purple,rotate,short,straight,testal,thick,throughout,tip,usually,wall,white,whitish,wide,x	capitate
107	wfo-0001027050	success	244	127	92	110	134	17	89	3	-12,-9,/3,0.3-1.5,0.5-3,0.9-2.1,1-1.5,1-2,1.5-6,10-13.5,15-50+,2-5,2-8,2.5-3,4-20,5-7,5-9,5-merous,8-26,abaxial,abaxially,acuminate,acute,adaxial,anther,apex,articulated,base,branched,brown,calyx,capitate,chartaceous,cm,coarsely,conical,cordate,cuneate,deeply,densely,diameter,drying,entire,erect,ferruginous,flattened-reniform,flower,fruit,fruiting,glabrous,glandular-puberulent,green,growth,hair,inflorescence,inside,juicy,lanceolate,leaf,length,lobe,lobed,long,margin,minutely,mm,moderately,moist,mucilaginous,obtuse,often,pale,pedicel,peduncle,pericarp,petiole,plant,pore,poricidal,pubescent,ripe,rounded,several,shallowly,shiny,short-stalked,shrub,small,sparsely,spherical,stellate,stellate-pubescent,stem,stigma,style,time,tip,toothed,tree,trichome,truncate,unarmed,unbranched,way,white,whitish,wide,woody,yellow,yellowish-green	.2,.5,0-0.2,0-3,0.1-0.3,0.1-3,0.2-0.5,0.2-1,0.8,1,1.5-2,12-15,2-2.5,2-3,2-4,3-5,4-8,5,5-10,5-6,50,6-8,7-30+,absen,absent,abundant,adaxiall,adult,alyx,andromonoeciou,apar,arme,axe,bark,basal,berry,blade,branch,broad,broad-based,broadly,brow,closely,connivent,curved,difoliate,directed,distal,distall,distally,eaf,eed,eglandular,elliptic,equal,erec,except,filament,flattened,free,geminat,half,heterostylous,infructescence,interpetalar,juvenile,larger,lateral,leaf-opposed,least,less,like,long-styled,longer,lower,markedly,mature,mid-way,midpoint,midrib,midvein,minute,multiseriate,narrowly,near,nflorescence,numerous,oblique,occasionally,older,orolla,oung,ovate,ovate-lanceolate,papillat,per,porrect,portion,present,prickle,pricklier,prickly,ray,rest,ruit,scar,scattered,secondary,sessile,short-styled,shorter,side,slightly,somewhat,spaced,stalk,stalked,straight,surface,tall,tamen,terete,thicker,tissue,touching,triangular,tube,unit,usually,vary,weakly,ympodial,young,younger	adaxially,armed,arming,articulation,branching,colour,corolla,form,height,number,ovary,papillate,seed,shape,size,staman,texture	-12,-9,/3,0.3-1.5,0.5-3,0.9-2.1,1-1.5,1-2,1.5-6,10-13.5,15-50+,2-5,2-8,2.5-3,4-20,5-7,5-9,5-merous,8-26,abaxially,acuminate,acute,articulated,base,branched,brown,capitate,chartaceous,cm,coarsely,conical,cordate,cuneate,deeply,densely,diameter,drying,entire,erect,ferruginous,flattened-reniform,glabrous,glandular-puberulent,green,hair,inside,juicy,lanceolate,lobe,lobed,long,minutely,mm,moderately,moist,mucilaginous,obtuse,often,pale,pericarp,poricidal,pubescent,ripe,rounded,several,shallowly,shiny,short-stalked,shrub,small,sparsely,spherical,stellate,stellate-pubescent,time,tip,toothed,tree,trichome,truncate,unarmed,unbranched,way,white,whitish,wide,woody,yellow,yellowish-green	adaxially,armed,papillate
108	wfo-0001027050	success	234	92	57	76	158	16	56	1	0.5-3,1-2,1-5,1.5-6,10-13.5,2-10,2-8,3-15,5-9,acuminate,acute,anther,apex,base,branched,broadly,brown,chartaceous,cm,coarsely,cordate,cuneate,densely,directed,distally,elliptic,entire,extra-axillary,ferruginous,flattened,forked,fruit,functional,glabrous,glandular-puberulent,globose,green,growth,hair,inflorescence,lanceolate,leaf,leaf-opposed,length,lobed,margin,minute,mm,moderately,obtuse,ovate,pale,pedicel,peduncle,petiole,plant,pore,rachi,rounded,shallowly,shrub,simple,small,sparsely,stellate,stellate-pubescent,stem,stigma,style,toothed,tree,truncate,unbranched,white,yellow,yellowish-green	.2,0-0.2,0-0.5,0-1,0-3,0.1-3,0.2-0.6,0.2-1,0.3-0.6,0.4-1,0.5-0.8,0.5-1,0.8,1-1.5,1.5-2,10-30,11-21,12-15,14-20,15-50+,16-40,2-2.5,2-3,2-3-locular,2-4,2-5,2-6,2-foliate,2.5-3,23-40+,3-5,4-19,4-40,4-8,5,5-10,5-6,5-7,5-merous,6-8,7-30+,8-26,8-40+,abaxially,absen,absent,abundant,accrescent,across,adaxiall,adaxially,adult,andromonoecious,anvil-shape,apart,armed,articulated,axe,ba,blade,branche,broad-based,calyx,capitat,connivent,contiguous,cross-section,curved,cylindrical,deeply,diameter,distall,distributed,drying,eaf,eed,eglandular,erect,except,exocarp,filament,flower,fruiting,geminat,half,held,interpetalar,juicy,juvenile,lateral,less,like,lobe,long,longer,lower,markedly,mature,mesocarp,midpoint,midvein,minutely,moist,mucilaginous,multiseriate,narrowly,nearly,nflorescence,oblique,often,orolla,ovate-lanceolate,pair,per,pinnatifid,pitted,placenta,porrect,present,prickle,ray,ruit,scattered,sessile,shorter,side,slightly,somewhat,spaced,stalk,stalked,stellae,straight,surface,tal,tamen,tem,thick,thicker,throughout,time,tip,tissue,triangular,tube,unarme,unarmed,unit,upper,upright,usually,vary,weakly,whitish,wide,x,ympodial,younger	abaxial,adaxial,branching,capitate,colour,connective,corolla,form,height,ovary,position,seed,shape,staman,texture,type	0.5-3,1-2,1-5,1.5-6,10-13.5,2-10,2-8,3-15,5-9,acuminate,acute,branched,broadly,brown,chartaceous,cm,coarsely,cordate,cuneate,densely,directed,distally,elliptic,entire,extra-axillary,ferruginous,flattened,forked,glabrous,glandular-puberulent,globose,green,lanceolate,leaf-opposed,lobed,minute,mm,moderately,obtuse,ovate,pale,rounded,shallowly,shrub,simple,small,sparsely,stellate,stellate-pubescent,toothed,tree,truncate,unbranched,white,yellow,yellowish-green	capitate
109	wfo-0001027091	success	142	67	38	43	99	24	36	2	1-1.6,1.1-1.6,2.3-2.9,5-11,8.5-11.5,9-13,anther,arcuate,armed,berry,blue,bristly,broadly,calyx,campanulate,capitate-glandular,cm,glabrous,hair,herb,internodal,lenticular,linear-lanceolate,low,mm,oriented,ovate,pedicel,petiole,pinnatisect,prickly,radially,reticulately,ridge,spherical,stellate-pentagonal,stem,surface,tapering,tube,undulate,violet,wrinkled	.3,0.7,0.8,1.8-2.6,1/2-2/3,2.5-3.5,3-8,3-9,30-60,4-10,6-10,6-10-flowere,accrescent,across,acute-tipped,along,alyx,annual,anthesi,base,beneath,blade,branched,brown,cauline,dark,deltoid,densely,developing,dia,difoliate,divided,dm,dry,eaf,eed,enveloped,extended,few-rayed,fully,geminat,gland,glandular,green,high,invested,lobe,lon,long,longer,main,maturity,mostly,narrowly,near,nflorescence,obtuse,occasionally,orolla,per,pinnatifid,rounded,ruit,scattered,sessile,short,short-stipitate,simple,slende,sometimes,somewhat,sparsely,splitting,spreadingly,ste,stellae,strait,suffused,tamen,taprooted,terete,terminally,tightly,tigma,tub,twice,tyle,unexpande,uniseriate,unit,usually,variously,vary,vein,vestiture,wholly,yello,ympodial,younger	colour,corolla,diameter,form,fruit,growth,heteromorphism,inflorescence,leaf,length,margin,ovary,placement,position,present,prickle,seed,shape,staman,stigma,style,texture,type,unexpanded	1-1.6,1.1-1.6,2.3-2.9,5-11,8.5-11.5,9-13,arcuate,armed,berry,blue,bristly,broadly,campanulate,capitate-glandular,cm,glabrous,herb,internodal,lenticular,linear-lanceolate,low,mm,oriented,ovate,pinnatisect,prickly,radially,reticulately,ridge,spherical,stellate-pentagonal,stem,tapering,undulate,violet,wrinkled	present,unexpanded
110	wfo-0001027102	success	167	116	81	97	70	19	79	2	.5,0.2-2,0.5-1,0.5-2,0.5-3,1-1.5,1-2.5,1-4,1.5-2,10-20,15,15-35,2-3,3,3-12,3-4,4-5,4-7,<,accrescent,acuman,acuminate,acute,adaxial,adaxially,almost,anther,apex,articulated,base,broad,broadly,calyx,chartaceous,ciliate,cm,connivent,cuneate,curved,cylindrical,deltate,densely,diameter,directed,distally,elliptic,entire,few-,filament,flattened,flower,forked,fruit,fruiting,glabrous,globose,hair,lanceolate,leaf,leaf-opposed,long-tapered,margin,mm,moderately,narrowly,oblong,obtuse,orange,pedicel,peduncle,per,petiole,pore,pubescent,rachi,rarely,ripe,rugulose,shrub,simple,size,slender,small,somewhat,stellate,stem,stigma,straight,style,surface,tip,tomentose,truncate,unbranched,white,x,yellow-brown	.5-6,0.5,1-2,1-3,1-6,2-2.5,3-5,5-12,abaxially,absen,absent,adaxiall,ag,aggregate,alyx,apart,appearance,axe,ba,blade,cell,channe,congested,corky,differing,difoliate,dimorphic,eaf,eed,free,geminat,giving,ilament,lobe,long,longitudinal,m.,major,minor,multiseriate,nflorescence,often,one,opening,orolla,ovate,perfect,portion,roughened,ruit,short,slit,spaced,sparsely,stone,subcoriaceous,tal,tem,time,triangular,truncat,tube,unarme,unit,usually,vary,wide,yellow,ympodial,young	articulation,branching,channel,colour,corolla,form,growth,height,inflorescence,length,number,ovary,plant,position,prickle,seed,shape,type,unarmed	.5,0.2-2,0.5-1,0.5-2,0.5-3,1-1.5,1-2.5,1-4,1.5-2,10-20,15,15-35,2-3,3,3-12,3-4,4-5,4-7,<,accrescent,acuman,acuminate,acute,adaxial,adaxially,almost,apex,articulated,base,broad,broadly,chartaceous,ciliate,cm,connivent,cuneate,curved,cylindrical,deltate,densely,directed,distally,elliptic,entire,few-,flattened,flower,forked,fruit,glabrous,globose,hair,lanceolate,leaf-opposed,long-tapered,mm,moderately,narrowly,oblong,obtuse,orange,pubescent,rarely,ripe,rugulose,shrub,simple,slender,small,somewhat,stellate,straight,tip,tomentose,truncate,unbranched,white,x,yellow-brown	channel,unarmed
111	wfo-0001027104	success	141	93	57	66	75	27	54	3	0.15-0.35,0.5-0.8,1-3,1-4,1.2-6,1.5-2.3,1.5-4.2,10-15,2-3,2-6,3-5.5,4-15,5-15,6-7.5,acuminate,acute,apex,apically,attenuate,base,branched,cm,connate,cordate,corolla,cyme,dehiscent,diameter,dichasial,dichasially,distal,filament,finely,flower,globose,green,half,herbaceous,linear,mm,monochasial,mucilaginous,narrowly,odd-pinnate,ovate,ovoid,pedicel,peduncle,perennial,perfect,petiole,plant,poricidally,proximal,pubescent,seed,stellate,style,throughout,tone,truncate,tuber-bearing,unit,white,yellow-green,Â¼	1-1.5,2.2-5,3-6-foliat,abaxially,acumen,adaxially,apical,articulate,calyx,cell,condition,covering,digestion,dorsally,eaf,ebracteate,edge,eed,emoval,enzyme,epiphyti,epiphytic-like,exceeding,flat,folded,forked,generally,globo,green-white,growing,hair-like,honeycomb,introrse,lateral,living,lobe,lon,long,lower,make,maturing,mos,mucronate,nflorescence,nther,often,orolla,ovat,pattern,plan,rarely,reveal,ruit,seudostipule,short,simple,slit,specimen,stamen,stigma,straight,tall,tem,terrestrial,testal,thick,throughou,typically,vary,viole,wall,wide,without,yellow,ympodial	3-6-foliate,anther,arrangement,articulation,branching,colour,form,fruit,growth,height,inflorescence,leaf,length,number,ovary,pore,position,pseudostipule,shape,stem,structure,sympodial,texture,type,violet,wet,width	0.15-0.35,0.5-0.8,1-3,1-4,1.2-6,1.5-2.3,1.5-4.2,10-15,2-3,2-6,3-5.5,4-15,5-15,6-7.5,acuminate,acute,apically,attenuate,branched,cm,connate,cordate,cyme,dehiscent,dichasial,dichasially,distal,finely,globose,green,half,herbaceous,linear,mm,monochasial,mucilaginous,narrowly,odd-pinnate,ovate,ovoid,perennial,perfect,plant,poricidally,proximal,pubescent,stellate,throughout,tone,truncate,tuber-bearing,white,yellow-green,Â¼	3-6-foliate,violet,wet
112	wfo-0001027114	success	152	84	51	68	84	16	49	2	-17,.5,1-1.1-2,1-1.2,1-1.5,1.5-1.7,1.5-2,1/2,13-21-30,2-2.5,2-3,3-4,3-7,6-8,6-9,7-9,abaxial,acute,anther,apex,base,branched,calyx,cm,conical,corolla,dark,dendritic,dia,elliptic,filament,flattened-reniform,fruiting,glabrous,globose,inflorescence,lateral,leaf,long,main,many,margin,minute,minutely,mm,occasionally,ovary,pair,pedicel,petiole,pitted,pore,poricidal,reddish-brown,shrub,size,soft,style,surface,thickened,time,tip,trichome,tube,vein,way,white,wide	0.5-1,1-2,20-40,5,7-10,abaxially,adaxially,along,alternating,anthesi,apar,appearing,axillary,ba,bark,berry,bushy,capitate,closely,commonly,deltate,densely,differing,difoliate,drying,due,eaf,edicel,eed,erect,exserted,flowered,free,geminate,glabrou,green,growt,halfway,inflorescenc,investing,lamina,like,lobe,lobed,lon,lower,major,minor,nflorescence,older,opening,opposite,papillo,planar,plurifoliate,portion,projection,pubescent,rapid,reddish,rest,ruit,scar,scattered,several,shoot,shoot-terminal,simple,slit,spaced,stem,stigma,tall,tapering,triangular,tub,ud,unevenly,uniseriate,unit,woody,yellowish,ympodial,young	branching,colour,diameter,form,fruit,growth,height,length,lobing,plant,pubescence,seed,shape,texture,venation,width	-17,.5,1-1.1-2,1-1.2,1-1.5,1.5-2,1/2,13-21-30,2-2.5,2-3,3-4,3-7,6-8,6-9,7-9,acute,base,branched,cm,conical,dark,dendritic,elliptic,flattened-reniform,glabrous,globose,lateral,long,main,many,margin,minute,minutely,mm,occasionally,pair,pitted,poricidal,reddish-brown,shrub,soft,thickened,time,tip,trichome,vein,way,white,wide	.5-1.7,di
113	wfo-0001027117	success	229	72	44	51	178	21	42	2	0-25,1-2,3-15,4.5-6.5,accrescent,almost,anther,berry,black,branched,brown,calyx,chartaceous,cm,dark,enclosing,evenly,flattened-reniform,flower,fruit,fruiting,glabrous,green,herb,lateral,leaf,length,lobed,long,lower,mature,mauve,mm,moderately,narrow-lanceolate,oblong,ovate,per,petiole,poricidal,prickle,shiny,spherical,staman,stellate-pubescent,stem,surface,tapering,unequal,yellow,yellow-green	-11,-12,-2.8,.5,/3,0-10,0-15,0-20,0-40,0-5,0.1,0.1-0.2-0.45,0.1-0.7,0.15-0.25,0.15-0.35,0.2,0.5,0.5-1.5,0.6-0.9,0.7-0.9-1.5,0.7-1.3,0.7-1.5,0.8-1.5-6.5,1-4,1-6,1.2,1.5-2.3,1.5-5-14,1.7-2.5,1.8-2.5,1/,1/3,1/4-3/4,1/8-1/2,10-20,2-3,2-6,2-8,2.3-2.8,25-100,3-10,3-6,4-6.5,4-7,4-8,4.5-8,5-11,5-merous,6-10,6-9,7-8,abaxially,acicular,acute,alyx,ame,apar,apart,apex,apically,apparently,articulated,attenuate,bark,base,beyond,blade,brittle,c.,cell,concolorous,connivent,cordate,curved,deltate,densely,diameter,discolorous,distance,drying,eaf,eed,elongating,erect,extending,fifth,filament,fine,four,free,gently,glabrescent,gra,herbarium,infructescence,irregularly,less,lobe,lon,long-acuminat,longer,margin,maturity,membranous,midpoint,midvein,narrow-deltate,narrow-elliptic,nflorescence,obovate,older,one,open,orolla,oung,outline,pair,pale,pedicel,peduncle,pendulous,perfec,pericarp,perpendicular,pit,plurifoliat,porrect,portion,prickl,prickly,primary,raised,ray,red-brown,reduced,reflexed,rounded,ruit,scar,sessile,shallowly,shorter,side,small,smooth,sometimes,spaced,sparsely,specimen,spreading,stalk,stalked,stellate,straight,style,tamen,tearing,terete,tertiary,time,tip,tissue,translucent,trichome,tube,unit,upper,variously,vary,vein,venation,visible,way,weakly,wide,woody,ympodial,young	arrangement,branching,colour,corolla,form,growth,hair,heteromorphism,inflorescence,needle-like,number,orientation,placement,pore,position,seed,shape,symmetry,texture,type,zygomorphy	0-25,1-2,3-15,4.5-6.5,accrescent,almost,berry,black,branched,brown,chartaceous,cm,dark,enclosing,evenly,flattened-reniform,glabrous,green,herb,lateral,leaf,lobed,long,lower,mature,mauve,mm,moderately,narrow-lanceolate,oblong,ovate,per,poricidal,shiny,spherical,stellate-pubescent,stem,surface,tapering,unequal,yellow,yellow-green	needle-like,zygomorphy
114	wfo-0001027123	success	180	135	93	115	65	20	91	2	-10,.3,.5,0.5,0.8-1.3,1,1-1.2,1-1.5,1.5-2,2-2.2,2-2.5,2-2.6,2-3,2-5.5,2-lobed,2.5-4,2.5-6,3-15-20,4-6,5-6,acute,adaxial,anther,apex,attenuate,bark,base,branched,bright,broadly,brown,calyx,cell,clavate,cm,commonly,conical,constricted,coriaceous,corolla,cup-shaped,dark,deltate,dendritic,densely,diameter,elliptic,enlarged,erect,exerted,filament,flattened,flower,free,fruiting,glabrous,globose,green,inflorescence,leaf,less,lobe,lobed,long,loose,loosely,lower,margin,mauve-purple,minute,minutely,mm,narrowly,nodding,outline,ovary,papillae,papillate,pedicel,peduncle,petiole,pitted,portion,pubescent,reddish,reniform,revolute,scar,scattered,shining,simple,sinuate,soon,sparsely,stellate,stem,stigma,straight,strongly,style,subshrub,surface,testal,thick,time,trichome,tube,upper,violet,warty,way,white,x,young,Â¾	0.3-1.6cm,0.5-0.8,0.7-3.5,0.9-1.3,2.5-10.4,3-4,4-5,5-10,abaxial,adaxially,along,anthesi,appearing,axe,axi,campanulate,completely,darker,denser,drying,eaf,edge,eed,fide,glandular,inserted,lamina,lax,lewi,like,lon,midvein,monopodia,nflorescence,older,pair,perfect,perhaps,petal,planar,plurifoliate,primary,prominent,scatted,shin,shinin,shiny,short,sleeve,slightly,sometimes,spaced,stoutish,terminal,tip,trailing,tub,turned,ud,unit,usually,vein,widely,wood,ympodial	0.3-1.6,arrangement,branching,bud,colour,erectnes,form,glabrousnes,growth,height,length,number,plant,seed,shape,straightnes,texture,thicknes,type,woody	-10,.3,.5,0.5,0.8-1.3,1,1-1.2,1-1.5,1.5-2,2-2.2,2-2.5,2-2.6,2-3,2-5.5,2-lobed,2.5-4,2.5-6,3-15-20,4-6,5-6,acute,adaxial,apex,attenuate,base,branched,bright,broadly,brown,calyx,clavate,cm,commonly,conical,constricted,coriaceous,cup-shaped,dark,deltate,dendritic,densely,diameter,elliptic,enlarged,erect,exerted,flattened,glabrous,globose,green,less,lobe,lobed,long,loose,loosely,mauve-purple,minute,minutely,mm,narrowly,nodding,outline,papillate,pitted,pubescent,reddish,reniform,revolute,scattered,shining,simple,sinuate,soon,sparsely,stellate,straight,strongly,subshrub,surface,thick,time,trichome,tube,violet,warty,way,white,x,young,Â¾	0.3-1.6,woody
115	wfo-0001027146	success	213	134	92	115	98	19	90	2	0-11,0.3-2.2,0.7-2.4,0.8,0.8-5.8,1-10,1-2,1-2.5,1-9.5,10,13-36,2-12.2,2-13,2-4.2,2-5,3.3-6.1,3.5-22,4-11,4-12.5,4-38,4-8,6-10,6-17.5,6.5-52,abaxially,adaxially,anther,apart,berry,blade,brownish,cell,chartaceous,clavate,cm,coarsely,condition,conical,corolla,dark,deep,diameter,digestion,drying,elliptic,enzyme,filament,finely,flower,forked,fresh,fruit,glabrous,green,greenish,hair,herb,homostylous,honeycomb-shaped,interjected,lanceolate,lateral,leaf,leaflet,lengthening,like,lobe,long,medium,membranous,minute,mm,moniliform,mottled,odd-pinnate,ovate,ovoid,pair,pedicel,peduncle,pentagonal,petiole,plant,pore,poricidal,puberulent,pubescent,purple,removed,ripe,rotate,seed,simple,size,slit,stem,stigma,straight,style,subglabrous,terminal,testal,throughout,tinged,tip,tube,tuber,unwinged,violet,wall,white,whitish,wide,wing,x	0.5-3.2,0.6-3.3,0.8-3.1,1.9-10,5-merou,6,acumen,acuminate,ag,along,alyx,apex,apparently,arranged,articulated,asymmetrical,attenuate,axe,axillary,base,basiscopic,bead,bud,capitat,ciliate,commonly,connivent,covering,darker,decreasing,distal,dorsally,eaf,edge,eed,erec,especially,exceeding,flat,folded,fourt,fourth,geminat,generally,glabrou,gradually,green-white,hair-like,half,living,lower,make,margin,midrib,minutely,mucilaginous,multiple,necklace,nflorescence,orbicular,orolla,perfect,petiolule,plurifoliate,proximal,rarely,ray,ruit,secondary,semierect,sessile,seudostipule,side,sometimes,spaced,specimen,stamen,ste,stolon,subequal,subglabrou,subsessile,subtending,symmetrical,tall,tamen,tem,thick,tissue,toward,tri-,typically,unit,usually,vary,wet,yellow,ympodial	age,arrangement,branching,calyx,capitate,colour,form,glabrousnes,growth,height,inflorescence,length,ovary,pseudostipule,shape,spacing,staman,texture,width	0-11,0.3-2.2,0.7-2.4,0.8,0.8-5.8,1-10,1-2,1-2.5,1-9.5,10,13-36,2-12.2,2-13,2-4.2,2-5,3.3-6.1,3.5-22,4-11,4-12.5,4-38,4-8,6-10,6-17.5,6.5-52,abaxially,adaxially,apart,berry,brownish,chartaceous,clavate,cm,coarsely,condition,conical,dark,deep,digestion,drying,elliptic,enzyme,finely,forked,fresh,glabrous,green,greenish,hair,herb,homostylous,honeycomb-shaped,lanceolate,lateral,lengthening,like,long,medium,membranous,minute,mm,moniliform,mottled,odd-pinnate,ovate,ovoid,pentagonal,pore,poricidal,puberulent,pubescent,purple,removed,ripe,rotate,simple,slit,stem,straight,subglabrous,throughout,tinged,tip,unwinged,violet,wall,white,whitish,wide,wing,x	age,capitate
116	wfo-0001027157	success	207	134	96	112	95	22	92	4	0-3,0.15-0.3,1,1-10,1-2,1-3,1-6,1.5-6.5,10-30,2-15,2-2.5,2-3,2-5,2.3-4,2.5-3,3-12,3-7,3.3-7.8,3.8-8.3,4-5,6.5-14.5,9-12,abaxially,absent,adaxially,anther,apart,blade,broadly,brownish,cell,chartaceous,clavate,cm,condition,conical,corolla,covering,deeply,densely,diameter,distal,drying,elliptic,end,filament,flower,forked,fresh,fruit,generally,glabrous,green,green-white,greenish,hair,hair-like,half,herb,homostylous,interjected,lanceolate,lateral,leaf,leaflet,lengthening,like,lobe,long,make,membranous,mm,mucilaginous,odd-pinnate,one,ovate,ovoid,pair,pedicel,peduncle,placed,plant,pore,poricidal,puberulent,pubescent,ripe,seed,size,slit,sometimes,stellate,stem,stigma,straight,style,terminal,testal,thick,throughout,tinged,tip,tube,tuber,typically,usually,violet,wall,wet,white,whitish,x	0.7-2,0.9-2.8,1-3.8,2,5-merou,acumen,acuminate,acute,ag,along,alyx,among,apex,apparently,articulated,attenuate,axe,axillary,base,berry,bud,capitat,ciliate,connivent,cordate,cuneate,decreasing,decurrent,digestion,dorsally,eaf,edge,eed,enzyme,erec,especially,exceeding,flat,folded,geminat,glabrou,grassland,greatly,honeycomb-shaped,living,low-growing,lower,margin,markedly,middl,midrib,minutely,narrowly,nflorescence,oblique,obtuse,orbicular,orolla,perfect,petiole,petiolulate,petiolule,plurifoliate,rarely,removed,rounded,ruit,semi-rosette,sessile,seudostipule,shady,short,situation,slightly,spaced,specimen,stamen,ste,stolo,subsessile,subtending,sunny,tall,tamen,tem,toward,tri-,unequal,unit,unwinged,vary,wide,woodland,yellow,ympodial	5-merous,age,arrangement,branching,calyx,capitate,colour,form,growth,height,inflorescence,length,ovary,placement,pseudostipule,shape,spacing,staman,stolon,texture,type,width	0-3,0.15-0.3,1,1-10,1-2,1-3,1-6,1.5-6.5,10-30,2-15,2-2.5,2-3,2-5,2.3-4,2.5-3,3-12,3-7,3.3-7.8,3.8-8.3,4-5,6.5-14.5,9-12,abaxially,absent,adaxially,apart,broadly,brownish,cell,chartaceous,clavate,cm,condition,conical,covering,deeply,densely,distal,drying,elliptic,end,forked,fresh,generally,glabrous,green,green-white,greenish,hair,hair-like,half,herb,homostylous,lanceolate,lateral,lengthening,like,long,make,membranous,mm,mucilaginous,odd-pinnate,one,ovate,ovoid,placed,plant,pore,poricidal,puberulent,pubescent,ripe,seed,slit,sometimes,stellate,stem,straight,testal,thick,throughout,tinged,tip,typically,usually,violet,wall,wet,white,whitish,x	5-merous,age,capitate,stolon
117	wfo-0001027184	success	218	114	78	93	125	21	73	5	.3,.5,.7,.8,0-0.2,0.2-0.4,0.4-2,0.8,0â3,1.5-5,13â18,19,1â4,2,2â4-celled,3.5â8,3â4-celled,4,4â12,5,5-7,acute,adventitious,anther,apart,apex,articulated,base,blue,broad,brown,calyx,chartaceous,cm,connivent,cylindrical,diameter,directed,filament,flattened,fleshy,flower,fruit,glabrous,globose,hair,half,imparipinnate,introrsely,lanceolate,leaf,leaflet,least,light,lobe,long,lower,margin,membranous,mm,oblong,opposite,orange,pedicel,peduncle,per,petiole,pilose,pore,pseudostipule,pubescent,rachi,red,revolute,ripe,root,shape,simple,size,slightly,sparsely,stellate,stem,stigma,straight,style,subopposite,tube,unbranched,vine,weak,white,x	0-0.5-2,0.4â0.9,0.8â1.6,1-2,1.5,1.8â3.5,1â2,1â2.5,2.8â4.1,3-4-,3-foliolate,3â,7,9,abaxially,absent,accrescent,adaxiall,adaxially,ag,along,always,alyx,appressed,axe,axi,axillary,ba,basal,blade,borne,bract-like,branch,broadly,cell,clavat,cluster,cordat,covered,densely,eaf,eed,elliptic,entire,epidermal,especially,extension,fasciculate,foliaceous,free,fruiting,geminat,generally,glabrescent,glabrou,grading,hairlike,herbaceous,ilament,larger,largest,lateral,leafy,less,like,longitudinal,m.,meter,midrib,minutely,mostly,much,narrowly,nearly,nflorescence,node,obtuse,often,older,opening,orolla,ovate,ower,petiolule,plurifoliate,portion,prominent,prominently,puberulent,raised,rarely,reticulate,ruit,scarcely,secondary,several,shoot,short,slit,small,soft-woody,somewhat,spaced,sulcate,surface,terminal,tertiary,tightly,tip,tree,truncate,trunk,unarme,unequal,uniform,unit,usually,vary,vein,visible,wall,yellow,ympodial,young,â9	0.5-2,3â9,arrangement,articulation,branching,clavate,colour,cordate,corolla,form,growth,inflorescence,length,number,ovary,present,seed,spacing,sulcation,texture,type	.3,.5,.7,.8,0-0.2,0.2-0.4,0.4-2,0.8,0â3,1.5-5,13â18,19,1â4,2,2â4-celled,3.5â8,3â4-celled,4,4â12,5,5-7,acute,adventitious,apart,apex,articulated,base,blue,broad,brown,chartaceous,cm,connivent,cylindrical,diameter,directed,flattened,fleshy,flower,fruit,glabrous,globose,hair,half,imparipinnate,introrsely,lanceolate,least,light,long,lower,membranous,mm,oblong,opposite,orange,per,pilose,pubescent,red,revolute,ripe,simple,slightly,sparsely,stellate,straight,subopposite,unbranched,vine,weak,white,x	0.5-2,3â9,clavate,cordate,present
118	wfo-0001027186	success	168	130	98	116	52	14	97	1	-6,.4,.5,0.5-1,1-2.5,1.4-1.6,1.5-2,2-6,2-lobed,2.5-3,3-4,3.5-4,30-40,4-9,6-7,abaxial,acute,age,anther,anthesi,apart,apex,attenuate,bark,base,berry,branched,brown,calyx,clavate,cm,conical,corolla,dark,deflexed,dendritic,densely,diameter,dry,ellipsoid,elliptic,enlarging,entire,exerted,filament,filiform,flower,fruit,fruiting,glabrescent,glabrous,globose,golden,green,growth,irregularly,lengthening,less,lobe,lobed,longer,loose,margin,maturity,minutely,mm,much,narrowly,new,ovary,ovoid,pale,papillate,pedicel,peduncle,pendent,pericarp,petiole,pitted,plane,pointed,pore,poridical,pubescent,rachi,reddish,reniform,rough,scar,seed,shiny,simple,slightly,slit,soon,spaced,sparsely,stem,stigma,straight,strongly,style,surface,terminal,time,tip,tree,trichome,tube,uniseriate,variably,way,white,woody,x,yellow	1-1.5,1.5,1.5-2.5,1.6-5,15,4-15,5-10,9-10,?,abaxially,adaxially,always,apparently,axil,branch,broadly,dbh,deltate,denditic,denser,eaf,free,immature,incrassat,keeled,lamina,like,lower,m.,midrib,nflorescence,occasionally,pair,papillat,perfect,planar,plurifoliat,portion,primary,pubescen,ruit,scattered,short,small,spreading,stalk,treelet,tub,ud,unit,vein,ympodial	adaxial,branching,bud,colour,form,incrassate,inflorescence,leaf,length,position,pubescence,shape,texture,type	-6,.4,.5,0.5-1,1-2.5,1.4-1.6,1.5-2,2-6,2-lobed,2.5-3,3-4,3.5-4,30-40,4-9,6-7,acute,age,anthesi,apart,apex,attenuate,base,berry,branched,brown,calyx,clavate,cm,conical,dark,deflexed,dendritic,densely,diameter,dry,ellipsoid,elliptic,enlarging,entire,exerted,filiform,fruit,glabrescent,glabrous,globose,golden,green,growth,irregularly,lengthening,less,lobed,longer,loose,margin,maturity,minutely,mm,much,narrowly,new,ovoid,pale,papillate,pendent,pitted,plane,pointed,pore,poridical,pubescent,rachi,reddish,reniform,rough,shiny,simple,slightly,slit,soon,spaced,sparsely,straight,strongly,terminal,time,tip,tree,trichome,tube,uniseriate,variably,way,white,woody,x,yellow	incrassate
119	wfo-0001027198	success	191	126	77	103	88	23	73	4	.4,.5,0.5-0.75,0.8-1,1-1.5,1-10,1.5-10,1.5-2,10-11,11-20,2-5.5,3/4,4-9,5-6,7.5-9,acuminate,acute,anther,anthesi,apart,apex,attenuate,base,calyx,channeled,clavate,cm,corolla,cyathiform,decurrent,dendritic,densely,dia,difoliate,elliptic,erect,female,filament,flower,fruiting,furcate,glabrate,glabrous,globose,golden,inflorescence,lateral,leaf,lobe,lobed,major,male,many,margin,middle,minor,minute,minutely,mm,obovate,often,older,opposite,ovary,ovoid-reniform,paler,papillose,pedicel,petiole,pitted,planar,plant,pore,puberulent,pubescent,reflexed,scar,set,shaped,shining,shrub,simple,size,slightly,speciman,stem,stigma,style,surface,tear-drop,time,tip,trichome,tube,two,type,uniseriate,unit,vein,way,widest,x,young	0.05-1.0,0.5-1,0.7-1,1-5,5-120-flowered,abruptly,always,axil,ba,beginning,beneath,berry,broadening,bushy,caly,closely,complex,constriction,corky,corresponding,deltoid,differing,dry,eaf,edge,edicel,eed,entire,evenly,exserted,extremely,eye,found,free,geminat,green,impressed,inflorescenc,invisible,large,like,live,lon,long,lower,main,medium,meet,naked,nearly,nflorescence,overlapping,ovoid,pale,papillo,pendan,poricidal,portion,pubescence,rather,reddi,rest,rounded,ruit,sessile,short,slender,small,soon,spaced,specimen,straight,strong,styled,tall,tannish-yellow,testae,thickened,thin,top,tree,ud,undersurface,usually,white,woody,yellowish,ympodial	5-120,abaxial,adaxial,branching,diameter,form,fruit,geminate,growth,hair,height,length,number,part,pendant,position,reddish,seed,shape,spacing,structure,sympodial,texture	.4,.5,0.5-0.75,0.8-1,1-1.5,1-10,1.5-10,1.5-2,10-11,11-20,2-5.5,3/4,4-9,5-6,7.5-9,acuminate,acute,anthesi,apart,attenuate,base,channeled,clavate,cm,cyathiform,decurrent,dendritic,densely,dia,difoliate,elliptic,erect,female,furcate,glabrate,glabrous,globose,golden,leaf,lobed,male,many,middle,minute,minutely,mm,obovate,often,opposite,ovoid-reniform,paler,papillose,pitted,planar,puberulent,pubescent,reflexed,set,shaped,shining,shrub,simple,slightly,speciman,style,tear-drop,time,trichome,two,type,uniseriate,way,x	5-120,geminate,pendant,reddish
120	wfo-0001027200	success	139	102	74	88	51	14	74	0	0.05-0.25,0.25-0.5,0.5-0.75,0.5-1,0.6-1,0.7-2.5,1-1.5,1.2-1.5,1.5-2,1.5-5,1.6-6,2-3,2.5-3,3-3.5,3.5-6,6-8,8-15,acute,anther,apex,bark,base,beneath,broadly,calyx,capitate,cm,conical,corolla,decurrent,deeply,deflexed,deltoid,dia,elliptic,filament,fruiting,geminate,glabrous,globose,golden,green,leaf,lobe,lobed,long,major,minor,minute,minutely,mm,nearly,node,non-reproductive,occasionally,onto,ovary,ovoid-reniform,papillose,pedicel,petiole,pitted,pore,puberulent,shaped,shrub,size,slightly,small,sparse,sparsely,stem,stigma,style,surface,tear-drop,tip,tree,trichome,tube,unicellular,uniseriate,vein,white,widened,woody,x,young	1-1.4,9-11,across,anthesi,aspec,ba,berry,branch,branche,brown,converging,dark,densely,differing,eaf,eed,except,flattened,free,giving,grey-brown,horizontally,impressed,inflorescence,lateral,lightly,like,lon,lower,main,margin,middle,near,older,papillo,planar,poricidal,portion,prominent,reflexed,rest,ruit,spreading,straight,tall,unifoliate,unit,widest,winged,yellowish,ympodial	arrangement,colour,diameter,flower,form,fruit,growth,hair,height,length,plant,seed,shape,texture	0.05-0.25,0.25-0.5,0.5-0.75,0.5-1,0.6-1,0.7-2.5,1-1.5,1.2-1.5,1.5-2,1.5-5,1.6-6,2-3,2.5-3,3-3.5,3.5-6,6-8,8-15,acute,apex,base,beneath,broadly,capitate,cm,conical,decurrent,deeply,deflexed,deltoid,dia,elliptic,geminate,glabrous,globose,golden,green,leaf,lobe,lobed,long,major,minor,minute,minutely,mm,nearly,node,non-reproductive,occasionally,onto,ovoid-reniform,papillose,petiole,pitted,puberulent,shaped,shrub,slightly,small,sparse,sparsely,stem,tear-drop,tip,tree,trichome,unicellular,uniseriate,vein,white,widened,woody,x,young	
121	wfo-0001027213	success	227	113	72	90	137	23	71	1	0-2.5-3.3,0.2-0.5,0.7-2.3-4.5,1-5,1.1-1.7,1.2-1.6,1.2-2.5,1.3-2.2,1.7-3.6,1.7-3.9,1.8-2.8,1.8-3.2,10-24,12.3-16.3-19,2-5,2.9-4.8,3.5-8,4-9.5,4.2-5.9,8-24,accrescent,acute,apart,apex,attenuate,base,branch,branched,broadly,brown,calyx,cm,corolla,cuneate,dark,deltoid,diameter,elliptic,entire,flower,fruit,fruiting,globose,granular,grayish-brown,green,hair,leaf,length,lobe,many,margin,mm,multangulate,oblanceolate,obovate,obtuse,orbicular,pale,pedicel,peduncle,petiole,plurifoliate,porrect-stellate,pubescent,rachi,reniform,reticulate-punctate,scabrous,short,short-attenuate,shrub,simple,stellate,subcampanulate,surface,thick-stalked,time,tomentose,tree,tube,unarmed,unit,whitish,whitish-green,x,yellow-green,yellow-tan,yellowish,young	/10,0-160-230,0.2-0.4,0.8-1.8,1-2,1.2-1.7,1/2-2/3,2.4-4.7,2.5-5.1,2.9-3.8,2/3,3.5-5,5-7.5,5-8,5-merou,5.7-6.2,8.2-10.5,9-13,abaxially,acuminate,adaxially,ag,along,alyx,anther,anthesi,apparently,ark,around,articulated,axe,axillary,ba,basal,blade,blunt-tipped,capitat,cell,completely,conical,covering,cylindrical,decurrent,directed,distally,drying,eaf,early,edge,eed,enveloping,epidermal,eventually,exserted,farinose,few-rayed,filament,free,glabrescen,glabrescent,glabrous,group,high,homostylous,immature,inserted,lackin,lanceolate,lateral,lengthening,lobed,long,long-,long-stalked,longitudinal,lower,m.,main,midrib,mixed,moderately,mostly,multangulat,nearly,nflorescence,obscured,often,older,orolla,ovate,ovate-lanceolate,partly,perfect,pore,poricidal,porrect-stellat,prominent,pseudo-terminal,pubescence,rather,relatively,ruit,sessile,short-,short-stalked,side,slit,sometimes,somewhat,spaced,sparsely,stamen,stem,stigma,style,suture,tamen,terete,thick,thin-stalked,ti,tip,tomentose-pubescent,tomentu,touching,ud,unarme,unwinged,vary,vein,vestigial-rayed,violet,way,white,wide,yellow,ympodial	90-160-230,abaxial,adaxial,arming,arrangement,bark,branching,bud,colour,form,growth,height,inflorescence,number,plant,seed,shape,size,spacing,structure,sympodial,texture,type	0-2.5-3.3,0.2-0.5,0.7-2.3-4.5,1-5,1.1-1.7,1.2-1.6,1.2-2.5,1.3-2.2,1.7-3.6,1.7-3.9,1.8-2.8,1.8-3.2,10-24,12.3-16.3-19,2-5,2.9-4.8,3.5-8,4-9.5,4.2-5.9,8-24,accrescent,acute,apart,attenuate,branched,broadly,brown,cm,cuneate,dark,deltoid,diameter,elliptic,entire,flower,fruit,globose,granular,grayish-brown,green,many,mm,multangulate,oblanceolate,obovate,obtuse,orbicular,pale,plurifoliate,porrect-stellate,pubescent,reniform,reticulate-punctate,scabrous,short,short-attenuate,shrub,simple,stellate,subcampanulate,thick-stalked,time,tomentose,tree,unarmed,whitish,whitish-green,x,yellow-green,yellow-tan,yellowish	90-160-230
122	wfo-0001027214	success	175	92	50	71	104	21	43	7	0.25,0.5-1,0.7-2.5,0.8-1,1-1.5,1.5,1.5-1.8,10-13,2,2-9,3-6,anther,apex,base,broadly,calyx,cell,cm,conical,corolla,deltate,densely,diameter,elliptic,epidermal,filament,flattened-round,flower,fruit,fruiting,glabrous,green,greenish,height,herb,inflorescence,irregular,leaflet,length,lobe,long-acuminate,long-conical,minutely,mm,occasionally,once-branched,ovary,pedicel,per,petiole,pinnate,pointed,poricidal,pubescent,rachi,rugose,rugosity,seed,sharply,simple,sinuous,stigma,style,tip,triangular,trichome,truncate,tube,uniseriate,white,x	..,.25,.5,0,0-16,0.3-1.5,0.3-1.7,0.5-0.8,0.7-2,1-2.8,1.2-3,1.5-6,10-15-25-38,3-4-5-9,5-6,6-12,6-12-17-20,7-12,8-9,abaxially,absent,acuminate,acute,adaxially,along,anthesi,anticlinal,apical,basal,berry,capitat,climbing,composed,conspicuously,decurrent,dr.,drying,eaf,edicel,eed,erect,exserted,extending,finely,free,globose,groove,grown,horizontal,inflorescenc,lamina,lanceolate,lateral,less,like,lobed,lon,long,lower,margin,markedly,midrib,narrowly,nearly,nflorescence,noddin,nodding,oblique,obovate,often,onto,open,opposite,pair,paired,papilla,papillate,perfectly,petiolule,portion,projection,reflexed,rest,ruit,scar,scattered,scrambling,smaller,somewhat,surface,tem,terminal,thickening,time,tub,ud,unevenly,unifoliat,unit,vein,white-lenticellate,whitish,without,ympodial	0.5,2.0,3-5,40,5,6-20,arrangement,branching,capitate,colour,form,growth,leaf,number,plant,pore,shape,size,stem,texture,type	0.25,0.5-1,0.7-2.5,0.8-1,1-1.5,1.5,1.5-1.8,10-13,2,2-9,3-6,broadly,cm,conical,deltate,densely,elliptic,flattened-round,glabrous,green,greenish,herb,irregular,long-acuminate,long-conical,minutely,mm,occasionally,once-branched,pinnate,pointed,poricidal,pubescent,rugose,sharply,simple,sinuous,tip,triangular,truncate,uniseriate,white,x	0.5,2.0,3-5,40,5,6-20,capitate
123	wfo-0001027219	success	143	122	84	104	39	18	81	3	.5,/4,0.3,0.4-0.6,0.5,0.5-0.8,1-15,1.5-2.5,2,2-2.5,2-3,2-3.5,2-4,3-5,3-6,6-8,7-8,absent,acuminate,acute,age,anther,anthesi,apex,bark,base,berry,bright,broadly,brown,capitate,closely,cm,conical,corolla,deltate,densely,diameter,edge,elliptic,entire,filament,flower,fruiting,glabrescent,glabrous,globose,green,greyish,growth,hard,known,leaf-opposed,lengthening,less,lobe,lobed,long-conical,long-styled,margin,maturity,minutely,mm,new,ovary,pair,pale,papillose-pubescent,pedicel,peduncle,pendent,pericarp,petiole,planar,pore,poricidal,primary,pubescent,purple,scar,short-styled,shrub,simple,slightly,slit,somewhat,spaced,stem,stigma,style,surface,thickened,tip,trichome,tube,uniseriate,vein,violet,way,weight,white,woody,x,â1/3	1,1-2,1-3,1.5-2,axillary,berr,c.,calyx,completely,cup-shaped,drying,eaf,eed,erect,exerte,exfoliatin,free,glabrou,heterostylous,lower,nflorescence,overlappin,papillo,plurifoliat,pointed,portion,ruit,sharply,shoot,short,sometimes,soon,stout,terminal,tuft,ud,unit,yellowish,ympodial	arrangement,branching,bud,colour,exfoliating,form,fruit,inflorescence,information,leaf,length,overlapping,papillose,position,seed,shape,size,texture	.5,/4,0.3,0.4-0.6,0.5,0.5-0.8,1-15,1.5-2.5,2,2-2.5,2-3,2-3.5,2-4,3-5,3-6,6-8,7-8,absent,acuminate,acute,age,anthesi,base,berry,bright,broadly,brown,capitate,closely,cm,conical,deltate,densely,edge,elliptic,entire,flower,glabrescent,glabrous,globose,green,greyish,hard,known,leaf-opposed,lengthening,less,lobed,long-conical,long-styled,maturity,minutely,mm,pair,pale,papillose-pubescent,pendent,planar,pore,poricidal,pubescent,purple,short-styled,shrub,simple,slightly,slit,somewhat,spaced,surface,thickened,tip,trichome,uniseriate,violet,way,weight,white,woody,x,â1/3	exfoliating,overlapping,papillose
124	wfo-0001027223	success	189	126	86	105	84	21	82	4	.5,0.19-0.75,0.3-1.2,1-2,1-3,1.5-3.5,1.8-3.5,16-41,3-10,3-11,3-5,3-5.2,3.5-4,3.5-7,3.7-9.3,4-6,5-21,5-8,5.9-12.2,9-15,9-22,abaxially,adaxially,anther,blade,brownish,cell,clavate,cm,condition,conical,corolla,covering,deep,densely,diameter,dot,drying,elliptic,end,filament,flower,forked,fresh,fruit,glabrous,green,green-white,greenish,hair,hair-like,herb,homostylous,hyaline,interjected,lanceolate,lateral,leaf,leaflet,light,like,lobe,long,make,mm,mucilaginous,odd-pinnate,one,ovate,ovoid,pair,pedicel,peduncle,pentagonal,petiole,placed,plant,pore,poricidal,pubescent,purple,ripe,rotate,seed,size,sometimes,stigma,straight,stripe,style,terminal,testal,thick,throughout,tip,tube,tuber,typically,usually,wall,wet,white,whitish,wide,x	1.3-2,2-4,2-7,3.5-6,5-10,5-merou,9-35,acumen,acuminate,adaxiall,ag,alyx,apart,apex,apparently,articulated,asymmetric,attenuate,axe,axillary,base,basiscopic,berry,bud,capitat,connivent,decreasing,digestion,distal,dorsally,eaf,edge,eed,enzyme,erec,exceeding,flat,folded,geminat,generally,glabrou,hal,half,honeycomb-shaped,larger,lengthening,living,lower,middle,nflorescence,orbicular,orolla,perfect,petiolulate,plurifoliate,present,removed,rounded,ruit,sessile,seudostipule,short,shortly,side,slightly,slit,spaced,specimen,stamen,ste,stolo,subequal,subtending,tall,tamen,tem,tissue,toward,tri-,unit,unwinged,vary,yellow,ympodial	5-merous,abaxial,adaxial,arrangement,branching,calyx,capitate,colour,form,glabrousnes,growth,height,inflorescence,length,ovary,placement,pseudostipule,shape,staman,stem,stolon	.5,0.19-0.75,0.3-1.2,1-2,1-3,1.5-3.5,1.8-3.5,16-41,3-10,3-11,3-5,3-5.2,3.5-4,3.5-7,3.7-9.3,4-6,5-21,5-8,5.9-12.2,9-15,9-22,abaxially,adaxially,brownish,cell,clavate,cm,condition,conical,covering,deep,densely,dot,drying,elliptic,end,forked,fresh,glabrous,green,green-white,greenish,hair,hair-like,herb,homostylous,hyaline,lanceolate,lateral,light,like,long,make,mm,mucilaginous,odd-pinnate,one,ovate,ovoid,pentagonal,placed,poricidal,pubescent,purple,ripe,rotate,seed,sometimes,straight,stripe,testal,thick,throughout,tip,typically,usually,wall,wet,white,whitish,wide,x	5-merous,capitate,stem,stolon
125	wfo-0001027237	success	122	99	62	77	45	22	59	3	.5,/4,1-1.2,1.5-2,1.5-2.5,2-3,3-3.5,3-4,30-100-flowered,6-11,6-8,8,anther,anthesi,bark,base,black,branched,brown,calyx,clavate,cm,completely,corolla,cucullate,cup-shaped,dark,deflexed,difoliate,drying,ellipsoid,filament,flattened,fruiting,geminate,glabrous,globose,green,greenish-white,inflorescence,internodal,later,leaf,lobed,many,margin,minutely,mm,occasionally,ovary,paler,papillose,pedicel,pitted,pore,poricidal,regularly,reniform,shaped,shining,shrub,small,stem,stigma,straight,style,tapering,tear-drop,time,tip,tree,tube,unit,way,white,x,young	0.5-1,5,apart,apiculae,apiculate,appearing,ba,berry,blac,branc,broadly,deltoid,dia,edicel,eed,erect,exsertion,free,greyi,lobe,long,lower,nflorescence,older,papillate,papillo,part,plurifoliat,portion,reflexed,regulary,ruit,scar,slender,spaced,surface,tall,terminal,ud,upper,usually,widely,woody,x.,ympodial	0.5,branching,bud,colour,diameter,flower,form,fruit,greyish,growth,height,length,number,plant,plurifoliate,position,seed,shape,size,structure,sympodial,texture	.5,/4,1-1.2,1.5-2,1.5-2.5,2-3,3-3.5,3-4,30-100-flowered,6-11,6-8,8,base,black,branched,brown,clavate,cm,completely,cucullate,cup-shaped,dark,deflexed,difoliate,drying,ellipsoid,flattened,geminate,glabrous,globose,green,greenish-white,internodal,later,lobed,many,margin,minutely,mm,occasionally,paler,papillose,pitted,poricidal,regularly,reniform,shaped,shining,shrub,small,straight,tapering,tear-drop,time,tip,tree,way,white,x	0.5,greyish,plurifoliate
126	wfo-0001027238	success	203	119	89	97	106	22	86	3	.3,0-0.7,0-1,0-1.5,0.3-0.8,0.3-5,0.5-1,0.5-16,1-1.5,1.5-3,15-30,2-4,3-4,3-6,5-15,5-7,6-15-25,acuminate,acute,anther,apex,articulated,base,berry,black,cm,connivent,cuneate,cylindrical,densely,diameter,directed,distally,elliptic,elliptic-ovate,entire,equal,extra-axillary,flattened,fleshy,flower,fruit,glabrous,globose,hair,introrsely,large,lavender,leaf,like,long,longitudinal,margin,minutely,mm,multangulate,oblique,oblong,obtuse,opening,outline,pale,pedicel,peduncle,petiole,pitted,pore,porrect-stellate,pubescent,purple,rachi,reniform,ripe,rounded,scandent,shiny,shrub,simple,slit,small,sometimes,somewhat,sprawling,stellate,stellate-pubescent,stem,stigma,straight,strongly,style,surface,tree,unbranched,white,whitish,x,yellowish	-5,.5,0.3-0.5,0.3-1,0.5-2,1-2,1.5-4,1.5-7,10,2-3,3-5,4-,4-10,4-16,4-5,4-8,5-merou,6-8,abaxially,accrescent,adaxiall,adaxially,ag,alyx,apparently,axe,ba,blade,branch,brown,calyx,capitat,chartaceous,contiguous,covering,dark,deltate,differentiated,discolorous,eaf,eed,filament,foliaceous,fork,free,frui,fruiting,geminate,glabrescent,gland,gland-tipped,green,greenish,growt,homostylous,interpetalar,juic,light,lighter,lobe,lower,major,membranaceous,midpoint,minor,mixed,narrowly,near,nearly,new,nflorescence,often,one,orolla,paired,part,perfect,pericarp,plurifoliate,ray,ruit,sessile,short-stalked,side,similar,sparse,sparsely,ste,subtending,tamen,tem,time,tip,tissue,toward,triangular,tube,unarme,unequal,unit,vary,vein,wide,without,yellow,ympodial	age,articulation,branching,capitate,colour,corolla,form,growth,heteromorphism,inflorescence,length,number,orientation,ovary,pattern,prickle,seed,shape,size,staman,type,unarmed	.3,0-0.7,0-1,0-1.5,0.3-0.8,0.3-5,0.5-1,0.5-16,1-1.5,1.5-3,15-30,2-4,3-4,3-6,5-15,5-7,6-15-25,acuminate,acute,apex,articulated,base,berry,black,cm,connivent,cuneate,cylindrical,densely,diameter,directed,distally,elliptic,elliptic-ovate,entire,equal,extra-axillary,flattened,fleshy,flower,fruit,glabrous,globose,hair,introrsely,large,lavender,like,long,longitudinal,minutely,mm,multangulate,oblique,oblong,obtuse,opening,outline,pale,pitted,porrect-stellate,pubescent,purple,reniform,ripe,rounded,scandent,shiny,shrub,simple,slit,small,sometimes,somewhat,sprawling,stellate,stellate-pubescent,stem,straight,strongly,tree,unbranched,white,whitish,x,yellowish	age,capitate,unarmed
127	wfo-0001027244	success	285	125	79	93	192	32	74	5	-2,0.2-1,0.3-0.5,0.45-0.6,0.5,0.5-0.8,1.2-1.6,1.7-3.0,abaxially,acute,anther,apex,articulation,base,berry,bifurcate,bract,bracteate,branched,broadly,brown,cage,calyx,cell,cm,cordate,corolla,crenate,curved,dark,decurrent,densely,dentate,developed,distal,elliptic,filament,fruit,fruiting,glabrous,globose,green,greenish,hair-like,half,herb,imparipinnate,inflorescence,interrupted,investing,irregularly,lateral,leaflet,length,like,lobed,long,longer,lower,margin,middle,mm,node,oblique,obovate,often,orbicular,outgrowth,patent,pedicel,perennial,petiole,present,pseudostipule,pubescent,rotate-stellate,rounded,simple,size,sparsely,stem,surface,testa,thick,trichome,truncate,uniseriate,usually,vivid,wall,white,wide,yellow	-12,.5,0-5-10,0.02-0.1-0.3,0.04-0.1-0.3,0.05,0.05-1,0.07-0.15,0.1-0.5,0.1-0.6,0.1-0.7-2,0.15-0.2,0.2,0.2-0.7-3,0.25-0.4,0.3,0.3-0.4,0.3-0.6,0.3-0.8,0.4-0.6,0.4-1,0.4-1-3.5,0.5-1,0.6-0.9-1.2,0.6-09,0.7-1,0.7-1.5,0.8-1.2,0.9-1.3,0.9-1.7,1,1-2-celled,1-2.5,1-celled,1.1-1.3,1.5-2,1.5-2.1,1.5-2.4-3.2,1.5-6.5,1/2,2-3.5-13,2-4,2-4-celled,2-9,2-foliate,2-locular,2.1-8,3-5,3/4,4-12,4-celled,5-8-16,5-9-celled,7-12,8-celled,absent,abundance,abundant,acroscopically,acuminate,adaxially,adpressed,alfway,along,also,always,amongst,angled,anthesi,apical,apparently,appearance,appendage,arequipa,around,articulated,articulatio,axi,basal,berr,c.,capitate,column,common,conical,deciduous,decumbent,deeper,deltate,dense,density,diamete,diameter,eaf,edicel,eed,eglandular,either,elliptical,erect,exserted,extremely,flower,flushed,forming,general,giving,glabrescent,gland,glandular,gree,halfway,head,hyaline,interjected,internode,lamina,lanceolate,larger,largest,leave,lobe,lobing,lon,midvein,minute,mixed,mixture,multicellular,narrowly,near,occasionally,onto,ovary,pair,papillate-pubescent,peduncle,petiolule,population,primary,purple,rachi,reflexed,rest,ripe,ruit,scattered,secondary,sessile,shaggy,short,shorter,silky,sinus,slender,small,sometimes,somewhat,sparse,sparser,spreading,staminal,sterile,stigma,stout,straight,stripe,strongly,style,tall,tem,terminal,tertiary,tiny,tip,tipped,toward,tube,two,ud,undulate,unicellular,unit,united,upper,variable,variety,vein,velvety,winged,woody,ympodial	abaxial,adaxial,alternate,appressed,arrangement,branching,colour,form,greyish,growth,hair,hirsute,history,inflated,insertion,leaf,life,marking,modification,na,orientation,placement,pore,position,prickle,seed,shape,spot,symmetry,texture,type,zygomorphy	-2,0.2-1,0.3-0.5,0.45-0.6,0.5,0.5-0.8,1.2-1.6,1.7-3.0,abaxially,acute,berry,bifurcate,bracteate,branched,broadly,brown,cage,cell,cm,cordate,crenate,curved,dark,decurrent,densely,dentate,developed,distal,elliptic,fruit,glabrous,globose,green,greenish,hair-like,half,herb,imparipinnate,interrupted,investing,irregularly,lateral,like,lobed,long,longer,middle,mm,node,oblique,obovate,often,orbicular,outgrowth,patent,perennial,present,pubescent,rotate-stellate,rounded,simple,sparsely,stem,testa,thick,trichome,truncate,uniseriate,usually,vivid,wall,white,wide,yellow	alternate,greyish,hirsute,na,zygomorphy
128	wfo-0001027248	success	158	124	86	103	55	21	85	1	.5,0.5-1,0.5-2.5,0.7-1.2,1-1.5,1-2,1-5,2-2.5,2-4.5,3-4,3-7,3.5-4,4-8,5-5.5,6.5-8,7-9,abaxial,anther,apex,appearing,arachnoid,arachnoid-pubescent,area,bark,base,beige,beneath,broadened,broadly,brown,brownish,calyx,cm,conical,corolla,dark,densely,dia,difoliate,dirty,elliptic,erect,felty,filament,fleshy,fruit,fruiting,geminate,glabrescent,glabrous,globose,green,impressed,lateral,leaf,lightly,lobed,long,main,merely,minor,minutely,mm,nearly,node,occasionally,opposite,ovary,ovoid-reniform,pair,pale,papillose,patch,pedicel,petiole,pitted,pore,pubescence,pubescent,scattered,shaped,shoot,shrub,size,small,somewhat,soon,sparsely,stem,stigma,style,surface,tear-drop,top,tree,trichome,tube,unifoliate,vein,white,wide,winged,young	0,1-3,3-7-flowered,6-13,abaxially,acute,adaxially,along,anthesi,ape,arachnoid-pubescen,berry,brownish-gra,closely,deflexed,deltate,denser,differing,eaf,edicel,eed,ellipsoid,exserted,free,grayish-green,lamina,later,lobe,lower,major,margin,nflorescence,older,overlappin,papillo,per,planar,poricidal,portion,present,ruit,scar,simple,spaced,specimen,strongly,tall,thick,tip,tub,ud,unit,wid,woody,ympodial	adaxial,arrangement,brownish-gray,colour,diameter,flower,form,growth,hair,height,inflorescence,length,number,pattern,plant,position,seed,shape,texture,width,winging	.5,0.5-1,0.5-2.5,0.7-1.2,1-1.5,1-2,1-5,2-2.5,2-4.5,3-4,3-7,3.5-4,4-8,5-5.5,6.5-8,7-9,apex,appearing,arachnoid,arachnoid-pubescent,area,base,beige,beneath,broadened,broadly,brown,brownish,cm,conical,dark,densely,dia,difoliate,dirty,elliptic,erect,felty,fleshy,geminate,glabrescent,glabrous,globose,green,impressed,lateral,leaf,lightly,lobed,long,main,merely,minutely,mm,nearly,node,occasionally,opposite,ovoid-reniform,pair,pale,papillose,patch,pitted,pubescence,pubescent,scattered,shaped,shoot,shrub,small,somewhat,soon,sparsely,style,tear-drop,top,tree,trichome,unifoliate,vein,white,wide,winged,young	brownish-gray
129	wfo-0001027258	success	178	135	93	111	67	24	89	4	.25,.5,/4,0.5-1,0.6-2,0.9-1.3,1-1.5,1-2.3,1-4,1.2-2,2-2.5,2.5-8,3-6,3.5-4,4-5,4.5-5,5-10-flowered,6-8,7-13,7-9,abruptly,acuminate,acute,age,anther,apex,attenuate,axil,bark,base,calyx,capitate,cm,corolla,darker,densely,dia,difoliate,ellipsoid,elliptic,exserted,filament,flattened-reniform,fruit,fruiting,glabrous,globose,green,greenish-yellow,incrassate,internodal,large,lateral,leaf,length,lengthening,lenticel,lobe,lobed,main,margin,middle,minor,minutely,mm,occasionally,older,onto,opposite,ovary,ovate,pair,pale,papillose,pedicel,petiole,pitted,pore,poricidal,pubescent,red-papillose,reddish,scattered,shrub,simple,size,slender,slightly,slit,sparsely,stem,stigma,strongly,style,surface,swollen,tip,treelet,trichome,tube,tuft,uniseriate,unit,vein,way,white,widening,widest,winged,x,young	0.25-0.5,1.5-1.6,3-4,abaxially,adaxially,along,anthesi,apar,apical,apiculae,ba,beneath,berry,broadly,crystal,decurrent,deflexed,deltate,dense,deposit,differing,dissecting,drying,eaf,edicel,eed,enlarge,entire,evenly,extending,fide,fragrant,free,geminat,glabrou,lamina,long,lower,major,microscope,minute,nee,nflorescence,often,papillo,planar,portion,projection,prominent,ruit,sand,scar,small,spaced,speck,straight,sweetly,tall,tiny,tub,ud,urceolate,visible,woody,yellowish,yellowish-tan,ympodial	abaxial,adaxial,bud,colour,diameter,enlarged,flower,form,geminate,growth,hair,height,inflorescence,number,part,placement,plant,position,seed,shape,structure,sympodial,texture,type	.25,.5,/4,0.5-1,0.6-2,0.9-1.3,1-1.5,1-2.3,1-4,2-2.5,2.5-8,3-6,3.5-4,4-5,4.5-5,5-10-flowered,6-8,7-13,7-9,abruptly,acuminate,acute,age,attenuate,axil,base,calyx,capitate,cm,darker,densely,difoliate,ellipsoid,elliptic,exserted,flattened-reniform,glabrous,globose,green,greenish-yellow,incrassate,internodal,large,lateral,leaf,lengthening,lenticel,lobe,lobed,main,margin,middle,minutely,mm,occasionally,onto,opposite,ovate,pair,pale,papillose,petiole,pitted,pore,poricidal,pubescent,red-papillose,reddish,scattered,shrub,simple,slender,slightly,slit,sparsely,strongly,swollen,tip,treelet,trichome,tube,tuft,uniseriate,vein,way,white,widening,winged,x	.2-2,di,enlarged,geminate
130	wfo-0001027260	success	170	132	99	108	62	24	96	3	-2,-7,0.25-1,0.5-1,0.5-3,0.5-6.5,0.75-1,1-2,1-3-10-17,1-4,1-4.5-14,1.5-13,15-30,2-18,2-2.5,2.5-3.5,3-6,5-10-25,abaxially,absent,acuminate,acute-,adaxially,age,also,apart,apex,basal,base,beyond,branched,chartaceous,clavate,cm,connective,cordate,cylindrical,darker,densely,diameter,directed,distally,eglandular,ellipsoidal,elliptic,elliptic-ovate,entire,equal,exceeding,fading,flattened,flower,fruit,glabrate,glabrous,globose,greenish,hair,lavender,lobe,long,longitudinal,margin,membranaceous,mm,moderately,narrowly,nearly,obtuse,often,ovate,pedicel,peduncle,petiole,pilose,pink,pore,puberulent,pubescent,pubescent-pilose,purple,rachi,remnant,shorter,shrub,simple,slightly,small,sparsely,stamen,stellate,stigma,stripe,strongly,style,subcoriaceous,tapered,thecae,tree,triangular,truncate,unbranched,usually,vein,white,x,yellow-green,yellowish	0.8-2,1-2.5-14,1-3,1-6,1-7,1.5-2,2-10,2-6-20,3-11,3-4-6,3-4.5,3.5-25,4-25,4-32,4-5-foliat,5-25,5-40-60,5-merous,acute,aggregate,alyx,ape,articulated,axe,berry,blade,cell,connivent,diamete,eaf,eed,exserted,lanceolate,leaving,lon,lower,nflorescence,nther,orolla,pedicellar,perfec,perfect,pilo,presen,puberulent-pubescen,puberulent-pubescent,radiu,ruit,spaced,stone,tal,tem,time,tomento,tube,ud,unit,vary,wide,yellow,yellow-orang,ympodial	15-40-60,2-20,anther,branching,bud,colour,corolla,exsertion,form,growth,height,inflorescence,leaf,length,ovary,plant,seed,shape,size,spacing,stem,texture,type,yellow-orange	-2,-7,0.25-1,0.5-1,0.5-3,0.5-6.5,0.75-1,1-2,1-3-10-17,1-4,1-4.5-14,1.5-13,15-30,2-18,2-2.5,2.5-3.5,3-6,5-10-25,abaxially,absent,acuminate,acute-,adaxially,age,also,apart,apex,basal,base,beyond,branched,chartaceous,clavate,cm,cordate,cylindrical,darker,densely,diameter,directed,distally,eglandular,ellipsoidal,elliptic,elliptic-ovate,entire,equal,exceeding,fading,flattened,glabrate,glabrous,globose,greenish,hair,lavender,lobe,long,longitudinal,membranaceous,mm,moderately,narrowly,nearly,obtuse,often,ovate,pilose,pink,puberulent,pubescent,pubescent-pilose,purple,shorter,shrub,simple,slightly,small,sparsely,stamen,stellate,stripe,strongly,subcoriaceous,tapered,thecae,tree,triangular,truncate,unbranched,usually,vein,white,x,yellow-green,yellowish	15-40-60,2-20,yellow-orange
131	wfo-0001027265	success	158	91	55	71	87	20	53	2	.2,0.1â2,0.5,0.5-1,1.2-1.3,1.2-2,1.2â1.4,1.5â1.8,1.5â2,2-3,2-3-,2â2.5,3-lobed,4-5,4â6,4â7-branched,anther,base,berry,broad,calyx,chartaceous,cm,diameter,entire,filament,flattened-reniform,flower,foliate,fruit,glabrous,globose,hair,herb,hermaphroditic,light,lobe,long-attenuate,margin,minutely,mm,nearly,oblong,orange,ovate-lanceolate,partially,pedicel,peduncle,petiole,pitted,pore,puberulent,pubescent,purple,rachi,rarely,red,rotate-stellate,seed,simple,slightly,sparsely,subcoriaceous,surface,tip,triangular,tube,unit,white,x,yellow	-2.5,.3,.5,0.2-0.4,0.5â0.6,1-1.3,1-2.5,1-3,1.5-2.5,1.5â4,2,2-4,2/3,20-30,2â3,30â50,4.5â8,5-merou,58409,abaxially,accrescent,acute,adaxiall,adaxially,alyx,apart,apex,apparently,articulated,axe,ba,blade,capitat,ciliate,connivent,covering,croat,cylindrical,dehiscent,eaf,eed,erect,extra-axillary,frui,fruiting,geminat,granule,juic,larger,leaf-opposed,lon,long,longitudinall,low,lower,mesocarp,near,nflorescence,node,numerous,obtuse,orolla,paired,present,prominent,recurved,ripe,rooting,ruit,scarcely,sclerotic,sometimes,somewhat,spaced,stigma,style,tall,tamen,tem,time,usually,vary,weak,white-puberulent,wide,winged,ympodial	30-50,branching,colour,corolla,form,growth,height,inflorescence,leaf,length,longitudinally,plant,shape,size,staman,stem,structure,sympodial,texture,type	.2,0.1â2,0.5,0.5-1,1.2-1.3,1.2-2,1.2â1.4,1.5â1.8,1.5â2,2-3,2-3-,2â2.5,3-lobed,4-5,4â6,4â7-branched,berry,broad,chartaceous,cm,entire,flattened-reniform,foliate,glabrous,globose,herb,hermaphroditic,light,long-attenuate,minutely,mm,nearly,oblong,orange,ovate-lanceolate,partially,pitted,pore,puberulent,pubescent,purple,rarely,red,rotate-stellate,simple,slightly,sparsely,subcoriaceous,tip,triangular,white,x,yellow	30-50,longitudinally
132	wfo-0001027265	success	155	112	71	79	76	33	61	10	.2,0.2-0.4,0.5,0.5-1,1-1.3,1-3,1.2-1.3,1.2-2,2,2-3,2/3,4-5,acute,anther,apart,apex,articulated,base,broad,calyx,chartaceous,cm,cylindrical,diameter,entire,extra-axillary,filament,flattened-reniform,flower,fruit,fruiting,glabrous,globose,granule,herb,hermaphroditic,larger,leaf-opposed,light,lobe,long-attenuate,lower,margin,minutely,mm,near,oblong,orange,ovate-lanceolate,paired,partially,pedicel,peduncle,petiole,pitted,pore,prominent,puberulent,pubescent,purple,rachi,red,ripe,rotate-stellate,sclerotic,seed,simple,sometimes,sparsely,stigma,style,subcoriaceous,surface,tip,triangular,tube,white,x,yellow	-2.5,.3,.5,0.1â2,0.5â0.6,1-2.5,1.2â1.4,1.5-2.5,1.5â1.8,1.5â2,1.5â4,2-3-,2-4,20-30,2â2.5,2â3,3-lobed,30â50,4.5â8,4â6,4â7-branched,5-merou,58409,abaxially,accrescent,adaxiall,adaxially,alyx,apparently,axe,ba,blade,capitat,ciliate,connivent,covering,croat,dehiscent,eaf,eed,erect,foliate,frui,geminat,hair,juic,lon,long,longitudinall,low,mesocarp,nearly,nflorescence,node,numerous,obtuse,orolla,rarely,recurved,rooting,ruit,scarcely,slightly,somewhat,spaced,tall,tamen,tem,time,unit,vary,weak,white-puberulent,wide,winged,ympodial	0.1-2,1.2-1.4,1.5-1.8,1.5-2,2-2.5,30-50,4-6,4-7-branched,abaxial,adaxial,arrangement,articulation,branching,capitate,colour,corolla,form,growth,height,inflorescence,leaf,length,longitudinally,ovary,plant,position,presence,shape,size,spacing,staman,texture,type	.2,0.2-0.4,0.5,0.5-1,1-1.3,1-3,1.2-1.3,1.2-2,2,2-3,2/3,4-5,acute,apart,apex,articulated,base,broad,chartaceous,cm,cylindrical,diameter,entire,extra-axillary,flattened-reniform,glabrous,globose,herb,hermaphroditic,larger,leaf-opposed,light,long-attenuate,lower,minutely,mm,near,oblong,orange,ovate-lanceolate,paired,partially,pitted,pore,prominent,puberulent,pubescent,purple,red,ripe,rotate-stellate,seed,simple,sometimes,sparsely,subcoriaceous,tip,triangular,white,x,yellow	0.1-2,1.2-1.4,1.5-1.8,1.5-2,2-2.5,30-50,4-6,4-7-branched,capitate,longitudinally
133	wfo-0001027284	success	172	100	69	81	91	19	68	1	0.1â0.5,0.1â2,0.7â0.9,0.7â1,1.2â1.5,1.5â2,1.5â5.5,1.5â8,1.8â2,1â1.5,1â3,2.5â3.5,2â2.2,3.5â14,3â4,4â12,5-merous,5â7,9â18,abaxially,adaxially,anther,axillary,base,berry,branched,brownish,calyx,cm,cordate,densely,elliptic,entire,extra-axillary,filament,fine,flattened-reniform,flower,fruit,glabrous,globose,green,inflorescence,margin,midvein,minutely,mm,nearly,oblique,orangish,ovate,ovoid,pair,pale,pedicel,peduncle,petiole,pinnate,pubescence,pubescent,rachi,rarely,reticulate-rugulose,rounded,sand-punctate,scandent,secondary,shrub,simple,size,sometimes,stellate,stem-terminal,surface,truncate,unbranched,vein,venation,vine,white,x	.3,0.2â,1.5â2.5,1â2,2.5â3,2â16,4,4â6,5â8,accrescent,acuminate,acute,alyx,anthesi,apex,axe,blade,branch,c.,capitat,ciliat,climbing,conspicuous,contiguousl,cylindrical,deflected,deltoid,diameter,distally,eaf,eed,enlarged,flattened,fleshy,fruiting,glabrescen,glabrou,gradually,herbaceous,immature,leafy,lobe,long,lower,m.,maturity,near,nflorescence,nternode,one,orolla,pendulou,perfec,pink,planar,plurifoliate,pointed,prominent,reduced,ruit,sand-punctat,scar,seen,shortly,side,slightly,somewhat,soon,spaced,sparsely,spreading,stigma,style,tamen,tan,tem,thickened,thickly,time,tip,toward,tree,tube,understory,unifoliat,unit,vary,weakly,wide,woody,ympodial	branching,colour,corolla,form,growth,internode,leaf,length,merosity,modification,na,odour,pore,position,seed,shape,symmetry,texture,type	0.1â0.5,0.1â2,0.7â0.9,0.7â1,1.2â1.5,1.5â2,1.5â5.5,1.5â8,1.8â2,1â1.5,1â3,2.5â3.5,2â2.2,3.5â14,3â4,4â12,5-merous,5â7,9â18,abaxially,adaxially,axillary,berry,branched,brownish,cm,cordate,densely,elliptic,entire,extra-axillary,fine,flattened-reniform,flower,fruit,glabrous,globose,green,midvein,minutely,mm,nearly,oblique,orangish,ovate,ovoid,pair,pale,pinnate,pubescence,pubescent,rarely,reticulate-rugulose,rounded,sand-punctate,scandent,secondary,shrub,simple,sometimes,stellate,stem-terminal,truncate,unbranched,vein,vine,white,x	na
134	wfo-0001027302	success	188	127	84	108	80	19	82	2	.5,0.4-5,0.5,0.5-1,0.6-1,1-1.3,1-1.5,1-2,1-3,1.2-1.6,1.5-2,10,2-3,2-6,2.2,2.7-7.5,3.5-5,3/4,5-7,6-12,7,7/8,abaxial,acuminate,acute,adaxial,age,anther,apex,bark,base,becoming,branching,bright,brownish-yellow,capitate,clavate,cm,cordate,corolla,crispate,dendritic,densely,diameter,elliptic,filament,fine,flat-topped,flattened,fruiting,glabrous,globose,growth,later,leaf,length,lenticular,less,lobed,long,margin,minutely,mm,narrowly,ovary,ovate,pair,pale,pedicle,pericarp,petiole,pitted,plant,pore,poridical,prominent,puberulent,pubescent,pyramidal,red,reddish-brown,scar,scattered,secondary,shrub,simple,sleeve,slit-like,small,somewhat,stem,stigma,style,surface,thin,time,tiny,tip,tree,trichome,truncate,tube,undulate,vein,violet,way,x,young	0.8-1,1,1.2-2.5,10-20,2,abaxially,adaxially,along,anthesi,apical,appearing,ba,basal,berry,blade,broader,calyx,conical,cultivation,decurrent,deflexed,deltoid,denser,dichasia,discussion,eaf,edicel,eed,entire,especially,ew,exserted,flower,free,growing,inserted,juvenile,larger,lateral,lax,like,lobe,lon,long-triangular,lower,m.,main,monochasial,nflorescence,nodding,occasionally,older,otherwise,overtopping,papillo,per,planar,plurifoliate,portion,reflexed,ruit,scrambling,see,shade,shin,shoot,sparsely,stamen,strongly,tall,tapering,terminal,tub,ud,unit,usually,wide,winged,woody,ympodial	bud,colour,form,fruit,height,inflorescence,insertion,new,papillose,pedicel,prominence,seed,shape,shiny,size,texture,thicknes,type,width	.5,0.4-5,0.5,0.5-1,0.6-1,1-1.3,1-1.5,1-2,1-3,1.2-1.6,1.5-2,10,2-3,2-6,2.2,2.7-7.5,3.5-5,3/4,5-7,6-12,7,7/8,acuminate,acute,age,apex,base,becoming,bright,brownish-yellow,capitate,clavate,cm,cordate,crispate,dendritic,densely,elliptic,fine,flat-topped,flattened,glabrous,globose,later,lenticular,less,lobed,long,minutely,mm,narrowly,ovate,pair,pale,pitted,plant,poridical,prominent,puberulent,pubescent,pyramidal,red,reddish-brown,scattered,shrub,simple,sleeve,slit-like,small,somewhat,thin,time,tiny,tip,tree,trichome,truncate,undulate,violet,way,x,young	papillose,shiny
135	wfo-0001027310	success	213	156	123	134	79	22	121	2	/3,0,0-20,0-5,0.05,0.6-1,0.7-2,0.9-0.17-2.2,1-1.2,1-1.7,1.1-1.5,1.5-2.2,1.5-5,1/3-1/2,1/3-3/4,2-3.1,2-5,2.2-2.5,2.8-3,20-60,4-10,4.5-5.5,5-20,5-7,5-merous,8-10,9-13-20,abaxial,acute,adaxial,andromonoecious,anther,apex,apparently,articulated,bark,base,berry,branched,branching,broadly,calyx,chartaceous,cm,connivent,cuneate,dark,deltate,densely,diameter,discolorous,drying,entire,equal,erect,evenly,filament,flattened,flattened-reniform,flower,foliaceous,free,fruit,fruiting,fused,glabrescent,gray,green,green-brown,hair,heterostylous,lanceolate,lateral,leaf,length,less,lobed,long,long-styled,margin,mature,maturity,mauve,minutely,mm,moderately,one,open,orange-brown,pale,pedicel,peduncle,per,petiole,pitted,plant,poricidal,porrect-lepidote,portion,prickle,prickly,primary,purple,red,rounded,secondary,sessile,shallowly,shrub,simple,sometimes,sparse,spherical,stellate,stellate-pubescent,stem,straight,strongly,style,surface,tapering,terminal,time,tip,toward,tree,trichome,truncate,tube,unarmed,way,wide,yellow,young	.8,0.05-0.15,0.1,0.1-0.2,0.15-0.3,1-6,1/10-1/6,11-16,2-10,2-4,2/3,22-30,3-15,4-9,4.5-7,5-10,6-8,7-10,abaxially,acut,alyx,apar,apart,apically,blade,curved,distal,eaf,eed,elongating,faint,gently,glabrou,glabrous,glaucous,hermaphrodite,inflated,infructescence,lobe,longer,lower,lowermost,midpoint,nflorescence,older,orolla,oung,pair,pendulous,pericarp,plurifoliat,porrect,pubescent,ray,reddi,reflexed,ruit,scar,short-styled,shorter,smooth,spaced,sparsely,spreading,stalk,stalked,staminat,stout,tamen,terete,tertiary,unarme,unit,vary,vein,venation,visible,woody,ympodial	arrangement,articulation,colour,corolla,elengthating,form,fusion,growth,inflorescence,number,opening,ovary,position,presence,reddish,seed,shape,size,staman,texture,type,width	/3,0,0-20,0-5,0.05,0.6-1,0.7-2,0.9-0.17-2.2,1-1.2,1-1.7,1.1-1.5,1.5-2.2,1.5-5,1/3-1/2,1/3-3/4,2-3.1,2-5,2.2-2.5,2.8-3,20-60,4-10,4.5-5.5,5-20,5-7,5-merous,8-10,9-13-20,acute,andromonoecious,apex,apparently,articulated,base,berry,branched,branching,broadly,chartaceous,cm,connivent,cuneate,dark,deltate,densely,diameter,discolorous,drying,entire,equal,erect,evenly,filament,flattened,flattened-reniform,flower,foliaceous,free,fruit,fused,glabrescent,gray,green,green-brown,hair,heterostylous,lanceolate,lateral,length,less,lobed,long,long-styled,mature,maturity,mauve,minutely,mm,moderately,one,open,orange-brown,pale,per,pitted,plant,poricidal,porrect-lepidote,portion,prickle,prickly,primary,purple,red,rounded,secondary,sessile,shallowly,shrub,simple,sometimes,sparse,spherical,stellate,stellate-pubescent,straight,strongly,surface,tapering,terminal,time,tip,toward,tree,trichome,truncate,tube,unarmed,way,wide,yellow,young	elengthating,reddish
136	wfo-0001027317	success	144	94	64	75	69	19	60	4	.25,.5,0.1-0.2,0.4-1.5,0.5-3,0.8-3.5,1,1-1.5,1-2,1-5,1.4-1.6,1.5-2,2-9,3-3.5,4.5-5,?,acute,anther,apex,apically,base,bilobed,calyx,cm,corolla,dia,ellipsoid,elliptic,erect,filament,fruit,fruiting,glabrous,globose,golden,green,known,leaf,like,lobed,long,long-exserted,margin,mature,minor,minutely,mm,nearly,offset,opposite,ovary,papillose,pedicel,petiole,pointed,pore,poricidal,pubescent,rest,shaped,shrub,simple,size,slightly,stem,stigma,style,surface,tear-drop,tip,trichome,tube,uniseriate,white,x	0.3-1,0.5-1,2-3-flowered,7-9,abaxial,acuminate,adaxially,along,anthesi,apical,arch,ba,bark,beneath,berry,broadly,closely,conical,cucullate,deciduous,deflexed,deltoid,densely,differing,difoliate,drying,eaf,edicel,eed,elongated,expanded,filiform,free,geminat,greyish-whit,immature,inflorescenc,joined,lateral,lobe,lon,lower,main,major,minute,nflorescence,older,overlappin,pair,pale,papillo,portion,projection,prominent,reflexed,ruit,scar,series,soon,spaced,sparsely,strongly,tall,tub,ud,vein,woody,ympodia,young	branching,bud,colour,diameter,exsertion,form,growth,hair,height,inflorescence,information,length,na,plant,position,seed,shape,symmetry,texture	.25,.5,0.1-0.2,0.4-1.5,0.5-3,0.8-3.5,1,1-1.5,1-2,1-5,1.4-1.6,2-9,3-3.5,4.5-5,?,acute,apex,apically,base,bilobed,calyx,cm,dia,ellipsoid,elliptic,erect,fruit,glabrous,globose,golden,green,known,leaf,like,lobed,long,long-exserted,mature,minutely,mm,nearly,offset,opposite,papillose,pointed,poricidal,pubescent,rest,shaped,shrub,simple,slightly,stem,tear-drop,tip,trichome,tube,uniseriate,white,x	.5-2,di,inflorescence,na
137	wfo-0001027323	success	175	91	53	71	104	20	49	4	/3,0.5-1,1-1.5,1.2-1.5,10-15,14-21,2-3,2-6,2.5-3,20-45,5-7,6-11,acute,anther,apex,area,attenuate,bark,base,berry,broadened,calyx,campanulate,cm,corolla,decurrent,densely,difoliate,elliptic,filament,fleshy,flower,fruit,fruiting,furcate,glabrate,globose,grey,leaf,lobed,minor,minutely,mm,occasionally,older,opposite,ovary,ovoid-reniform,papillose,partially,pedicel,petiole,pinkish-grey,pitted,plant,poricidal,red-papillose,size,stem,stigma,style,surface,tip,treelet,tube,unit,way,white,winged,x,young	.75,1-2,3-5,5-20-flowered,7-9,adaxial,along,anthesi,apparent,appearing,arising,asymmetric,ba,bud,character,closed,closely,cork,deflexed,dia,differing,dried,dry,eaf,edicel,eed,elongate,entire,erect,erose,exserted,five-pointed,flopping,free,geminat,glabrous,growing,held,higher,hood,hooded,immature,interpetalar,lateral,like,live,lobe,lon,long,long-triangular-deltoid,lower,main,major,margin,matte,mature,measured,middle,nflorescence,one,onto,overlapping,ovoid,pair,papillae,papillo,persistent,planar,pore,portion,prominent,proximal,rather,reddish-grey,rest,ridge,ruit,scar,secondary,seen,shaped,sinus,slightly,small,smoot,soon,spaced,specimen,straight,tall,tan,tear-drop,thickened,thin,tiny,trunk,two,ud,upper,vein,visible,widest,woody,ympodial	0.75,5-20,branching,diameter,form,geminate,growth,hair,height,inflorescence,length,number,position,seed,shape,smooth,structure,sympodial,texture,width	/3,0.5-1,1-1.5,1.2-1.5,10-15,14-21,2-3,2-6,2.5-3,20-45,5-7,6-11,acute,area,attenuate,base,berry,broadened,campanulate,cm,decurrent,densely,difoliate,elliptic,fleshy,furcate,glabrate,globose,grey,leaf,lobed,minutely,mm,occasionally,opposite,ovoid-reniform,papillose,partially,pinkish-grey,pitted,poricidal,red-papillose,style,tip,treelet,way,white,winged,x	0.75,5-20,geminate,smooth
138	wfo-0001027340	success	189	153	119	134	55	19	116	3	0.5-0.9,1-10,1-2,1-3,1.5-2.7,10-16,16-22,2-3,2-4,2.7-4.5,3.5-5,3.5-9,4-6,4-7.5,5-11,5-6,6-8.5,7-18,7-8,8-14,8-9.5,abaxially,abruptly,absent,acumen,adaxially,along,anther,apart,apex,apparently,articulated,articulation,auriculate,base,blade,brownish,cell,chartaceous,ciliate,cm,condition,connivent,corolla,dark,decreasing,diameter,digestion,distal,distinct,dorsally,drying,edge,elliptic,enzyme,especially,filament,flat,flower,folded,forked,fresh,fruit,generally,glabrous,globose,green,greenish,hair,half,herb,high,homostylous,honeycomb-shaped,indistinct,interjected,lanceolate,lateral,leaflet,lengthening,like,lilac-purple,lobe,long,margin,membranous,midrib,minute,minutely,mm,narrow,narrowed,odd-pinnate,ovate,ovoid,pair,papillose,pedicel,peduncle,perfect,petiole,petiolulate,plant,pointed,pore,poricidal,puberulent,pubescent,purple,removed,ripe,rotate,seed,sessile,short,size,slightly,slit,sparsely,splotched,stem,stigma,straight,style,terminal,testal,tinged,tip,tube,usually,wall,whitish,wing,x	2-3.5,2.5-4.5,3-4,5-merou,acuminate,ag,alyx,axe,axillary,berry,bud,capitat,cordate,covering,developing,eaf,eed,exceeding,geminat,glabrou,green-white,hair-like,hal,living,lower,make,mucilaginous,nflorescence,orolla,plurifoliate,purpl,rounded,ruit,semi-erec,semi-rosette,seudostipule,shortly,spaced,specimen,stamen,ste,subtending,tall,tamen,tem,thick,throughout,tri-,truncate,unit,vary,wet,yellow,ympodial,young	5-merous,age,arrangement,branching,calyx,capitate,colour,form,growth,height,inflorescence,leaf,length,ovary,pseudostipule,shape,spacing,staman,texture	0.5-0.9,1-10,1-2,1-3,1.5-2.7,10-16,16-22,2-3,2-4,2.7-4.5,3.5-5,3.5-9,4-6,4-7.5,5-11,5-6,6-8.5,7-18,7-8,8-14,8-9.5,abaxially,abruptly,absent,acumen,adaxially,along,apart,apex,apparently,articulated,auriculate,base,brownish,chartaceous,ciliate,cm,condition,connivent,corolla,dark,decreasing,diameter,digestion,distal,distinct,dorsally,drying,elliptic,enzyme,especially,flat,flower,folded,forked,fresh,fruit,generally,glabrous,globose,green,greenish,hair,half,herb,high,homostylous,honeycomb-shaped,indistinct,lanceolate,lateral,lengthening,like,lilac-purple,lobe,long,margin,membranous,midrib,minute,minutely,mm,narrow,narrowed,odd-pinnate,ovate,ovoid,papillose,perfect,petiolulate,plant,pointed,pore,poricidal,puberulent,pubescent,purple,removed,ripe,rotate,sessile,short,size,slightly,slit,sparsely,splotched,stem,straight,tinged,tip,usually,wall,whitish,wing,x	5-merous,age,capitate
139	wfo-0001027354	success	166	120	83	104	62	16	82	1	.5,0,0.5,0.5-2,0.7-1.3,1,1-1.2,1-1.5,1-7,1.7-5,2.5-3.5,3-4,3.4-4,3/4,4-10,5-7,6.5-13,8-12,abaxial,abaxially,absent,acute,adaxial,age,along,anther,apex,apical,bark,basal,base,becoming,bi-lobed,branching,cm,corolla,dark,dendritic,densely,diameter,elliptic,entire,erect,filament,flattened,fruit,fruiting,glabrate,glabrous,globose,golden,growth,leaf,length,lenticular,less,lobed,long,loosely,minutely,mm,narrowly,nodding,occasionally,ovary,pair,pedicel,pericarp,petiole,pitted,pore,poricidal,pubescent,purplish-black,pyramidal,raised,reddish-brown,scar,secondary,shrub,sleeve,slit-like,small,somewhat,sparsely,stem,stigma,style,surface,tapering,thin,time,tiny,tip,tree,tree-like,trichome,tube,vein,violet,way,white,woody,x	1.5-1.8,1.5-2,10,10-20,anthesi,appearing,ba,belo,berry,blade,branch,calyx,conical,covered,deltoid,denser,dichasia,drying,eaf,edicel,eed,ew,exserted,flower,fork,free,inserted,later,lateral,like,lobe,loose,lower,m.,monochasial,mostly,near,nflorescence,older,papillo,per,planar,plurifoliate,portion,pubescen,ruit,side,simple,slightly,stamen,strongly,tall,terminal,thecalyx,tub,type,ud,unit,wide,winged,ympodial,young	bud,colour,form,hair,height,inflorescence,insertion,new,papillose,plant,seed,shape,size,staman,texture,width	.5,0,0.5,0.5-2,0.7-1.3,1,1-1.2,1-1.5,1-7,1.7-5,2.5-3.5,3-4,3.4-4,3/4,4-10,5-7,6.5-13,8-12,abaxially,absent,acute,age,along,apex,apical,basal,base,becoming,bi-lobed,branching,cm,dark,dendritic,densely,diameter,elliptic,entire,erect,flattened,fruit,glabrous,globose,golden,length,lenticular,less,lobed,long,loosely,minutely,mm,narrowly,nodding,occasionally,pair,pitted,poricidal,pubescent,purplish-black,pyramidal,raised,reddish-brown,secondary,shrub,sleeve,slit-like,small,somewhat,sparsely,thin,time,tiny,tip,tree,tree-like,trichome,vein,violet,way,white,woody,x	papillose
140	wfo-0001027359	success	220	90	59	70	150	20	58	1	-20,/3,0-3,0-9,0.3-1.2,0.5,1-1.2,6-8,abaxially,anther,base,berry,branched,bright,calyx,chartaceous,cm,cream,dark,densely,dull,equal,flattened-reniform,fruit,fruiting,glabrous,green,lateral,leaf,length,less,lobed,long,lower,marking,maturity,membranous,mm,moderately,occasional,orange-brown,ovate,pale,pedicel,peduncle,per,petiole,poricidal,porrect,prickle,purple,red,reflexed,shrub,spherical,spreading,stellate,stellate-pubescent,stem,style,surface,tapering,terminal,tinge,tip,trichome,way,white,yellow,young	-3,-4,-7,.1,.2,.5,/4,0-2,0-5,0.1,0.1-0.2,0.1-0.2-0.25,0.1-1.5,0.3-0.5,0.5-1,0.5-2,0.6-0.8,0.6-1,1-2,1-3,1-4,1-5,1.2-1.5-2,1.2-2,1.5-2,1.5-2.5,1.8-3.2,1/5-1/4,2-10,2-3,2-4,2.5-3.5,2.5-5.5,3-10,4-5,4-5-6.5,5-6-8-9,5-merous,7-8,acut,acute,alyx,apar,apart,apex,apically,apparently,articulated,ba,bark,blade,brow,cell,concolorous,coroll,cuneate,curved,deltate,diameter,difoliate,distinctive,drying,eaf,eed,elongate,elongating,entire,erect,eye,filament,filiform,flattened,flower,free,geminat,glabrescent,gray,herbaceous,infructescence,like,lobe,longer,margin,mature,midpoint,minutely,naked,narrow-deltate,narrow-ovate,near,nflorescence,obtuse,often,older,one,open,orolla,oung,outline,ovoid,pair,perfec,pericarp,pit,portion,prickly,primary,rachi,raised,rarely,ray,reticulate,ruit,scandent,scar,sessile,shallowly,shorter,simple,slender,slightly,small,smooth,sometimes,spaced,sparsely,stalk,stalked,stump,tamen,terete,tertiary,time,tube,ud,unarme,unarmed,undulate,unit,usually,variously,vary,vein,venation,visible,weakly,wide,woody,yellow-brown,ympodial	4-6.5,articulation,branching,colour,corolla,form,growth,hair,heteromorphism,inflorescence,number,orientation,ovary,placement,position,seed,shape,staman,texture,type	-20,/3,0-3,0-9,0.3-1.2,0.5,1-1.2,6-8,abaxially,base,berry,branched,bright,chartaceous,cm,cream,dark,densely,dull,equal,flattened-reniform,glabrous,green,lateral,less,lobed,long,marking,maturity,membranous,mm,moderately,occasional,orange-brown,ovate,pale,per,poricidal,porrect,prickle,purple,red,reflexed,shrub,spherical,spreading,stellate,stellate-pubescent,surface,tapering,terminal,tinge,tip,trichome,way,white,yellow,young	4-6.5
141	wfo-0001027366	success	136	79	46	59	77	20	44	2	0.25-0.5,0.5-1,0.7-1,1-1.5,1-2,1-3,1.5-2,11-21,2-2.5,3-10-flowered,4-4.5,4-5,5-7,6-19,acute,anther,apex,base,berry,bright,broadly,brown,calyx,capitate,cm,conical,conspicuously,corolla,dark,elliptic,filament,fruiting,glabrous,globose,golden,green,greenish-white,internodal,leaf,lobed,mm,opposite,orbicular,ovary,ovoid-reniform,parallel,pedicel,petiole,pore,rounded,shaped,shrub,simple,sometimes,stigma,style,tear-drop,tube,venation	.5,/2,/4,3-9,603,abaxially,adaxially,anthesi,ape,axe,ba,bark,closely,deflexed,deltate,dia,drying,eaf,edicel,eed,erect,et,except,exserted,fide,free,lamina,lateral,less,lobe,lon,long,long-triangular,lower,main,margin,middle,minutely,nflorescence,older,overlappin,ovoid,packed,pair,pale,papillo,papillose,pitted,planar,pointed,poridical,portion,ramo,reddish,ruit,scar,secondary,shining,somewhat,stem,straight,surface,tall,tip,trichome,tub,ud,unifoliat,unit,vein,way,wide,widest,woody,yellowish-gre,ympodial,young	0.5,1,abaxial,branching,colour,diameter,form,fruit,growth,hair,height,inflorescence,length,plant,position,seed,shape,texture,type,width	0.25-0.5,0.5-1,0.7-1,1-1.5,1-2,1-3,1.5-2,11-21,2-2.5,3-10-flowered,4-4.5,4-5,5-7,6-19,acute,berry,bright,broadly,brown,capitate,cm,conical,conspicuously,dark,elliptic,glabrous,globose,golden,green,greenish-white,internodal,leaf,lobed,mm,opposite,orbicular,ovoid-reniform,parallel,rounded,shaped,shrub,simple,sometimes,tear-drop	0.5,1
142	wfo-0001027368	success	143	99	63	74	69	25	61	2	.5,0.3-2.5,0.5-3.5,0.5-5,1-2,1.5-2,2,2-2.5,2-9,3,4-6,5-15-20,5-6,acuminate,acute,adaxially,apex,articulated,base,branched,calyx,chartaceous,cm,cuneate,decurrent,deltate,dendritically,densely,diameter,directed,distally,ellipsiodal,elliptic,elliptic-ovate,entire,forked,glabrous,globose,hair,lanceolate,lenticular,lobe,margin,mm,moderately,narrowly,nearly,oblong,occasionally,otherwise,ovoid-fusiform,pedicel,peduncle,petiole,pore,puberulent,pubescent,purple,rachi,radiu,shrub,simple,sparsely,stellate,stigma,style,subcoriaceous,subhastate,triangular,truncate,unbranched,unknown,white,x	-10,-15,-2-5,0.8-2,1-15-flower,1-6,1.5-2.5,2-3,2-4,3-12.5,4-many-foliat,5-10,8-13,abaxially,abruptly,absen,adaxiall,aggregate,also,apart,axe,ba,blade,cell,color,connivent,contiguous,cylindrical,darker,denser,eaf,eed,except,gland,lighter,long,long-stalked,lower,midvein,narrowed,nflorescence,nther,obtuse,often,orolla,pubescen,ray,ruit,small,sometimes,spaced,stalked,star,stone,subcapitat,tal,tem,terminal,three,time,tip,tube,unit,usually,vary,vein,wide,yellow,ympodial	-5,abaxial,adaxial,anther,articulation,branching,colour,corolla,form,fruit,growth,height,inflorescence,leaf,length,ovary,plant,position,seed,shape,size,stem,subcapitate,texture,type	.5,0.3-2.5,0.5-3.5,0.5-5,1-2,1.5-2,2,2-2.5,2-9,3,4-6,5-15-20,5-6,acuminate,acute,adaxially,articulated,base,branched,chartaceous,cm,cuneate,decurrent,deltate,dendritically,densely,directed,distally,ellipsiodal,elliptic,elliptic-ovate,entire,forked,glabrous,globose,lanceolate,lenticular,margin,mm,moderately,narrowly,nearly,oblong,occasionally,otherwise,ovoid-fusiform,puberulent,pubescent,purple,shrub,simple,sparsely,stellate,subcoriaceous,subhastate,triangular,truncate,unbranched,unknown,white,x	-5,subcapitate
143	wfo-0001027369	invalid_json	188	60	NA	42	146	18	NA	NA	.5,.7,0-2,3-10,almost,anther,apex,base,berry,branched,calyx,cm,cordate,diameter,elongating,filiform,flower,fruit,fruiting,lateral,leaf,length,lobed,long,lower,margin,mauve,mm,narrowly,perpendicular,petiole,prickle,rounded,shrub,simple,spherical,spreading,stem,surface,tapering,terminal,winged	-10,-11,.1,.4,/4,0-1,0-15,0-3,0-5,0-6,0.05-0.15,0.1,0.1-0.2,0.1-0.3,0.2-0.5-1,0.25-0.4,0.3-1.5,0.5,0.5-0.8,0.5-1.5,0.6-0.8,1-2,1-2-4,1-2.5,1-3,1-4,1.2-2.5,1.2-3,1.5-2,1/3,2-3,2-5,3,3-4,4-5,4-8,5,5-merous,7-15,abaxially,acut,alyx,ame,apar,apart,apically,apparently,articulated,bark,blade,broad-deltate,c.,color,concolorous,curved,deltate,densely,difoliate,distance,drying,eaf,eed,equal,erect,extending,eye,filament,free,geminat,glabrou,glabrous,glaucous,gra,green,hair,herbaceous,infructescence,know,known,lanceolate,less,lobe,lon,mature,membranous,midpoint,midvein,moderately,multangulate,naked,nflorescence,older,one,open,orbicular,orolla,oung,pale,pedicel,peduncle,pendulous,per,perfec,pericarp,poricidal,porrect,portion,prickl,prickly,ray,reflexed,reniform,ruit,scandent,scar,sessile,side,slender,slightly,smooth,spaced,sparsely,stalk,stalked,stellate,stellate-pubescent,straight,strongly,style,tamen,terete,time,tip,trichome,tube,unarmed,unequal,unit,vary,venation,visible,way,wide,wider,yellow,ympodial	-5.5,2-4,branching,broad-based,characteristic,colour,corolla,form,growth,inflorescence,needle-like,number,orientation,placement,position,shape,type,value	NA	NA
144	wfo-0001027378	success	149	77	45	51	98	26	36	9	5-merous,acuminate,adaxial,anther,apex,base,berry,blue,broadly,chartaceous,cm,cordate,deeply,extra-axillary,fleshy,flower,fruit,glabrous,leaf,light,margin,membranous,minutely,mm,ovate,ovoid,palmate,pedicel,peduncle,pentagonal,petiole,pubescent,rachi,revolute,rotate-stellate,simple,small,somewhat,spaced,sparsely,stem,terrestrial,tooth,trichome,unbranched,unknown,venation,vine,white,widely,x	.2,0.5â1,0.7â1,0.8â2.5,1.2â1.5,1.2â1.8,1.5â1.8,1.5â8,15â35,1â1.5,1â3,2.3â5,2.5â7,2â11,2â2.2,2â2.5,3â4.5,3â5,3â6,4â6,4â9,5-8,5â10,5â13,5â7,6â10,6â7,abaxially,acute,adaxially,alyx,apar,apicall,axe,blade,c.,calyx,capitat,ciliate,clavate,climbin,color,cylindrical,deltoid,densely,diameter,eaf,eed,filament,flattened,fruiting,glabrou,hair,hair-tipped,half,herbaceous,lanceolate,like,lobe,lon,long,longer,lower,m.,markedly,moderately,narrowly,nflorescence,nternode,obscure,often,orolla,papillose,perfec,plurifoliat,pointed,primary,rounded,ruit,sand-punctat,sand-punctate,scattered,short,side,slender,slightly,stigma,style,tamen,tem,tip,tube,unit,unknow,vary,vein,wide,ympodial	0.5-1,0.8-2.5,15-35,2-11,2-2.2,2.5-7,5-10,5-13,abaxial,branching,climbing,colour,corolla,form,growth,habit,inflorescence,internode,length,merosity,plant,position,seed,shape,texture,type	5-merous,acuminate,berry,blue,broadly,chartaceous,cm,cordate,deeply,extra-axillary,fleshy,glabrous,light,membranous,minutely,mm,ovate,ovoid,palmate,pentagonal,pubescent,revolute,rotate-stellate,simple,small,somewhat,spaced,sparsely,terrestrial,tooth,unbranched,unknown,vine,white,widely,x	0.5-1,0.8-2.5,15-35,2-11,2-2.2,2.5-7,5-10,5-13,climbing
145	wfo-0001027378	success	141	106	64	81	60	25	60	4	.2,0.7-1,0.8-2.5,1-1.5,1.5-1.8,1.5-8,15-35,2-11,2-2.2,2-4,2.5-7,3-4.5,3-5,4-6,5-13,6-10,abaxially,acuminate,acute,anther,apex,base,blue,broadly,calyx,chartaceous,clavate,cm,cordate,cylindrical,deeply,diameter,directed,distally,extra-axillary,fleshy,flower,glabrous,hair,herb,lanceolate,large,leaf,light,lobe,longitudinal,margin,minutely,mm,node,oblong,opening,ovate,pedicel,peduncle,perfect,petiole,pore,pubescent,rachi,revolute,rooting,rotate-pentagonal,rounded,simple,slit,small,somewhat,spaced,sparsely,stigma,style,tip,tooth,trailing,tube,unbranched,unknown,white,widely,x	1-3,1.2-1.5,2.3-5,3-6,4-9,5-8,5-merou,6-7,adaxially,ag,alyx,apart,apicall,apparently,articulated,axe,ba,basally,blade,capitat,ciliate,climbing,connivent,deltoid,densely,eaf,eed,equal,filament,fruit,fruiting,geminat,hair-tipped,long,longer,lower,moderately,multicellular,narrowly,nflorescence,obscure,often,orolla,plurifoliate,pubescen,scattered,short,slender,slightly,tamen,tem,terrestrial,unit,unknow,vary,vein,weakly,wide,yellow,ympodial	abaxial,adaxial,age,articulation,branching,capitate,colour,corolla,form,greyish,growth,habit,inflorescence,length,na,ovary,plant,position,seed,shape,size,staman,stem,texture,type	.2,0.7-1,0.8-2.5,1-1.5,1.5-1.8,1.5-8,15-35,2-11,2-2.2,2-4,2.5-7,3-4.5,3-5,4-6,5-13,6-10,abaxially,acuminate,acute,base,blue,broadly,chartaceous,clavate,cm,cordate,cylindrical,deeply,directed,distally,extra-axillary,fleshy,glabrous,herb,lanceolate,large,light,longitudinal,minutely,mm,node,oblong,ovate,perfect,pubescent,revolute,rotate-pentagonal,rounded,simple,slit,small,somewhat,spaced,sparsely,tooth,trailing,unbranched,white,widely,x	age,capitate,greyish,na
146	wfo-0001027384	success	155	107	66	85	70	22	65	1	0.4-1.1,0.5-1,0.9-1,1-3,1-4,1.5-2,2.5-6.5,3-3.5,3-4,4-7,5-15-flowered,5-5.5,7-14,7.5-8,anther,anthesi,apart,bark,berry,breaking,bud,calyx,capitate,clavate,closely,cm,corolla,deep,difoliate,drying,ellipsoid,filament,flattened-reniform,fruiting,geminate,glabrous,globose,green,incrassate,later,lateral,leaf,long-exserted,main,margin,minutely,mm,narrowly,obovate,older,opposite,ovary,overlapping,pair,pale,papillose,pedicel,petiole,pitted,pore,pseudo-terminal,rarely,reddish-purple,scar,section,shaped,shining,shrub,small,spaced,stem,stigma,style,surface,tear-drop,transverse,tree,tube,unit,vein,white,widely,x,yellowish,young	.25,.5,.75,/3,1-1.3,1-1.5,3/4,abov,acute,anothe,apex,ba,base,beginning,beneath,broadly,brown,cuneate,dia,distal,eaf,edicel,eed,equal,erect,free,hard,herbarium,inflorescenc,lobe,lobed,long,lower,member,middle,mustard,nflorescence,occasionally,paler,papillo,peeling,planar,poricidal,portion,prominent,rounded,ruit,simple,siz,slender,specimen,straight,subcoriaceous-fleshy,sulcate,tall,tapering,thick,tip,triangular,trichome,tub,tuft,ud,uniseriate,way,widest,without,woody,yellow,ympodial	1.5,colour,diameter,flower,form,fruit,growth,height,inflorescence,length,number,plant,position,seed,shape,size,spacing,structure,sympodial,texture,type,venation	0.4-1.1,0.5-1,0.9-1,1-3,1-4,1.5-2,2.5-6.5,3-3.5,3-4,4-7,5-15-flowered,5-5.5,7-14,7.5-8,apart,berry,calyx,capitate,clavate,closely,cm,deep,difoliate,ellipsoid,flattened-reniform,geminate,glabrous,globose,green,incrassate,later,lateral,leaf,long-exserted,main,minutely,mm,narrowly,obovate,opposite,overlapping,pair,pale,papillose,pitted,pseudo-terminal,rarely,reddish-purple,section,shaped,shining,shrub,small,spaced,surface,tear-drop,transverse,tree,tube,vein,white,widely,x,yellowish,young	1.5
147	wfo-0001027389	success	154	111	75	90	64	21	73	2	.1,.25,.5,0.25-0.3,0.25-0.5,0.5-1.5,0.6-1,1,1-1.5,1-2,1.8-1.9,11-14,2-2.5,3-3.5,3-4.5,4-5-flowered,5-7,7-8,anther,anthesi,apart,base,berry,broadening,broadly,brown,bud,calyx,cm,conical,corolla,dark,deltoid,dia,dry,elliptic,erect,filament,foetid,fruiting,glabrous,globose,green,hispidulous,inflorescence,lateral,leaf,like,lobe,long,main,material,minutely,mm,often,one,opposite,ovary,ovate,ovoid-reniform,pair,papillose,pedicel,petiole,pitted,pore,raised,rest,scar,shaped,shrub,side,simple,slight,slightly,sparsely,stem,stigma,style,surface,tear-drop,thread-like,top,trichome,tube,uniseriate,vein,white,x,young	0.5-0.75,acuminate,acute,along,apex,ba,bark,beneath,decurrent,deflexed,eaf,edicel,eed,ellipsoid,evenly,except,expanded,exserted,filiform,foliage,free,geminate,lobed,lon,lower,making,margin,middle,nearly,nflorescence,node,non-reproductive,obovoi,occasionally,older,paler,papillo,poricidal,portion,prominent,prominently,proximal,puberulent,raise,reddish-golden,reflexed,ruit,shin,slender,soon,spaced,straight,tall,tapering,tip,truncate,ud,unifoliat,unit,widest,winged,woody,yellowish,ympodial	colour,diameter,distribution,flower,form,fruit,growth,hair,height,length,number,odour,plant,position,seed,shape,size,spacing,texture,type,venation	.1,.25,.5,0.25-0.3,0.25-0.5,0.5-1.5,0.6-1,1,1-1.5,1-2,11-14,2-2.5,3-3.5,3-4.5,4-5-flowered,5-7,7-8,apart,berry,broadening,broadly,brown,cm,conical,dark,deltoid,dia,dry,elliptic,erect,foetid,glabrous,globose,green,hispidulous,inflorescence,lateral,leaf,like,long,main,material,minutely,mm,often,one,opposite,ovate,ovoid-reniform,pair,papillose,pitted,raised,rest,shaped,shrub,side,simple,slight,slightly,sparsely,stem,style,surface,tear-drop,thread-like,top,trichome,uniseriate,vein,white,x,young	.8-1.9,di
148	wfo-0001027395	success	153	82	46	62	91	20	45	1	.25,.5,0.25-0.5,0.75-1,1-1.5,1-2,1-5,1.1-1.5,1.5-1.9,1.5-2.5,12.5-17.3,2-3,3.5-4,5-6.5,8,anther,anthesi,apiculate,attenuate,base,calyx,capitate,cm,corolla,deltoid,densely,dia,filament,fruit,fruiting,glabrous,globose,green,immature,known,leaf,lobe,lobed,mm,narrowly,nearly,obovate,occasionally,once-furcate,opposite,ovary,pedicel,petiole,pore,pubescent,shaped,shrub,simple,size,stigma,style,tear-drop,trichome,tube,uniseriate,white,x	0.6-1.1,1.6-2.9,10-20-flowered,11-15,2.2-7,4-6,acute,apex,apically,bark,becoming,beginning,beneath,berry,black,caly,closely,conical,constricted,cucullate,decurrent,deflexed,depressed,differing,difoliate,drying,eaf,edicel,eed,enlarging,erect,exfoliating,exserted,fleshy,free,geminat,imperceptibly,inflorescenc,large,lateral,lon,long,lower,main,major,margin,midrib,minor,minutely,nflorescence,older,overlapping,ovoid,pair,papillo,papillose,partially,piece,planar,pointed,poricidal,portion,primary,raised,restricted,robust,ruit,rusty-papillate,scar,secondary,shining,shiny,small,somewhat,spaced,stem,straight,tall,tapering,thick,thickened,tip,transverse,ud,unit,vein,within,without,woody,ympodial,young	10-20,abaxial,adaxial,branching,colour,diameter,flower,form,growth,height,inflorescence,information,length,number,plant,position,seed,shape,texture,type	.25,.5,0.25-0.5,0.75-1,1-1.5,1-2,1-5,1.1-1.5,1.5-1.9,1.5-2.5,12.5-17.3,2-3,3.5-4,5-6.5,8,apiculate,attenuate,base,capitate,cm,deltoid,densely,dia,glabrous,globose,green,immature,known,leaf,lobed,mm,narrowly,nearly,obovate,occasionally,once-furcate,opposite,pubescent,shaped,shrub,simple,tear-drop,uniseriate,white,x	10-20
149	wfo-0001027396	success	241	137	106	118	123	19	106	0	0-3,0-4,0.5-1,0.5-1.5,0.7-2.5,0.8-1.3,1.5-3.5,1/3,1/4-1/3,10-30,10-35,15-40,2-3,2-3.5,2-7,2.5-4,2.8-4.5,20-100,3-4-5-6,3.5-6,4-7,5-merous,5.5-7.5,6-20,6.5-7.5,8-20,abaxial,almost,andromonoecious,anther,articulated,attenuate,base,berry,calyx,chartaceous,cm,concolorous,connivent,cream,cuneate,dark,densely,diameter,discolorous,drying,elliptic,elongate,equal,erect,fewer,filament,flattened,flower,free,fruit,fruiting,glabrous,glandular,green,hair,herb,heterostylous,lateral,leaf,length,lobe,lobed,long,long-styled,margin,marking,maturity,mauve,mm,often,pale,pedicel,peduncle,perpendicular,petiole,plant,poricidal,porrect,portion,prickle,prickly,purple,rotate,short-styled,shrub,side,simple,sometimes,somewhat,sparsely,spherical,stalked,stellate-pubescent,stem,straight,style,tapering,tearing,terete,tip,trichome,tube,unarmed,unbranched,upper,variously,way,white,wide,yellow,yellowish,young	/3,0-100,0-30,0-5,0.1-0.5,0.1-1,0.4-0.7,0.5-2,0.5-2.5,0.8,1,1-2,1-4,1.2-2,1.5-3,1.8-3,1/2-2/3,1/6,10-15,10-25,12-25,3-9,4-5,4-6,5-10,5-20,5-30,5-50,5-8,7-10,7-15,abaxially,acute,adaxial,alyx,ame,apar,apart,apex,apically,apparently,ba,bark,black,blade,broad,broad-deltate,brown,bulbous,c.,curved,decurrent,deltate,difoliate,distal,distance,eaf,eed,elongating,extending,extensive,flattened-reniform,fully,geminat,glabrescent,gray-brow,hermaphrodite,infructescence,less,lignified,lobing,lon,long-acuminat,longer,lower,lowermost,mature,midpoint,midvein,moderately,near,nflorescence,obtuse,older,one,open,opening,orange,orolla,oung,pair,pendulous,per,pericarp,prickl,primary,pubescent,ray,red-brown,reflexed,ruit,scar,secondary,sessile,smooth,spaced,spreading,stalk,staminat,stout,surface,tamen,tertiary,time,unit,usually,vary,vein,venation,visible,woody,yellow-green,ympodial	articulation,branching,colour,corolla,form,growth,height,inflorescence,orientation,ovary,position,scale,seed,shape,size,staman,texture,type,width	0-3,0-4,0.5-1,0.5-1.5,0.7-2.5,0.8-1.3,1.5-3.5,1/3,1/4-1/3,10-30,10-35,15-40,2-3,2-3.5,2-7,2.5-4,2.8-4.5,20-100,3-4-5-6,3.5-6,4-7,5-merous,5.5-7.5,6-20,6.5-7.5,8-20,almost,andromonoecious,articulated,attenuate,base,berry,chartaceous,cm,concolorous,connivent,cream,cuneate,dark,densely,diameter,discolorous,drying,elliptic,elongate,equal,erect,fewer,filament,flattened,flower,free,glabrous,glandular,green,hair,herb,heterostylous,lateral,lobe,lobed,long,long-styled,marking,maturity,mauve,mm,often,pale,perpendicular,plant,poricidal,porrect,portion,prickle,prickly,purple,rotate,short-styled,shrub,side,simple,sometimes,somewhat,sparsely,spherical,stalked,stellate-pubescent,stem,straight,tapering,tearing,terete,tip,trichome,tube,unarmed,unbranched,upper,variously,way,white,wide,yellow,yellowish,young	
150	wfo-0001027449	success	160	116	75	95	65	21	72	3	.4,.75,0.5-1,0.8-1.5,0.9-1.1,1.2-1.5,1.4-1.5,1.5-2.5,2-3,2-4,3,3-3.5,3-7,5-6,8-15,acuminate,acute,anther,anthesi,apex,area,bark,base,becoming,brown,bud,calyx,closely,cm,corolla,dark,deflexed,density,difoliate,dry,ellipsoid,elliptic,exserted,filament,fruit,fruiting,glabrate,glabrous,globose,green,inflorescence,later,leaf,lobe,long-acuminate,long-triangular,major,material,minor,minutely,mm,narrowly,oblique,often,older,opposite,ovary,overlapping,ovoid-reniform,packed,pale,papillose,pedicel,persistent,petiole,pitted,pointed,pore,red-papillose,scar,shaped,shrub,size,small,soon,stem,stigma,style,surface,tear-drop,tip,tree,trichome,tube,uniseriate,unit,white,woody,x,young	.5,/3,0.5-1.5,10-15-flowered,4-6,appearing,arising,around,axil,beginning,beneath,berry,cup,deciduous,dense,densely,dia,differing,eaf,edicel,eed,erect,extreme,forming,free,frui,geminat,inflorescenc,lamina,lateral,like,lobed,lon,long,lower,main,nflorescence,obconic,one,orangish,pair,poricidal,portion,prominent,pubescent,raised,reddish-brow,reflexed,rest,ruit,simple,slender,sparse,sparsely,straight,styl,tall,tapering,trunk,tuft,ud,varying,vein,way,ympodial	10-15,colour,development,diameter,flower,form,geminate,growth,height,length,number,persistence,plant,position,reddish-brown,seed,shape,structure,sympodial,texture,type	.4,.75,0.5-1,0.8-1.5,0.9-1.1,1.2-1.5,1.4-1.5,1.5-2.5,2-3,2-4,3,3-3.5,3-7,5-6,8-15,acuminate,acute,anthesi,area,base,becoming,brown,bud,calyx,closely,cm,corolla,dark,deflexed,difoliate,dry,ellipsoid,elliptic,exserted,fruit,glabrate,glabrous,globose,green,later,leaf,lobe,long-acuminate,long-triangular,material,minutely,mm,narrowly,oblique,often,opposite,overlapping,ovoid-reniform,packed,pale,papillose,persistent,pitted,pointed,red-papillose,shaped,shrub,small,soon,style,tear-drop,tip,tree,uniseriate,white,woody,x	10-15,geminate,reddish-brown
151	wfo-0001027452	success	152	94	62	75	77	19	60	2	.5,0.5-1,0.5-2,1,1-2,1-5,1.5,10-20,2-4,3-9,4-6,5-12,5-20,absent,acute,anther,apex,base,blade,brown,calyx,celled,chartaceous,ciliate,cm,connected,cordate,densely,diameter,drying,elliptic,elliptic-ovoid,entire,filament,flower,fruit,glabrous,globose,hair,herb,immature,large,long,margin,membranaceous,mm,moderately,nearly,notched,oblong,obtuse,outer,pedicel,peduncle,per,perpendicular,petiole,placenta,pubescent,rachi,raised,ridge,rotate,rounded,running,seed,semitransparent,significantly,sparsely,style,swollen,unbranched,white,x,yellow	0.5-1.5,0.5-2.5,1-3,1-4.5,1.5-3,2-6,2-foliate,3-6,4,abaxially,abundant,adaxiall,adaxially,along,axe,berry,beyond,branched,cell,center,decurrent,dehiscing,denser,dm,eaf,eed,emarginat,equal,explosively,exserted,flat,frui,geminat,growt,held,interpetalar,linear-lanceolate,lobe,lower,lying,maturing,maturit,mesocarp,new,nfloresence,often,one-,orolla,parallel,pressure,pubescen,ruit,short,single,slightly,smaller,smoother,sometimes,stamen,stigma,straight,tal,tamen,tem,tissue,triangular,tube,two-celled,unit,usually,vary,vein,wall,watery,wid,woody,ympodial	branching,colour,corolla,decurren,emarginate,form,growth,inflorescence,leaf,length,notching,number,ovary,pubescence,shape,staman,stem,symmetry,texture	.5,0.5-1,0.5-2,1,1-2,1-5,1.5,10-20,2-4,3-9,4-6,5-12,5-20,absent,acute,brown,celled,chartaceous,ciliate,cm,connected,cordate,densely,drying,elliptic,elliptic-ovoid,entire,flower,fruit,glabrous,globose,hair,herb,immature,large,long,margin,membranaceous,mm,moderately,nearly,notched,oblong,obtuse,perpendicular,placenta,pubescent,raised,ridge,rotate,rounded,running,semitransparent,significantly,sparsely,swollen,unbranched,white,x,yellow	decurren,emarginate
152	wfo-0001027471	success	165	128	92	113	52	15	90	2	.5,/4,0.1-0.2,0.2-0.4,0.2-0.5,0.4-1,0.5-0.6,0.5-0.7,1-1.6,1.4-3,1.5-2,2-2.5,2-lobed,3-7,4-5,6-7,acute,adaxially,age,along,anther,anthesi,apex,appressed,ascending,bark,base,bifid,branched,brittle,closely,cm,conical,corolla,dendritic,diameter,drying,elliptic,entire,filament,flattened,fruiting,glabrous,globose,growth,herb,inflorescence,internodal,leaf,leaf-opposed,lengthening,like,lobed,major,margin,maturity,midvein,minor,minutely,mixture,mm,new,nodding,orbicular,ovary,ovate,overlapping,pair,pale,pedicel,peduncle,pericarp,petal,petiole,pitted,plane,pore,poridical,primary,pubescent,rachi,red-orange,reniform,scar,scattered,shape,shrub,similar,simple,size,slit,small,somewhat,spaced,sparsely,stem,stigma,straight,style,subshrub,surface,tan,thickened,thin,tip,trichome,uniseriate,usually,vein,way,white,x,yellowish	0.5,0.5-1.5,0.7-0.9,0.9-1,1-1.2,1-1.5,2-3,3-4,abaxially,berry,c.,calyx,deltate,densely,desnsely,differing,difoliate,distant,eaf,eed,erec,erect,especially,flower,free,furcate-dendritic,geminate,included,lamina,less,lobe,long-triangular,lower,nflorescence,node,occasionally,open-conical,papillat,perfect,planar,portion,pubscent,reflexed,ruit,slender,slightly,trifoliat,tube,ud,unit,woody,ympodial	arrangement,bud,colour,dense,form,fruit,length,orientation,papillate,position,pubescence,seed,spacing,thicknes,type	.5,/4,0.1-0.2,0.2-0.4,0.2-0.5,0.4-1,0.5-0.6,0.5-0.7,1-1.6,1.4-3,1.5-2,2-2.5,2-lobed,3-7,4-5,6-7,acute,adaxially,age,along,anthesi,apex,appressed,ascending,base,bifid,branched,brittle,closely,cm,conical,dendritic,diameter,drying,elliptic,entire,flattened,glabrous,globose,herb,inflorescence,internodal,leaf-opposed,lengthening,like,lobed,major,maturity,midvein,minutely,mixture,mm,nodding,orbicular,ovate,overlapping,pair,pale,petal,pitted,plane,pore,poridical,pubescent,rachi,red-orange,reniform,scattered,shrub,similar,simple,slit,small,somewhat,spaced,sparsely,stem,straight,subshrub,tan,thickened,thin,tip,trichome,uniseriate,usually,way,white,x,yellowish	dense,papillate
153	wfo-0001027473	success	138	92	59	75	63	17	58	1	.25,0.25-0.5,0.5-1,0.8-1,1-1.5,1-2,1.3-2,1.5-2,1.8-2,2-2.5,2.5-3,3.5-5,4.5-13,8.5-37,?,along,anther,apex,base,brown,calyx,clavate,cm,conical,corolla,decurrent,deflexed,dendritic,densely,denser,di-,filament,flattened-reniform,fruiting,glabrous,globose,green,incrassate,leaf,less,lobe,lobed,long-triangular,margin,minutely,mm,near,obovate,occasionally,ovary,pedicel,petiole,pitted,pointed,pore,pubescent,rootstock,rusty,sessile,shape,shaped,shrub,somewhat,stem,stigma,style,subshrub,surface,tear-drop,trichome,trifoliate,tube,vein,white,woody	/2,1/3,5,6-9,abaxially,absen,acute,adaxially,anthesi,ape,apparently,bark,berry,deccurent,deep,dia,differing,drying,eaf,eed,empty,erect,free,geminat,giving,later,lateral,like,long,lower,main,major,middle,minor,minute,older,overall,pair,pale,papillo,planar,poricidal,portion,pubesent,ruit,sac,sparsely,sterile,strongly,tall,thick,tip,unit,usually,way,wide,widest,wing,winged,yellowish,yellowish-brow,ympodial,young	absent,arrangement,colour,deflexion,density,diameter,flower,form,fruit,growth,height,length,plant,seed,texture,type,width	.25,0.25-0.5,0.5-1,0.8-1,1-1.5,1-2,1.3-2,1.5-2,1.8-2,2-2.5,2.5-3,3.5-5,4.5-13,8.5-37,?,along,apex,base,brown,clavate,cm,conical,decurrent,deflexed,dendritic,densely,denser,di-,flattened-reniform,glabrous,globose,green,incrassate,less,lobed,long-triangular,margin,minutely,mm,near,obovate,occasionally,pitted,pointed,pubescent,rusty,sessile,shaped,shrub,somewhat,stem,subshrub,tear-drop,trichome,trifoliate,vein,white,woody	absent
154	wfo-0001027483	success	164	114	75	87	77	27	70	5	0.2-1.9,0.6,1-2.5,1-4,1-5,1.2-2.5,1.5-10,1.5-2.6,1.5-3,2-3,2-4,2-4.5,3-15,3-6,3.5-20,5-10,5-6,abaxially,adaxially,apical,apically,branched,cm,coarsely,connate,corolla,cyme,dehiscent,diameter,dichasial,dichasially,distal,dot,filament,finely,flower,forked,globose,green,green-white,herbaceous,interjected,interpetiolar,introrse,lateral,leaf,leaflet,light,lighter,long,maturing,medium,mm,monochasial,mucilaginous,odd-pinnate,often,ovoid,pedicel,peduncle,perennial,perfect,petiole,plant,poricidally,proximal,pubescent,purple,ray,rotate,seed,short,size,slit,smooth,sometimes,style,terminal,throughout,tuber-bearing,uniform,unit,violet,violet-purple,white,wide,Â¼	0-1.,1,1-2,2,3-6-foliat,4.5-8,acumen,acute,apex,articulate,basal,base,calyx,cell,covering,cuneate,decurrent,digestion,diminishing,dorsally,eaf,ebracteate,edge,eed,elliptical,emoval,enzyme,erec,exceeding,flat,folded,generally,globo,gradually,hair-like,half,honeycomb,living,lobe,lon,lower,lunat,make,minute,nflorescence,nther,obtuse,orolla,ovate,pair,pattern,petiolule,plan,rachi,reveal,rosette,rounded,ruit,sessile,seudostipule,specimen,stamen,stigma,straight,subsessile,tall,tem,testal,thick,tissu,toward,typically,vary,varying,wall,yellow,ympodial	0-10,3-6-foliate,anther,arrangement,articulation,branching,colour,form,fruit,growth,height,inflorescence,length,lunate,number,ovary,pore,pseudostipule,shape,stem,structure,sympodial,texture,tissue,type,wet,width	0.2-1.9,0.6,1-2.5,1-4,1-5,1.2-2.5,1.5-10,1.5-2.6,1.5-3,2-3,2-4,2-4.5,3-15,3-6,3.5-20,5-10,5-6,abaxially,adaxially,apical,apically,branched,cm,coarsely,connate,cyme,dehiscent,dichasial,dichasially,distal,dot,finely,forked,globose,green,green-white,herbaceous,interpetiolar,introrse,light,lighter,long,maturing,medium,mm,monochasial,mucilaginous,odd-pinnate,often,ovoid,perennial,perfect,poricidally,proximal,pubescent,purple,ray,rotate,short,slit,smooth,sometimes,throughout,tuber-bearing,uniform,violet,violet-purple,white,wide,Â¼	0-10,3-6-foliate,lunate,tissue,wet
155	wfo-0001027506	success	213	91	63	69	144	22	60	3	/2,/6,0-60,0.5-1.5,3-10,6-13,acuminate,acute,anther,apex,base,berry,branched,calyx,chartaceous,cm,connivent,cordate,cream,cuneate,dark,densely,elongating,entire,equal,flattened-reniform,flower,fruit,fruiting,green,lateral,leaf,length,lobed,long,lower,margin,marking,mature,maturity,mauve,mm,orange-brown,ovate,pale,per,petiole,poricidal,prickle,purple,reflexed,shrub,simple,small,sometimes,spherical,stellate-pubescent,stem,subentire,surface,tapering,terminal,tip,tree,truncate,twice,way,yellow,young	-20,-3,-7,-7.5,.2,.5,0-1,0-10,0-2,0-6,0.1-0.2-0.3-0.35,0.1-0.3,0.2,0.2-0.3,0.25,0.5-6,0.7-1.3,0.8-1.5,1-2,1-3,1-4,1.2-1.5,1.5-2.2,1.8,1/3,1/6-1/4,10-40,2-3.2,2.2-3.5,2.5-5,2.5-8,3-5,3-6,3.5-5,5-10,5-7,5-merous,6.5-10,7-8,7-9,8-10,9-13,abaxially,acuminat,alyx,ame,andromonoecious,apar,apart,apically,apparently,articulated,bark,becoming,blade,brow,brown,c.,cell,concolorous,curved,diameter,distal,dry,drying,eaf,eed,erect,filament,fine,flattened,free,glabrescent,glabrous,hard,hermaphrodite,heterostylous,infructescence,lengt,lobe,long-styled,longer,lowermost,midpoint,moderately,multangulate,narrow-deltate,nflorescence,occasionally,older,one,open,orange,orolla,oung,outline,pair,pedicel,peduncle,pendulous,pericarp,pit,plant,plurifoliat,porrect,portion,prickl,prickly,primary,raised,ray,reddish,reduced,ruit,scar,sessile,short-styled,smooth,spaced,spreading,stalk,stalked,staminat,stellate,stout,style,tamen,terete,tertiary,time,trichome,tube,unarmed,unit,upper,variously,vary,vein,venation,visible,wide,woody,yellow-green,ympodial	abaxial,adaxial,branching,colour,corolla,form,growth,heteromorphism,inflorescence,na,needle-like,number,orientation,placement,position,seed,shape,staman,symmetry,texture,type,zygomorphy	/2,/6,0-60,0.5-1.5,3-10,6-13,acuminate,acute,base,berry,branched,chartaceous,cm,connivent,cordate,cream,cuneate,dark,densely,elongating,entire,equal,flattened-reniform,fruit,green,lateral,leaf,length,lobed,long,lower,marking,mature,maturity,mauve,mm,orange-brown,ovate,pale,poricidal,purple,reflexed,shrub,simple,small,sometimes,spherical,stellate-pubescent,stem,subentire,surface,tapering,terminal,tip,tree,truncate,twice,way,yellow,young	na,needle-like,zygomorphy
156	wfo-0001027548	success	216	104	71	92	124	12	70	1	0.3-1.2,0.5-2,1,1-1.5,1.5-2,10-12,6-9,acuminate,acute,almost,anther,apex,apical,area,articulated,articulation,axi,base,berry,black,branched,branching,brown,c.,capitate,cm,corolla,dark,dendritic,densely,depressed-elliptic,diameter,dull,ellipsoid,elliptic,entire,filament,flattened-reniform,flower,fruiting,glabrous,globose,green,growth,immature,inflorescence,leaf,leaving,lengthening,lilac,lobed,loosely,lower,many,margin,matte,membranous,mm,narrowly,near,pedicel,peduncle,per,perfect,petiole,pore,poricidal,pubescent,ripe,scattered,simple,slender,slit,stellate,stem,stigma,style,surface,swollen,tapering,terminal,time,tinged,tip,trichome,type,upper,usually,vine,way,white,x	-11.5,.3,0.2,0.5,1-10,1-2.5,1-3.5,1.2,1.5,1.5-2.5,10-50,3-7,4-6,4-8,4.5,5-merou,7-10,8-9,abaxiall,adaxially,ag,along,also,although,alyx,anthesi,apart,apparently,appearing,ark,attenuate,basal,beneath,bent,branch,bu,calyx,cell,conical,connivent,darker,deflexe,deltate,denser,drying,eaf,early,eed,elongate,em,exserted,extending,flexuous,free,geminat,glabrescen,glandular,half,herbarium,ilament,irregularly,lamina,less,like,lobe,lon,long,long-styled,loose,minute,minutely,mixed,new,nflorescence,occasionally,older,orolla,outline,pair,pale,papillae,papillate,papillo,pericarp,pitted,planar,plurifoliate,point,portion,primary,prominent,puberulent,rachi,rectangular,reddish,revolute,ruit,scar,size,small,sometimes,somewhat,spaced,sparse,sparsely,specimen,spreading,strongly,testal,thickened,thin,tiny,transparent,tube,twinin,ud,uniseriate,unit,vary,vein,warty,woody,yellow,ympodial	age,arrangement,colour,form,fruit,length,number,ovary,position,seed,shape,texture	0.3-1.2,0.5-2,1,1-1.5,1.5-2,10-12,6-9,acuminate,acute,almost,apical,area,articulated,axi,base,berry,black,branched,branching,brown,c.,capitate,cm,dark,dendritic,densely,depressed-elliptic,diameter,dull,ellipsoid,elliptic,entire,flattened-reniform,glabrous,globose,green,immature,leaving,lengthening,lilac,lobed,loosely,many,matte,membranous,mm,narrowly,near,perfect,pore,poricidal,pubescent,ripe,scattered,simple,slender,slit,stellate,swollen,tapering,terminal,time,tinged,tip,trichome,usually,vine,way,white,x	age
157	wfo-0001027581	success	200	105	67	75	125	30	52	15	200,>,abaxial,acute,along,anther,apex,articulated,base,berry,branching,broadly,brown,clavate,closely,cm,corolla,dark,densely,diameter,echinoid,ellipsoidal,elliptic,entire,evenly,filament,flattened-reniform,fruiting,globose,golden,green,growth,inflorescence,leaf,length,lobed,long,lower,margin,mm,moderately,multangulate,new,pedicel,peduncle,per,petiole,plane,pore,poricidal,pubescent,purple,reddish,ripe,scar,sessile,short-stalked,shrub,simple,size,small,spaced,sparsely,stellate,stem,stigma,style,surface,terminal,tip,tree,trichome,unevenly,upper,wide	0.2â0.3,0.3,0.3â1,0.5â1,0.5â1.5,1,1.2â1.5,1.3â1.5,1.5,1.5â2,1.5â3,10,100+,10â16,12,12â30,15â20,1â1.5,1â3-rayed,2.5â3,3.5â4.5,3â3.5,4.5â16,4â8,5-merou,6â7,7â10,7â9,8,8â10,9â11,9â9.5,abaxially,adaxial,ag,alyx,anthesi,apar,ark,axe,beneath,branched,brow,bulbous,c.,calyx,clearly,connivent,cup-shaped,deltate,dichasia,discolorous,distally,drying,eaf,eed,erec,exserted,flower,free,glabrescent,glabrous,gradually,greyish,ilament,lamina,largest,lengthening,less,like,lobe,longest,loosely,many,midvei,minute,minutely,mixed,multiseriate,narrowing,near,nflorescence,nodding,older,orolla,pair,papillo,part,perfect,pericarp,pitted,plurifoliate,porrect-stellate,portion,primary,ray,reflexed,rhachi,ruit,scarcely,shiny,slit,smaller,spreading,stalk,stout,tall,tem,thin,time,tube,ud,undersurface,unit,vary,varying,vein,visible,way,weak,whit,woody,yellow,yellowish,ympodial	1-1.5,1-3-rayed,1.2-1.5,1.5-3,12-30,15-20,2.5-3,3-3.5,4-8,4.5-16,7-10,7-9,9-9.5,apart,articulation,bark,bud,colour,dichasial,form,fruit,hair,height,number,ovary,pattern,plant,seed,shape,type	200,>,abaxial,acute,along,articulated,base,berry,broadly,brown,clavate,closely,cm,dark,densely,diameter,echinoid,ellipsoidal,elliptic,entire,evenly,flattened-reniform,globose,golden,green,length,lobed,long,mm,moderately,multangulate,plane,poricidal,pubescent,purple,reddish,ripe,sessile,short-stalked,shrub,simple,small,spaced,sparsely,stellate,surface,terminal,tip,tree,trichome,unevenly,wide	1-1.5,1-3-rayed,1.2-1.5,1.5-3,12-30,15-20,2.5-3,3-3.5,4-8,4.5-16,7-10,7-9,9-9.5,apart,dichasial
158	wfo-0001027584	success	142	134	86	104	38	30	81	5	0.5-1.5-2,0.9-1,0.9-2.5,1-1.2,1.2-1.4,1.5-2,1.5-8,1.6-1.9,10-15,100,11.5-45,2,2-10,3,3-.,4-6,4-7,4.5-20,7-10-16,abruptly,absent,acuminate,anther,anthesi,apex,attenuate,bark,base,becoming,branch,branched,broadly,calyx,cell,cm,conical,corolla,darker,deltate,densely,diameter,ellipsoid,elliptic,filament,flattened,flower,four,fruit,fruiting,glabrous,green,herb,irregular,lamina,lobe,lobed,long,minutely,mm,nearly,open,outer,outline,ovary,ovate,pair,pale,papillate,pedicel,peduncle,per,petiole,pointed,primary,reddish,regularly,reniform,scar,scattered,shrub,single,sinuate,smooth,sparse,sparsely,stem,stigma,striate,stripe,style,surface,tan,testal,thickening,time,trichome,tube,uniseriate,unit,vein,wall,white,without,x	..,.5,0.5-1,2.5-3,8-9,apical,beginning,beneath,brittle,brow,c.,capitat,cucullate,deflexe,dry,eaf,edicel,eed,erec,lower,margin,markedly,narrowly,nflorescence,pericarp,planar,plurifoliat,present,ruit,single-stemmed,small,suffruticose,thin,tip,triangular,tuft,ud,ympdoial	branching,brown,bud,capitate,colour,deflexed,erect,flowering,form,glabrousnes,growth,habit,height,inflorescence,leaf,length,number,orientation,papillation,plant,plurifoliate,presence,seed,shape,size,striation,structure,sympodial,texture,venation	0.5-1.5-2,0.9-1,0.9-2.5,1-1.2,1.2-1.4,1.5-2,1.5-8,1.6-1.9,10-15,100,11.5-45,2,2-10,3,3-.,4-6,4-7,4.5-20,7-10-16,abruptly,absent,acuminate,anthesi,attenuate,base,becoming,branched,broadly,cell,cm,conical,darker,deltate,densely,ellipsoid,elliptic,flattened,flower,four,glabrous,green,herb,irregular,lamina,lobed,long,minutely,mm,nearly,open,outer,outline,ovate,pair,pale,papillate,pointed,primary,reddish,regularly,reniform,scar,scattered,shrub,single,sinuate,smooth,sparse,sparsely,striate,stripe,surface,tan,time,trichome,uniseriate,vein,wall,white,without,x	brown,capitate,deflexed,erect,plurifoliate
159	wfo-0001027600	success	183	140	99	114	69	26	98	1	-10,0.5-1,0.5-1.5,1,1-14,1-2,1-4,1-5,1.5-2,10-15-25,10-20,2-11,2-18,2-3,2-4,2-4.5,2-5,2-6,2.5-21,20-30,3-15,3-5,3-5-lobed,3-6,4-6,8-17,abaxially,abruptly,acuminate,acute,adaxial,adpressed,apex,apical,apiculate,basal,base,calyx,campanulate,cm,concave,connective,cordate,coriaceous,cuneate,deltate,densely,diameter,directed,distally,ellipsoidal,entire,exceeding,fading,flattened,flower,forked,fruit,glabrescent,glabrous,gland,greenish-white,laterally,leaf,leaving,lobe,lobed,long,margin,mature,minutely,mm,moderately,narrowed,oblong,obtuse,occasionally,older,orange,ovoid,pedicel,pedicellar,peduncle,petiole,pilose,pinnately,pore,puberulent,purple,purplish,rachi,radiu,rarely,remnant,rounded,shorter,simple,slightly,stigma,style,subcoriaceous,thecae,tip,tree,truncate,two,unbranched,unit,unlobed,white,x,yellow,yellow-green,young	1.5-2.5-3,1/2-3/4,2-3.5,2.5-6,4-foliat,5-13,absen,absent,adaxially,aggregate,along,apart,ape,articulated,axe,beyond,blade,brow,cell,channe,collection,cream,dilated,divided,eaf,eed,elliptic,especially,except,exserted,fleshy,glandular-puberulent,lon,lower,main,midrib,nflorescence,nther,obconical,orolla,ovate,papillose,perfect,pilo,puberulen,puberulence,pubescent,ruit,sinus,small,somewhat,spaced,sparsely,stamen,stone,strongly,surface,tal,tem,time,tomento,triangular,tube,ud,vary,vein,wide,yellowish,ympodial	4-foliate,abaxial,anther,articulation,branching,bud,colour,corolla,form,growth,hair,height,inflorescence,length,ovary,plant,seed,shape,spacing,stem,structure,sympodial,texture,theca,type,width	-10,0.5-1,0.5-1.5,1,1-14,1-2,1-4,1-5,1.5-2,10-15-25,10-20,2-11,2-18,2-3,2-4,2-4.5,2-5,2-6,2.5-21,20-30,3-15,3-5,3-5-lobed,3-6,4-6,8-17,abaxially,abruptly,acuminate,acute,adpressed,apex,apical,apiculate,basal,base,campanulate,cm,concave,cordate,coriaceous,cuneate,deltate,densely,directed,distally,ellipsoidal,entire,exceeding,fading,flattened,forked,glabrescent,glabrous,gland,greenish-white,laterally,leaving,lobe,lobed,long,mature,minutely,mm,moderately,narrowed,oblong,obtuse,occasionally,older,orange,ovoid,pedicellar,pilose,pinnately,puberulent,purple,purplish,rarely,remnant,rounded,shorter,simple,slightly,style,subcoriaceous,thecae,tip,tree,truncate,two,unbranched,unlobed,white,x,yellow,yellow-green,young	4-foliate
160	wfo-0001027607	success	167	143	106	118	49	25	104	2	.1,.25,.5,0.5,0.5-1,0.8-1,1-4,1.2-1.5,1.5-3,2-2.5,2-3,2-4,2.5-3,3-3.5,3/4,4-10-flowered,5-10,5-7,8-9,acuminate,acute,age,anther,anthesi,apex,arching,area,aspect,bark,basal,base,becoming,berry,branch,calyx,cm,corky,corolla,curling,decurrent,dia,ellipsoid,elliptic,elongate,erect,evenly,except,exserted,f,filament,flattened,fruiting,geminate,gently,giving,glabrate,glabrous,globose,golden,green,lateral,leaf,less,like,lobed,long,lower,main,midrib,minute,minutely,mm,narrowly,non-reproductive,obovoid,occasionally,older,opposite,ovary,ovoid-reniform,pagoda-like,pair,papillose,pedicel,petiole,pitted,plant,pore,poricidal,present,prominent,raised,rarely,reddish-brown,scar,shaped,shrub,soon,spaced,stem,stigma,style,surface,tapering,tear-drop,tip,treelet,trichome,tube,unifoliate,uniseriate,unit,vein,way,white,widened,winged,yellowish	0.25-0.5,1,apar,ba,branche,brown,dark,deflexed,deltoid,densely,dry,eaf,edicel,eed,filiform,free,lamina,lenticellat,lobe,lon,m.,material,middle,narrow,nflorescence,portion,pubescent,reflexed,ruit,short,simple,slender,slight,slightly,small,straight,strongly,styl,tall,tan,tub,ud,widening,widest,woody,x,ympodial,young,zig-zag	apart,branching,bud,colour,diameter,exsertion,flower,form,fruit,growth,height,inflorescence,length,lenticellate,number,pattern,position,pubescence,seed,shape,structure,sympodial,texture,venation,width	.1,.25,.5,0.5,0.5-1,0.8-1,1-4,1.2-1.5,1.5-3,2-2.5,2-3,2-4,2.5-3,3-3.5,3/4,4-10-flowered,5-10,5-7,8-9,acuminate,acute,age,arching,area,aspect,basal,base,becoming,berry,branch,calyx,cm,corky,curling,decurrent,dia,ellipsoid,elliptic,elongate,erect,evenly,except,exserted,f,flattened,geminate,gently,giving,glabrate,glabrous,globose,golden,green,lateral,leaf,less,like,lobed,long,lower,main,midrib,minute,minutely,mm,narrowly,non-reproductive,obovoid,occasionally,older,opposite,ovoid-reniform,pagoda-like,pair,papillose,petiole,pitted,plant,pore,poricidal,present,prominent,raised,rarely,reddish-brown,shaped,shrub,soon,spaced,stem,style,tear-drop,tip,treelet,trichome,tube,unifoliate,uniseriate,vein,way,white,widened,winged,yellowish	apart,lenticellate
161	wfo-0001027618	success	201	109	78	88	113	21	76	2	-pubescent,1-13,1-14,1-23,1-3,1-5,11-pinnate,15-35,3-30,3-5,3-7-pinnate,4,6-40,8-35,abaxially,adaxially,also,apart,apex,articulated,base,blade,branched,bud,campanulate,capitate,chartaceous,cm,compound,connective,cordate,cuneate,cylindrical,densely,diameter,dilated,directed,distally,ellipsoidal,elliptic-ovate,flower,fruit,fusiform,glabrous,globose,greenish,laterally,leaf,length,long,margin,membranaceous,minutely,mm,near,oblong,obtuse,orange,ovate,pedicel,peduncle,per,pilose,pinnately,pore,puberulent,puberulent-pubescent,pubescent-pilose,purple,rachi,reticulate,ripe,shrub,simple,slightly,sometimes,spaced,sparsely,stigma,style,sympodial,tree,truncate,unbranched,unit,urceolate,white,yellow	-10,0-10,0.5,0.5-1,0.5-6,1,1-1.5,1-2-8.5,1-9,1.4-4,1.5-13,1.5-3,1.5-7,1.5-8.5,11-16,11-22,12-27,15-30,2-11,2-11.5,2-12,2-27,2-5,2-9,2.5-6,3-18,3-7,3.5-6,4-8,5-18,5-20,5-30,5-7.5,5-merous,5.5-12,6-25,7-25,8-16,acuminat,acut,acute,aggregate,alyx,ape,ascending,axe,basal,beyond,cell,darker,deltate,dia,diamete,eaf,eed,elliptic,entire,exceeding,exserted,fleshy,lateral,leaflet,leaving,less,lobe,lon,longitudinal,lower,mesocarp,moderately,nflorescence,nther,obovate,obtu,often,orolla,papillose,pedicellar,perfec,perfect,petiole,petiolule,pilo,presen,puberulent-pilo,pubescent,radiu,ranch,ratio,remnant,rown,ruit,runk,shallowly,shorter,small,somewhat,spreading,stamen,stone,stripe,tal,terminal,thecae,tomentose,triangular,tube,uni,vary,wide,width,without,x	1-8.5,acuminate,anther,arrangement,branching,colour,corolla,crown,form,growth,height,inflorescence,ovary,pattern,plant,seed,shape,size,texture,trunk,type	-pubescent,1-13,1-14,1-23,1-3,1-5,11-pinnate,15-35,3-30,3-5,3-7-pinnate,4,6-40,8-35,abaxially,adaxially,also,apart,apex,articulated,base,branched,campanulate,capitate,chartaceous,cm,compound,cordate,cuneate,cylindrical,densely,diameter,dilated,directed,distally,ellipsoidal,elliptic-ovate,flower,fruit,fusiform,glabrous,globose,greenish,laterally,long,membranaceous,minutely,mm,near,oblong,obtuse,orange,ovate,per,pilose,pinnately,puberulent,puberulent-pubescent,pubescent-pilose,purple,reticulate,ripe,shrub,simple,slightly,sometimes,spaced,sparsely,sympodial,tree,truncate,unbranched,unit,urceolate,white,yellow	1-8.5,acuminate
162	wfo-0001027622	success	203	178	133	154	49	24	129	4	.5,0-14,0-16,0.3-10,1,1-10,1-2,1.5-3.5,1.5-4.2,1.6-4.5,12-23,2-25,2-3,2-6,2.5-3.5,3-16,3-4,3-4.5,3.5-11,4-9.5,5-11,6-17,6-7,8-16,8-20,abaxially,acumen,acuminate,acute,adaxially,along,anther,apart,apex,axillary,base,blade,blue,blue-purple,borne,broadly,brownish,bud,cell,chartaceous,ciliate,clavate,cm,condition,connivent,corolla,diameter,digestion,distal,dorsally,drying,edge,elliptic,elliptical,end,enzyme,especially,except,filament,flat,flower,folded,forked,fresh,fruit,generally,glabrescent,glabrous,globose,greatly,green,greenish,hair,half,herb,honeycomb-shaped,interjected,lanceolate,lateral,leaflet,lengthening,light,like,lobe,margin,membranous,middle,midrib,minutely,mm,mottled,narrowly,oblique,odd-pinnate,often,ovate,ovate-lanceolate,ovoid,pair,pale,pedicel,peduncle,pentagonal,perfect,petal,petiole,petiolule,plant,pore,poricidal,proximal,puberulent,pubescent,purple,reduced,removed,rounded,seed,shortly,singly,size,slightly,slit,sometimes,star,stellate,stem,stigma,straight,striped,style,subequal,subglabrous,subtending,terminal,testal,tip,truncate,tube,tuber,typically,unwinged,usually,wall,whitish,wide,wing,x,yellow	1/,4-5,5-merou,ag,alyx,apparently,articulated,axe,berry,capitat,covering,decumben,different,eaf,eed,erect,exceeding,geminat,glabrou,green-white,hair-like,homostylous,living,long,lower,make,mucilaginous,nflorescence,orolla,plurifoliate,population,ruit,seudostipule,spaced,specimen,stamen,ste,stolo,tall,tamen,tem,thick,throughout,tri-,unit,vary,varying,wet,ympodial	1/3,age,arrangement,articulation,branching,calyx,capitate,colour,form,growth,height,inflorescence,leaf,length,number,ovary,position,presence,pseudostipule,shape,spacing,stolon,texture,type	.5,0-14,0-16,0.3-10,1,1-10,1-2,1.5-3.5,1.5-4.2,1.6-4.5,12-23,2-25,2-3,2-6,2.5-3.5,3-16,3-4,3-4.5,3.5-11,4-9.5,5-11,6-17,6-7,8-16,8-20,abaxially,acuminate,acute,adaxially,along,apart,axillary,blue,blue-purple,borne,broadly,brownish,bud,chartaceous,ciliate,clavate,cm,condition,connivent,corolla,digestion,distal,dorsally,drying,elliptic,elliptical,end,enzyme,especially,except,flat,folded,forked,fresh,generally,glabrescent,glabrous,globose,greatly,green,greenish,hair,half,herb,honeycomb-shaped,lanceolate,lateral,lengthening,light,like,margin,membranous,middle,midrib,minutely,mm,mottled,narrowly,oblique,odd-pinnate,often,ovate,ovate-lanceolate,ovoid,pair,pale,pentagonal,perfect,petal,plant,pore,poricidal,proximal,puberulent,pubescent,purple,reduced,removed,rounded,shortly,singly,slightly,slit,sometimes,star,stellate,stem,straight,striped,subequal,subglabrous,subtending,terminal,tip,truncate,typically,unwinged,usually,wall,whitish,wide,wing,x,yellow	1/3,age,capitate,stolon
163	wfo-0001027624	success	189	116	71	95	94	21	70	1	0-7,0.1-0.9,0.3-1,0.5-1.5,1-2,1-3,1-5,1.1-8.4,1.2-2.6,1.3-2.9,1.5-6.6,2.4-4.8,2.9-12,3-10,3-11,4-15.2,4-7,4-8,5-9,6-18.5,9-41,anther,blade,brownish,cell,clavate,cm,condition,corolla,deep,densely,diameter,digestion,drying,elliptic,entirely,enzyme,filament,flower,forked,fresh,fruit,glabrous,globose,green,greenish,hair,herb,homostylous,honeycomb-shaped,interjected,lanceolate,lateral,leaf,leaflet,light,like,lobe,long,mm,moniliform,mottled,odd-pinnate,ovate,ovoid,pair,pedicel,peduncle,pentagonal,petiole,plant,pore,poricidal,pubescent,purple,removed,rotate,seed,short,size,sometimes,stigma,straight,style,terminal,testal,tip,tube,tuber,usually,wall,white,whitish,wide,x	0-3,0.4-3,0.8-5.6,2-20,2-5,2-7,3-4,3-5,5-merou,abaxially,acuman,acumen,acuminate,acute,adaxially,ag,along,alyx,apart,apex,apparently,arranged,articulated,axe,axillary,base,bead,berry,bud,capitat,connivent,considerably,covering,cuneate,decreasing,decumben,decurrent,distal,dorsally,eaf,edge,eed,erect,exceeding,flat,folded,geminat,glabrou,green-white,hair-like,half,larger,leave,lengthening,living,lower,make,middl,mucilaginous,multiple,necklace,nflorescence,onto,orbicular,orolla,perfect,plurifoliate,present,rachi,ruit,sessile,seudostipule,slightly,slit,spaced,specimen,stamen,stolon,subtending,tall,tamen,tem,thick,throughout,toward,tri-,typically,unit,unwinged,vary,wet,widely,yellow,ympodial	abaxial,adaxial,arrangement,branching,calyx,capitate,colour,form,glabrousnes,growth,height,inflorescence,length,ovary,pseudostipule,pubescence,shape,staman,stem,symmetry,texture	0-7,0.1-0.9,0.3-1,0.5-1.5,1-2,1-3,1-5,1.1-8.4,1.2-2.6,1.3-2.9,1.5-6.6,2.4-4.8,2.9-12,3-10,3-11,4-15.2,4-7,4-8,5-9,6-18.5,9-41,brownish,clavate,cm,condition,deep,densely,digestion,drying,elliptic,entirely,enzyme,forked,fresh,glabrous,globose,green,greenish,hair,herb,homostylous,honeycomb-shaped,lanceolate,lateral,leaf,light,like,long,mm,moniliform,mottled,odd-pinnate,ovate,ovoid,pentagonal,poricidal,pubescent,purple,removed,rotate,short,sometimes,straight,tip,usually,wall,white,whitish,wide,x	capitate
164	wfo-0001027626	success	152	98	61	75	77	23	57	4	.3,.5,0.1â0.2,0.2â0.6,0.5-1,0.7â1,1,1.5â8,13â14,2â49,2â5,3â4,3â5,3â55,4â6,5â6,8,9â18,acuminate,along,anther,apex,arrangement,base,chartaceous,clavate,cm,cordate,coriaceous,diameter,distichous,distinct,elliptical,entire,extra-axillary,filament,fleshy,flower,fruit,glabrous,greenish-white,leaf-opposed,liana,line,margin,midvein,minutely,mm,moderately,nearly,oblique,ovate,pair,pedicel,peduncle,petiole,pinnate,possibly,pubescent,rachi,secondary,shrub,somewhat,spindle-shaped,stellate,stigma,style,terminal,trichome,unbranched,unknown,vein,venation,white,x	0.5â1,0.7â2.8,1.3â4.5,1.5â2,14â116,2â3,3â4.5,4.4â11,5-merous,abaxially,accrescen,acute,adaxially,alyx,apar,axe,berry,blade,broadly,c.,calyx,capitat,center,ciliat,climbing,color,densely,distant,eaf,eed,frequently,fruiting,glabrou,immature,lamina,lanceolate,lobe,long,lower,m.,maturity,membranous,mor,nflorescence,nternode,orolla,perfec,petal,plurifoliat,pointed,reflexed,rounded,ruit,sand-punctat,sand-punctate,scandent,scar,seen,shortly,side,simple,slender,spaced,sparsely,ste,tamen,tem,time,tip,truncate,tube,two,unit,vary,wide,wiry-woody,ympodial	abaxial,apart,branching,capitate,colour,corolla,distance,form,growth,height,inflorescence,leaf,length,na,ovary,plant,position,seed,shape,spacing,staman,stem,texture	.3,.5,0.1â0.2,0.2â0.6,0.5-1,0.7â1,1,1.5â8,13â14,2â49,2â5,3â4,3â5,3â55,4â6,5â6,8,9â18,acuminate,along,chartaceous,clavate,cm,cordate,coriaceous,distichous,distinct,elliptical,entire,extra-axillary,fleshy,flower,fruit,glabrous,greenish-white,leaf-opposed,liana,line,minutely,mm,moderately,nearly,oblique,ovate,pair,pinnate,possibly,pubescent,shrub,somewhat,spindle-shaped,stellate,terminal,unbranched,unknown,white,x	apart,capitate,na,stem
165	wfo-0001027630	success	149	98	58	77	72	21	56	2	.2,0.5-1,0.5-1.2,0.5-2,1-5,1.4-1.7,1.5-2,3/4,4-6,5.5-11.2,6-10,8-9,acute,anther,anthesi,apart,apex,bark,base,calyx,ciliate,climbing,cm,corolla,decurrent,deflexed,erose,extreme,filament,fruit,fruiting,glabrate,glabrous,globose,golden,green,hirsute,internodal,lanceolate,lateral,leaf,linear,lobed,long-acuminate,main,margin,minutely,mm,occasionally,opposite,ovary,pair,papillose,pedicel,petiole,pore,pubescent,scar,shaped,shrub,sparsely,stem,stigma,strongly,style,tapering,tear-drop,terminal,tip,trichome,tube,uniseriate,vein,way,white,winged,young	.1,.5,0.05-0.1,1-1.5,2-3,2-6-flowered,also,arising,beginning,berry,blunt,branchlet,broadly,de,deltoid,densely,dia,distinguishable,eaf,edicel,eed,elongat,except,free,globo,immature,indistinct,inflorescenc,irregularly,knob-like,known,lobe,lon,long,lower,middle,midrib,near,nflorescence,novo,older,paler,partially,poricidal,portion,prominent,proximal,puberulent,raised,reflexed,rest,rounded,ruit,seen,simple,slender,spaced,straight,swollen,tall,thickened,ti,ud,ultimate,unifoliat,unit,wide,widest,wing,x,yellowish,ympodial	2-6,colour,diameter,elongate,flower,form,growth,hair,height,inflorescence,length,number,plant,position,shape,spacing,texture,thicknes,type,venation,width	.2,0.5-1,0.5-1.2,0.5-2,1-5,1.4-1.7,1.5-2,3/4,4-6,5.5-11.2,6-10,8-9,acute,apart,base,ciliate,climbing,cm,decurrent,deflexed,erose,extreme,glabrate,glabrous,globose,golden,green,hirsute,internodal,lanceolate,lateral,leaf,linear,lobed,long-acuminate,main,minutely,mm,occasionally,opposite,pair,papillose,pubescent,shaped,shrub,sparsely,strongly,tapering,tear-drop,tip,trichome,uniseriate,vein,way,white,winged	2-6,elongate
166	wfo-0001027661	success	220	104	70	91	129	13	70	0	+,0.5,0.5-1-7,0.5-2,0.6-1.1,0.6-1.5,1-1.5,1-4-15,1.2-6,1.3,1.5,1.5-2,2.5-7,30,4.5-6,6-12,8-10,>,anther,anthesi,articulate,base,berry,branched,bright,cm,column,connivent,cordate,corolla,deeply,dendritic,densely,diameter,ellipsoid,entire,extremely,filament,flattened,fruiting,fused,glabrous,globose,grey,growth,leaf,lobed,long,lower,many,margin,minute,mm,moderately,pale,pedicel,peduncle,per,petiole,pinnatifid,pubescent,purple,red,reniform,ripe,shape,simple,single,size,sparsely,stellate,stem,surface,tan,ternately,tightly,time,trichome,truncate,tube,turbinate,type,uniseriate,upper,variable,vine,violet,white,wide,yellow,yellowish	-10,1-5,2,2.5-3,4-8-celled,40,5-9,5-merou,6-8,6-9,<,abaxially,acuminate,acute,adaxiall,ag,along,alyx,apart,apex,ark,axi,basal,branch,broadly,calyx,capitate,cell,commonly,conical,creeping,denser,density,eaf,eed,elliptic,even,flower,free,gre,green,ground,herbaceous,hue,ilament,irregularly,lamina,lateral,leaf-opposed,leaving,lengthening,like,lobe,long-exserted,markedly,membraneous,minutely,mixture,narrowing,near,new,nflorescence,occasionally,often,older,open,orolla,outline,ovate,pair,papillat,papillate,papillo,peg,pentagonal,perfect,pericarp,pitted,plurifoliat,pointed,pore,poricidal,portion,primary,prominent,pubescen,pubescence,purplish,rachi,rarely,reflexed,ruit,scar,shiny,short,sinus,sleeve,slender,slit,small,spaced,spot,spreadin,spreading,stigma,strongly,style,swollen,tangled,tem,terminal,testa,thin,tip,trailing,triangular,two,ud,underground,unieriate,unit,usually,vary,vein,way,woody,ympodial,zig-za,Â¾	articulation,bark,branching,bud,colour,form,fruit,inflorescence,length,number,seed,texture,width	+,0.5,0.5-1-7,0.5-2,0.6-1.1,0.6-1.5,1-1.5,1-4-15,1.2-6,1.3,1.5,1.5-2,2.5-7,30,4.5-6,6-12,8-10,>,anthesi,articulate,base,branched,bright,cm,column,connivent,cordate,deeply,dendritic,densely,diameter,ellipsoid,entire,extremely,flattened,fused,glabrous,globose,grey,lobed,long,many,minute,mm,moderately,pale,pinnatifid,pubescent,purple,red,reniform,ripe,simple,single,sparsely,stellate,tan,ternately,tightly,time,truncate,turbinate,uniseriate,variable,vine,violet,white,wide,yellow,yellowish	
167	wfo-0001027714	success	248	121	83	105	143	16	80	3	+,.5,0,0.5,0.6-0.7,0.9-1.5,1-1.5,1-1.6,1-2,1.5-2.5,1.5-5,14-16,2-2.5,3-3.5,4.5-5,5,7-20,80,acuminate,acute,almost,anther,apex,articulated,basal,base,berry,branched,bright,brown,calyx,capitate,cm,cordate,corky,corolla,deep,densely,diameter,ellipsoid,elliptic,elongate,entire,filament,flattened,flower,fruit,fruiting,glabrate,glabrous,globose,growth,inflorescence,juicy,leaf,lobe,lower,many,margin,mm,obovate,occasionally,often,ovary,pair,pale,pedicel,peduncle,per,petiole,pinnatifid,pubescent,purple,red,reddish,reniform,seed,shiny,simple,sleeve,small,somewhat,sparsely,stellate-rotate,stem,stigma,style,surface,tangled,time,tiny,tip,trichome,truncate,tube,uniseriate,upper,usually,vine,violet,weak,woody,x,yellow,yellowish	/3,0.4,0.5-0.7,1,1-2-8,1.5-2,1.5-3,2-2.5-4,2.5-4-10,2373.,4-5,5-10,5-6,5-merou,6-7,<,abaxial,abaxially,adaxial,adaxially,age,aid,along,alyx,angle,anthesi,apar,apice,appearance,ark,around,axi,canop,cell,channelled,climbin,confined,conical,connected,connivent,creating,cucullate,cupped,deflexed,dendritic,denser,drying,eaf,eed,enlarged,especially,exserted,fide,fleshy,free,furcate,giving,glabrou,groove,hairy,hanging,ilament,immature,individual,inflated,irregularly,lamina,large,lateral,leaving,lengthening,like,lobed,lon,long,longer,loosely,marginal,mature,mere,minute,minutely,mpodial,nee,new,nflorescence,nodding,older,orolla,otherwise,outline,papillate,papillo,peg,perfect,pericarp,petal,petiolule,pitted,plat,plurifoliat,pore,poricidal,portion,primary,prominent,pubescence,reaching,rectangular,rim,ripe,ruit,scar,showy,similar,slender,slightly,slit,spaced,spreading,strongly,tem,terminal,testa,testal,thecae,thick,thickened,thin,third,tooth,twining,ud,uniformly,unit,vein,visible,wall,way,weight,widest,wing,younger	2-8,2.5-10,arrangement,articulation,bark,branching,colour,form,hair,length,number,plate,shape,texture,type,width	+,.5,0,0.5,0.6-0.7,0.9-1.5,1-1.5,1-1.6,1-2,1.5-2.5,1.5-5,14-16,2-2.5,3-3.5,4.5-5,5,7-20,80,acuminate,acute,almost,articulated,basal,base,berry,branched,bright,brown,capitate,cm,cordate,corky,deep,densely,ellipsoid,elliptic,elongate,entire,flattened,glabrate,glabrous,globose,juicy,lobe,many,mm,obovate,occasionally,often,pair,pale,per,pinnatifid,pubescent,purple,red,reddish,reniform,shiny,simple,sleeve,small,somewhat,sparsely,stellate-rotate,tangled,time,tiny,tip,trichome,truncate,uniseriate,usually,vine,violet,weak,woody,x,yellow,yellowish	2-8,2.5-10,plate
168	wfo-0001027720	success	184	106	63	83	101	23	61	2	0,0.3-5,0.4-0.7,0.5-0.8,0.5-1,0.8-1,1-1.5,1-2,1-3.5,1.5-2,15-25,2-3,2-4,2-7,2-branched,3-13,4-5.5,4-7,7-8,7-9,absent,acute,adult,anther,apex,base,berry,brown,calyx,chartaceous,cm,cuneate,cylindrical,densely,diameter,directed,distally,elliptic,entire,extra-axillary,filament,flattened,flower,fruit,glabrous,globose,green,hair,inflorescence,juvenile,lanceolate,leaf,length,lilac,lobe,margin,minute,mm,oblique,ovate,pale,pedicel,peduncle,per,perfect,petiole,pore,present,prickle,pubescent,rachi,red,shrub,simple,sparsely,stellate,stellate-pubescent,stigma,straight,style,subreniform,tube,yellow	%,.25-0.3,0-15,0.15-0.25,0.25-0.35,0.4-0.8,0.6-1.2,1-locular,13-23,13-35,2-foliate,2.8-3.1,23-35,4-,4.3-15,4.3-7.5,5-merous,6,7-10,8-11,8-16,9-15,abaxially,absen,adaxiall,adaxially,alyx,apparently,articulated,axe,ba,blade,capitat,confined,connivent,deltate,distall,eaf,eed,eglandular,erect,finger,fruiting,geminat,gland-tipped,half,hig,homostylous,incomplete,intepetalar,juicy,lamina,lateral,less,long,loosely,lower,markedly,mature,mesocarp,mid-point,midpoint,midrib,narrowly,nflorescence,notched,orolla,part,perennial,perfec,porrect,ray,rhizomatous,ruit,scarce,septum,sessile,short,slightly,stellae,succulen,surface,tamen,tem,thick,thicker,time,tissue,toward,triangular,unarme,unarmed,unit,upper,vary,white,wide,without,x,yellowi,ympodial	abaxial,adaxial,branching,capitate,colour,corolla,form,growth,height,number,ovary,plant,position,presence,seed,shape,staman,stem,symmetry,texture,thicknes,type,yellowish	0,0.3-5,0.4-0.7,0.5-0.8,0.5-1,0.8-1,1-1.5,1-2,1-3.5,1.5-2,15-25,2-3,2-4,2-7,2-branched,3-13,4-5.5,4-7,7-8,7-9,absent,acute,apex,berry,brown,chartaceous,cm,cuneate,cylindrical,densely,directed,distally,elliptic,entire,extra-axillary,flattened,glabrous,globose,green,hair,inflorescence,lanceolate,lilac,minute,mm,oblique,ovate,pale,per,perfect,present,pubescent,red,shrub,simple,sparsely,stellate,stellate-pubescent,straight,subreniform,yellow	capitate,yellowish
169	wfo-0001027720	success	272	113	86	99	173	14	86	0	.3,.5,.9,0.2â0.4,0.3â0.4,0.7â1.1,1.4â1.9,1.5â2.5,1.5â3.3,1.5â9.0,1.7â2.5,1.8â2.0,10.0,19.7â30.0,2.0,2.5â2.8,2â3,3.7â5.7,4.0â12.6,5.1â18.6,6.5â9.5,9.5â16.0,anther,apex,apical,attachment,attenuate,base,berry,broad-based,calyx,cm,connivent,corolla,dehiscence,densely,developed,diameter,dry,elliptic,flattened-irregular,flattened-orbicular,flattened-reniform,flower,fruit,glabrous,glandular,globose,growth,hair,internode,interpetalar,lavender,leaf,line,long,mature,minute,mm,notched,orange,ovate,pedicel,peduncle,petiole,point,poorly,pore,porrect,portion,prickle,proximal,pubescent,red,sessile,shrub,simple,small,stellae,stellate,stem,stigma,straight,style,subcoriaceous,tall,tissue,tree,tube,twice-branched,violet,white,wide,yellow,yellow-ferruginous,yellow-tan,young,Ã,â4	.0,.04,.2,0,0.1â0.6,0.7â0.9,0.7â1.2,0.8â1.3,0.8â1.9,0.8â2.0,0.9,1.5â1.7,1.5â2.0,1.7â1.8,1.7â2.0,1.9â2.2,1/2,1/3,1/3â1/2,10.8â18.2,12â16,13.0,2.5,2.5â2.9,3.2,3.6,3.9,4.0â18.0,4â5-merou,6â8,8.0,8.0â11.9,8.2â10.5,8.5â9.4,abaxially,acuminate,acute,adaxially,adnate,aequilateral,alyx,anthesi,apiculate,apparently,appearing,armed,articulated,axe,ba,becoming,bilobed,blade,branch,broad,brochidodromous,bud,cancellate,capitate,channel,channeled,colore,concave,congested,conical,cream,crisped,curved,deciduous,dentate,difoliate,distally,dorsally,eaf,eed,either,emerging,endocarp,entire,erect,especially,exocarp,extra-axillary,fertile,filament,filiform,free,geminat,glossy,gradually,heavily,homostylous,hooked,inclined,increasing,intersepalar,juic,juvenile,lamina,large,lateral,least,like,lobe,lon,longer,lower,m.,major,margin,midpoint,midrib,midvein,minor,moderately,narrowly,nearly,nflorescence,oblique,oblong,occasionally,often,orolla,part,per,perforate,porrect-stellate,potentially,presumably,raised,ray,reflexed,rigid,rip,row,ruit,scattered,short,shorter,side,sinus,slightly,soon,sparsely,splitting,spread,stamen,stellate-pubescen,stellate-pubescent,subacute,surface,suture,tamen,tem,thin,time,tip,toward,translucent,triangular,truncate,two,ud,unarmed,upper,vary,vein,wavy,way,weakly,yellow-ferruginou,ympodia,youngest,Â±equal	branching,colour,form,height,inflorescence,length,ovary,plant,seed,shape,size,texture,type,width	.3,.5,.9,0.2â0.4,0.3â0.4,0.7â1.1,1.4â1.9,1.5â2.5,1.5â3.3,1.5â9.0,1.7â2.5,1.8â2.0,10.0,19.7â30.0,2.0,2.5â2.8,2â3,3.7â5.7,4.0â12.6,5.1â18.6,6.5â9.5,9.5â16.0,apex,apical,attachment,attenuate,base,berry,broad-based,calyx,cm,connivent,dehiscence,densely,developed,diameter,dry,elliptic,flattened-irregular,flattened-orbicular,flattened-reniform,flower,fruit,glabrous,glandular,globose,hair,interpetalar,lavender,line,long,mature,minute,mm,notched,orange,ovate,point,poorly,pore,porrect,portion,proximal,pubescent,red,sessile,shrub,simple,small,stellae,stellate,straight,subcoriaceous,tall,tissue,tree,twice-branched,violet,white,wide,yellow,yellow-ferruginous,yellow-tan,young,Ã,â4	
170	wfo-0001027757	success	186	86	54	50	136	36	36	18	12,5,anther,anthesi,base,blue,branching,brown,calyx,campanulate,cm,colour,dark,decurrent,diameter,filament,flattened,flower,fruit,glabrous,globose,irregularly,leaf,lilac,lobed,margin,mm,moderately,oblong,occasionally,ovate,pale,pedicel,peduncle,perennial,petiole,pore,poricidal,pubescent,regularly,rootstock,rotate,shrub,simple,sparsely,tip,unbranched,violet,woody,x	0.2,0.2â0.3,0.3â2.0,0.5,0.6,0.6â1.0,0.7,0â1.4,1.0â1.1,1.0â2.5,1.2â4.0,1.5â1.6,1.5â2.5,1.6â2.4,1.9â2.7,1â1.5,1â11,1â2,1â3,2,2.5,2.5â4,2.5â5.5,2.5â7,2â,2â10,3â12,3â5,4â9,5â,60â100,6â9,7â8,8â16,abaxially,absen,accrescent,acute,adaxiall,adaxially,ag,along,apart,apex,apical,arising,articulated,axe,axillary,ba,basal,blade,borne,cell,chartaceous,clavate,concave,connivent,convex,cylindrical,deeply,densely,directed,distally,eaf,eed,elliptic,entire,equal,erect,erose,fleshy,geminat,glabrescen,glabrou,hair,lanceolate,leafy,lobe,lon,long,longitudinal,lower,m.,multicellular,narrowly,nflorescence,obtuse,often,opening,opposed,orolla,pair,perfect,pitted,plurifoliate,primary,probably,ruit,secondary,serrate,shoot,side,slit,smaller,sometimes,spaced,stigma,stone,straight,style,surface,tall,tamen,tem,thic,thickened,time,toward,tube,unicellular,uniseriate,unit,unknown,vary,white,wide,yellow,ympodial,â19,â2.7,â3.2,â4.0,â5.5,â6,â9	0-1.4,0.3-2.0,1-11,1.0-1.1,1.2-4.0,1.5-1.6,1.5-2.5,2-10,2.5-4,2.5-5.5,3-12,4-9,5-8,6-9,60-100,8-16,corolla,form,growth,height,history,inflorescence,length,life,number,plant,seed,shape,size,spacing,staman,stem,texture,thicknes,type,width	12,5,anthesi,blue,branching,brown,campanulate,cm,dark,decurrent,flattened,fruit,glabrous,globose,irregularly,lilac,lobed,mm,moderately,oblong,occasionally,ovate,pale,perennial,poricidal,pubescent,regularly,rotate,shrub,simple,sparsely,tip,unbranched,violet,woody,x	0-1.4,0.3-2.0,1-11,1.0-1.1,1.2-4.0,1.5-1.6,1.5-2.5,2-10,2.5-4,2.5-5.5,3-12,4-9,5-8,6-9,60-100,8-16,length,width
171	wfo-0001027765	success	163	114	75	85	78	29	69	6	0.8,1,1-10,1-11.5,1-4,1-5,1.5-6,10-13,2-2.5,2-4,2.5-4.2,20-30-44,3-12,3-20,3-5-15-30,5-6,5-8,7-20,abaxially,apical,branched,cell,cm,connate,corolla,covering,cyme,dehiscent,diameter,dichasial,dichasially,distal,filament,flower,glandular,globose,green,hair,hair-like,herbaceous,interjected,introrse,lateral,leaf,leaflet,light,long,make,maturing,mm,monochasial,mucilaginous,odd-pinnate,often,ovoid,pedicel,peduncle,perennial,perfect,petiole,pilose,plant,proximal,seed,short,simple,size,slit,stellate,stigma,straight,style,terminal,testal,thick,throughout,tone,tuber-bearing,unit,violet,wall,white,wide,yellow,Â¼	0-.,1-2,1-2-3-4,2-3,2.5-4,3-6-foliat,5,abaxial,abruptly,acumen,acuminate,acute,apex,apically,apiculate,articulate,base,calyx,cordate,cuneate,digestion,diminishing,dorsally,eaf,ebracteate,edge,eed,elliptic,elliptic-lanceolate,emoval,enzyme,exceeding,flat,folded,forked,generally,globo,green-white,half,honeycomb,living,lobe,lon,lower,lunat,nflorescence,nther,oblique,obtuse,orolla,ovate,ovate-elliptic,ovate-lanceolate,pair,pattern,petiolate,petiolule,plan,poricidally,reveal,rounded,ruit,sessile,seudostipule,side,slightly,specimen,stamen,tal,tem,throughou,tip,toward,truncate,typically,vary,without,ympodial	0-2,3-6-foliate,anther,apicidally,arrangement,articulation,bract,branching,colour,connective,ebbrate,form,fruit,growth,height,inflorescence,length,lunate,number,ovary,pore,pseudostipule,shape,stem,structure,sympodial,type,wet,width	0.8,1,1-10,1-11.5,1-4,1-5,1.5-6,10-13,2-2.5,2-4,2.5-4.2,20-30-44,3-12,3-20,3-5-15-30,5-6,5-8,7-20,abaxially,apical,branched,cell,cm,connate,covering,cyme,dehiscent,dichasial,dichasially,distal,glandular,globose,green,hair,hair-like,herbaceous,introrse,lateral,light,long,make,maturing,mm,monochasial,mucilaginous,odd-pinnate,often,ovoid,perennial,perfect,pilose,proximal,seed,short,simple,slit,stellate,straight,testal,thick,throughout,tone,tuber-bearing,violet,wall,white,wide,yellow,Â¼	0-2,3-6-foliate,apicidally,ebbrate,lunate,wet
172	wfo-0001027807	success	116	101	66	82	34	19	65	1	.5,0-0.2,0.1-1,0.2-0.9,0.9-1,1-1.5,15-30,2-6,abaxially,acuminate,acute,adaxially,apex,attenuate,barely,bark,base,berry,brown,bud,closely,cm,decurrent,deflexed,diameter,dry,drying,elliptic,flattened,flower,fruiting,glabrous,globose,gray,grayish,green,growth,internodal,lanceolate,leaf,leaf-opposed,margin,material,midrib,minutely,mm,narrowly,new,occasionally,overlapping,pair,pale,paler,papillate,pedicel,peduncle,petiole,pitted,plane,primary,prominent,rachi,reddish,reniform,revolute,scar,shrub,simple,slightly,small,somewhat,spaced,sparsely,stem,surface,thickened,tree,vein,visible,white,winged,yellowish	0.2-0.3,0.3-0.4,0.9-2.5,2-5,3.5-9,almost,brittle,deflexe,difoliate,eaf,eed,ellipti,geminat,know,known,maturity,nflorescence,older,ot,papillae,parallel,reddi,reproductive,ruit,seemingly,shoot,slender,ud,unifoliate,unit,usually,x,ympodial,young	arrangement,colour,deflexion,form,fruit,inflorescence,length,na,number,papilla,position,seed,shape,spacing,texture,thicknes,type,visibility,width	.5,0-0.2,0.1-1,0.2-0.9,0.9-1,1-1.5,15-30,2-6,abaxially,acuminate,acute,adaxially,attenuate,barely,base,berry,brown,closely,cm,decurrent,deflexed,dry,drying,elliptic,flattened,glabrous,globose,gray,grayish,green,internodal,lanceolate,leaf,leaf-opposed,material,minutely,mm,narrowly,occasionally,overlapping,pair,pale,paler,papillate,pitted,plane,prominent,rachi,reddish,reniform,revolute,shrub,simple,slightly,small,somewhat,spaced,sparsely,surface,thickened,tree,visible,white,winged,yellowish	na
173	wfo-0001027816	success	187	102	62	87	100	15	61	1	.5,0.5,0.5-1,0.6-0.8,1,1-3,1.2-2,1.5-2,12-14,4-5,<,acuminate,acute,anther,apex,articulated,attenuate,base,becoming,berry,bluish,branched,brown,capitate,cm,corolla,dark,densely,diameter,ellipsoid,entire,filament,flattened,fleshy,flower,fruiting,glabrous,gland-tipped,glandular,globose,growth,inflorescence,lanceolate,lateral,leaf,less,linear,lower,margin,minute,minutely,mm,occasionally,often,orange,patent,pedicel,peduncle,per,perfect,petiole,pitted,pore,poricidal,pubescent,purple,reddish,reniform,several,shrub,simple,sparsely,stellate,stem,stigma,style,surface,terminal,time,tip,trichome,tube,uniformly,uniseriate,upper,variable,x	..,0.2,0.5-2,0.7-1,1-1,1-1.5,1-4,1.8-6,2-2.5,2-4,2/3,3-3.5,3.5-4,5-30,5-merou,6-9,ag,almost,along,alyx,anthesi,apar,ark,axi,calyx,cell,confined,conical,connivent,cupped,dense,drying,eaf,eed,em,erect,exserted,filiform,free,half,ilament,irregularly,leaving,lengthening,like,lobe,lobed,loosely,m.,markedly,new,nflorescence,nodding,older,orolla,pair,papillo,peg,perhaps,pericarp,plant,plurifoliat,portion,primary,prominen,pubescen,rectangular,red,ripe,rounded,ruit,scar,shiny,sleeve,slightly,slit,small,sometimes,somewhat,spaced,sparse,spreadin,spreading,square,testal,thin,triangular,twinin,ud,ultimate,unit,usually,vary,vein,viscous,way,woody,yellowish,ympodial,Â½	articulation,branching,colour,form,fruit,length,number,ovary,papillose,position,pubescence,seed,shape,texture,type	.5,0.5,0.5-1,0.6-0.8,1,1-3,1.2-2,1.5-2,12-14,4-5,<,acuminate,acute,articulated,attenuate,base,becoming,bluish,branched,brown,capitate,cm,dark,densely,ellipsoid,entire,flattened,fleshy,glabrous,glandular,globose,lanceolate,lateral,less,linear,minute,minutely,mm,occasionally,often,orange,patent,perfect,pitted,poricidal,pubescent,purple,reddish,reniform,several,shrub,simple,sparsely,stellate,terminal,time,tip,uniformly,uniseriate,variable,x	papillose
174	wfo-0001027819	success	198	124	87	99	99	25	86	1	0.5-1,1-2,1-4-10,10-50,2-15,2-3-5-lobed,20-35,20-40-100,25-35,3-40,3-5,4,4-10,4-5,5-6,8-10,9-12,acute,adaxially,aggregate,apart,apex,apical,basal,base,branched,cell,cm,concave,connective,cordate,cuneate,cylindrical,deeply,densely,diameter,directed,distally,ellipsoidal,entire,especially,fading,finely,fleshy,flower,forked,fruit,glabrous,globose,green,leaf,length,lobe,lobed,long,margin,mesocarp,mm,moderately,narrowly,near,oblong,obtuse,occasionally,pedicel,peduncle,per,pinnately,pore,probably,protuberance,puberulent,purple,rachi,rarely,rugose,simple,sparsely,stellate,stigma,stone,style,subcoriaceous,sympodial,tree,truncate,two,umbrella-shaped,unbranched,unit,unknown,unlobed,usually,whitish,wide,width,without,yellow,young	1,1-5,1.5-2,10-20,12-21,15-22,16-25,2,2-3,20-25,20-40,22-35,4-15,4-25,5,5-merous,abaxially,also,alyx,ape,apiculat,articulated,axe,ba,beyond,blade,ciliate,color,denser,dia,diamete,dilated,divided,eaf,eed,eglandular,eglandular-pilose,elliptic,elliptic-ovate,equal,exceeding,except,exserted,hair,halfway,leaving,lon,lower,main,midrib,narrow,nflorescence,nther,oblique,obtu,often,orolla,ovate,pedicellar,perfec,perfect,petiole,pilose,present,prominent,puberulen,puberulence,purplish,radiu,ranch,ratio,remnant,ripe,rounded,rown,ruit,runk,shallowly,short-acuminat,shorter,sinus,slightly,small,sometimes,spaced,stamen,strongly,swelling,tal,thecae,toward,triangular,tube,ud,uni,vary,vein,villous,x	anther,arrangement,articulation,branching,bud,colour,corolla,crown,feature,form,growth,height,inflorescence,number,ovary,pattern,plant,position,seed,shape,short-acuminate,size,spacing,texture,trunk	0.5-1,1-2,1-4-10,10-50,2-15,2-3-5-lobed,20-35,20-40-100,25-35,3-40,3-5,4,4-10,4-5,5-6,8-10,9-12,acute,adaxially,aggregate,apart,apex,apical,basal,base,branched,cell,cm,concave,cordate,cuneate,cylindrical,deeply,densely,diameter,directed,distally,ellipsoidal,entire,especially,fading,finely,fleshy,forked,glabrous,globose,green,lobe,lobed,long,margin,mm,moderately,narrowly,near,oblong,obtuse,occasionally,per,pinnately,probably,protuberance,puberulent,purple,rarely,rugose,simple,sparsely,stellate,stone,subcoriaceous,sympodial,tree,truncate,two,umbrella-shaped,unbranched,unit,unknown,unlobed,usually,whitish,wide,without,yellow,young	short-acuminate
175	wfo-0001027834	success	235	91	59	71	164	20	56	3	1-10,2-8,abaxial,accrescent,acute,adaxial,anther,articulated,base,berry,blunt-tipped,branched,branching,calyx,cm,completely,connivent,corolla,covering,cylindrical,deltoid,discolorous,ellipsoid,entire,enveloping,equal,finely,fruit,fruiting,glabrous,globose,granular-tomentose,hair,leaf,lenticular,many,margin,multangulate,obtuse,ovate,ovate-elliptic,pedicel,petiole,pore,poricidal,porrect-stellate,rounded,scabridulous,semi-spherical,shrub,simple,small,soft,sometimes,sparsely,stalked,stellate,stellate-pubescent,stigma,style,subcampanulate,subcoriaceous,time,tip,tree,velutinous-tomentose,white,whitish-tomentose,yellow,yellowish-tan,yellowish-tomentose	.5-3,0-110,0.2-0.3,0.2-0.4,0.2-0.6,0.4-1.1,0.5-2,0.9-1.8,1-1.6,1-1.9,1-2.5,1.1-1.6,1.1-1.8,1.4-2,1.6-2.7,1.8-4.9,1/2,10-25,2-3.8,2.2-4.3,2.3-3.4,2.4-6.2,2.7-7.3,2.9-4.2,25,3-15,3-4.3,4-5.2-6.1,4-6,4.8-6.9,5-20,5-merous,5.1-8,6.9-18.1,9-11.9,9-13,abaxially,absent,acuminate,adaxially,ag,alyx,angled,anthesi,apar,apex,apical,around,attenuate,axillary,ba,bark,becoming,blade,branch,brown,bud,capitat,closely,concentrated,coriaceous,crown,dendritic-echinoi,dendritic-echinoid,densely,diameter,dichasia,directed,distally,drying,eaf,echinoi,echinoid,edge,eed,enclosing,erec,exserted,farinose,filament,flat-topped,fleshy,flower,forming,glabrescent,gray,grooved,high,included,inserted,lengthening,less,light,lobe,lobed,long,long-stalked,longitudinal,longitudinally,lower,mm,mostly,multangulat,near,nflorescence,numerous,obovate,obscured,older,orbicular,orolla,ovate-lanceolate,pair,peduncle,perfec,persistent,plurifoliate,primary,pseudo-terminal,pubescence,pubescent,rachi,rarely,ray,reticulate-punctate,ripe,ruit,runk,scar,semi-ovate,sessile,short,short-stalked,slit,somewhat,spaced,spreading,stamen,stem,surface,suture,tamen,though,tomentose,tomentu,tomentum,toward,trichome,tube,turbinoid,ud,unarme,unit,usually,vary,vein,villous,way,whitish,wide,x,yellowish,ympodial,young	articulation,capitate,colour,dichasial,form,growth,height,heteromorphism,inflorescence,insertion,ovary,pattern,plant,position,pseudoterminally,seed,shape,staman,texture,type	1-10,2-8,accrescent,acute,articulated,base,berry,blunt-tipped,branched,cm,completely,connivent,covering,cylindrical,deltoid,discolorous,ellipsoid,entire,enveloping,equal,finely,fruit,glabrous,globose,granular-tomentose,lenticular,many,multangulate,obtuse,ovate,ovate-elliptic,poricidal,porrect-stellate,rounded,scabridulous,semi-spherical,shrub,simple,small,soft,sometimes,sparsely,stalked,stellate,stellate-pubescent,subcampanulate,subcoriaceous,time,tip,tree,velutinous-tomentose,white,whitish-tomentose,yellow,yellowish-tan,yellowish-tomentose	capitate,dichasial,pseudoterminally
176	wfo-0001027843	success	154	75	39	56	98	19	38	1	.75,0.5-1,0.8-3.5,1-1.2,1-1.3,1-1.5,1.2-2.5,2-2.5,5-6,6-9,anther,apart,base,broadly,calyx,clavate,cm,conical,corolla,densely,ellipsoid,erose,filament,flower,fruiting,glabrous,globose,green,later,leaf,margin,minor,mm,opposite,orbicular,ovary,ovate,pedicel,petiole,pore,pubescent,scar,shape,shaped,shrub,size,somewhat,stigma,style,tear-drop,trichome,tube,uniseriate,white,x,young	.5,/3,0.5-0.75,1.2-1.5,2-4,3-15-flowered,3-6,6-13,acute,along,anthesi,apex,apiculate,ba,bark,bearing,becoming,beginning,beneath,berry,coroll,curly,deflexed,deltoid,denser,dia,differing,difoliate,distally,eaf,edicel,eed,exsertion,free,geminat,glabrate,hairy,impressed,irregularly,known,lamina,larger,lateral,like,lobe,lobed,lon,long,long-acuminate,lower,main,major,middle,minutely,near,nearly,nflorescence,occasionally,older,one,pair,papillo,papillose,pleated,poricidal,portion,prominent,proximal,reddish-gre,reflexed,rounded,ruit,simple,sinus,slender,slightly,spaced,sparsely,sparser,stem,stiff,straight,strongly,surface,tall,tapering,time,tip,tipped,two,ud,unit,vein,way,widest,winged,woody,ympodial	3-15,abaxial,adaxial,bud,colour,diameter,form,fruit,growth,hair,height,inflorescence,length,number,plant,position,spacing,texture,type	.75,0.5-1,0.8-3.5,1-1.2,1-1.3,1-1.5,1.2-2.5,2-2.5,5-6,6-9,apart,base,broadly,clavate,cm,conical,densely,ellipsoid,erose,glabrous,globose,green,later,leaf,mm,opposite,orbicular,ovate,pubescent,shaped,shrub,somewhat,tear-drop,trichome,uniseriate,white,x,young	3-15
177	wfo-0001027847	success	215	96	63	77	138	19	63	0	-5,/3,0.4-1,0.8-0.9,0.8-1.2,1-2,1.9-2.3,1/4,2-2.8,2.2-3,5-25,5-6,5.5-8,almost,anther,base,berry,branched,calyx,chartaceous,cm,connivent,diameter,discolorous,drying,elliptic,elongating,equal,evenly,finely,flattened-reniform,flower,fruit,fruiting,glabrous,gray,green,lateral,leaf,length,lobed,long,margin,maturity,mauve,middle,mm,orange,ovate,per,perpendicular,petiole,pitted,poricidal,prickle,purple,red,red-brown,retrorse,seed,shrub,simple,smooth,spherical,stellate-pubescent,stem,strongly,style,surface,tapering,terminal,tip,upper,way,weakly,white,young	-2.5,-3,-6,.35,.7,/2,0-2,0-7,0.1-0.4,0.15-0.2,0.2,0.5,0.5-0.8,0.5-1,0.8,1-2.5-4,1.5-2,1.5-2.5,1.5-5,1/2,1/6-1/3,2-3,2-4,2-5,2.5-3.5,2/,3-15,3-5,3-6,3.5-6,4-5-merous,6-11,6-8,7-10,abaxially,acute,alyx,ame,apar,apart,apex,apically,apparently,articulated,bark,blade,broadly,brow,c.,cordate,curved,deltate,densely,dimorphic,distance,dull,eaf,edge,eed,erect,extending,faint,filament,filiform,filiform-acuminat,flattened,free,geminate,glabrescent,increasing,infructescence,lobe,lon,longer,lower,mature,midpoint,midvein,minor,moderately,narrow-deltate,nflorescence,older,one,open,orange-brown,orbicular,orolla,oung,pair,pedicel,peduncle,pendulous,perfec,pericarp,pit,plurifoliat,porrect,portion,prickl,prickly,primary,ray,reddish,rounded,ruit,scandent,scar,sessile,side,size,slender,sometimes,spaced,sparsely,spreading,stalk,stalked,stellate,straight,tamen,terete,tertiary,time,toward,trichome,tube,unarmed,unit,usually,variously,vary,vein,venation,visible,wide,yellow,ympodial	abaxial,adaxial,branching,colour,corolla,form,growth,hair,heteromorphism,inflorescence,number,orientation,ovary,position,shape,staman,texture,type,width	-5,/3,0.4-1,0.8-0.9,0.8-1.2,1-2,1.9-2.3,1/4,2-2.8,2.2-3,5-25,5-6,5.5-8,almost,base,berry,branched,chartaceous,cm,connivent,discolorous,drying,elliptic,elongating,equal,evenly,finely,flattened-reniform,glabrous,gray,green,lateral,lobed,long,maturity,mauve,middle,mm,orange,ovate,perpendicular,pitted,poricidal,purple,red,red-brown,retrorse,seed,shrub,simple,smooth,spherical,stellate-pubescent,stem,strongly,tapering,terminal,tip,upper,way,weakly,white,young	
178	wfo-0001027872	success	190	71	39	49	141	22	36	3	1,1-8,1.0-1.3,12-35,15,2,2.2-3.5,20,35,5-7,5-8,6-20,branched,ca,calyx,cm,connate,cyme,deep,dehiscent,diameter,dichasially,flower,glandular-pubescent,globose,gray-green,green,hair-like,herbaceous,lanceolate,lateral,light,mm,odd-pinnate,ovoid,pedicel,peduncle,perfect,plant,poricidally,purple,rhizomatous,rhizome,rotate,seed,shape,type,wall,yellowish-green	0.5,1-1.2,1-4,1.5-4,10,2-3,2.8,3-6-foliat,4-6,5-10,5-lobed,8-11,abaxially,acumen,acuminate,acute,adaxially,angular,apex,apical,apically,apiculate,articulate,b,ba,basal,base,becoming,caudate,cell,celled,clasping,commonly,cordate,covering,cuneate,decreasing,densely,dichasial,digestion,distal,eaf,ebracteate,eed,elliptic,emoval,enzyme,erect,exceeding,externally,filament,forked,four-celled,generally,glabrescent,gland,glandular,globo,green-white,half,homogeneously,honeycomb,interjected,introrse,leaflet,living,lobe,lon,long,longer,lower,make,maturing,middle,moderately,monochasial,mottled,mucilaginous,narrowly,nearly,nflorescence,nther,obliquely,oblong,often,orolla,ovate,pair,pattern,pentagonal,perennial,petiolate,petiolulate,petiolule,puberulent,pubescent,purpl,rarely,reduced,reveal,rotate-,rounded,ruit,semi-lunate,sessile,seudostipule,short,single,size,slightly,slit,sometimes,somewhat,specimen,stamen,ste,stigma,straight,style,subequal,symmetrically,tem,terete,terminal,testal,thick,tinged,tip,trailing,typically,unbranched,uniformly,unit,usually,vary,viole,wid,wide,wider,yellow,ympodial	anther,arrangement,branching,colour,corolla,form,fruit,glandularity,growth,height,inflorescence,leaf,length,modification,number,pore,present,pseudostipule,rotate-pentagonal,stem,violet,width	1,1-8,1.0-1.3,12-35,15,2,2.2-3.5,20,35,5-7,5-8,6-20,branched,ca,cm,connate,cyme,deep,dehiscent,dichasially,glandular-pubescent,globose,gray-green,green,herbaceous,lanceolate,light,mm,odd-pinnate,ovoid,perfect,poricidally,purple,rhizomatous,rotate,yellowish-green	present,rotate-pentagonal,violet
179	wfo-0001027880	success	185	117	89	101	84	16	87	2	.25,0.3-3,0.5-5,0.6-1,0.6-1.5,0.8-1.5,1-14,1-15,1-2,1-3,1.5-2,1.5-3,10-15,2-3,2-80,4-10,4-6,abaxially,acuminate,acute,adaxially,along,anther,apex,apiculate,blade,calyx,clavate,cm,conical,coriaceous,cylindrical,densely,diameter,discolorous,entire,epiphytic,extra-axillary,flattened,flower,fruit,glabrous,globose,green,greenish,hair,inflorescence,leaf,leaf-opposed,longitudinal,lower,margin,midvein,minutely,mm,multicellular,nearly,node,oblong,oblong-ovate,occasionally,opening,ovate,ovoid,pale,papillose,pedicel,peduncle,petiole,pink,pore,pubescent,purple,rachi,red-brown,reddish,revolute,ripe,rooting,rounded,rugulose,shrub,simple,size,slightly,slit,sometimes,somewhat,sparsely,stellate,stigma,style,surface,tan,truncate,unbranched,undulate,uniseriate,vine,white,x	-3,0.5-1.5,0.5-1.5-3.5,1-2.5,2/,3-4,5-11,5-8,5-merou,8,absen,accrescen,ag,aggregate,alyx,apart,apparently,articulated,axe,ba,base,branch,branching,cell,chartaceous,ciliat,connivent,contiguously,cordate,curled,deltate,dense,diminishing,directed,distally,distichous,distinct,distinctly,eaf,eed,equal,filament,fruiting,geminat,growing,increasing,internode,line,lobe,long,longer,nflorescence,oblique,often,orolla,pair,perfect,plurifoliate,point,pubescen,ruit,scar,secondary,slender,spaced,ste,stone,tamen,tem,thickened,time,tip,trailing,tree,trunk,tube,typically,unit,usually,vary,vein,wide,yellow,ympodial	2/3,age,arrangement,colour,corolla,form,growth,habit,length,number,ovary,seed,shape,staman,stem,texture	.25,0.3-3,0.5-5,0.6-1,0.6-1.5,0.8-1.5,1-14,1-15,1-2,1-3,1.5-2,1.5-3,10-15,2-3,2-80,4-10,4-6,abaxially,acuminate,acute,adaxially,along,apiculate,blade,clavate,cm,conical,coriaceous,cylindrical,densely,diameter,discolorous,entire,epiphytic,extra-axillary,flattened,flower,fruit,glabrous,globose,green,greenish,leaf,leaf-opposed,longitudinal,lower,margin,midvein,minutely,mm,multicellular,nearly,node,oblong,oblong-ovate,occasionally,opening,ovate,ovoid,pale,papillose,pink,pubescent,purple,red-brown,reddish,revolute,ripe,rooting,rounded,rugulose,shrub,simple,slightly,slit,sometimes,somewhat,sparsely,stellate,tan,truncate,unbranched,undulate,uniseriate,vine,white,x	2/3,age
180	wfo-0001027880	success	170	86	57	70	100	16	56	1	0.5,0.5â1.5,0.6â1.5,0.8â1.5,1.5â2,1.5â3,10â15,1â14,1â15,2â3,4â10,5-merous,absent,anther,arrangement,base,bluish-purple,calyx,chartaceous,cm,conical,cordate,coriaceous,densely,diameter,distichous,entire,extra-axillary,filament,flattened,flower,fruit,glabrous,globose,greenish,leaf,leaf-opposed,longer,margin,mm,mottled,nearly,oblique,oblong-ovate,often,ovate,ovoid,pedicel,peduncle,petiole,pink,pubescent,rachi,red,reddish-brown,revolute,rugulose,shrubby,slightly,sometimes,stellate,surface,trichome,truncate,unbranched,undulate,vine,white,x,â3.5	.25,0.2-0.5,0.3â3,0.5â5,0.6â1,1â2,1â2.5,1â3,2-80,2/3,3â4,4â6,5â11,5â8,8,abaxially,accrescen,acuminate,acute,adaxially,along,alyx,apar,apex,apiculate,axe,berry,blade,c.,capitat,ciliat,clavate,climbing,contiguously,curled,cylindrical,deltate,dense,discolored,distinct,distinctly,eaf,eed,fruiting,green,hair,lanceolate,line,lobe,long,lower,m.,membranous,midvein,minutely,nflorescence,nternode,occasionally,orolla,pair,pale,papillose,perfec,pinnate,plurifoliat,reddish,rip,rounded,ruit,sand-punctat,sand-punctate,scar,secondary,simple,slender,somewhat,spaced,sparsely,ste,stigma,style,tamen,tan,tem,thickened,time,tip,tree,trunk,tube,typically,uniseriate,unit,vary,vegetatio,vein,venation,wide,woody,ympodial	branching,colour,corolla,form,growth,inflorescence,internode,length,merosity,position,ripe,seed,shape,staman,stem,texture	0.5,0.5â1.5,0.6â1.5,0.8â1.5,1.5â2,1.5â3,10â15,1â14,1â15,2â3,4â10,5-merous,absent,bluish-purple,chartaceous,cm,conical,cordate,coriaceous,densely,distichous,entire,extra-axillary,flattened,flower,fruit,glabrous,globose,greenish,leaf-opposed,longer,mm,mottled,nearly,oblique,oblong-ovate,often,ovate,ovoid,pink,pubescent,red,reddish-brown,revolute,rugulose,shrubby,slightly,sometimes,stellate,truncate,unbranched,undulate,vine,white,x,â3.5	ripe
181	wfo-0001027881	success	214	92	62	68	146	24	55	7	acute,anther,apex,articulated,asymmetric,attenuate,base,berry,blackish,chartaceous,ciliate,cm,connivent,cordate,cordiform,densely,drying,eglandular,entire,erect,extra-axillary,filament,flattened,flower,fruit,giving,glabrous,glandular,globose,greenish,groove,hair,herb,immature,impression,introrsely,lateral,leaf,light-brown,long,lower,margin,maturity,membranaceous,mm,moderately,multicelled,netlike,ovate-elliptic,parallel,pedicel,petiole,pore,projection,pubescent,raised,reniform,rotate,seed,simple,staman,stem,subapically,subopposite,surface,translucent,unbranched,white	.3â0.5,0.5â2.2,0.8â1.5,1-celled,1.3â2,1.8â2.9,10â25,1â2,1â2-celled,1â2.5-3,1â2.6,1â3,1â3-celled,1â4,2.5â3.6,20â40,2â4,2â6,2â7,4â6,4â9.5,5,5-merous,6â10,7â14,7â9,8,abaxially,absent,abundant,accrescent,acuminate,adaxiall,adaxially,almost,alyx,appressed,axe,ba,barely,blade,bulge,calyx,camptodromous,capitat,case,central,closely,commonly,connected,contiguous,curved,cylindrical,decurrent,dehiscing,denser,diameter,difoliate,directed,dorsally,eaf,ed,emarginate,emerging,equal,exceeding,exclusively,explosively,eye,few-,fewer,forming,frequent,geminate,half,held,hollow,interpetalar,larger,less,like,lobe,longer,longitudinal,mainly,many-branched,maturit,mesocarp,mixed,much,multicellular,naked,near,nflorescence,normally,one,opening,orolla,other,pair,part,peduncle,per,perfec,placenta,pressure,primary,prominent,pubescence,rachi,ruit,secondary,sessile,short,side,similar,size,slightly,slit,small,smaller,solitary,sometimes,sparsely,stalk,stamen,stigma,style,tal,tamen,tem,tissue,triangular,tube,two,unit,vary,vein,venation,visible,watery,winged,woody,yellow,ympodial,Ã	0.5-2.2,1-2,1-2-celled,1-4,4-6,4-9.5,arrangement,articulation,branching,colour,corolla,form,growth,inflorescence,length,number,position,prickle,shape,symmetry,texture,trichome,type,zygomorphy	acute,articulated,asymmetric,attenuate,base,berry,blackish,chartaceous,ciliate,cm,connivent,cordate,cordiform,densely,drying,eglandular,entire,erect,extra-axillary,flattened,giving,glabrous,glandular,globose,greenish,groove,hair,herb,immature,impression,introrsely,lateral,leaf,light-brown,long,margin,maturity,membranaceous,mm,moderately,multicelled,netlike,ovate-elliptic,parallel,projection,pubescent,raised,reniform,rotate,simple,subapically,subopposite,translucent,unbranched,white	0.5-2.2,1-2,1-2-celled,1-4,4-6,4-9.5,zygomorphy
182	wfo-0001027882	success	183	145	104	123	60	22	99	5	.25,.5,0.5-1,1-1.5,1.5-2,1.5-2.2,1.5-6,2-3,2-6,2-lobed,2.1-2.6,2.5-3,3-4,3.5-4,3.5-5,4-5,6-9,9-13,acuminate,age,anther,apart,apex,apparently,appearing,attenuate,bark,base,berry,branch,branched,branching,broadly,brown,c.,calyx,clavate,cm,completely,conical,corolla,cucullate,dark,deltate,densely,diameter,difoliate,elliptic,entire,erect,exerted,filament,flattened,flower,fork,fruiting,fusiform,glabrous,globose,green,growth,hairy,hooked,inflorescence,irregularly,leaf-opposed,lengthening,less,lobe,lobed,margin,maturity,minutely,mm,new,occasionally,ovary,ovoid,pair,pale,papillate,pedicel,perfect,petiole,pitted,plane,pointed,pore,poricidal,primary,pulp,rachi,reddish,reniform,scar,shiny,shrub,simple,slit,small,sometimes,spaced,sparse,sparsely,stem,sticky,stigma,strongly,style,surface,sweet-scented,time,tip,tree,trichome,tube,uniseriate,unit,vein,way,white,x,yellow	0.1,06a,1,1-5,1.5-3-4,1.5-3.2-6,1.6-2.2,10-40,7-10-25,abaxially,absent,adaxially,along,anthesi,axil,caly,dense,dry,drying,eaf,eed,et,fide,free,geminat,glabrou,hollow,junction,kallunki,lamina,lower,markedly,midrib,nflorescence,nodding,papillat,paulo,peduncle,penden,planar,population,portion,rarely,red-papillat,ruit,shattering,slender,specimen,stout,straight,structurally,swollen,sÃ£o,thickened,tuft,ud,usually,woody,yellowish,ympodial	1.5-4,10-25,3.2-6,abaxial,adaxial,bud,colour,form,fruit,geminate,leaf,length,position,red-papillate,scent,seed,shape,size,structure,sympodial,texture,type	.25,.5,0.5-1,1-1.5,1.5-2,1.5-2.2,1.5-6,2-3,2-6,2-lobed,2.1-2.6,2.5-3,3-4,3.5-4,3.5-5,4-5,6-9,9-13,acuminate,age,apart,apex,apparently,appearing,attenuate,base,berry,branch,branched,broadly,brown,c.,calyx,clavate,cm,completely,conical,cucullate,dark,deltate,densely,diameter,difoliate,elliptic,entire,erect,exerted,flattened,fork,fusiform,glabrous,globose,green,hairy,hooked,irregularly,leaf-opposed,lengthening,less,lobed,margin,maturity,minutely,mm,occasionally,ovoid,pair,pale,papillate,perfect,pitted,plane,pointed,poricidal,rachi,reddish,reniform,shiny,shrub,simple,slit,small,sometimes,spaced,sparse,sparsely,sticky,strongly,surface,sweet-scented,time,tip,tree,trichome,uniseriate,way,white,x,yellow	1.5-4,10-25,3.2-6,geminate,red-papillate
183	wfo-0001027889	success	151	128	89	100	51	28	85	4	-2.5,-pubescent,.5,0.5-1,0.5-11,0.7-2,1,1-10,1-3.5,1.5,10-12,10-20,10-30,2-20,3-4,3-8,3-9,abaxially,acute,acute-acuminate,adaxially,apex,apiculate,basal,base,calyx,chartaceous,cm,connective,connivent,cylindrical,darker,deltate,densely,diameter,dilated,directed,distally,eglandular-puberulent,eglandular-pubescent,elliptic,entire,equal,exceeding,finely,flower,fruit,glabrous,glandular-,green,greenish,immature,introrse,laterally,leaving,length,light,lobe,long,longitudinal,margin,mm,moderately,oblong,ovate,ovoid,pedicel,pedicellar,peduncle,petiole,pore,probably,puberulent,puberulent-pubescent,rachi,radiu,remnant,ripe,shrub,simple,slightly,somewhat,sparsely,stellate,stigma,stripe,style,subcordate,subcoriaceous,thecae,tip,tree,truncate,unbranched,unit,unknown,violet,white,x,yellowish	.5-2,0,1-3,1.5-2,2-3,4-foliat,5-10,acuminate,aggregate,apart,ape,articulated,axe,beyond,blade,capitat,cell,color,eaf,eed,exserted,extending,lon,lower,narrow,nflorescence,nther,orolla,perfect,presen,present,puberulen,puberulent-pubescen,ruit,small,spaced,stamen,stone,swelling,tal,tem,time,tomento,tomentose,triangular,tube,ud,vary,wide,yello,ympodial	4-foliate,anther,articulation,branching,bud,capitate,colour,corolla,form,growth,hair,height,inflorescence,leaf,na,number,ovary,plant,seed,shape,size,stem,structure,sympodial,texture,theca,type,yellow	-2.5,-pubescent,.5,0.5-1,0.5-11,0.7-2,1,1-10,1-3.5,1.5,10-12,10-20,10-30,2-20,3-4,3-8,3-9,abaxially,acute,acute-acuminate,adaxially,apex,apiculate,basal,base,chartaceous,cm,connivent,cylindrical,darker,deltate,densely,dilated,directed,distally,eglandular-puberulent,eglandular-pubescent,elliptic,entire,equal,exceeding,finely,fruit,glabrous,glandular-,green,greenish,immature,introrse,laterally,leaving,light,lobe,long,longitudinal,mm,moderately,oblong,ovate,ovoid,pedicellar,probably,puberulent,puberulent-pubescent,remnant,ripe,shrub,simple,slightly,somewhat,sparsely,stellate,stripe,subcordate,subcoriaceous,thecae,tip,tree,truncate,unbranched,unknown,violet,white,x,yellowish	4-foliate,capitate,na,yellow
184	wfo-0001027901	success	156	91	56	77	79	14	56	0	.25,.5,0.3-1.2,0.5-1,0.8-1,0.8-2,0.9-2.3,1-1.5,1-2.5,1.5-1.8,1.8-4.5,2.5-3,3-5,4-5,4.7-12,abaxial,abaxially,acuminate,acute,adaxially,anther,anthesi,apex,area,attenuate,base,broadened,cm,corolla,direction,elliptic,filament,firm,fleshy,fruiting,glabrous,globose,inflorescence,leaf,lobed,major,matrix,minor,minutely,mm,nearly,opposite,orbicular,oriented,ovary,ovoid-reniform,papillose,pedicel,petiole,pore,pubescent,rounded,shape,shaped,shiny,shrub,simple,single,size,stigma,style,swollen,tear-drop,tip,translucent,trichome,tube,uniseriate,usually,white,x,yellow	1-2,4-10-flowered,6-7,?,ba,bark,beneath,berry,bright,brow,brown,calyx,closely,conical,curled,dark,deflexed,densely,dia,differing,difoliate,dry,drying,eaf,edicel,eed,ellipsoid,exserted,free,fresh,geminat,green,imbedded,immature,keeled,later,lateral,like,lobe,lon,long,lower,main,material,middle,midrib,nflorescence,older,overlappin,pair,papillo,pitted,planar,poricidal,portion,prominently,reddish,reflexed,rest,ripe,ruit,scar,slender,spaced,sparsely,stem,straight,strongly,surface,tall,triangular,tub,ud,unit,vein,widest,woody,ympodial,young	apical,colour,diameter,form,fruit,growth,height,length,orientation,plant,position,seed,texture,type	.25,.5,0.3-1.2,0.5-1,0.8-1,0.8-2,0.9-2.3,1-1.5,1-2.5,1.5-1.8,1.8-4.5,2.5-3,3-5,4-5,4.7-12,acuminate,acute,area,attenuate,base,broadened,cm,direction,elliptic,firm,fleshy,glabrous,globose,leaf,lobed,minutely,mm,nearly,opposite,orbicular,oriented,ovoid-reniform,papillose,pubescent,rounded,shaped,shiny,shrub,simple,single,style,swollen,tear-drop,tip,translucent,trichome,uniseriate,usually,white,x,yellow	
185	wfo-0001027902	success	128	105	65	81	47	24	65	0	-2.5,0.5-1,1-1.5,1-6,10-20,15-30,2,2-12,2-15,2-3,2-8,2-9,20-50,3-4,3-5,4-25,4-5,5-20,6-37,7-9,acute,angled,apart,apex,base,branched,calyx,chartaceous,cm,cordate,cylindrical,deeply,densely,diameter,distally,eglandular,entire,flower,forked,fruit,glandular,globose,hair,inflated,lobe,long,margin,mm,moderately,narrowly,obtuse,ovate,pedicel,pedicellar,peduncle,petiole,pore,puberulent,pubescent,purple,purplish,rachi,radiu,remnant,shrub,simple,small,sparsely,stellate,stigma,style,subcoriaceous,tree,triangular,truncate,unbranched,unknown,usually,whitish,x,yellow	1-2,1.5-3,10-15,3-foliat,8-13,abaxially,absen,acuminate,adaxiall,adaxially,aggregate,articulated,axe,blade,cell,color,connivent,directed,distall,eaf,eed,glabrous,leaving,like,lon,lower,nearly,nflorescence,nther,orolla,pubescen,reticulate,ripe,ruit,spaced,ste,stone,tal,tem,time,tip,truncat,tube,unit,vary,wide,ympodial	abaxial,adaxial,anther,arrangement,articulation,branching,colour,corolla,direction,form,growth,height,inflorescence,leaf,length,ovary,plant,reticulation,seed,shape,size,spacing,stem,texture	-2.5,0.5-1,1-1.5,1-6,10-20,15-30,2,2-12,2-15,2-3,2-8,2-9,20-50,3-4,3-5,4-25,4-5,5-20,6-37,7-9,acute,angled,apart,base,branched,chartaceous,cm,cordate,cylindrical,deeply,densely,distally,eglandular,entire,forked,glandular,globose,hair,inflated,long,margin,mm,moderately,narrowly,obtuse,ovate,puberulent,pubescent,purple,purplish,shrub,simple,small,sparsely,stellate,subcoriaceous,tree,triangular,truncate,unbranched,unknown,usually,whitish,x,yellow	
186	wfo-0001027929	success	193	125	90	101	92	24	87	3	1,1-4,1-8,1.0-1.3,10,2,2-3,2.0-3.0,20,3.5-5,35,4-30,4-5,4-6,acuminate,acute,along,angular,apex,apical,apically,base,branched,cell,cm,coat,connate,cordate,corolla,covering,cuneate,cyme,deep,dehiscent,diameter,dichasial,dichasially,distal,elliptic,except,filament,flower,forked,generally,glabrous,globose,green,hair,hair-like,half,herbaceous,interjected,introrse,lanceolate,lateral,leaflet,make,maturing,middle,mm,monochasial,mucilaginous,narrowly,nearly,obliquely,occasional,odd-pinnate,often,ovate,ovoid,pair,perennial,petiolule,plant,poricidally,puberulent,purple,rhizomatous,rhizome,rotate,rounded,seed,shape,short,size,slightly,slit,sometimes,stigma,style,terete,terminal,testal,thick,tinged,unbranched,vein,violet,violet-blue,wall,wider	0.2-0.9,1-10,1.5-4,15,3-6-foliat,5-10,5-6,5-lobed,6-15,abaxially,acumen,adaxially,apiculate,articulate,ba,basal,becoming,beyond,calyx,caudate,cente,center,clasping,color,dark,darker-violet-blue,decreasing,digestion,eaf,ebracteate,eed,embryo,emoval,enzyme,erect,exceeding,formed,globo,green-white,honeycomb,included,light,living,lobe,lon,long,lower,mostly,nflorescence,nther,oblong,orolla,pattern,pedicel,peduncle,pentagonal,perfect,petiolate,petiolulate,purpl,radiating,rarely,reduced,reveal,rotate-,ruit,semi-lunate,sessile,seudostipule,somewhat,specimen,spot,stamen,star,ste,straight,subequal,symmetrically,tem,tip,trailing,typically,unit,usually,vary,visible,white,wid,wide,without,yellow,ympodial	anther,arrangement,branching,colour,connective,form,fruit,growth,height,inflorescence,leaf,length,number,ovary,petiole,pore,position,present,rotate-pentagonal,stem,texture,type,wet,width	1,1-4,1-8,1.0-1.3,10,2,2-3,2.0-3.0,20,3.5-5,35,4-30,4-5,4-6,acuminate,acute,along,angular,apical,apically,branched,cell,cm,connate,cordate,covering,cuneate,cyme,deep,dehiscent,dichasial,dichasially,distal,elliptic,except,forked,generally,glabrous,globose,green,hair,hair-like,half,herbaceous,introrse,lanceolate,lateral,leaflet,make,maturing,middle,mm,monochasial,mucilaginous,narrowly,nearly,obliquely,occasional,odd-pinnate,often,ovate,ovoid,perennial,plant,poricidally,puberulent,purple,rhizomatous,rotate,rounded,seed,shape,short,size,slightly,slit,sometimes,terete,testal,thick,tinged,unbranched,vein,violet,violet-blue,wall,wider	present,rotate-pentagonal,wet
187	wfo-0001027948	success	180	113	75	93	87	20	74	1	.5,0.5-0.7,0.5-2,0.8-1.2-2.2,1-1.2,1-2,1.3-1.8,1.5-4.5,10-14,14,2.2-3-8.2,2.5-3.2-5.2-6,3.7-4,5-,5-7-15-16,7.5-10,8-celled,acuminate,aggregate,anther,apex,articulate,attenuate,basal,base,berry,calyx,campanulate,cell,cm,connectival,corolla,delicate,diameter,edentate,ellipsoidal,elliptical,filament,finely,fragrance,glabrous,globose,head,herb,herbaceous,hollow,ill-smelling,leaf,length,light,lobe,longitudinally,margin,mm,narrow,narrowly,non-glandular,occasionally,ovate,ovoid,pericarp,petiole,pore,poricidal,prolongation,pubescence,pubescent,purple,ridged,serrulate,simple,single-celled,slightly,small,spur-like,stalk,stem,stigma,stone,straight,striate,style,sub-shrub,tip,trichome,tube,unequal,verrucate,violet,viscid-pubescent,x,Â¼,Â½	0-,0.4,0.6,1.6,1/10,13-15,2-,3.5,5,6-celled,7,abaxially,abundant,accrescen,adaxially,ag,antrorse,ape,ature,bicellular,branch,c.,crushed,cuticle,dark,diamete,difoliate,directed,dorsally,eaf,erect,flexuous,free,fruiting,generally,glandular,hig,inconspicuous,inserted,lamina,long,long-stalked,longer,longitudinal,lower,many-,midvein,near,odorles,opening,orolla,pair,papillate,patent,portion,reduced,ree,ruit,saddle-shape,scarce,scarcely,secondary,seed,seeded,seen,separated,short-stalked,shorter,sinus,slit,smooth,solitary,striat,sub-opposite,tem,thecae,thickened,time,tooth,triangular,twice,unit,upward,vary,vein,ventrifixed,ympodial	arrangement,articulation,branching,colour,connective,edentation,form,fruit,growth,height,ovary,pattern,plant,ridging,saddle-shaped,shape,size,smell,texture,type	.5,0.5-0.7,0.5-2,0.8-1.2-2.2,1-1.2,1-2,1.3-1.8,1.5-4.5,10-14,14,2.2-3-8.2,2.5-3.2-5.2-6,3.7-4,5-,5-7-15-16,7.5-10,8-celled,acuminate,aggregate,articulate,attenuate,basal,base,berry,campanulate,cell,cm,connectival,delicate,diameter,edentate,ellipsoidal,elliptical,finely,glabrous,globose,herb,herbaceous,hollow,ill-smelling,light,longitudinally,margin,mm,narrow,narrowly,non-glandular,occasionally,ovate,ovoid,poricidal,prolongation,pubescent,purple,ridged,serrulate,simple,single-celled,slightly,small,spur-like,stone,straight,striate,sub-shrub,tip,trichome,unequal,verrucate,violet,viscid-pubescent,x,Â¼,Â½	saddle-shaped
188	wfo-0001027961	success	177	116	73	95	82	21	70	3	.5,0.5-1,0.9-1,1-1.5,1-5,2-2.5,3-3.5,4.5-5,5-8,6-9,8-10,?,abaxially,acute,always,anther,apex,articulated,asymmetric,base,berry,branched,clavate,cm,cordate,corolla,curling,densely,diameter,ellipsoid,elliptic,entire,fading,filament,flower,fruiting,glabrous,globose,green,growth,immature,inflorescence,lateral,lobe,lobed,lower,many,margin,mature,membranous,midrib,minute,minutely,mm,new,obovate,observed,occasionally,often,other,pedicel,peduncle,perfect,petiole,pinnatifid,pore,poricidal,present,pubescent,purple,reddish,rotate-stellate,simple,slightly,sparsely,stem,stigma,style,surface,terminal,time,tip,triangular,trichome,truncate,tube,twining,uniseriate,upper,vine,violet,white,white-pubescent,woody,x	0.25,0.25-0.5,1,1-3,1-4,1-9,10-50,2.3-2.5,2.5-9,5-merou,7-9,<,adaxiall,adaxially,age,alyx,anthesi,apar,ark,axil,broadly,brow,c.,calyx,clear,conical,connivent,deltate,distributed,eaf,early,eed,equalling,exserted,free,fusiform,geminat,ilament,irregularly,lamina,lengthening,lon,long,loosely,maturity,nflorescence,older,one,orolla,pair,papillo,pendan,pericarp,pinched,planar,plurifoliate,portion,primary,probably,pubescen,ruit,scar,shiny,sleeve,slender,slit,small,spaced,spreading,tem,thin,transition,tuft,twinin,ud,unequal,unit,vary,vein,way,yellow,ympodial	arrangement,articulation,bark,branching,brown,colour,form,fruit,hair,leaf,length,longest,ovary,papillose,position,presence,seed,shape,symmetry,texture,type	.5,0.5-1,0.9-1,1-1.5,1-5,2-2.5,3-3.5,4.5-5,5-8,6-9,8-10,?,abaxially,acute,always,articulated,asymmetric,base,berry,branched,clavate,cm,cordate,curling,densely,ellipsoid,elliptic,entire,fading,glabrous,globose,green,immature,lateral,lobed,many,mature,membranous,minute,minutely,mm,obovate,observed,occasionally,often,other,perfect,pinnatifid,poricidal,present,pubescent,purple,reddish,rotate-stellate,simple,slightly,sparsely,terminal,time,tip,triangular,truncate,twining,uniseriate,vine,violet,white,white-pubescent,woody,x	brown,longest,papillose
189	wfo-0001027966	success	207	126	78	102	105	24	76	2	0.4-0.5,0.8,1-1.8,1-10,1-2,1-3,1-4.2,1-5,1.2-4.5,1.3-2.2,10,10-30,2.2-2.9,2.5-10.5,2.8-9,3-4,3-5,3-7,4,40-80,5-6,5-9.5,5.5-14,6-11,abaxially,absent,adaxially,anther,berry,blade,blue-violet,brownish,chartaceous,ciliate,cm,condition,conical,corolla,densely,diameter,dorsally,drying,edge,filament,flat,flower,folded,forked,fresh,fruit,glabrous,green,greenish,hair,herb,homostylous,interjected,lanceolate,lateral,leaf,leaflet,lengthening,less,light,lobe,margin,medium,membranous,minute,mm,moniliform,mottled,mucilaginous,odd-pinnate,ovoid,pedicel,peduncle,pentagonal,petiole,plant,pore,poricidal,pubescent,purple,rarely,ripe,rotate,seed,size,slit,sparsely,stem,stigma,terminal,tip,tube,tuber,usually,wet,whitish,wing,x	0.7-3,0.8-2.5,1.5-3,1.5-5.2,5-10,5-merou,acumen,acuminate,ag,along,alyx,apart,apex,apparently,arranged,articulated,asymmetrical,attenuate,axe,axillary,base,basiscopic,bead,bud,capitat,cell,commonly,connivent,covering,decreasing,digestion,distal,eaf,eed,elliptic,enzyme,erec,especially,exceeding,geminat,generally,glabrou,gradually,green-white,hair-like,half,honeycomb-shaped,larger,like,living,long,lower,make,middle,multiple,narrow,necklace,nflorescence,orbicular,orolla,ovate,pair,pale,perfect,petiolule,plurifoliate,proximal,ray,removed,ruit,secondary,semierect,sessile,seudostipule,shorter,side,slightly,somewhat,spaced,specimen,stamen,ste,stolon,straight,subequal,subsessile,subtending,symmetrical,tall,tamen,tem,testal,thick,throughout,tissue,tri-,tyle,typically,unit,violet,wall,white,wide,yellow,ympodial	abaxial,adaxial,age,arrangement,branching,calyx,capitate,ciliation,colour,density,form,growth,height,inflorescence,length,mucilage,presence,pseudostipule,shape,spacing,style,symmetry,texture,width	0.4-0.5,0.8,1-1.8,1-10,1-2,1-3,1-4.2,1-5,1.2-4.5,1.3-2.2,10,10-30,2.2-2.9,2.5-10.5,2.8-9,3-4,3-5,3-7,4,40-80,5-6,5-9.5,5.5-14,6-11,abaxially,absent,adaxially,berry,blue-violet,brownish,chartaceous,ciliate,cm,condition,conical,densely,dorsally,drying,flat,folded,forked,fresh,glabrous,green,greenish,herb,homostylous,lanceolate,lengthening,less,light,margin,medium,membranous,minute,mm,moniliform,mottled,mucilaginous,odd-pinnate,ovoid,pentagonal,pore,poricidal,pubescent,purple,rarely,ripe,rotate,slit,sparsely,tip,usually,wet,whitish,x	age,capitate
190	wfo-0001028014	success	218	91	62	71	147	20	60	2	-15,/5,0.2-1.6-2.5,0.25,0.9-1.2,1/4-1/2,4.5-7,anther,apex,apically,around,base,berry,branched,calyx,cell,chartaceous,cm,connivent,cordate,deltate,diameter,edge,elongating,equal,flattened-reniform,flower,fruit,fruiting,glabrous,lateral,leaf,length,lobed,long,margin,mature,maturity,mauve,membranous,mm,obtuse,orange,outer,outline,ovate,per,petiole,pit,poricidal,prickle,purple,raised,red,rough,rounded,seed,shiny,shrub,simple,spherical,spreading,stellate-pubescent,straight,style,surface,tapering,terminal,tip,visibly,way	-4,-6,.5,0-10,0-3,0-5,0-6,0.1-0.2,0.15,0.15-0.3-0.5,0.2,0.2-0.4,0.2-0.4-1,0.2-1,0.3-0.4,0.5,0.5-1,0.5-1.5,0.5-2,0.5-3,0.6-0.9,0.7-1,0.7-1.6,1-10,1-2,1-2-20,1-3,1-4,1.3-2.4,1.5,1.5-2,1.8-3,1/4,1/4-2/3,2-3,2-4.5,2-6.5,2.5-4,3-10,4-10,5-merous,6-10,6-11,abaxially,acuminat,almost,alyx,ame,apar,apart,apparently,articulated,bark,black,blade,broad-deltate,brown,brown-green,c.,concolorous,curved,decurrent,densely,difoliate,discolorous,distance,drying,eaf,eed,erect,extending,eye,filament,flattened,free,geminat,glabrescent,glabrou,gland,globular,gray,gray-green,herbaceous,infructescence,lobe,lon,longer,lower,midpoint,midvein,moderately,naked,nflorescence,occasionally,older,one,open,orange-gra,orolla,oung,pair,pale,pedicel,peduncle,pendulous,perfec,pericarp,porrect,portion,prickl,prickly,primary,ray,reduced,reflexed,ruit,scandent,scar,sessile,shorter,side,slender,smooth,sometimes,spaced,stalk,stalked,stellate,stem,strongly,tamen,terete,tertiary,time,trichome,tube,unit,vary,vein,venation,visible,weakly,wide,winged,yellow,yellow-green,ympodial	2-20,abaxial,acuminate,adaxial,branching,colour,corolla,form,glabrousnes,growth,heteromorphism,inflorescence,number,orientation,ovary,position,shape,staman,texture,type	-15,/5,0.2-1.6-2.5,0.25,0.9-1.2,1/4-1/2,4.5-7,apically,around,base,berry,branched,cell,chartaceous,cm,connivent,cordate,deltate,diameter,edge,elongating,equal,flattened-reniform,fruit,glabrous,lateral,length,lobed,long,mature,maturity,mauve,membranous,mm,obtuse,orange,outer,outline,ovate,per,pit,poricidal,purple,raised,red,rough,rounded,seed,shiny,shrub,simple,spherical,spreading,stellate-pubescent,straight,tapering,terminal,tip,visibly,way	2-20,acuminate
191	wfo-0001028017	success	158	132	95	107	51	25	94	1	-2.5,0.3-1,1,1-10,1-3,15-35,15-50-flower,2-4,2.5-5,3,3-12,3-14,3-4,40-50,6-8,abaxially,absent,acuminate,acute,adaxially,apart,apex,apiculate,base,brown,calyx,chartaceous,clavate,cm,connective,connivent,cream,cuneate,cylindrical,densely,diameter,directed,distally,eglandular,eglandular-puberulent,eglandular-pubescent,ellipsoidal,elliptic,entire,exceeding,flattened,fleshy,flower,forked,fruit,fusiform,glabrous,glandular,glandular-,glandular-puberulent,green,greenish,hair,immature,introrse,lanceolate,leaving,lobe,long,margin,mm,moderately,narrowly,near,oblique,obtuse,ovate,ovoid,pedicel,pedicellar,peduncle,petiole,pointed,pore,pubescent,purple,purplish,rachi,radiu,rarely,remnant,ripe,short-acuminate,shorter,simple,slightly,sometimes,sparsely,stellate,stellate-campanulate,stigma,style,subcoriaceous,tan,thecae,tip,tree,truncate,unbranched,white,x,yellow	1-2,1.5-2,10-22,13-40,2,2-3,3-foliat,5,5-7,5-9,6-7,9-11,absen,aggregate,ape,articulated,axe,basal,beyond,blade,cell,ciliat,eaf,eed,exserted,lon,lower,nflorescence,nther,orolla,perfect,puberulen,ruit,small,spaced,stamen,stone,tal,tem,time,tomentose,triangular,truncat,tube,ud,unit,vary,vein,wide,without,ympodial	abaxial,adaxial,anther,arrangement,articulation,branching,bud,colour,corolla,form,growth,height,inflorescence,leaf,length,ovary,plant,puberulent,seed,shape,size,spacing,stem,texture,theca	-2.5,0.3-1,1,1-10,1-3,15-35,15-50-flower,2-4,2.5-5,3,3-12,3-14,3-4,40-50,6-8,abaxially,absent,acuminate,acute,adaxially,apart,apex,apiculate,base,brown,chartaceous,clavate,cm,connivent,cream,cuneate,cylindrical,densely,directed,distally,eglandular,eglandular-puberulent,eglandular-pubescent,ellipsoidal,elliptic,entire,exceeding,flattened,fleshy,forked,fruit,fusiform,glabrous,glandular,glandular-,glandular-puberulent,green,greenish,hair,immature,introrse,lanceolate,leaving,long,margin,mm,moderately,narrowly,near,oblique,obtuse,ovate,ovoid,pedicellar,pointed,pubescent,purple,purplish,rarely,remnant,ripe,short-acuminate,shorter,simple,slightly,sometimes,sparsely,stellate,stellate-campanulate,subcoriaceous,tan,thecae,tip,tree,truncate,unbranched,white,x,yellow	puberulent
192	wfo-0001028033	success	157	100	61	76	81	24	57	4	1.4â1.8,2â4,3â4,3â5,4â12,4â5,50,6â12,abaxially,anther,attenuate,base,brochidodromous,brown,calyx,chartaceous,ciliate,cm,cylindrical,cyme,darker,decurrent,densely,diameter,discolorous,drying,elliptic,entire,few-branched,flower,fruit,glabrescent,glabrous,green,greenish,growth,herb,hispid-pubescent,introrsely,lateral,length,light,like,lobe,long,margin,mm,new,oblong,pedicel,perfect,petiole,pore,pubescence,pubescent,rhizomatous,shiny,shrub,simple,slightly,solitary,sparsely,spreading,stem,stigma,straight,style,surface,trichome,unbranched,uniseriate,upright,venation,white,wide,woody	.6,1.5,1â4,1â5,2â3,2âfoliate,3,3â11,5-merou,5â7,acuminate,acute,adaxiall,adaxially,along,alyx,anthesi,apex,ark,ascending,becoming,blade,branch,capitat,cell,connivent,contiguou,cordate,deeply,denser,directed,eaf,eed,emarginate,equal,eye,filament,florescence,geminat,high,know,known,linear-lanceolate,lobed,longitudinal,lower,mainly,membranaceous,midrib,naked,nearly,older,onto,opening,order,orolla,ovate-lanceolate,poricidal,prominent,prostrat,recurved,ruit,secondary,sessile,shin,shorter,slit,stellate,strongly,subapical,tamen,tem,tube,unit,unknown,vary,vein,visible,yellow,ympodial,Ã	5-merous,arrangement,bark,branching,capitate,colour,corolla,form,hair,height,inflorescence,leaf,na,ovary,pattern,plant,position,rhizome,seed,shape,staman,texture,type,ye	1.4â1.8,2â4,3â4,3â5,4â12,4â5,50,6â12,abaxially,attenuate,brochidodromous,brown,chartaceous,ciliate,cm,cylindrical,cyme,darker,decurrent,densely,discolorous,drying,elliptic,entire,few-branched,glabrescent,glabrous,green,greenish,herb,hispid-pubescent,introrsely,lateral,light,like,long,mm,oblong,perfect,pubescence,pubescent,rhizomatous,shiny,shrub,simple,slightly,solitary,sparsely,spreading,stem,straight,surface,unbranched,uniseriate,upright,white,wide	5-merous,capitate,na,ye
193	wfo-0001028067	success	138	97	56	72	66	25	55	1	0.5-1,0.5-1.5,0.5-2,1-10-30,1-11,1-2,1-3,1-7,1.5-2.5,10-25,2,2-2.5,2.5-3,3-17,3-5,3-7,5-7,6-12,6-18,7-11-compound,7-20,7-9,acuminate,acute,apex,base,calyx,cm,cuneate,dark,diameter,elliptic-fusiform,elliptic-ovate,entire,flattened,flower,fruit,glabrous,hair,leaf,lobe,margin,mm,moderately,narrowly,pedicel,peduncle,petiole,pink,pinnately,pore,puberulent,purple,rachi,radiu,rarely,shrub,simple,slightly,sparsely,stellate,stigma,strongly,style,subcoriaceous,tomentulose,triangular,triangular-deltate,truncate,unbranched,x,yellow	1,2-3,3-4,4-foliat,8-13,abaxially,adaxiall,adaxially,aggregate,along,apart,articulated,axe,basiscopically,blade,cell,chartaceous,color,compound,connivent,cylindrical,decurrent,directed,distall,eaf,eed,especially,glabrou,lateral,leaflet,leaving,lon,long,lower,midrib,nearly,nflorescence,nther,obtuse,often,orolla,pedicellar,per,puberulen,remnant,ripe,ruit,several,smal,spaced,stone,tal,tem,time,tip,truncat,tube,unequal,unit,unknown,upper,usually,vary,wide,ympodial,zigzag	abaxial,adaxial,anther,arrangement,articulation,branching,colour,corolla,direction,distally,form,growth,height,inflorescence,length,number,ovary,plant,seed,shape,spacing,stem,texture,type,width	0.5-1,0.5-1.5,0.5-2,1-10-30,1-11,1-2,1-3,1-7,1.5-2.5,10-25,2,2-2.5,2.5-3,3-17,3-5,3-7,5-7,6-12,6-18,7-11-compound,7-20,7-9,acuminate,acute,base,cm,cuneate,dark,elliptic-fusiform,elliptic-ovate,entire,flattened,glabrous,mm,moderately,narrowly,pink,pinnately,puberulent,purple,rarely,shrub,simple,slightly,sparsely,stellate,strongly,subcoriaceous,tomentulose,triangular,triangular-deltate,truncate,unbranched,x,yellow	distally
194	wfo-0001028069	success	249	101	57	83	166	18	54	3	0.1-0.2-0.4,0.3-0.4,0.3-0.45,0.3-0.7,0.4-0.5,0.4-0.8,0.5,0.5-1.8,0.5-2,0.6-1.1,0.6-4,0.7-1,0.7-1.5,0.8-1.2,1-2.7,1-3.5,1.4,1.5-2.0,10,10-12,2-17,2-3-branched,3,5-25,anther,apical,appendage,base,bright,calyx,cm,column,conical,corolla,decurrent,deep,deeply,densely,diameter,filament,fruit,fruiting,glabrescent,glandular,glandular-villous,globose,green,herb,imparipinnate,interrupted,leaf,leaflet,length,lobe,lobed,margin,minute,minutely,mm,oblique,obovate,occasionally,orange,ovary,ovate,pale,pedicel,peduncle,pentagonal,petiole,plant,pseudostipule,pubescent,simple,size,staminal,stem,sterile,stigma,style,trichome,uniseriate,yellow	.1,.1-0.2,.2,.5,0.05-0.1,0.1-0.15,0.1-0.2,0.1-0.3,0.1-0.5,0.1-0.6,0.2-0.3,0.2-0.5,0.3,0.3-0.6,0.3-1,0.4,0.4-1,0.5-0.7,0.7-1.3,1-2-celled,1-4.5,1.5-3.5-6,1.6-3.2,12,2-4,2-7,2-locular,3-5-22-30,3-foliate,4-celled,6-10-30,<,abaxially,absen,abundant,accrescent,acute,adjacent,adpressed,along,alternate,always,among,anthesi,apex,appearance,appressed,articulated,axi,ba,basal,basioscopically,becoming,berry,bilaterally,bract,bracteole-like,brown,cell,citru,composed,cone-shaped,cordate,cuneate,curving,dense,due,eaf,ebracteate,edicel,eed,eglandular,erect,exserted,flower,forming,fusion,giving,gland,gland-tippe,gland-tipped,gree,hair-like,half,halfway,head,included,initially,interjected,internode,larger,later,lateral,less,like,lime,linear,lon,long,longer,longest,lower,maturity,middl,midvein,multicellular,narrowly,nflorescence,often,one,outgrowth,pair,patent,per,perennial,petiolule,population,present,primary,procumbent,pubescence,quaternary,rarely,reflexed,robust,rounded,ruit,scarcely,scent,secondary,sessile,several,shaggy,short,shorter,silky,single-celled,slender,smaller,somewhat,straight,strong,subopposite,surface,symmetric,tangled,tem,terminal,tertiary,testa,thick,tightly,toward,transparent,tube,ud,unicellular,unit,usually,varying,viny,wall,weak,wide,winged,ympodial	0.1,absent,arrangement,articulation,branching,bud,colour,form,growth,height,inflorescence,middle,seed,shape,texture,thicknes,type,width	0.1-0.2-0.4,0.3-0.4,0.3-0.45,0.3-0.7,0.4-0.5,0.4-0.8,0.5,0.5-1.8,0.5-2,0.6-1.1,0.6-4,0.7-1,0.7-1.5,0.8-1.2,1-2.7,1-3.5,1.4,1.5-2.0,10,10-12,2-17,2-3-branched,3,5-25,bright,cm,conical,decurrent,deep,deeply,densely,glabrescent,glandular,glandular-villous,globose,green,herb,imparipinnate,interrupted,lobed,minute,minutely,mm,oblique,obovate,occasionally,orange,ovate,pale,pentagonal,pubescent,simple,uniseriate,yellow	0.1,absent,middle
195	wfo-0001028075	success	196	84	46	65	131	19	44	2	1.5-2.5,1.5-7,1.6-2.7,10-35,2-4.5,2-6,2.5-10,3-11,3-23.5,5-14,5-17,5-7,5-8,5-9,7-13,7-30,8-12,anther,blade,chartaceous,ciliate,cm,corolla,dark,diameter,flower,forked,fruit,glabrescent,glabrous,globose,green,greenish,herb,homostylous,lanceolate,lateral,leaf,leaflet,light,long,margin,membranous,mm,odd-pinnate,ovoid,pale,pedicel,peduncle,pentagonal,petiole,plant,pore,poricidal,rotate,seed,size,stigma,style,terminal,tuber,white,whitish,wide,x	.5,1-10,1-2,1-2.7,1-3,2-3,4-12,4-7,5-12,5-merou,abaxially,absent,acuman,acumen,acuminate,acute,adaxially,ag,along,alyx,apart,apex,apparently,articulated,axe,axillary,base,berry,borne,broadly,brownish,bud,capitat,cell,condition,connivent,covering,cuneate,decreasing,differentiated,digestion,distal,distally,distinctively,dorsally,dot,drying,eaf,edge,eed,elliptic-lanceolate,end,enzyme,erec,especially,exceeding,filament,flat,folded,fresh,geminat,generally,glabrescen,green-white,hair-like,half,honeycomb-shaped,interjected,larger,lengthening,ligulate,living,lobe,lower,make,middl,midrib,minutely,much,mucilaginous,narrow,nflorescence,oblique,obtuse,often,orolla,ovate,ovate-elliptic,pair,perfect,petiolule,plurifoliate,puberulent,purple,reflexed,removed,rounded,ruit,scattered,seudostipule,singly,slightly,slit,sometimes,spaced,specimen,stamen,star,stolo,straight,subcordate,subtending,tall,tamen,tem,testal,thick,throughout,tip,toward,tri-,tube,typically,unit,usually,vary,wall,wet,wing,yellow,ympodial	arrangement,branching,calyx,capitate,colour,form,growth,hair,height,inflorescence,length,ovary,presence,present,pseudostipule,shape,stem,symmetry,texture	1.5-2.5,1.5-7,1.6-2.7,10-35,2-4.5,2-6,2.5-10,3-11,3-23.5,5-14,5-17,5-7,5-8,5-9,7-13,7-30,8-12,chartaceous,ciliate,cm,dark,forked,glabrescent,glabrous,globose,green,greenish,herb,homostylous,lanceolate,light,long,membranous,mm,odd-pinnate,ovoid,pale,pentagonal,poricidal,rotate,white,whitish,wide,x	capitate,present
196	wfo-0001028076	success	195	113	67	90	105	23	64	3	.5,0.4-0.5,0.5,1-1.3,1-10,1-2,1.8-2.2,110,12-22,13-14,2-12,2-3,2-5.4,2.2-2.6,2.2-3.7,2.5-4,4-5,4.5-7,5,5-20,5-6,5-6.5,7-8,abaxially,adaxially,anther,blade,brownish,cell,chartaceous,cm,condition,conical,corolla,diameter,digestion,drying,edge,enzyme,filament,flat,flower,forked,fresh,fruit,glabrous,green,greenish,herb,homostylous,honeycomb-shaped,lanceolate,lateral,leaf,leaflet,less,light,lobe,medium,membranous,minute,mm,odd-pinnate,ovoid,pedicel,peduncle,pentagonal,petiole,plant,pore,poricidal,proximal,pubescent,purple,removed,ripe,rotate,seed,size,stem,style,terminal,testal,tip,tube,tuber,wall,whitish,wing,x	1-3,1.2-2.2,2.5-3,2.6-3.8,5-merou,?,absent,acumen,acuminate,ag,alyx,apart,apex,apparently,articulated,attenuate,axe,axillary,base,berry,borne,bud,capitat,ciliate,connivent,covering,decreasing,densely,distal,dorsally,eaf,eed,elliptic,end,erec,especially,exceeding,folded,geminat,generally,glabrou,gradually,green-white,hair,hair-like,half,interjected,larger,lengthening,like,living,long,lower,make,margin,mucilaginous,nflorescence,obtuse,orolla,ovate,pair,perfect,petiolule,plurifoliate,pubescen,rarely,ray,round,ruit,secondary,semierect,sessile,seudostipule,singly,slightly,slit,spaced,specimen,stamen,ste,stigma,stolo,straight,subequal,subsessile,subtending,symmetrical,tall,tamen,tem,thick,thir,throughout,toward,tri-,typically,unit,unwinged,usually,vary,wet,white,wide,yellow,ympodial	arrangement,articulation,branching,calyx,ciliation,colour,dense,form,growth,height,inflorescence,length,number,ovary,presence,present,pseudostipule,pubescence,shape,spacing,texture,third,width	.5,0.4-0.5,0.5,1-1.3,1-10,1-2,1.8-2.2,110,12-22,13-14,2-12,2-3,2-5.4,2.2-2.6,2.2-3.7,2.5-4,4-5,4.5-7,5,5-20,5-6,5-6.5,7-8,abaxially,adaxially,brownish,chartaceous,cm,condition,conical,digestion,drying,enzyme,flat,forked,fresh,glabrous,green,greenish,herb,homostylous,honeycomb-shaped,lanceolate,lateral,less,light,medium,membranous,minute,mm,odd-pinnate,ovoid,pentagonal,poricidal,proximal,pubescent,purple,removed,ripe,rotate,tip,wall,whitish,x	dense,present,third
197	wfo-0001028105	success	150	94	57	72	78	22	52	5	0.3-1.5,0.5,0.5-1,0.5-2,0.6-1,1-1.2,1-1.5,1-2.5,1.5,1.5-1.8,1.5-2,1.5-4.5,2,2-2.2,2-5,3.5-4,abaxially,acuminate,acute,adaxially,anther,anthesi,apex,attenuate,base,bilobed,calyx,clavate,cm,conical,corolla,dark,elliptic,filament,flattened-reniform,fruiting,glabrous,globose,green,incrassate,leaf,lobed,margin,minor,minutely,mm,opposite,ovary,pedicel,petiole,pitted,pore,poricidal,pubescent,reddish-brown,shaped,shrub,simple,size,slightly,small,stigma,style,surface,tear-drop,tip,tree,trichome,tube,uniseriate,white,x	.1,.4,.5,3-5-celled,3-6,5-7-flowered,6-7,9.5-15,apar,apical,axi,axil,ba,bark,berry,deflexed,dense,dia,differing,difoliate,distinct,drying,eaf,edicel,eed,ellipsoid,erect,evenly,exserted,filiform,free,geminat,glandular,greenish-yello,lamina,lateral,like,lobe,lon,long,lower,main,major,middle,nearly,nflorescence,occasionally,older,olive-green,pair,pale,papillo,papillose,planar,portion,projection,quadrate,reflexed,ruit,scar,scattered,spaced,sparsely,spreading,stem,straight,strongly,tall,tub,tuft,ud,unit,vein,widest,woody,yellowish,ympodial,young	0.1-1,2.5,3,3.5,abaxial,branching,colour,diameter,form,fruit,growth,hair,height,inflorescence,length,na,plant,position,seed,shape,texture,type	0.3-1.5,0.5,0.5-1,0.5-2,0.6-1,1-1.2,1-1.5,1-2.5,1.5,1.5-1.8,1.5-2,1.5-4.5,2,2-2.2,2-5,3.5-4,acuminate,acute,attenuate,bilobed,clavate,cm,conical,dark,elliptic,flattened-reniform,glabrous,globose,green,incrassate,leaf,lobed,margin,minutely,mm,opposite,pitted,poricidal,pubescent,reddish-brown,shaped,shrub,simple,slightly,small,tear-drop,tip,tree,trichome,uniseriate,white,x	0.1-1,2.5,3,3.5,na
198	wfo-0001028109	success	202	119	84	99	103	20	82	2	-7,0.4-0.8,0.45-0.65,0.5-1.2,0.6-0.8,0.8-1.5,0.8-1.6,1.5-2.5,1.5-5.5,12-40,2-15,2.3-2.9,2.5-3,2.5-5,2/3-3/4,3-7,30-150,5-13-20,5-30,abaxial,acuminate,acute,adaxial,almost,anther,apart,apex,bark,base,berry,branching,bright,calyx,chartaceous,cm,connivent,cuneate,deltate,densely,diameter,dull,elliptic,entire,evenly,flattened-reniform,flower,fruit,fruiting,glabrescent,glabrous,gray-green,green,green-brown,lateral,leaf,length,light,lobed,long,margin,maturity,mauve,mm,moderately,multangulate,orange-brown,pedicel,per,perpendicular,petiole,poricidal,prickle,primary,red,red-brown,reflexed,secondary,shrub,simple,small,sometimes,spherical,stalked,stellate,stellate-pubescent,stem,style,tapering,terminal,tip,tree,trichome,unarmed,way,weakly,white,wide,yellow,young	.5,/3,0.05-0.15,0.05-0.2,0.1,0.1-0.2,0.3,0.4-1.5,0.5-2.5-4,0.7,1.5-10,1/8-1/4,10-25,10-30,15-100,2-4,20-60,3-4-13,3.5-6,3/4,4-5-merous,8-12,8-15,8-25,abaxially,acut,alyx,ame,apar,apically,apparently,articulated,blade,brow,c.,curved,dimorphic,discolorous,drying,eaf,eed,elongating,equal,erect,filament,free,fully,geminate,gently,glabrou,infructescence,lobe,long-styled,longer,lower,mature,midpoint,minor,nflorescence,obtuse,occasionally,older,one,open,opening,orolla,oung,pair,peduncle,perfec,pericarp,plurifoliat,porrect,portion,prickl,prickly,ray,recurved,ruit,scar,sessile,slender,smooth,spaced,spreading,stalk,straight,strongly,surface,tamen,terete,tertiary,time,tube,unarme,unit,usually,vary,vein,venation,visible,woody,ympodial	3-13,brown,colour,corolla,form,growth,hair,inflorescence,number,orientation,ovary,position,seed,shape,size,spacing,staman,texture,type,width	-7,0.4-0.8,0.45-0.65,0.5-1.2,0.6-0.8,0.8-1.5,0.8-1.6,1.5-2.5,1.5-5.5,12-40,2-15,2.3-2.9,2.5-3,2.5-5,2/3-3/4,3-7,30-150,5-13-20,5-30,acuminate,acute,almost,apart,base,berry,bright,chartaceous,cm,connivent,cuneate,deltate,densely,diameter,dull,elliptic,entire,evenly,flattened-reniform,glabrescent,glabrous,gray-green,green,green-brown,lateral,light,lobed,long,maturity,mauve,mm,moderately,multangulate,orange-brown,per,perpendicular,poricidal,primary,red,red-brown,reflexed,secondary,shrub,simple,small,sometimes,spherical,stalked,stellate,stellate-pubescent,stem,tapering,terminal,tip,tree,trichome,unarmed,way,weakly,white,wide,yellow,young	3-13,brown
199	wfo-0001028115	success	159	94	63	80	79	14	63	0	.6,0.42,0.7-0.8-1.1,1-3,1.1-1.8,1.1-1.8-2.5,1.4-1.7,1.7-2.2,1.8-3.5,2-3.2,2.5-3-4.5-5.2,4.7-5-8.5,5-15,6-10,abaxially,adaxially,anther,apex,articulate,attenuate,base,blue,calyx,campanulate,capitate,cm,coat,curved,diameter,ellipsoidal,elliptical,entire,evident,filament,fruiting,glabrescent,globose,herb,length,light,linear,lobe,long,margin,mm,moderately,narrowly,near,non-glandular,ovate,pale,papery-scarious,petiole,pinnatifid,pinnatipartite,pinnatisect,pore,poricidal,pubescent,rarely,reticulate,seed,simple,slightly,stem,stigma,style,tip,trans-ovoidal,triangular,trichome,tube,tuberculate,uniseriate,venation,violet,wide,wider,x,yellow	.2,0.2-0.3,0.5,0.6-0.7,0.8-1-2.4,1.3-1.8,12-13.5,2-3-6.5,3-5,7-7.5,9-17,abundant,accrescent,acuminat,acute,ag,alternate,amply,annular,antrorse,basal,berry,blade,connectival,difoliat,dorsal,eaf,eed,embryo,especially,exceeding,glabrous,glandular,growing,half,herbaceous,hig,inflated,longer,longitudinal,longitudinally,lower,mixed,much,multi-seeded,nerve,oblong,one,opening,opposite,orolla,pair,papillo,portion,prolongation,prostrate,ree,ridged,ruit,scarce,segment,similar,slender,slit,small,smooth,sometimes,strongly,styl,subsessil,tem,time,unequal,unifoliate,unit,vary,width,winged,ympodial	arrangement,colour,corolla,form,fruit,growth,height,leaf,ovary,plant,shape,size,texture,type	.6,0.42,0.7-0.8-1.1,1-3,1.1-1.8,1.1-1.8-2.5,1.4-1.7,1.7-2.2,1.8-3.5,2-3.2,2.5-3-4.5-5.2,4.7-5-8.5,5-15,6-10,abaxially,adaxially,apex,articulate,attenuate,blue,campanulate,capitate,cm,curved,ellipsoidal,elliptical,entire,evident,glabrescent,globose,herb,light,linear,long,mm,moderately,narrowly,near,non-glandular,ovate,pale,papery-scarious,pinnatifid,pinnatipartite,pinnatisect,poricidal,pubescent,rarely,reticulate,simple,slightly,style,tip,trans-ovoidal,triangular,tuberculate,uniseriate,venation,violet,wide,wider,x,yellow	
200	wfo-0001028131	success	207	96	58	75	132	21	56	2	0.1-0.15,0.8-1.1,1-5,1.5-5,2-5,5-6.5,abaxial,absent,adaxial,anther,apex,attenuate,base,berry,branched,calyx,chartaceous,cm,cream,curved,dark,densely,dull,equal,flattened,flattened-reniform,flower,fruit,fruiting,glabrescent,glabrous,green,herb,lateral,leaf,length,lobed,lower,margin,marking,maturity,mauve,membranous,mm,moderately,narrow-obovate,narrow-ovate,obtuse,orange,orange-brown,pale,per,petiole,poricidal,porrect,prickle,prickly,purple,red,reflexed,rounded,sessile,simple,sparsely,spherical,stellate,stellate-pubescent,stem,style,surface,tapering,tip,unarmed,yellow,young	.1,.5,/5,0-0.6-1.2,0-2,0-3,0-30,0-4,0.05-0.2,0.1-0.3,0.2-1.5,0.3-0.7,0.4-0.8,0.5-1.1,0.7-1.1,0.8-1,1-10,1-3,1-4,1.5-3,1.8-2,1.8-2.2,1/4-2/3,1/5,2-2.8,2-4,2-6.5,2/3,3-6,4-6,5-8,5-merous,6-7,7-8,abaxially,acuminat,alyx,apar,apart,apically,apparently,articulated,bark,blade,broad-deltate,cell,concolorous,connivent,deltate,diameter,difoliate,distance,drying,eaf,eed,elongating,epidermi,erect,extending,eye,filament,filiform,free,geminat,gland,infructescence,lanceolate,lengt,like,lobe,long,longer,mature,midpoint,midvein,naked,nflorescence,oblong,often,older,one,open,orolla,oung,outline,pair,pale-brown,pale-gra,pedicel,peduncle,pendulous,perfec,pericarp,pit,portion,prickl,primary,raised,ray,reduced,ruit,scar,sessil,shiny,shorter,side,small,smooth,sometimes,spaced,spreading,straight,strongly,sunk,tamen,terete,tertiary,time,trichome,tube,unarme,unit,upper,vary,vein,venation,visible,way,wide,woody,yellow-green,ympodial	20-30,branching,colour,corolla,form,growth,hair,heteromorphism,inflorescence,number,orientation,ovary,position,present,seed,shape,staman,symmetry,texture,type,width	0.1-0.15,0.8-1.1,1-5,1.5-5,2-5,5-6.5,absent,attenuate,berry,branched,chartaceous,cm,cream,curved,dark,densely,dull,equal,flattened,flattened-reniform,glabrescent,glabrous,green,herb,lateral,lobed,marking,maturity,mauve,membranous,mm,moderately,narrow-obovate,narrow-ovate,obtuse,orange,orange-brown,pale,poricidal,porrect,prickly,purple,red,reflexed,rounded,sessile,simple,sparsely,spherical,stellate,stellate-pubescent,tapering,tip,unarmed,yellow,young	20-30,present
201	wfo-0001028148	success	157	137	90	105	52	32	84	6	-6,0.25-0.5,1-15,1-3.5,1.5,10-30,12-15,2,2-3,2-7,2.5-4,20-50,3.5-4,3.5-9,5-20,5-7,acute,aggregate,angled,apart,apex,apiculate,articulated,base,blue-black,branched,calyx,cell,central,chartaceous,cm,cylindrical,dark,decurrent,deltate,densely,diameter,directed,elliptic,entire,except,fleshy,flower,fresh,fruit,glabrous,glaucous,globose,hair,highly,less,light-colored,lobe,margin,material,mature,midrib,minute,mm,moderately,narrowly,obtuse,often,orange,ovate,pedicel,peduncle,perfect,petiole,pink,plicate,pore,puberulence,puberulent-pubescent,purple,rachi,radiu,rarely,ridge,ripe,rotate-stellate,scalloped,shrub,simple,slightly,smooth,sometimes,sparse,star,stigma,stone,style,succulent,surface,tapered,thickened,treelet,unbranched,unit,violet,white,whitish,x,yellow,young	.5-4,0.5-1.5,0.6-3.5,0.75-2,1.5-2.5,15,4-10,4.5-10,5,5-10,5-8,6-18,abaxially,absen,adaxially,axe,ba,blade,broadly,connivent,distal,distall,eaf,eed,especially,long,lower,many-foliat,margi,nflorescence,nther,orolla,part,plicae,puberulent,rhizomatous,ruit,slender,smoot,spaced,tal,tem,time,tip,triangular,truncat,tube,usually,vary,wide,winge,ympodial	0.5-4,absent,anther,articulation,branching,colour,corolla,direction,distally,form,glabrousnes,growth,height,inflorescence,leaf,length,many-foliate,number,ovary,plant,seed,shape,size,spacing,stem,structure,sympodial,texture,thicknes,truncate,type,winged	-6,0.25-0.5,1-15,1-3.5,1.5,10-30,12-15,2,2-3,2-7,2.5-4,20-50,3.5-4,3.5-9,5-20,5-7,acute,angled,apart,apex,apiculate,articulated,base,blue-black,branched,chartaceous,cm,cylindrical,dark,decurrent,deltate,densely,directed,elliptic,entire,except,fleshy,fresh,glabrous,glaucous,globose,hair,highly,less,light-colored,margin,material,mature,minute,mm,moderately,narrowly,obtuse,often,orange,ovate,perfect,pink,plicate,puberulence,puberulent-pubescent,purple,rarely,ridge,ripe,rotate-stellate,scalloped,shrub,simple,slightly,smooth,sometimes,sparse,succulent,tapered,thickened,treelet,unbranched,violet,white,whitish,x,yellow,young	0.5-4,absent,distally,many-foliate,truncate,winged
202	wfo-0001028161	invalid_json	124	94	NA	72	52	22	NA	NA	0.1-0.25,0.25-0.5,0.7-1.7,1-1.5,1-2,1-2.3,1.5-4.5,2-9,2.5-3,3-4,3-7,4-5,6-9,7.5-12,abaxially,acuminate,acute,adaxially,along,anthesi,apex,attenuate,bark,base,branched,brown,cell,closely,cm,dendritic,densely,denser,elliptic,fruiting,globose,green,incrassate,lanceolate,leaf,main,major,margin,minor,minutely,mm,narrowly,older,opposite,orbicular,outline,ovoid-reniform,pale,pedicel,petiole,pitted,pubescent,reddish-brown,rounded,shape,shrub,simple,sinuate,size,somewhat,sparsely,stem,surface,tan,trichome,vein,x,young	.5,1-1.3,1/3,2-5-flowered,9-11,arising,ba,berry,branch,calyx,congested,consisting,corolla,deflexed,dia,differing,difoliate,distal,eaf,edicel,eed,exserted,geminat,glabrescen,inflorescenc,later,lateral,like,lon,long,middle,nflorescence,obovoid,often,overlappin,pair,probably,pubescence,rest,ruit,scar,short,spaced,strongly,tall,tapering,thin,tub,ud,unit,widest,ympodial	0.5,1,2-5,characteristic,colour,diameter,flower,form,fruit,glabrescent,growth,height,inflorescence,length,number,placement,plant,position,seed,texture,type,value	NA	NA
203	wfo-0001028164	success	196	155	115	131	65	24	111	4	/4,0-20,0.05-1.5,0.3-0.8,0.4-0.8-1,0.5-0.8,0.5-1,0.7-1.1,0.8-1.5,0.9-1.6,1-1.5,1-4.5,1.8-2.5,1/3,1/6-1/4,2-2.5,2.5-4,2.5-4.5-6,2.8-4,3-17,3-7,3.6-4.8,4-5-merous,6-8,8-15,8-17,abaxial,acuminate,acute,ame,anther,apex,apically,apparently,articulated,attenuate,bark,base,berry,blade,branched,bright,c.,calyx,cm,connivent,deltate,densely,diameter,dull,elliptic,elongating,entire,evenly,eye,flattened-reniform,flower,fruit,fruiting,glabrescent,glabrous,glandular,gray,green,hair,lateral,leaf,length,lobe,lobed,long,longer,margin,mature,maturity,mauve,midpoint,midvein,minute,mm,moderately,multangulate,naked,obtuse,often,orange-brown,pair,pale,pedicel,peduncle,per,petiole,poricidal,porrect,primary,ray,red,sessile,shallowly,shorter,shrub,side,simple,sometimes,sparsely,spherical,spreading,stalked,stellate,stellate-pubescent,stem,style,tapering,terete,terminal,tertiary,time,tip,trichome,unarmed,undulate,upper,variously,vein,venation,visible,way,white,wide,yellow,young	-14,-8,0.05-0.2,0.1,1,1.5-2.5,12-20,2.5-4.5,4-13,4-7,4-8,abaxially,almost,alyx,apar,concolorous,curved,dark,difoliate,drying,eaf,eed,equal,erect,filament,filiform,free,geminat,glabrescen,glabrou,infructescence,less,long-acuminat,lower,membranous,narrow-deltate,nflorescence,older,one,open,orolla,oung,perfec,pericarp,portion,recurved,red-brown,reflexe,ruit,scar,shorte,smooth,spaced,stalk,straight,surface,tamen,tube,unarme,unit,vary,woody,yellow-gra,yellow-green,ympodial	articulation,branching,colour,corolla,form,growth,height,inflorescence,long-acuminate,number,ovary,perfect,plant,position,prickle,ratio,reflexed,seed,shape,staman,texture,type,width,yellow-gray	/4,0-20,0.05-1.5,0.3-0.8,0.4-0.8-1,0.5-0.8,0.5-1,0.7-1.1,0.8-1.5,0.9-1.6,1-1.5,1-4.5,1.8-2.5,1/3,1/6-1/4,2-2.5,2.5-4,2.5-4.5-6,2.8-4,3-17,3-7,3.6-4.8,4-5-merous,6-8,8-15,8-17,abaxial,acuminate,acute,ame,apically,apparently,articulated,attenuate,base,berry,blade,branched,bright,c.,cm,connivent,deltate,densely,dull,elliptic,elongating,entire,evenly,eye,flattened-reniform,fruit,glabrescent,glabrous,glandular,gray,green,hair,lateral,leaf,length,lobed,long,longer,mature,maturity,mauve,midvein,minute,mm,moderately,multangulate,naked,obtuse,often,orange-brown,pair,pale,per,poricidal,porrect,ray,red,sessile,shallowly,shorter,shrub,side,simple,sometimes,sparsely,spherical,spreading,stalked,stellate,stellate-pubescent,tapering,terete,terminal,time,tip,unarmed,undulate,upper,variously,visible,way,white,wide,yellow,young	long-acuminate,perfect,reflexed,yellow-gray
204	wfo-0001028180	success	147	129	100	110	37	19	95	5	.05,.5,/2,1-1.2,1-1.5,1-1.8,1-3,1.5-5,15-28,2-2.2,2-3,2.5-3,3-10,3-4,4.5-5,5-6,5-8,7,8-10,abaxially,acute,adaxially,along,anther,apex,attenuate,bark,base,beginning,berry,c.,calyx,capitate,closely,cm,conical,corolla,cucullate,dark,darker,densely,dia,distinctly,drying,elliptic,elongate,erect,falcate,filament,fleshy,four-angled,fruiting,glabrous,globose,golden,green,larger,lateral,leaf,leathery,lobed,long,main,margin,midrib,minor,minutely,mm,nearly,obscure,onto,opposite,ovary,ovoid-reniform,pair,pale,papillose,pedicel,petiole,pinkish-white,pitted,pore,puberulent,pubescent,scar,shaped,shiny,size,small,somewhat,spaced,sparsely,stem,stigma,style,surface,tan,tear-drop,thick,tip,tree,trichome,tube,uniseriate,vein,way,white,winged,x,yellow-gray	0.7-1,20-30-flowered,anthesi,ba,deflexed,deltate,differing,difoliate,eaf,eed,free,geminat,glabrat,gold,irregularly,know,lobe,lon,lower,major,nflorescence,older,overlappin,planar,poricidal,portion,ruit,simple,straight,styl,tall,ud,underside,unit,woody,ympodial,young	abaxial,bud,colour,form,fruit,glabrate,growth,hair,height,inflorescence,known,length,overlapping,plant,position,seed,shape,texture,venation	.05,.5,/2,1-1.2,1-1.5,1-1.8,1-3,1.5-5,15-28,2-3,2.5-3,3-10,3-4,4.5-5,5-6,5-8,7,8-10,abaxially,acute,adaxially,along,attenuate,base,beginning,berry,c.,capitate,closely,cm,conical,cucullate,dark,darker,densely,dia,distinctly,drying,elliptic,elongate,erect,falcate,filament,fleshy,four-angled,glabrous,globose,golden,green,larger,lateral,leaf,leathery,lobed,long,main,margin,midrib,minutely,mm,nearly,obscure,onto,opposite,ovoid-reniform,pair,pale,papillose,petiole,pinkish-white,pitted,puberulent,pubescent,shaped,shiny,small,somewhat,spaced,sparsely,style,surface,tan,tear-drop,thick,tip,tree,trichome,tube,uniseriate,vein,way,white,winged,x,yellow-gray	-2.2,di,glabrate,known,overlapping
205	wfo-0001028182	success	150	64	41	52	98	12	40	1	0.5-0.6,0.9-1,1-1.5,2-6.5,3-5,along,anther,apex,base,beneath,calyx,capitate,ciliate,cm,conical,cordate,corolla,filament,filiform,glabrous,inflorescence,leaf,like,lobed,long-acuminate,midrib,mm,narrowly,nearly,ovate,pedicel,petiole,pore,poricidal,purplish,scar,shaped,shiny,shrub,simple,somewhat,stem,stigma,style,tear-drop,tip,trichome,truncate,tube,uniseriate,white,zig-zag	.5,0-90,0.1-0.2,0.5,0.5-1,0.8-1,2,2-2.5,3,4-6,5-15-flowered,5-ribbed,6-9,anthesi,apart,apiculae,apiculate,arching,axi,bark,bending,black,blade,branch,brown,deflexed,deltoid,densely,dia,dry,eaf,edicel,eed,ellipsoid,evenly,except,extreme,flower,free,globose,gre,hemiepiphyte,internodal,keeled,know,known,later,lateral,lax,less,lobe,long,lower,main,margin,material,minute,minutely,nflorescence,obovoid,older,opposite,ovary,pair,papillo,papillose,planar,portion,present,prominent,proximal,pubescent,reflexed,rib,rounded,ruit,sca,slender,slightly,spaced,sparsely,sparser,specimen,spindly,still,strongly,surface,tapering,third,time,ud,unifoliat,unit,vein,widest,x,ympodial,young	branching,colour,form,fruit,growth,hair,length,na,seed,shape,texture,type	0.5-0.6,0.9-1,1-1.5,2-6.5,3-5,along,base,beneath,capitate,ciliate,cm,conical,cordate,filiform,glabrous,like,lobed,long-acuminate,midrib,mm,narrowly,nearly,ovate,pedicel,poricidal,purplish,scar,shaped,shiny,shrub,simple,somewhat,stem,tear-drop,tip,trichome,truncate,uniseriate,white,zig-zag	na
206	wfo-0001028183	success	235	95	64	82	153	13	64	0	-10,0.2-0.5,0.5,0.5-2.5,0.8-3.1-5.3,1/3-1/2,10-15,2-4.2,2-5,3.5-6.6,5-8,5.2-6.2,6.6-20,7.5-23,abaxial,adaxially,anthesi,apex,attenuate,bark,base,branch,branched,bud,calyx,chartaceous,cm,corolla,cuneate,deltoid,diameter,dull,elliptic,entire,flower,fruit,glabrescent,glabrous,globose,granular-punctate,hair,lanceolate,leaf,lobe,long,many,margin,mm,narrowly,nearly,orangish-tan,pedicel,peduncle,petiole,porrect-stellate,pubescence,rachi,reticulate-punctate,ripe,scabrous,sessile,shrub,simple,soon,sparse,stalk,stellate,sub-lenticular,subcampanulate,surface,tan,thick,thin,time,tree,usually,way,white,whitish,x,yellowish,yellowish-tomentose	.5-3,0.1,0.1-0.2,0.1-0.4,0.1-0.9,0.2-0.3,0.2-0.4,0.6,0.7-1.2,0.7-2,0.8-1.4,1.1-1.8,1.2-1.4,1.3-1.4,1.3-1.7,1.4-2.8,1.5-3.4,1.6-2.3,1.7-2.7,1.9-3.7,11-30,2.2-5.7,2.5-4.1,2.6-4.4,2.8-4.2,3.2-4.6-6.4,4.5-9,5-8.5,50-400,8-9.1,9-13,abaxially,accrescent,acute,ag,along,alyx,anther,apart,apparently,around,articulated,axi,axillary,berry,blade,blunt-tipped,brown,capitate,cell,central,closely,cylindrical,dark,dendritic-multangulate,directed,distally,distantly,drying,eaf,earl,edge,eed,elongated,epidermal,especially,evident,except,exserted,farinose,few-rayed,filament,free,fruiting,glabrescen,group,half,high,inserted,lackin,lateral,lengthening,lobed,lon,long-decurrent,longitudinal,lower,m.,main,midrib,multangulate,nflorescence,oblong,obovoid,older,open,orolla,ovate-lanceolate,overlapping,perfec,plurifoliate,pore,poricidal,porrect-stellat,present,prominent,pseudoterminal,pubescent,purple,rarely,relatively,reportedly,ruit,runk,short,short-,side,slit,small,somewhat,spaced,sparingly,spherical,splitting,stage,stamen,stem,stigma,stipitate-glandular,stout,streak,strongly,style,suture,tamen,terete,thin-textured,tip,tomentose,touching,translucent,tube,ud,unarme,unit,upper,vary,vein,violet,wide,yellow,ympodial,young	arrangement,branching,colour,form,growth,height,inflorescence,length,plant,seed,shape,texture,trunk	-10,0.2-0.5,0.5,0.5-2.5,0.8-3.1-5.3,1/3-1/2,10-15,2-4.2,2-5,3.5-6.6,5-8,5.2-6.2,6.6-20,7.5-23,adaxially,anthesi,attenuate,base,branched,chartaceous,cm,cuneate,deltoid,dull,elliptic,entire,flower,fruit,glabrescent,glabrous,globose,granular-punctate,lanceolate,long,many,mm,narrowly,nearly,orangish-tan,porrect-stellate,reticulate-punctate,ripe,scabrous,sessile,shrub,simple,soon,sparse,stalk,stellate,sub-lenticular,subcampanulate,tan,thick,thin,time,tree,usually,way,white,whitish,x,yellowish,yellowish-tomentose	
207	wfo-0001028227	success	235	107	74	91	144	16	73	1	0.2-0.3,0.2-0.4,0.7-2.1,0.9-1.4,1-4.2-6.2,1.1-3.1,1.3-4,1.4,10,2-12,3-4.9,3.7-7,4.8-7.6,6-16,6.7-15,8.5-22,abaxial,abaxially,adaxially,anther,apart,bark,blunt-tipped,branch,branched,brown,brownish,bud,cm,corolla,cylindrical,dark,deltoid,dendritic-echinoid,diameter,drying,echinoid,elliptic,elongate,farinose,fleshy,fruit,glabrescent,glabrous,globose,granular-tomentose,gray,green,hair,leaf,long,many,mm,multangulate,oblong,oblong-lanceolate,older,orangish-tan,orbicular,ovate-lanceolate,pale,pedicel,peduncle,petiole,porrect-stellate,pseudoterminal,pubescent,purple,rachi,reticulate-punctate,ripe,scabridulous,shrub,simple,sparsely,stellate,stem,stigma,style,sublenticular,subspherical,surface,time,tomentose,tree,velutinous,violet,x,yellow,yellowish,young	-2/3,.5-4,0-250,0.1,0.2,0.2-0.5,0.3,0.4,0.5,0.8,0.8-1.4,0.9,0.9-1.2,1,1-1.7,1-2.5,1.2-2,1.4-2.6,1.5-2.3,1.7-2.8,1.9,1.9-4.2,1.9-5.8,1/2,1/2-3/4,10-24,11-15,2-3.8,2.5-7.8,2.6-5.9,2.9-4.7,3.7-6.3,4-13,5-7.5,8.1-18,accrescent,acuminate,acute,ag,age,along,alyx,anthesi,apex,apparently,appressed,around,articulated,attenuate,axillary,base,becoming,berry,blade,blunt-tippe,c.,calyx,closely,cuneate,decurrent,directed,distally,eaf,early,echinoi,edge,eed,ength,entire,exserted,filament,flower,free,fruiting,grayish,high,inserted,lacking,lanceolate,lateral,lengthening,less,lobe,lobed,lon,longitudinal,lower,m.,main,margin,midrib,midvein,mostly,nflorescence,obscured,obtuse,occasionally,often,orolla,ovate-orbicula,overlapping,perfec,plurifoliate,pore,poricidal,present,prominent,pubescence,quarter,relatively,rounded,ruit,runk,sessile,side,slightly,slit,somewhat,spaced,stalk,stamen,stout,subcampanulate,sulcate,suture,tamen,thick,thicker,thin,tip,tomentu,touching,tube,ud,unarme,unit,upper,usually,vary,vein,way,well,wide,ympodial	arrangement,branching,colour,form,growth,height,inflorescence,length,ovary,plant,seed,shape,spacing,texture,tommentose,trunk	0.2-0.3,0.2-0.4,0.7-2.1,0.9-1.4,1-4.2-6.2,1.1-3.1,1.3-4,1.4,10,2-12,3-4.9,3.7-7,4.8-7.6,6-16,6.7-15,8.5-22,abaxial,adaxially,apart,blunt-tipped,branched,brown,brownish,cm,cylindrical,dark,deltoid,dendritic-echinoid,drying,echinoid,elliptic,elongate,farinose,fleshy,fruit,glabrescent,glabrous,globose,granular-tomentose,gray,green,long,many,mm,multangulate,oblong,oblong-lanceolate,orangish-tan,orbicular,ovate-lanceolate,pale,porrect-stellate,pseudoterminal,pubescent,purple,reticulate-punctate,ripe,scabridulous,shrub,simple,sparsely,stellate,sublenticular,subspherical,surface,time,tomentose,tree,velutinous,violet,x,yellow,yellowish	tommentose
208	wfo-0001028228	success	143	128	85	103	40	25	84	1	.5,0.1-1.7,0.75,1-1.5,1.1-2.5,1.2-1.8,1.5-2,1.8-3.4,10-30-flowered,2,2-8,2.1-4.2,2.8-6.5,3/4,6-7,6-8,7.5-12.5,abruptly,acute,age,anther,anthesi,apex,area,bark,base,becoming,brown,calyx,campanulate,clavate,closely,cm,coriaceous,corolla,dark,deflexed,difoliate,distal,dry,elliptic,exserted,filament,fragrant,fruiting,glabrous,globose,green,greenish-yellow,lateral,leaf,lobed,long,main,major,material,middle,minor,minute,minutely,mm,narrowing,obovate,occasionally,opposite,ovary,overlapping,ovoid,ovoid-reniform,pair,pale,papillose,pedicel,pore,portion,reticulate,rounded,scar,shaped,shining,shrub,small,spaced,stem,stigma,straight,style,surface,sweetly,tear-drop,terminal,thickened,tip,tree,tube,unit,usually,vein,way,white,widest,x,young	1.1-1.2,2-5,ba,beginning,beneath,berry,caly,deltoid,dia,eaf,edicel,eed,erect,free,geminat,impressed,inflorescenc,lobe,lon,lower,margin,nflorescence,older,petiole,planar,poricidal,prominent,ruit,shinin,simple,slender,slightly,styl,tall,tapering,thick-margined,ud,weight,woody,ympodial	bud,colour,diameter,exsertion,flower,form,fragrance,fruit,geminate,growth,height,inflorescence,length,number,pattern,plant,position,seed,shape,size,spacing,structure,sympodial,texture,width	.5,0.1-1.7,0.75,1-1.5,1.1-2.5,1.2-1.8,1.5-2,1.8-3.4,10-30-flowered,2,2-8,2.1-4.2,2.8-6.5,3/4,6-7,6-8,7.5-12.5,abruptly,acute,age,area,base,becoming,brown,calyx,campanulate,clavate,closely,cm,coriaceous,dark,deflexed,difoliate,distal,dry,elliptic,exserted,fragrant,glabrous,globose,green,greenish-yellow,lateral,leaf,lobed,long,main,material,middle,minute,minutely,mm,narrowing,obovate,occasionally,opposite,overlapping,ovoid,ovoid-reniform,pair,pale,papillose,reticulate,rounded,shaped,shining,shrub,small,spaced,straight,style,sweetly,tear-drop,thickened,tip,tree,tube,usually,vein,way,white,widest,x,young	geminate
209	wfo-0001028263	success	156	118	74	88	68	30	69	5	0.25,1-2,1-3,1-4,11-13,11-23,14-44,2.6,3,3.4,3.5-4.2,4,4-5,5-7.5,6,6-8,8-14,9,abaxially,acumen,adaxially,apical,apically,atenuate,branched,calyx,cm,conical,connate,corolla,cyme,darker,deep,dehiscent,diameter,dichasial,dichasially,distal,dorsally,edge,filament,flat,flower,folded,green,green-white,herbaceous,interjected,introrse,lateral,leaf,leaflet,light,lobe,long,maturing,medium,mm,monochasial,mucilaginous,odd-pinnate,often,ovoid,pair,pedicel,peduncle,perennial,perfect,petiole,plant,poricidally,proximal,puberulent,pubescent,rotate,seed,short,slit,straight,strigose,style,terminal,throughout,tuber-bearing,unit,violet,yellow,Â¼	2,2-3,2-4,3-6-foliat,5-7,8-1.,abaxiall,acuminate,acute,apex,articulate,base,broadly,cell,cordate,covering,cuneate,digestion,diminishing,eaf,ebracteate,eed,elliptical,emoval,enzyme,equal,exceeding,first,forked,generally,globo,gradually,hair-like,half,honeycomb,living,lon,lower,lunat,make,nflorescence,nther,oblique,orolla,ovate,pattern,plan,reveal,ruit,sessile,seudostipule,size,specimen,stamen,stigma,tal,tem,testal,thick,throughou,toward,truncate,two,typically,vary,wall,wide,ympodial	3-6-foliate,8-19,abaxial,adaxial,anther,arrangement,articulation,bract,branching,colour,dehiscence,ebbrate,form,fruit,growth,height,inflorescence,length,lunate,number,ovary,pseudostipule,shape,stem,structure,sympodial,texture,type,wet,width	0.25,1-2,1-3,1-4,11-13,11-23,14-44,2.6,3,3.4,3.5-4.2,4,4-5,5-7.5,6,6-8,8-14,9,abaxially,acumen,adaxially,apical,apically,atenuate,branched,cm,conical,connate,cyme,darker,deep,dehiscent,dichasial,dichasially,distal,dorsally,flat,folded,green,green-white,herbaceous,introrse,light,lobe,long,maturing,medium,mm,monochasial,mucilaginous,odd-pinnate,often,ovoid,perennial,perfect,poricidally,proximal,puberulent,pubescent,rotate,short,slit,straight,strigose,throughout,tuber-bearing,violet,yellow,Â¼	3-6-foliate,8-19,ebbrate,lunate,wet
210	wfo-0001028280	success	87	71	45	48	39	23	43	2	.5,0.7-1,1-2,1-2-flowered,2-2.5,2-3,7-8,acuminate,almost,apex,arching,attenuate,base,berry,ciliate,closely,cm,completely,elliptic,flattened,fruiting,glabrous,globose,green,lanceolate,lateral,leaf,main,middle,minutely,mm,narrowly,onto,opposite,pair,pedicel,petiole,rounded,scar,shrub,simple,spaced,stem,surface,tip,vein,widest,winged	1.5-2.7,6-9,anthesi,ape,axil,bark,branch,brow,dark,decurrent,dia,eaf,eed,immature,know,known,lon,long,lower,margin,new,nflorescence,older,papillae,pendant,present,ruit,sessil,small,somewhat,tall,ud,ultimate,unifoliat,unit,woody,x,ympodial,young	branching,ciliation,colour,decurren,decurrency,diameter,flower,form,fruit,glabrousnes,growth,height,inflorescence,length,number,pattern,plant,position,sessile,shape,spacing,type,width	.5,0.7-1,1-2,1-2-flowered,2-2.5,2-3,7-8,acuminate,almost,apex,arching,attenuate,base,berry,ciliate,closely,cm,completely,elliptic,flattened,glabrous,globose,green,lanceolate,lateral,leaf,main,middle,minutely,mm,narrowly,onto,opposite,pair,petiole,rounded,shrub,simple,spaced,surface,vein,widest,winged	decurren,sessile
211	wfo-0001028281	success	258	154	108	139	119	15	107	1	+,-3,.5,0.2-0.3,0.2-0.5-1,0.3-0.5,0.3-1,0.5-0.6,0.5-0.7,0.5-1,0.7-2.5-7,0.75-1,1,1-1.5,1-3,1-5,1.0-1.6,1.1-1.4,1.1-2.4,1.2-1.6,1.7-2.5,10-30-45,2-13,2-4,2-6.5-10,2.1-3.0,2.5-6-15,3-16-20,3-8.5,3-foliate,7-30-36,abaxial,acuminate,acute,adaxial,almost,anther,apex,apical,appendage,articulation,axi,base,basiscopically,bent,bract,branching,broadly,brown,calyx,capitate,cell,cm,column,conical,corolla,dark,darker,deep,densely,developed,diameter,distal,doubly,elliptic,elongate,entire,extended,filament,form,fruit,fruiting,glandular,globose,golden,green,hair-like,half,head,imparipinnate,inflorescence,internode,interrupted,lateral,leaf,leaflet,like,lobe,margin,medial,mm,multi-cellular,narrowly,node,oblique,obovate,occasionally,once-branched,orbicular,outgrowth,ovary,ovate,pale,paler,pedicel,peduncle,petiole,point,present,pseudostipule,pubescent,regularly,rotate,serrate,shrub,size,small,smooth,sometimes,sparsely,staminal,stem,sterile,stigma,stripe,strongly,style,terminal,testa,three,toward,transparent,trichome,type,unit,vine,wall,well,yellow	-5,-8,.2,.4,0.05-0.4,0.1-0.15,0.15-0.2,0.2-0.5,0.2-0.7-0.9,0.5-1.1,0.5-1.2,0.5-1.2-1.5,0.7-1-1.5,0.7-1.2,0.8-1,1-1.5-2,1-1.5-6,1.4-4,10-18,2-4-celled,2-locular,20-30,3-5,5-8-celled,6,abaxially,absent,alternate,anthesi,appearance,appressed,arising,autogamous,berr,blade,bracteate,composed,covering,decreasing,decurrent,dry,eaf,edicel,eed,eglandular,either,elongate-triangular,enclosing,exerted,exserted,flower,fragile,free,generally,giving,glabrous,gland,gree,hal,halfway,included,interjected,large,largest,less,lon,long,longest,lower,material,midvein,minute,mixture,multi-celled,multicellular,nflorescence,opposite,other,pair,patent,petiolule,population,portion,primarily,primary,probably,proximal,rachi,rest,ruit,secondary,serrat,sessile,set,shorter,silky,smaller,sparser,sprawling,stiff,straight,subopposite,surface,tem,tertiary,thick,thin,tip,tube,ud,unicellular,uniseriate,usually,vein,weak,weak-walled,wide,winged,ympodial	1-2,arrangement,bend,bud,colour,growth,length,position,pubescence,seed,shape,structure,sympodial,thicknes,width	+,-3,.5,0.2-0.3,0.2-0.5-1,0.3-0.5,0.3-1,0.5-0.6,0.5-0.7,0.5-1,0.7-2.5-7,0.75-1,1,1-1.5,1-3,1-5,1.0-1.6,1.1-1.4,1.1-2.4,1.2-1.6,1.7-2.5,10-30-45,2-13,2-4,2-6.5-10,2.1-3.0,2.5-6-15,3-16-20,3-8.5,3-foliate,7-30-36,acuminate,acute,almost,articulation,axi,basiscopically,bent,broadly,brown,capitate,cell,cm,conical,dark,darker,deep,densely,developed,diameter,distal,doubly,elliptic,elongate,entire,extended,glandular,globose,golden,green,hair-like,half,head,imparipinnate,inflorescence,interrupted,lateral,like,medial,mm,multi-cellular,narrowly,node,oblique,obovate,occasionally,once-branched,orbicular,outgrowth,ovate,pale,paler,pedicel,point,present,pubescent,regularly,rotate,serrate,shrub,small,smooth,sometimes,sparsely,stem,stripe,strongly,testa,three,toward,transparent,trichome,type,vine,wall,well,yellow	1-2
212	wfo-0001028317	success	204	94	62	67	137	27	59	3	/5,0,0.6-1.2,1/4-2/3,5-8,anther,articulated,base,berry,branched,bright,calyx,chartaceous,cm,cream,cuneate,dark,dull,elongating,flattened-reniform,fruit,fruiting,green,hair,herb,lanceolate,lateral,leaf,length,lobed,long,lower,margin,marking,mature,maturity,mauve,mm,moderately,obtuse,orange-brown,ovate,pale,pedicel,per,petiole,poricidal,prickle,purple,red,reflexed,shrub,simple,sometimes,sparsely,spherical,spreading,stellate-pubescent,stem,surface,tapering,terminal,tip,way,white,yellow,young	-1.5,-5,0-1,0-5,0.1,0.1-0.25,0.1-0.3,0.1-0.4,0.3-0.4,0.3-1,0.5-3.5,0.6-0.8,0.6-1.5,0.8-1.1,0.8-2.5,1-1.3,1-3,1-4,1.1-1.9,1.4-2,1.8-2.5,1/,1/3-1/4,1/5,2-2.8,2-4,2-4.5,2.5-6.5,2.8-3.3,2/3,3-10,3-4,3-5,4-5-merous,4-6,4-8,6-10,abaxially,absent,acuminat,acute,almost,alyx,apar,apart,apex,apically,apparently,bark,blade,broad-deltate,brow,brown,concolorous,curved,deltate,densely,diameter,difoliate,distance,drying,eaf,eed,equal,erect,extending,eye,filament,filiform,flower,free,geminat,glabrous,gray,herbaceous,infructescence,lobe,longer,midpoint,midvein,minute,naked,nflorescence,oblong,older,one,open,orolla,oung,pair,peduncle,pendulous,perfec,pericarp,porrect,portion,prickl,prickly,primary,ray,reduced,rounded,ruit,scandent,scar,sessile,shorter,side,smooth,spaced,stalk,stalked,stellate,straight,style,subsessile,tamen,terete,tertiary,time,toward,translucent,trichome,truncate,tube,unarme,unarmed,unit,upper,variously,vary,vein,venation,visible,wide,yellow-green,ympodial	abaxial,adaxial,articulation,branching,colour,corolla,form,growth,heteromorphism,inflorescence,insertion,mentioned,modification,needle-like,number,odour,orientation,placement,pore,position,seed,shape,staman,symmetry,texture,type,zygomorphy	/5,0,0.6-1.2,1/4-2/3,5-8,articulated,base,berry,branched,bright,chartaceous,cm,cream,cuneate,dark,dull,elongating,flattened-reniform,fruit,green,herb,lanceolate,lateral,leaf,length,lobed,long,lower,marking,mature,maturity,mauve,mm,moderately,obtuse,orange-brown,ovate,pale,per,poricidal,purple,red,reflexed,shrub,simple,sometimes,sparsely,spherical,spreading,stellate-pubescent,stem,surface,tapering,terminal,tip,way,white,yellow,young	mentioned,needle-like,zygomorphy
213	wfo-0001028323	success	164	125	82	104	60	21	79	3	-2,0.2-0.5,0.2-1,0.4-1.3,0.5,0.6-1,0.9-1.2,1-1.2,1-1.5,1.5-2.5,3.5-4,5-6,7.5-9,acute,anther,apart,apex,appressed,attenuate,bark,base,blue-green,brown,c.,cell,cm,conical,coriaceous,corolla,dark,dendritic,densely,drying,ellipsoid,elliptic,entire,erect,fading,filament,fleshy,glabrous,globose,grey,growth,inflorescence,internodal,leaf-opposed,less,like,lobed,margin,maturity,minute,minutely,mm,new,occasionally,ovary,ovoid,pair,pale,papillose,pedicel,peduncle,peg,pericarp,petiole,pitted,pore,poricidal,primary,pubescent,reddish,remaining,revolute,rounded,scar,shiny,shoot,short,shrub,simple,small,soft,sometimes,somewhat,sparsely,stem,stigma,straight,style,surface,testal,thick,thin,tip,trichome,uniseriate,vein,violet,wall,way,white,x	0.5-1,0.8,1,1-2,1.1-4.5,1.5,2-3,2-9,3,3-5,3-6,abaxially,abscissio,absent,along,anthesi,apparently,articulated,ba,berry,calyx,capiatate,cup-shaped,deltate,diameter,eaf,eed,flower,free,fruiting,glabrescen,glabrescent,included,lanceolate,lengthening,lobe,longer,lower,main,nflorescence,ovate,papillat,perfect,planar,plurifoliat,portion,proceed,ruit,scattered,sinus,soon,sparely,splitting,tearing,tube,tuft,ud,unit,woody,ympodial	abaxial,abscission,adaxial,articulation,bud,capitate,colour,distance,form,fruit,leaf,length,number,papillate,position,seed,shape,texture,thicknes,type,width	-2,0.2-0.5,0.2-1,0.4-1.3,0.5,0.6-1,0.9-1.2,1-1.2,1-1.5,1.5-2.5,3.5-4,5-6,7.5-9,acute,apart,appressed,attenuate,base,blue-green,brown,c.,cm,conical,coriaceous,dark,dendritic,densely,drying,ellipsoid,elliptic,entire,erect,fading,fleshy,glabrous,globose,grey,inflorescence,internodal,leaf-opposed,less,like,lobed,maturity,minute,minutely,mm,occasionally,ovoid,pair,pale,papillose,peg,pitted,poricidal,pubescent,reddish,remaining,revolute,rounded,shiny,shoot,short,shrub,simple,small,soft,sometimes,somewhat,sparsely,straight,thick,thin,tip,uniseriate,violet,way,white,x	abscission,capitate,papillate
214	wfo-0001028329	success	215	151	110	126	89	25	105	5	0.2-0.3,0.8-1.4,0.9-1.3,1-6,1.0-1.4,1.5-3.5,1.5-8,12,3-8,3/4,4-15,5-10,6-11,6-8,7-19,abaxially,acuminate,acute,adaxially,angled,anther,anthesi,apart,apex,apical-lateral,asperous,bark,base,berry,blunt-tipped,branch,branched,brown,bud,calyx,chartaceous,cm,conical,corolla,cylindrical,deltoid,diameter,dichotomously,distantly,echinoid,entire,filament,finely,fleshy,flower,fruit,glabrous,granular,granular-tomentose,gray,green,grooved,growth,hair,honeycombed,introrse,large,leaf,length,long-attenuate,longitudinally,margin,minutely,mm,moderately,mostly,multangulate,obelliptic,oblong,obovate,obtuse,occasional,orbicular,ovate,ovate-elliptic,pale,pedicel,peduncle,petiole,pore,porrect-stellate,pubescent,rachi,rather,reniform,reticulate-punctate,ripe,sessile,short-,short-stalked,shrub,simple,slightly,small,sometimes,spaced,sparse,sparsely,stalked,stellate,stellate-pubescent,stellate-rotate,stelliform,stigma,style,subglobose,suborbicular,testa,tomentose,touching,tree,tube,turning,velutinous,vestigial,way,white,whitish,x,yellow,yellowish	.5-3,.75-2,.75-5.75,/10-3/10,0-100,0.8-1.1,1.1-2.5,1.3-1.8,1.3-2,1.5-2.3,1.5-2.75,10-34,2-3,2-4,2.2-3.9,2.6-5,2.75-4.5,3-14,3.75-7,4-5,6-9,absen,ag,apparently,articulated,axe,axillary,ba,becoming,blade,closely,continued,dehiscing,dendritic-echinoi,dendritic-echinoid,distinct,due,eaf,eed,free,glabrescen,high,inserted,lateral,lengthening,lobe,lobed,long,lower,main,midvein,multangulat,nflorescence,obscured,older,orolla,perfect,plurifoliate,present,pseudo-terminal,receptacle,relatively,ruit,runk,sessil,several,side,slit,stellat,stem,subcapitat,suture,swollen,tamen,thick,thickened,thin,time,tomentu,toward,unarme,unarmed,unit,usually,vary,vein,wide,ympodial,young	0.5-3,20-100,4.75-5.75,angle,arrangement,branching,colour,form,glabrescent,height,inflorescence,insertion,lobing,number,ovary,plant,seed,shape,spacing,staman,subcapitate,texture,thicknes,trunk,type	0.2-0.3,0.8-1.4,0.9-1.3,1-6,1.0-1.4,1.5-3.5,1.5-8,12,3-8,3/4,4-15,5-10,6-11,6-8,7-19,acuminate,acute,angled,anthesi,apart,apex,apical-lateral,asperous,base,berry,blunt-tipped,branched,brown,calyx,chartaceous,cm,conical,corolla,cylindrical,deltoid,dichotomously,distantly,echinoid,entire,finely,fleshy,glabrous,granular,granular-tomentose,gray,green,grooved,hair,honeycombed,introrse,large,long-attenuate,longitudinally,minutely,mm,moderately,mostly,multangulate,obelliptic,oblong,obovate,obtuse,occasional,orbicular,ovate,ovate-elliptic,pale,pore,porrect-stellate,pubescent,rather,reniform,reticulate-punctate,ripe,sessile,short-,short-stalked,shrub,simple,slightly,small,sometimes,spaced,sparse,sparsely,stalked,stellate,stellate-pubescent,stellate-rotate,stelliform,subglobose,suborbicular,tomentose,touching,tree,tube,turning,velutinous,vestigial,way,white,whitish,x,yellow,yellowish	0.5-3,20-100,4.75-5.75,glabrescent,subcapitate
215	wfo-0001028337	success	192	77	44	58	134	19	41	3	0.3-0.5,0.7-0.9,1-1.8,1-3,1.8-2,2-2.2-2.5,2-4,4-5,5-25,5-6,8-10,abaxial,adaxial,anther,berry,branched,calyx,chartaceous,cm,connivent,dark,densely,diameter,entire,evenly,flattened-reniform,flower,fruit,fruiting,glabrescent,glaucous,green,green-brown,inflorescence,juvenile,lateral,leaf,length,margin,marking,mauve,mm,moderately,narrow-oblong,orange-brown,per,petiole,prickle,shrub,simple,spherical,stellate,stellate-pubescent,surface,tapering,terminal,white,young	-4,.5,.8,/3,0-6,0.05-0.15,0.05-1,0.1-0.3,0.4-0.7-2,0.4-0.8,0.7-1,1,1-2,1.5-3,1.5-4,1/2,1/3-2/3,1/4-1/3,1/8-1/4,11-16,15-50,3-4,5-8,5-merous,6-7,8-14,abaxially,acut,alyx,apar,apart,ape,apex,apically,apparently,articulated,bark,base,blade,color,conical,cuneate,curved,deltate,discolorous,drying,eaf,eed,elongating,equal,erect,eye,filament,free,fused,gently,glabrou,glabrous,gray,gray-brown,hair,infructescence,juvenil,known,lobe,lobed,long,long-styled,longer,lower,mature,midpoint,minutely,naked,nflorescence,occasionally,older,one,open,orolla,oung,pale,pedicel,peduncle,perfect,pericarp,pitted,plurifoliat,poricidal,porrect,porrect-lepidote,portion,prickly,primary,ray,reddish,reflexed,rounded,ruit,scar,sessile,shallowly,shoot,short,short-styled,shorter,slender,small,smooth,spaced,sparse,staminate,stem,stout,straight,strongly,style,tamen,terete,time,tip,toward,trichome,tube,unarme,unarmed,unit,usually,vary,vein,visible,way,wide,ympodial	absent,adult,branching,colour,corolla,form,growth,height,number,plant,position,present,seed,shape,staman,texture,type,unknown,width	0.3-0.5,0.7-0.9,1-1.8,1-3,1.8-2,2-2.2-2.5,2-4,4-5,5-25,5-6,8-10,berry,branched,chartaceous,cm,connivent,dark,densely,entire,evenly,flattened-reniform,glabrescent,glaucous,green,green-brown,lateral,marking,mauve,mm,moderately,narrow-oblong,orange-brown,shrub,simple,spherical,stellate,stellate-pubescent,tapering,terminal,white,young	absent,present,unknown
216	wfo-0001028339	success	195	107	80	93	102	14	77	3	.5,1-1.2,1-2,1-5,1.1-1.4,1.2-1.5,1.5,1.5-2,1.7-3.2,3.5-4,5-7,8182,across,acuminate,acute,anther,anthesi,apex,base,becoming,beneath,berry,blue,broadly,bud,calyx,capitate,cm,connate,corolla,cuneate,cup-shaped,decurrent,deflexed,dia,dried,filament,filiform,flattened,flower,fruiting,glabrous,globose,growth,later,leaf,lobe,lobed,long,minutely,mm,mustard,nearly,oblique,opposite,ovary,ovate,ovoid-reniform,papillate,pedicel,petiole,pitted,pore,reflexed,schwarz,shaped,shrub,simple,size,slender,slightly,small,somewhat,specimen,stigma,straight,strongly,style,surface,tapering,tear-drop,texture,tightly,tree,tube,urceolate,vein,white,winged,woody,x,yellow,young	0.05-0.1,0.8-1.2,1-1.5,10-30-flowered,10.2-18.5,2.5-5,3.4-5.5,43191,5-angled,5.8-7.9,7-11,8-10,almost,appearance,appearing,appressed,attenuate,bark,brown,carinate,carpel,closely,covered,crystalline,dark,densely,differing,difoliate,distinctly,dry,eaf,edicel,eed,enclosed,epidermi,erect,evenly,exserted,fide,first,floccose,free,frui,geminat,glabrate,grainy,greyish-brown,irregular,large-celled,lateral,leave,like,little,lon,long-triangular,lower,main,major,margin,middle,minor,nee,nflorescence,obscure,occasionally,older,one,overlappin,ovoid,papery,papillose,planar,poricidal,portion,proximal,pulp,red-brown,ruit,scar,secondary,septum,shining,spaced,sparsely,speckled,stem,strong,tall,tip,trichome,tub,ud,uniseriate,unit,venation,white-lenticellat,white-papillo,white-speckled,wide,widest,yellowish,ympodial	10-30,colour,form,fruit,height,inflorescence,length,number,plant,position,seed,shape,type,white-papillose	.5,1-1.2,1-2,1-5,1.1-1.4,1.2-1.5,1.5,1.5-2,1.7-3.2,3.5-4,5-7,8182,across,acuminate,acute,anthesi,base,becoming,beneath,berry,blue,broadly,bud,calyx,capitate,cm,connate,cuneate,cup-shaped,decurrent,deflexed,dia,dried,filiform,flattened,flower,glabrous,globose,later,leaf,lobed,long,minutely,mm,mustard,nearly,oblique,opposite,ovate,ovoid-reniform,papillate,pitted,reflexed,schwarz,shaped,shrub,simple,slender,slightly,small,somewhat,specimen,straight,strongly,tapering,tear-drop,tightly,tree,tube,urceolate,vein,white,winged,woody,x,yellow,young	10-30,fruit,white-papillose
217	wfo-0001028351	success	175	148	116	130	45	18	114	2	.2,.8,.8â1.0,0,0.2,0.5,0.6,0â,1.0â,1.0â2.0,1.0â2.5,1.5â4.0,1.6â,2,2.0â2.5,2.0â5.0,2â4,3,3â4,4,40,5,5.0,5.0â5.5,5.5â10.5,5â7,6â12,8â15,abaxially,absent,acute,adaxially,along,anther,anthesi,apart,apex,apical,articulated,basal,base,becoming,blue,branching,brown,calyx,capitate,cell,chartaceous,clavate,cm,colour,convex,cylindrical,densely,diameter,directed,distally,erect,filament,flattened,flower,fruit,glabrous,glandular,globose,green,hair,herb,lanceolate,leaf,like,lobe,lobed,long,longitudinal,margin,midvein,mm,moderately,multicellular,narrowly,number,oblong,obtuse,occasionally,opening,ovate,pair,pale,pedicel,peduncle,pentagonal,petiole,pitted,pore,present,pubescent,regularly,serrate,shallowly,shaped,shiny,side,simple,slender,slit,smaller,stem,stigma,stone,straight,style,surface,tardily,teardrop,truncate,tube,unbranched,unicellular,uniseriate,unknown,velutinous,white,wing,winged,woody,x,â,â3.0	0.1,1.0â1.6,1.4â1.5,10,2.1â3.5,2/3,2â2.5,3.4â5.0,6.5â8.5,adaxiall,ag,annual,axe,ba,blade,connivent,eaf,eed,equal,fleshy,geminat,indumentum,lamin,lon,lower,m.,nfloresence,opposed,orolla,perennial,perfect,plurifoliate,probably,ruit,spaced,sparsely,tal,tamen,tem,time,unit,vary,wide,ympodial,young	age,arrangement,articulation,corolla,form,growth,height,inflorescence,lamina,length,ovary,plant,seed,shape,size,spacing,staman,texture	.2,.8,.8â1.0,0,0.2,0.5,0.6,0â,1.0â,1.0â2.0,1.0â2.5,1.5â4.0,1.6â,2,2.0â2.5,2.0â5.0,2â4,3,3â4,4,40,5,5.0,5.0â5.5,5.5â10.5,5â7,6â12,8â15,abaxially,absent,acute,adaxially,along,anthesi,apart,apex,apical,articulated,basal,base,becoming,blue,branching,brown,capitate,chartaceous,clavate,cm,convex,cylindrical,densely,directed,distally,erect,flattened,flower,fruit,glabrous,glandular,globose,green,hair,herb,lanceolate,leaf,like,lobe,lobed,long,longitudinal,midvein,mm,moderately,multicellular,narrowly,number,oblong,obtuse,occasionally,opening,ovate,pair,pale,pentagonal,pitted,present,pubescent,regularly,serrate,shallowly,shaped,shiny,side,simple,slender,slit,smaller,straight,surface,tardily,teardrop,truncate,unbranched,unicellular,uniseriate,unknown,velutinous,white,wing,winged,woody,x,â,â3.0	age,lamina
218	wfo-0001028353	invalid_json	177	129	NA	110	67	19	NA	NA	/3,0.2-0.4,0.5,0.9-1.2,1,1-4,1.4-2,1.5-2,1.5-5,2,2-3,2-4,3,3-5,4-7,6-8,7,acute,age,anther,apex,base,becoming,beneath,berry,bluntly,bright,campanulate,capitate,cell,centre,clasping,cm,coarsely,conical,cordate,corolla,dark,deep,deeply,densely,diameter,elliptic,erect,filament,fleshy,fracturing,fruiting,glabrous,globose,green,greenish,herb,heteromorphic,hollow,honey-comb,internodal,leaf,lengthening,less,like,long,margin,midrib,minute,minutely,mm,nodding,often,ovary,ovoid,pale,papery,papillose,pedicel,pericarp,petiole,pitted,plant,plump,pore,poricidal,pubescent,purple,rhomboid,ripe,scattered,short,simple,size,slender,slit,somewhat,sparsely,stem,stigma,style,surface,tan,testal,thin,tip,toothed,trichome,truncate,uniseriate,vein,way,x,yellow	.5,0.5-1-2,1-2,8-10,abaxially,accrescent,along,anthesi,apart,area,calyx,ciliate,cup-shaped,curved,decreasing,decumben,difoliate,distally,dry,drying,eaf,edicel,eed,ellipsoid,emarginated,exerted,flower,free,frui,geminat,gree,growing,horn,horned,inserted,lobe,lon,lower,m.,material,nflorescence,open,outline,pair,papillate,peduncle,point,portion,primary,principal,reddish,ruit,scar,sessil,sessile,shallow,sleeve,slightly,straight,strongly,toward,tube,ud,unit,wall,wrinkled,ympodial	abaxial,arrangement,branching,characteristic,colour,form,fruit,growth,hair,height,inflorescence,length,position,seed,shape,texture,thicknes,type,value	NA	NA
219	wfo-0001028390	success	147	98	62	73	74	25	60	2	-10,0.5,0.5-1,0.5-1.5,0.5-2.5,1-2.5,1-5,1.5-2,1.5-3.5,10-15,3-4,3-5,4-5,5-7,7-8,acute,angled,apex,apiculate,base,calyx,chartaceous,cm,cuneate,cylindrical,deltate,densely,diameter,directed,divided,elliptic,entire,felty-pubescent,forked,glabrous,globose,hair,lanceolate,lobe,margin,mm,near,obtuse,often,orange,ovate,pedicel,peduncle,petiole,pore,pseudohair,pubescent,rachi,radiu,rarely,shrub,simple,slightly,sparsely,stellate,stigma,style,subclavate,subcordate,subcoriaceous,truncate,unbranched,unequally,violet,white,white-pubescent,x,yellow	.5-3.3,0,1,1-3,1.5-5.5,2,2.5,4-11,6-many-foliat,7,9,abaxially,absen,adaxiall,adaxially,aggregate,apart,articulated,axe,blade,branched,cell,connivent,curled,dendritically,dendritically-branched,dense,distall,eaf,eed,eglandular,flower,gland,leaving,less,like,lon,long,lower,midvein,mixed,moderately,mostly,narrowly,nflorescence,nther,occasionally,orolla,peg,perfect,presen,puberulent,pubescen,ripe,ruit,scar,short,small,spaced,stalked,ste,stone,subcapitat,tal,tem,time,tip,triangular,tube,unit,usually,vary,wide,ympodial	abaxial,adaxial,anther,articulation,branching,colour,corolla,direction,distally,form,fruit,growth,height,inflorescence,leaf,length,ovary,plant,seed,shape,spacing,stem,subcapitate,texture,type	-10,0.5,0.5-1,0.5-1.5,0.5-2.5,1-2.5,1-5,1.5-2,1.5-3.5,10-15,3-4,3-5,4-5,5-7,7-8,acute,angled,apex,apiculate,base,chartaceous,cm,cuneate,cylindrical,deltate,densely,directed,divided,elliptic,entire,felty-pubescent,forked,glabrous,globose,lanceolate,mm,near,obtuse,often,orange,ovate,pseudohair,pubescent,rarely,shrub,simple,slightly,sparsely,stellate,subclavate,subcordate,subcoriaceous,truncate,unbranched,unequally,violet,white,white-pubescent,x,yellow	distally,subcapitate
220	wfo-0001028405	success	149	102	59	73	76	29	52	7	0.4-0.5,0.5-3,1-4,1-9,1.5-6.5,10-11,2,2-2.5,2-3,3-20,3-4,3.5-10,4-11.5,4-6,6-7,7-14.5,8-15,9-15,apical,branched,calyx,cm,conical,connate,corolla,cyme,dehiscent,diameter,dichasially,distal,elliptic,filament,flower,forked,green,green-white,hair-like,herbaceous,interjected,introrse,lateral,leaf,leaflet,maturing,mm,oblong,odd-pinnate,often,ovate-elliptic,ovoid,pedicel,peduncle,perennial,perfect,petiole,plant,proximal,puberulent,seed,short,size,slit,stellate,stigma,straight,style,terminal,throughout,tuber-bearing,unit,wall,yellow,Â¼	1.3-8,2-4,3-6-foliat,3.5-6.5,abaxially,absen,acumen,acute,adaxially,apex,apically,apiculate,articulate,attenuate,base,cell,covering,decurrent,dichasial,digestion,diminishing,dorsally,eaf,ebracteate,edge,eed,elliptic-lanceolate,emoval,enzyme,exceeding,flat,folded,generally,globo,gradually,half,honeycomb,lanceolate,living,lobe,lon,long,lower,lunat,make,monochasial,mucilaginous,nflorescence,nther,oblique,orolla,pair,pattern,plan,poricidally,rachi,reveal,ruit,seudostipule,short-acuminate,short-petiolate,specimen,stamen,subsessile,tal,tem,testal,thick,throughou,toward,typically,vary,whit,wide,without,ympodial	3-6-foliate,absent,anther,apicidally,arrangement,articulation,branching,colour,form,fruit,globose,growth,height,inflorescence,length,lunate,number,ovary,pore,present,pseudostipule,shape,stem,structure,sympodial,texture,type,white,width	0.4-0.5,0.5-3,1-4,1-9,1.5-6.5,10-11,2,2-2.5,2-3,3-20,3-4,3.5-10,4-11.5,4-6,6-7,7-14.5,8-15,9-15,apical,branched,cm,conical,connate,cyme,dehiscent,dichasially,distal,elliptic,forked,green,green-white,herbaceous,introrse,maturing,mm,oblong,odd-pinnate,often,ovate-elliptic,ovoid,perennial,perfect,proximal,puberulent,short,slit,stellate,straight,throughout,tuber-bearing,yellow,Â¼	3-6-foliate,absent,apicidally,globose,lunate,present,white
221	wfo-0001028429	success	162	132	86	102	60	30	82	4	0.2-0.4,0.8-1.2,0.9-2.3,1-2.5,1-4,1.5-3,10-11,10-27,10.5-21,2-4,2.5-12,2.5-4,2.5-7.5,2.7-3.6,3-6,4-14,5-12,6-18,6-28,abaxially,acute,adaxially,apical,apically,branched,calyx,cell,cm,connate,corolla,covering,cyme,darker,dehiscent,diameter,dichasial,dichasially,distal,dorsally,edge,especially,filament,flat,flower,folded,glabrescent,glabrous,globose,green,greenish,hair,hair-like,herbaceous,interjected,introrse,lateral,leaf,leaflet,light,lobe,long,long-attenuate,maturing,medium,mm,monochasial,odd-pinnate,often,ovoid,pedicel,peduncle,pentagonal,perennial,perfect,petiole,plant,poricidally,proximal,rotate,scattered,seed,short,size,slightly,slit,spot,stigma,straight,style,terminal,testal,thick,throughout,tuber-bearing,unit,vein,violet,wall,white,wide,yellow,Â¼	1.5-4,2-1.,2-3,2-8,3-6-foliat,7-7,abaxiall,acumen,acuminate,apex,articulate,base,broadly,cordate,cuneate,digestion,diminishing,eaf,ebracteate,eed,elliptical,emoval,enzyme,exceeding,forked,generally,globo,gradually,green-white,half,honeycomb,living,lon,lower,lunat,make,mucilaginous,narrowly,nflorescence,nther,oblique,obovate,orolla,ovate,pair,pattern,petiolule,plan,reveal,ruit,seudostipule,specimen,stamen,tal,tem,throughou,toward,typically,vary,ympodial	2-19,3-6-foliate,anther,arrangement,articulation,bract,branching,colour,connective,ebbrate,form,fruit,growth,height,inflorescence,length,lunate,number,ovary,pore,position,presence,pseudostipule,shape,stem,structure,sympodial,texture,type,width	0.2-0.4,0.8-1.2,0.9-2.3,1-2.5,1-4,1.5-3,10-11,10-27,10.5-21,2-4,2.5-12,2.5-4,2.5-7.5,2.7-3.6,3-6,4-14,5-12,6-18,6-28,abaxially,acute,adaxially,apical,apically,branched,cell,cm,connate,covering,cyme,darker,dehiscent,dichasial,dichasially,distal,dorsally,especially,flat,folded,glabrescent,glabrous,globose,green,greenish,hair,hair-like,herbaceous,introrse,lateral,light,long,long-attenuate,maturing,medium,mm,monochasial,odd-pinnate,often,ovoid,pentagonal,perennial,perfect,poricidally,proximal,rotate,scattered,short,slightly,slit,spot,straight,testal,thick,throughout,tuber-bearing,vein,violet,wall,white,wide,yellow,Â¼	2-19,3-6-foliate,ebbrate,lunate
222	wfo-0001028436	success	150	128	89	104	46	24	86	3	.5,0.2-0.4,0.5,1-2,1-2-celled,1-3,1.5,1.5-2,1.5-2.5,10-20,2-4,2.5-3,4,5-10,5-12,5-15,5-8,7,8-12,abaxially,absent,abundant,acute,adaxially,anther,apex,appearance,base,berry,blade,brown,calyx,center,chartaceous,ciliate,connected,decurrent,deflated,dehiscent,diameter,dm,dried,due,edge,elliptic,entire,explosively,filament,fine,flower,fruit,glabrous,globose,hair,interpetalar,leaf,like,linear,linear-lancolate,lobe,margin,membranaceous,mm,moderately,much-branched,nearly,notch,oblong,often,older,parallel,pedicel,peduncle,per,petiole,placenta,presence,pubescent,rachi,radiating,raised,rhizomatous,ridge,rotate,running,shallow,shrub,small,sparsely,stem,stigma,style,surface,taproot,tear,tissue,triangular,tube,two-celled,unbranched,white,woody,wrinkled,x	0.5-1,0.8-1.5,1st,2-3,2nd,adaxiall,along,apically,appearing,axe,beyond,cell,cm,cordat,difficult,eaf,eed,evaluat,exserted,flat,frui,fruiting,geniculate,glabrescen,lengt,long,lower,lying,nflorescence,orolla,oung,pointing,pubescen,reaching,ruit,stamen,structure,swollen,tal,tamen,thick,unifoliate,unit,vary,wid,ympodial	branching,colour,cordate,corolla,dehiscence,form,glabrescent,glabrousnes,growth,height,inflorescence,length,number,ovary,rhizomatousnes,root,seed,shape,staman,texture,type,wide,width,young	.5,0.2-0.4,0.5,1-2,1-2-celled,1-3,1.5,1.5-2,1.5-2.5,10-20,2-4,2.5-3,4,5-10,5-12,5-15,5-8,7,8-12,abaxially,absent,abundant,acute,adaxially,apex,appearance,base,berry,brown,center,chartaceous,ciliate,connected,decurrent,deflated,dehiscent,dm,dried,due,edge,elliptic,entire,explosively,fine,flower,fruit,glabrous,globose,hair,leaf,like,linear,linear-lancolate,margin,membranaceous,mm,moderately,much-branched,nearly,notch,oblong,often,parallel,petiole,placenta,presence,pubescent,radiating,raised,rhizomatous,ridge,rotate,running,shallow,shrub,small,sparsely,taproot,tear,triangular,two-celled,unbranched,white,woody,wrinkled,x	cordate,glabrescent,wide
223	wfo-0001028465	success	159	144	102	114	45	30	96	6	0.75,1-2,1-4,1.5-2.9,10,10-24,11-23,2,2-3,2-4,2-6,2-9.3,2.4-2.8,2.5-4,3-4,3-5,3-8,3.8-7,4-8,4.5-5.5,5-7,7-15,8-10,9-19,acumen,acuminate,acute,apex,apical,apically,attenuate,base,branched,broadly,calyx,cell,cm,connate,corolla,covering,cuneate,cyme,dehiscent,diameter,dichasial,dichasially,distal,dorsally,edge,elliptical,exceeding,filament,flat,flower,folded,forked,generally,globose,green,hair-like,half,herbaceous,interjected,interpetalar,introrse,lateral,leaf,leaflet,lobe,long,make,maturing,medium,mm,monochasial,mucilaginous,oblique,odd-pinnate,often,ovoid,pair,pedicel,peduncle,perennial,perfect,petiole,petiolule,plant,poricidally,proximal,puberulent,pubescent,purple,rotate,seed,sessile,short,slit,spot,stamen,stigma,straight,strigose,style,terminal,testal,thick,throughout,tuber-bearing,unit,wall,white,yellow,Â¼	1.2-2,3-6-foliat,4-1.,abaxially,adaxially,articulate,decurrent,digestion,diminishing,eaf,ebracteate,eed,emoval,enzyme,equal,first,globo,gradually,green-white,honeycomb,living,lon,lower,lunat,nflorescence,nther,orolla,pattern,plan,rachi,rarely,reveal,ruit,seudostipule,size,specimen,tal,tem,tissu,toward,two,typically,vary,wide,ympodial	3-6-foliate,4-18,anther,arrangement,articulation,bract,branching,colour,dehiscence,ebbrate,form,fruit,growth,height,inflorescence,length,lunate,number,ovary,position,pseudostipule,shape,stem,structure,sympodial,texture,tissue,type,wet,width	0.75,1-2,1-4,1.5-2.9,10,10-24,11-23,2,2-3,2-4,2-6,2-9.3,2.4-2.8,2.5-4,3-4,3-5,3-8,3.8-7,4-8,4.5-5.5,5-7,7-15,8-10,9-19,acumen,acuminate,acute,apical,apically,attenuate,branched,broadly,cell,cm,connate,covering,cuneate,cyme,dehiscent,dichasial,dichasially,distal,dorsally,elliptical,exceeding,flat,folded,generally,globose,green,hair-like,half,herbaceous,interpetalar,introrse,lateral,lobe,long,make,maturing,medium,mm,monochasial,mucilaginous,oblique,odd-pinnate,often,ovoid,perennial,perfect,petiolule,plant,poricidally,proximal,puberulent,pubescent,purple,rotate,seed,sessile,short,slit,spot,stamen,stigma,straight,strigose,style,testal,thick,throughout,tuber-bearing,wall,white,yellow,Â¼	3-6-foliate,4-18,ebbrate,lunate,tissue,wet
224	wfo-0001028468	success	255	99	64	81	174	18	62	2	.3-0.4,0.2-0.3,0.4-4,0.5-3,0.7-2.5,16,5-9,6-9,along,anther,berry,blue,broad-based,brown,bud,calyx,campanulate,central,chartaceous,cm,compressed,corolla,densely,ellipsoid,extra-axillary,filament,flattened,flower,fruit,gray,greenish,hair,lateral,laterally,length,light,lower,mixed,mm,moderately,oblique,oblong-conical,oblong-lanceolate,occasionally,orange,orangish,ovoid,pale,pedicel,peduncle,petiole,porrect-stellate,prickle,purple,rachi,rhombic,rotate-stellate,sessile,short-stalked,shrub,simple,sparsely,stellate-pubescent,stelliform,stem,stigma,style,subcapitate,subelliptic,subglobose,sublenticular,subreniform,subshrub,surface,unbranched,upper,vein,x,yellow,yellowish,young	-1.3,-10,-3,-4,-5.5,-7,.1-0.2,.1-0.3,.1-0.4,.2,.2-0.4,.3,.5,.5-1.5,.5-1.6,.6-1,/10-1/5,/4-1/3,0.05,0.1,0.2-0.6,0.2-1.5,0.4-1,0.5-2,0.5-3.3,0.5-3.5,0.5-8,0.6-1.2,0.6-2,0.8-3.5,1,1.2-1.5,1.3-2,1.5-2.2,1.5-3.1,1.6,1/3-1/2,1/5-1/2,2,2-9,2.2-3,2.5-4,2.8-4.1,2/3-3/4,20,3-4,4-6,4-9,5-21,6-10,abaxially,accrescent,acuminate,acute,adaxially,apart,apex,appressed,ark,armed,articulated,attenuate,axe,base,becoming,beyond,blade,broadly,bu,c.,cauline,clavate,commonly,compresse,connivent,d.,dark,decreasing,density,diameter,directed,distal,distally,distantly,dry,eaf,eed,equal,exserted,foveate,fruiting,geminat,glabrescent,glabrous,gradually,green,half,increasing,inserted,interpetalar,introrsel,lamin,lobe,lobed,long,longer,m.,main,margin,midpoint,midvein,minutely,mostly,multangulat,multangulate,narrowly,nflorescence,obtuse,older,orolla,ovate,overlapping,pair,papillo,per,perfect,pore,proximal,pubescence,pubescent,ray,recurved,reduced,relatively,reticulate,ruit,shallowly,short,short-,side,similar,similarly,slightly,somewhat,spaced,specimen,stalk,stamen,straight,subacuminate,subchartaceous,subcuneate,subsessile,tal,tamen,terete,testa,thick,thick-stalked,thicknes,time,tissue,touching,toward,triangular,tube,unarmed,unifoliate,unit,usually,vary,way,wide,ympodial	0-1.3,0.5-1.5,arrangement,bark,colour,form,growth,height,inflorescence,leaf,ovary,placement,plant,seed,shape,staman,texture,type	.3-0.4,0.2-0.3,0.4-4,0.5-3,0.7-2.5,16,5-9,6-9,along,berry,blue,broad-based,brown,campanulate,central,chartaceous,cm,compressed,densely,ellipsoid,extra-axillary,flattened,gray,greenish,lateral,laterally,light,mixed,mm,moderately,oblique,oblong-conical,oblong-lanceolate,occasionally,orange,orangish,ovoid,pale,porrect-stellate,purple,rhombic,rotate-stellate,sessile,short-stalked,shrub,simple,sparsely,stellate-pubescent,stelliform,stem,subcapitate,subelliptic,subglobose,sublenticular,subreniform,subshrub,surface,unbranched,vein,x,yellow,yellowish	0-1.3,0.5-1.5
225	wfo-0001028470	success	185	143	97	116	69	27	93	4	0-18,0.25-0.75,0.9-2.2,0.9-2.3,1-12.3,1-2,1-3,1.6-3.2,11.8-21,12-44,2-10,2-7,2-8,2.1-3.9,3-10,3-5,3.5-16,3.5-7,4-6,4-7,5.5-11.6,6-33,abaxially,adaxially,anther,articulated,berry,blade,brownish,cell,chartaceous,clavate,cm,condition,corolla,covering,dark,deep,diameter,distal,dorsally,dot,drying,edge,end,filament,flat,flower,folded,forked,fresh,fruit,generally,glabrous,green,green-white,greenish,hair,hair-like,half,herb,high,homostylous,interjected,lanceolate,lateral,leaf,leaflet,lengthening,light,lobe,make,medium,mm,mottled,mucilaginous,odd-pinnate,one,ovoid,pair,pedicel,peduncle,pentagonal,petiole,placed,plant,pore,poricidal,purple,ripe,scarce,seed,short,size,slit,sometimes,stigma,straight,style,substellate,terminal,testal,thick,throughout,tip,tube,tuber,typically,unwinged,usually,wall,wet,white,whitish,wing,x	1.5-2.8,2-5,3.2-5.5,5-merou,acumen,acute,adaxiall,ag,alyx,apart,apex,apparently,asymmetric,attenuate,axe,axillary,base,basiscopic,bud,capitat,connivent,decreasing,digestion,eaf,eed,elliptic,enzyme,erec,exceeding,geminat,glabrescent,glabrou,hal,honeycomb-shaped,living,long,lower,nflorescence,orbicular,orolla,ovate,perfect,petiolulate,plurifoliate,pubescent,removed,rounded,ruit,sessile,seudostipule,side,spaced,specimen,stamen,stolo,subequal,subglabrou,subtending,tall,tamen,tem,tissue,toward,tri-,unit,vary,wide,yellow,ympodial	abaxial,adaxial,age,arrangement,articulation,branching,calyx,capitate,colour,form,growth,height,inflorescence,length,number,ovary,placement,presence,pseudostipule,shape,spacing,stem,stolon,subglabrous,texture,type,width	0-18,0.25-0.75,0.9-2.2,0.9-2.3,1-12.3,1-2,1-3,1.6-3.2,11.8-21,12-44,2-10,2-7,2-8,2.1-3.9,3-10,3-5,3.5-16,3.5-7,4-6,4-7,5.5-11.6,6-33,abaxially,adaxially,articulated,berry,brownish,cell,chartaceous,clavate,cm,condition,covering,dark,deep,distal,dorsally,dot,drying,end,flat,folded,forked,fresh,generally,glabrous,green,green-white,greenish,hair,hair-like,half,herb,high,homostylous,lanceolate,lateral,lengthening,light,make,medium,mm,mottled,mucilaginous,odd-pinnate,one,ovoid,pentagonal,placed,pore,poricidal,purple,ripe,scarce,seed,short,slit,sometimes,straight,substellate,testal,thick,throughout,tip,typically,unwinged,usually,wall,wet,white,whitish,wing,x	age,capitate,stolon,subglabrous
226	wfo-0001028476	success	242	120	67	99	143	21	65	2	-6,-8,0-0.5,0.1-0.4,0.15-0.4,0.2-0.5,0.2-0.5-1,0.3-0.7,0.3-1.2,0.4-0.5,0.4-0.6,0.4-1.5,0.5-0.6,0.7-2.5,0.8-1.2,0.8-1.6,1,1-1.2,1-1.4,1-1.5,1-2,1-4,1-6,1.1-1.5,1.1-1.6,2.4-3,3-7,3.5-13-16,5-15,7-10,absent,acuminate,acute,anther,apex,apical,appendage,base,bract,branched,bright,calyx,capitate,cm,column,conical,corolla,dark,deeply,diameter,distal,elliptic,fruit,fruiting,globose,green,half,herb,imparipinnate,inflorescence,interjected,interrupted,irregularly,lateral,leaf,leaflet,lobe,lobed,margin,minutely,mm,narrowly,ovary,pair,pedicel,peduncle,perennial,petiole,petiolule,present,primary,pseudostipule,puberulent,pubescent,purple,sparsely,staminal,stellate,stem,sterile,stigma,stripe,style,terminal,truncate,tube,white,woody,yellow	.05-0.1,.5,0-3-12-20,0.1-0.15,0.15-0.2,0.2-0.3,0.2-0.6,0.25-0.4,0.25-0.5,0.3-0.4,0.3-0.5,0.5,0.5-1.7,1-2-celled,1-celled,1.2-2.5,1.8-2.5,2,2-6,2-foliate,2-locular,3-foliate,4-celled,6-12-30,8-30,abaxially,abundant,acroscopically,age,almost,along,also,alternate,anthesi,ape,appearance,articulated,axi,basal,basiscopically,becoming,bifurcate,bifurcation,bracteate,brown,cell,curved,decurrent,diamete,eaf,ebracteate,edicel,eed,elongate,entire,especially,exserted,filament,first,flower,fortaleza,give,glabrescent,glandular,gradually,gree,hair-like,hal,head,hyaline,incurved,internode,lanceolate,largest,less,like,lon,long,lower,main,maturity,midvein,minute,mixed,nflorescence,node,numerous,oblique,obovate,occasionally,often,outgrowth,pale,population,prominent,pubescence,rachi,rarely,recurve,reflexed,regularly,rest,rounded,ruit,rÃ­o,scattered,secondary,sessile,set,short,silky,simple,sinus,slightly,smaller,sprawling,spreading,stiff,straight,subopposite,surface,tall,tem,tertiary,testa,thick,tip,toward,trichome,ud,unicellular,uniformly,uniseriate,unit,unpaired,usually,vein,wall,weak-walled,wid,wide,winged,ympodial	0.05-0.1,6-30,abaxial,adaxial,arrangement,articulation,branching,bud,colour,form,growth,hair,history,length,life,number,seed,shape,texture,thicknes,width	-6,-8,0-0.5,0.1-0.4,0.15-0.4,0.2-0.5,0.2-0.5-1,0.3-0.7,0.3-1.2,0.4-0.5,0.4-0.6,0.4-1.5,0.5-0.6,0.7-2.5,0.8-1.2,0.8-1.6,1,1-1.2,1-1.4,1-1.5,1-2,1-4,1-6,1.1-1.5,1.1-1.6,2.4-3,3-7,3.5-13-16,5-15,7-10,absent,acuminate,acute,branched,bright,capitate,cm,conical,dark,deeply,distal,elliptic,globose,green,half,herb,imparipinnate,interrupted,irregularly,lobed,minutely,mm,narrowly,pair,perennial,present,puberulent,pubescent,purple,sparsely,stellate,stripe,truncate,white,yellow	0.05-0.1,6-30
227	wfo-0001028481	success	194	144	97	118	76	26	93	4	.1,.5,0.1-0.2,0.5-1,0.6-1,0Â°,1-3,1-4,1.5,1.5-2,1.8-2.5,2-3,2.5-3,3-3.5,3-4,3-4.5,3-6,5.5-7.5,8,absent,acuminate,acute,almost,along,anther,apex,apically,attenuate,bark,base,branch,branched,brown,chartaceous,clavate,cm,colour,conical,corolla,cuneate,cupular,deltoid,dendritic,dendritic-pubescent,diameter,dilated,discolorous,distributed,dry,drying,elliptic,entire,equal,evenly,filament,flaking,glabrous,green,leaf,length,less,liana,like,lobe,lobed,long,long-acuminate,longitudinally,main,margin,midvein,mm,mostly,narrowly,oblique,oblong,occasional,often,orange-brown,pair,pedicel,peduncle,petiole,pore,poricidal,primary,pubescent,ray,reddish,ridged,scar,shortly,shrub,side,size,small,sparsely,stem,stigma,stump,style,terminal,tertiary,thickly,tip,trichome,tube,unarmed,unit,unknown,vein,venation,visible,white,wide,x,yellowish,young	.3,0-2,0.15,1-1.4,1-2,1/2-2/3,3,abaxially,adaxially,age,alyx,anthesi,apar,apparently,articulated,canaliculate,clearly,close,deeply,delineated,density,different,divided,domatia,dorsifixed,eaf,eed,ellipsoi,erect,except,extending,extent,eye,faint,flat,flexuous,flower,free,increasing,know,known,lamina,lengthening,linear,lon,longer,lower,m.,naked,nflorescence,nther,orolla,ovate,perfec,plurifoliat,portion,protruding,rachi,raised,ribbed,ruit,see,simple,sinus,slender,smoot,smoothly,spreading,surface,tearing,together,toward,ud,uneven,vary,ympodial	angle,apart,arrangement,articulation,branching,calyx,form,fruit,growth,habit,inflorescence,na,number,ovary,plant,plurifoliate,position,protrusion,seed,shape,smooth,structure,sympodial,texture,type,width	.1,.5,0.1-0.2,0.5-1,0.6-1,0Â°,1-3,1-4,1.5,1.5-2,1.8-2.5,2-3,2.5-3,3-3.5,3-4,3-4.5,3-6,5.5-7.5,8,absent,acuminate,acute,almost,along,anther,apically,attenuate,base,branch,branched,brown,chartaceous,clavate,cm,conical,cuneate,cupular,deltoid,dendritic,dendritic-pubescent,dilated,discolorous,distributed,dry,drying,elliptic,entire,equal,evenly,flaking,glabrous,green,less,liana,like,lobed,long,long-acuminate,longitudinally,midvein,mm,mostly,narrowly,oblique,oblong,occasional,often,orange-brown,pair,poricidal,pubescent,ray,reddish,ridged,shortly,shrub,side,small,sparsely,stem,stump,terminal,thickly,tip,trichome,unarmed,unknown,visible,white,wide,x,yellowish,young	apart,na,plurifoliate,smooth
228	wfo-0001028482	success	224	167	117	143	81	24	115	2	.1,.5,/3,0,0.2,0.5-1,0.5-5,00,1-1.5,1-11,1-2,1-4,1.1-5,1.2-1.6,1.5-2,1.5-3,2-3,2-celled,3-4,4-5,6-50,7-14,acuminate,acute,age,alternate,anther,anthesi,apex,ascending,asymmetric,bark,basal,base,becoming,bilobed,bright,broadly,brownish,bud,calyx,campanulate,capitate,chartaceous,circinate,closely,cm,constriction,coriaceous,corolla,creamy,cymose,deflexed,deltate,densely,diameter,distinct,drying,ellipsoid,elliptic,emarginate,embryo,entire,exerted,filament,flattened-reniform,fleshy,flower,fresh,fruit,fruiting,glabrous,glandular,globose,golden,grayish,green,growth,halfway,impressed,incrassate,internodal,keeled,leaf-opposed,lengthening,less,lobe,lobed,long,margin,minute,minutely,mm,new,nodding,obovate,olive,ovary,pair,pale,pedicel,peduncle,per,petiole,pitted,pore,poricidal,primary,pubescent,revolute,row,scar,shaped,short,simple,slightly,slit,sometimes,somewhat,spaced,stem,stigma,style,subcoriaceous,subglobose,subpyramidal,surface,tan,tear-drop,tip,tree,trichome,truncate,tube,two,uniseriate,vein,way,woody,x,yellow,yellowish,Âµm	0.5,0.7-1.1,10,3-12,5-25,abaxially,adaxially,angled,apiculae,berr,berry,bifid,bifurcate,branched,brochiodromous,channeled,corky,corrugated,cucullate,curved,deciduous,diffusely,difoliate,discolorous,distally,dry,eaf,eed,enlarged,exfoliating,expanding,free,geminat,glabrou,hard,heterostylous,individual,investing,irregular,lower,markedly,materia,material,maturity,midrib,midvein,nflorescence,occasionally,overlappin,papillat,pentamerous,pericarp,petal,portion,reddish,ruit,scandent,shiny,size,small,soon,sparsely,stout,straight,tightly,tiny,transparent,transversely,tub,tuberculate,tuft,twice,ud,unifoliate,unit,usually,vegetative,venation,white,ympodial,young	abaxial,adaxial,arrangement,branching,colour,deciduousnes,exertion,exfoliation,form,heterostylousnes,inflorescence,leaf,length,number,papillate,pentamerousnes,position,seed,shape,spacing,symmetry,texture,type,ye	.1,.5,/3,0,0.2,0.5-1,0.5-5,00,1-1.5,1-11,1-2,1-4,1.1-5,1.2-1.6,1.5-2,1.5-3,2-3,2-celled,3-4,4-5,6-50,7-14,acuminate,acute,age,alternate,anthesi,ascending,asymmetric,basal,base,becoming,bilobed,bright,broadly,brownish,calyx,campanulate,capitate,chartaceous,circinate,closely,cm,constriction,coriaceous,creamy,cymose,deflexed,deltate,densely,distinct,ellipsoid,elliptic,emarginate,entire,exerted,flattened-reniform,fleshy,glabrous,glandular,globose,golden,grayish,green,halfway,impressed,incrassate,internodal,keeled,leaf-opposed,lengthening,less,lobed,long,minute,minutely,mm,nodding,obovate,olive,pair,pale,pitted,pore,poricidal,pubescent,revolute,row,shaped,short,simple,slightly,slit,sometimes,somewhat,spaced,style,subcoriaceous,subglobose,subpyramidal,tan,tear-drop,tip,tree,trichome,truncate,tube,two,uniseriate,way,woody,x,yellow,yellowish,Âµm	papillate,ye
229	wfo-0001028487	success	195	133	85	108	87	25	83	2	0-9,0.3-0.7,0.4-1.5,0.9-3,1-2,1-3,1-3.2,1.1-1.5,1.4-1.7,1.7-7,10-4.3,10-41,15-28,2-4,2-4.8,2-6,2.5-3.5,3-10,3-19,3-5,3.4-7.8,4-7,4.6-13.6,5-6,7.8-16.4,acuminate,acute,anther,apex,asymmetric,attenuate,base,blade,brownish,central,clavate,cm,condition,coriaceous,corolla,dark,deep,diameter,distal,drying,elliptic,filament,flower,forked,fresh,fruit,glabrescent,glabrous,green,greenish,hair,half,herb,high,homostylous,interjected,lanceolate,leaf,leaflet,light,lobe,long,medium,mm,moniliform,mucilaginous,narrow,odd-pinnate,orbicular,ovate,ovoid,pedicel,peduncle,pentagonal,petiole,petiolulate,plant,pore,poricidal,purple,ripe,rounded,seed,short,size,sometimes,star,stigma,straight,style,substellate,terminal,tip,tube,tuber,unwinged,usually,wet,white,whitish,wide,wing,x	3-4,5-merou,abaxially,acumen,adaxiall,adaxially,ag,along,alyx,apart,apparently,arranged,articulated,axe,axillary,basiscopic,bead,berry,bud,capitat,cell,connivent,considerably,covering,decreasing,digestion,dorsally,eaf,edge,eed,enzyme,erec,exceeding,flat,folded,geminat,generally,glabrou,green-white,hair-like,hal,honeycomb-shaped,lateral,lengthening,like,living,lower,make,multiple,necklace,nflorescence,orolla,pair,perfect,plurifoliate,removed,ruit,scabrous,scarce,second,sessile,seudostipule,side,slit,smaller,spaced,specimen,stamen,stolon,subequal,subglabrou,subtending,tall,tamen,tem,testal,thick,throughout,tissue,toward,tri-,typically,unit,vary,wall,yellow,ympodial	abaxial,adaxial,arrangement,articulation,branching,calyx,capitate,colour,form,growth,height,inflorescence,length,number,ovary,position,presence,pseudostipule,shape,spacing,staman,stem,subglabrous,symmetry,texture	0-9,0.3-0.7,0.4-1.5,0.9-3,1-2,1-3,1-3.2,1.1-1.5,1.4-1.7,1.7-7,10-4.3,10-41,15-28,2-4,2-4.8,2-6,2.5-3.5,3-10,3-19,3-5,3.4-7.8,4-7,4.6-13.6,5-6,7.8-16.4,acuminate,acute,asymmetric,attenuate,brownish,central,clavate,cm,condition,coriaceous,dark,deep,distal,drying,elliptic,forked,fresh,glabrescent,glabrous,green,greenish,hair,half,herb,high,homostylous,lanceolate,light,long,medium,mm,moniliform,mucilaginous,narrow,odd-pinnate,orbicular,ovate,ovoid,pentagonal,petiolulate,poricidal,purple,ripe,rounded,short,sometimes,star,straight,substellate,tip,unwinged,usually,wet,white,whitish,wide,wing,x	capitate,subglabrous
230	wfo-0001028489	success	222	166	134	144	78	22	132	2	-10,-4,-6,/4,0-10,0-15,0-20,0-3,0-50,0.1-0.6,0.2,0.2-0.3-0.5,0.2-0.4-0.6,0.2-0.6,0.2-0.7,0.3-1,0.3-1.2-2.5,0.4-0.8,0.5-0.8,0.5-1,0.5-1.1,0.5-1.5,0.6-1.2,0.7-3,1-3,1.5-4,1.8-4,1/3,1/3-1/2,2-3,2-6,3-7,3.5-6,4-13,5-25,5-merous,7.5,acicular,acute,anther,apex,apically,apparently,articulated,base,berry,beyond,branched,calyx,cell,chartaceous,cm,connivent,cordate,cream,cuneate,curved,dark,deltate,diameter,dull,elliptic,erect,flattened-reniform,flower,fruit,fruiting,glabrous,gray,green,hair,lateral,leaf,length,lobe,lobed,long,margin,marking,mature,maturity,mauve,membranous,midpoint,mm,moderately,obtuse,occasionally,often,one,open,orange,orange-brown,outline,ovate,pale,pedicel,peduncle,per,perpendicular,petiole,poricidal,porrect,prickle,prickly,protruding,purple,raised,ray,red-brown,rounded,sessile,shiny,shrub,side,slender,smooth,sometimes,sparsely,spherical,stellate,stellate-pubescent,stem,straight,style,subsessile,surface,tapering,terete,time,tip,toward,trichome,truncate,unarmed,upper,way,weakly,white,wide,yellow,yellow-green,yellow-orange,young	-5,0.1,0.2-0.5,0.3-0.5,0.3-0.7,1-4,1-6,1-7,1.5-3,1.8-2.2,1.8-5.5,1/4-1/2,2-4,2.1-3,4-10,4-8,5-8,abaxially,alyx,apar,apart,ba,bark,blade,broad-deltate,caudat,concolorous,densely,difoliate,distance,drying,eaf,eed,elongating,equal,extending,eye,filament,free,geminat,herbaceous,infructescence,less,lon,longer,lower,midvein,minute,naked,nflorescence,older,orange-green,orolla,oung,pair,pendulous,perfec,pericarp,portion,primary,ruit,scar,simple,spaced,spreading,stalk,tamen,tertiary,tube,unarme,unit,vary,vein,venation,visible,white-gra,woody,ympodial	articulation,branching,caudate,colour,corolla,form,growth,height,inflorescence,number,ovary,perfect,plant,position,presence,seed,shape,size,staman,texture,type,width	-10,-4,-6,/4,0-10,0-15,0-20,0-3,0-50,0.1-0.6,0.2,0.2-0.3-0.5,0.2-0.4-0.6,0.2-0.6,0.2-0.7,0.3-1,0.3-1.2-2.5,0.4-0.8,0.5-0.8,0.5-1,0.5-1.1,0.5-1.5,0.6-1.2,0.7-3,1-3,1.5-4,1.8-4,1/3,1/3-1/2,2-3,2-6,3-7,3.5-6,4-13,5-25,5-merous,7.5,acicular,acute,apically,apparently,articulated,base,berry,beyond,branched,cell,chartaceous,cm,connivent,cordate,cream,cuneate,curved,dark,deltate,diameter,dull,elliptic,erect,flattened-reniform,flower,fruit,glabrous,gray,green,lateral,leaf,length,lobe,lobed,long,marking,mature,maturity,mauve,membranous,mm,moderately,obtuse,occasionally,often,one,open,orange,orange-brown,outline,ovate,pale,per,perpendicular,poricidal,porrect,prickle,prickly,protruding,purple,raised,red-brown,rounded,sessile,shiny,shrub,side,slender,smooth,sometimes,sparsely,spherical,stellate,stellate-pubescent,stem,straight,subsessile,surface,tapering,terete,time,tip,toward,trichome,truncate,unarmed,upper,way,weakly,white,wide,yellow,yellow-green,yellow-orange,young	caudate,perfect
231	wfo-0001028492	success	130	116	70	81	49	35	64	6	0.2-2,0.5-1,1-2.5,1-4,1-5,1.5-2.5,1.5-6,15-20,2-2.5,2-3,3,3-6,4,5-15,5-8,6-11,8-15,acute,aggregate,angled,apart,apex,axi,base,calyx,cell,chartaceous,cm,colored,connivent,containing,crystal,cylindrical,dark,deltate,diameter,elliptic-ovate,entire,forked,fruit,glabrous,globose,herb,leaving,lobe,margin,mm,narrowly,obtuse,pedicel,peduncle,petiole,pore,purple,rachi,radiu,rarely,reticulate,ripe,rounded,sand-punctate,scar,shrub,simple,somewhat,stellate,stigma,stone,style,subcordate,subcoriaceous,succulent,triangular,triangular-ovate,tube,unbranched,unknown,veiny,white-punctate,whitish,x	-5-foliat,1.5-3,1.75-3.5,2-4,2-5,2.5-9,5-25-flower,6-12,abaxially,absen,adaxially,apiculate,articulated,axe,blade,ciliolate,color,directed,distall,eaf,eed,except,glabrou,hair,irregularly,long,lower,nflorescence,nther,orolla,pubescent,punctate,ruit,san,spaced,sparse,splitting,tal,tem,time,tip,truncat,unevenly,unit,vary,white,wide,x1-3,ympodial	5-25,abaxial,absent,adaxial,anther,arrangement,articulation,branching,colour,connivence,corolla,direction,distally,flower,form,growth,height,inflorescence,leaf,length,number,ovary,plant,pubescence,punctation,reticulation,sand,seed,shape,spacing,stem,tall,texture,truncate,width	0.2-2,0.5-1,1-2.5,1-4,1-5,1.5-2.5,1.5-6,15-20,2-2.5,2-3,3,3-6,4,5-15,5-8,6-11,8-15,acute,angled,apart,axi,base,cell,chartaceous,cm,colored,connivent,containing,crystal,cylindrical,dark,deltate,elliptic-ovate,entire,forked,glabrous,globose,herb,leaving,mm,narrowly,obtuse,purple,rarely,reticulate,ripe,rounded,sand-punctate,scar,shrub,simple,somewhat,stellate,subcordate,subcoriaceous,succulent,triangular,triangular-ovate,unbranched,unknown,veiny,white-punctate,whitish,x	5-25,absent,distally,sand,tall,truncate
232	wfo-0001028501	success	195	127	82	104	91	23	80	2	0-3,0-3.2,0-4,0.3-0.7,0.8-1.6,0.8-1.7,1,1-2,1-8,1.8-10.7,13-41,2-4,2.8-18,2.8-4.9,3-10,3-5,3-7,3.1-10.4,3.1-12,4-8,4.8-18,6.6-21.1,8-10,8-34,adaxially,anther,blade,brownish,cell,clavate,cm,condition,coriaceous,corolla,covering,dark,diameter,distal,drying,filament,flower,forked,fresh,fruit,glabrescent,glabrous,green,greenish,hair,hair-like,half,herb,high,homostylous,interjected,lanceolate,lateral,leaf,leaflet,light,lobe,long,medium,mm,moniliform,mottled,narrow,odd-pinnate,ovoid,pair,pedicel,peduncle,petiole,plant,pore,poricidal,purple,pyriform,ripe,rotate,scarce,seed,short,simple,size,sometimes,spot,stigma,straight,style,terminal,testal,thick,tip,tube,tuber,unwinged,usually,wall,white,whitish,wide,wing,x	0.3-3.3,0.6-5.8,1-3,2-5,5-merou,abaxially,acumen,acuminate,acute,adaxiall,ag,along,alyx,apart,apex,apparently,arranged,articulated,attenuate,axe,axillary,base,bead,berry,broadly,bud,capitat,connivent,considerably,decreasing,decurrent,digestion,dorsally,eaf,edge,eed,elliptic,enzyme,erec,exceeding,flat,folded,geminat,generally,glabrou,green-white,hal,honeycomb-shaped,larger,lengthening,like,linear,living,lower,make,mucilaginous,multiple,narrowly,necklace,nflorescence,onto,orbicular,orolla,ovate,perfect,plurifoliate,present,rachi,removed,ruit,sessile,seudostipule,slit,spaced,specimen,stamen,stolon,subglabrou,subtending,tall,tamen,tem,throughout,toward,tri-,typically,unit,vary,wet,yellow,ympodial	abaxial,adaxial,arrangement,articulation,branching,calyx,capitate,colour,form,growth,height,inflorescence,length,number,ovary,presence,pseudostipule,shape,spacing,staman,stem,subglabrous,texture	0-3,0-3.2,0-4,0.3-0.7,0.8-1.6,0.8-1.7,1,1-2,1-8,1.8-10.7,13-41,2-4,2.8-18,2.8-4.9,3-10,3-5,3-7,3.1-10.4,3.1-12,4-8,4.8-18,6.6-21.1,8-10,8-34,adaxially,brownish,cell,clavate,cm,condition,coriaceous,covering,dark,distal,drying,forked,fresh,glabrescent,glabrous,green,greenish,hair,hair-like,half,herb,high,homostylous,lanceolate,lateral,light,long,medium,mm,moniliform,mottled,narrow,odd-pinnate,ovoid,poricidal,purple,pyriform,ripe,rotate,scarce,short,simple,sometimes,spot,straight,testal,thick,tip,unwinged,usually,wall,white,whitish,wide,wing,x	capitate,subglabrous
233	wfo-0001028502	success	158	84	44	65	93	19	40	4	0.5-1,1-2,1.5-2,1.5-2.5,1.5-6,1.6-2.4,2-4,2-5,2-7,2-8,3.5-15,3.5-4,abaxial,abaxially,acute,adaxially,anther,anthesi,apex,base,beige,blade,branched,calyx,campanulate,clavate,cm,congested,corolla,densely,filament,flattened-reniform,fruiting,glabrous,globose,inflorescence,leaf,lobed,margin,minutely,mm,obovate,ovary,papillose,pedicel,petiole,pitted,pore,poricidal,pubescent,reddish-brown,seed,shining,shrub,small,stigma,style,surface,time,tree,tree-like,trichome,tube,warty,white	.5,/2,1.5-3,2-2.5,5-15,5-6,6-8,?,age,along,apar,ba,bark,body,branch,brown,cazalet,christmas-tree-like,closely,cone,constricted,dark,deltate,dendritic,denser,dia,eaf,edicel,eed,elliptic,erect,exserted,fawn,fide,flat,fleshy,flower,free,glabrat,heteromorphic,impressed,included,incrassate,inflorescenc,later,lateral,lengthening,light,like,lobe,lon,long,long-styled,lower,main,matted,middle,narrower,nflorescence,often,older,packed,pair,papillo,planar,plurifoliat,portion,prominent,rest,ruit,scar,scattered,short-styled,slit,spaced,stem,structure,tall,terminal,thick,tip,tub,ud,unclear,unevenly,vein,way,wide,widest,within,woody,ympodia,young	0.5,1,4-6,branching,colour,diameter,form,fruit,growth,hair,height,heteromorphism,length,plant,shape,texture,type,width,ye	0.5-1,1-2,1.5-2,1.5-2.5,1.5-6,1.6-2.4,2-4,2-5,2-7,2-8,3.5-15,3.5-4,acute,beige,branched,campanulate,clavate,cm,congested,densely,flattened-reniform,glabrous,globose,lobed,minutely,mm,obovate,papillose,pitted,poricidal,pubescent,reddish-brown,shining,shrub,small,time,tree,tree-like,warty,white	0.5,1,4-6,ye
234	wfo-0001028505	success	168	68	39	54	114	14	38	1	.1,.3,.5,0.8-1,0.8-1.5,1-3,10-14-flowered,10-15,2,3.5-5,anther,base,broadly,calyx,cm,conical,corolla,dia,filament,gently,glabrous,globose,green,leaf,lobed,minutely,mm,narrowly,opposite,ovary,ovate,ovoid-reniform,pedicel,petiole,pitted,plant,pore,poricidal,pubescent,rounded,seed,shape,shaped,shrub,size,stigma,style,tapering,tear-drop,tip,truncate,tube,white,x	.01,/3,0.25-0.5,1,1.2-2.5,1/3,2.5-4.5,3-5,7-8,acuminate,acute,anthesi,apex,aspect,ba,barely,bark,basal,beneath,berry,black,blade,body,branch,bright,bud,characteristic,darker,deciduous,decurrent,deflexed,delicate,deltoid,differentiated,differing,difoliate,distance,distinct,dried,dry,drying,eaf,edicel,eed,elliptic,erect,expanded,exserted,exsertion,f,flattened,free,fruiting,geminat,greatly,grey,incrassate,lateral,live,lobe,lon,long,lower,m.,main,major,margin,materia,material,member,minor,minute,nflorescence,obovoid,obvious,older,overlapping,pair,pale,papillose,portion,prominent,proximal,purple,reflexed,ruit,scar,short,simple,slightly,somewhat,soon,specimen,stem,straight,strongly,surface,tall,tan,touching,trichome,ud,unicellular,uniseriate,unit,usually,vein,way,whit,widest,woody,yellowish,ympodial,young	colour,decurren,flower,form,fruit,growth,hair,height,inflorescence,length,number,position,symmetry,texture	.1,.3,.5,0.8-1,0.8-1.5,1-3,10-14-flowered,10-15,2,3.5-5,broadly,cm,conical,dia,gently,glabrous,globose,green,leaf,lobed,minutely,mm,narrowly,opposite,ovate,ovoid-reniform,pitted,poricidal,pubescent,rounded,shaped,shrub,tapering,tear-drop,tip,truncate,white,x	decurren
235	wfo-0001028524	success	236	119	83	100	136	19	80	3	0.3,0.3-0.8,1-5,1.1-1.2,1.2-1.3,10-20,11,2-6,2.8-3.5,3-10,3-15,3-4.3,3.4-3.6,4-6,4-8,6-7,7-10,8-13,9-14,acuminate,acute,anther,apex,apical-lateral,bark,base,blunt-tipped,branch,branched,brown,bud,chartaceous,cm,conical,corolla,cream,dark,deltoid,diameter,dm,entire,extend,ferrugineous,fleshy,flower,fruit,glabrescent,granular-tomentose,gray,green,greenish,growth,honeycombed,indument,introrse,lanceolate,large,leaf,length,longitudinal,margin,mm,oblong,obtuse,ovate,pale,pedicel,peduncle,persistent,petiole,pore,probably,rachi,reniform,reticulate-punctate,ripe,rounded,scabridulous,simple,slightly,slit,somewhat,stellate,stigma,style,subcoriaceous,subglobose,suborbicular,terete,testa,time,tomentose,tree,tube,unarmed,velutinous,x,yellow,yellowish,yellowish-green	-2.7,-3,.5-1,/10-3/10,0-150,0.5-3.5,0.6-1.4,1.5-1.6,1.5-3,1.8-2.5,1/3-2/3,2-3.8,2.5-3.4,2.5-3.8,2.5-4,3.3-4,4.3-6,6-9,7-11,abaxially,accrescent,adaxially,ag,along,anthesi,apart,apparently,articulated,ascending,axe,axillary,ba,becoming,berry,blade,calyx,capitat,closely,continued,dehiscing,densely,distal,due,eaf,echinoi,echinoid,eed,elliptic,exserted,few-,few-rayed,filament,first,free,fruiting,glabrescen,glabrous,hair,half,high,inserted,interpetalar,lacking,lanceolat,late,later,lateral,lobe,lobed,long,lower,m.,main,many-rayed,matted,midvei,midvein,mixed,multangulate,nearly,nflorescence,obscured,often,older,orbicular,orolla,ovate-lanceolate,overlapping,partly,perfect,plurifoliate,porrect-stellate,present,prominent,pseudo-terminal,pubescent,rather,ray,relatively,ruit,runk,sessile,short,short-stalked,side,small,spaced,sparingly,sparsely,stalked,stamen,stelliform,stem,stout-stalked,strongly,sulcate,suture,tamen,thick,thick-stalked,thin,thin-stalked,tissue,tomentu,touching,translucent,unarme,unit,usually,vary,vein,warty,way,wide,ympodial,young	1-3,abaxial,adaxial,age,arrangement,axi,branching,capitate,colour,form,height,inflorescence,ovary,plant,seed,shape,size,texture,trunk	0.3,0.3-0.8,1-5,1.1-1.2,1.2-1.3,10-20,11,2-6,2.8-3.5,3-10,3-15,3-4.3,3.4-3.6,4-6,4-8,6-7,7-10,8-13,9-14,acuminate,acute,apical-lateral,blunt-tipped,branched,brown,chartaceous,cm,conical,cream,dark,deltoid,diameter,dm,entire,extend,ferrugineous,fleshy,flower,fruit,glabrescent,granular-tomentose,gray,green,greenish,honeycombed,introrse,lanceolate,large,longitudinal,mm,oblong,obtuse,ovate,pale,persistent,pore,probably,reniform,reticulate-punctate,ripe,rounded,scabridulous,simple,slightly,slit,somewhat,stellate,subcoriaceous,subglobose,suborbicular,terete,time,tomentose,tree,unarmed,velutinous,x,yellow,yellowish,yellowish-green	1-3,age,capitate
236	wfo-0001028525	success	257	139	96	121	136	18	96	0	.25,0.2-0.3,0.5,0.5-1.5,0.5-2.5,0Â°,1-2,1-2.5,1.1-1.7,1.2-1.6,1.5,1/3-3/4,10,10-13,1mm,2,3,3-7,4-15,4-5,4-7,6,accrescent,almost,along,anther,anthesi,attenuate,base,black,branched,branching,broadly,brown,calyx,capitate,chartaceous,clavate,cm,conical,cordate,corolla,dark,dendritic,dendritic-pubescent,developed,diameter,dorsal,drying,elongated,entire,filament,fine,flat,flattened,flexuous,form,frequently,fruit,fruiting,green-brown,increasing,leaf,less,liana,light,like,lobed,long,lumpy,margin,mature,mauve,membranous,midvein,mm,multicellular-dendritic,obconical,oblong,orange-brown,ovate,pair,partly,pedicel,peduncle,petiole,pore,poricidal,primary,pubescent,pyriform,rachi,ray,red-brown,shrub,side,simple,size,slightly,smooth,sometimes,spheroidal,stem,stigma,stripe,style,surface,terete,terminal,tertiary,tip,toward,trichome,truncate,unarmed,vein,venation,weakly,whitish,x,young	.4,0.2-0.6,1-1.5,1-4,1.5-3,2-2.5,2-3,2.5-5,3-5,4,7,7-13,7.5,acuminate,acute,age,alternate,alyx,apar,apart,apex,apically,apice,apparently,around,articulated,axil,bark,becoming,berry,brachyblast,branch,centre,clearly,clum,clustered,cup,curved,deeply,delineated,deltoid,densely,density,detaching,developing,dilated,discolorous,divided,domatia-like,dorsifixed,eaf,eed,ellipsoi,equal,erect,eye,fertilisation,fewer,flexible,flower,formed,forming,free,frui,glabrescent,glabrous,grey,inside,known,lamina,lateral,laterally,leave,lengthening,linear,lobe,longer,longitudinally,loop,loose,lower,m.,main,minute,much,naked,narrowly,nflorescence,nther,obscuring,often,one,orolla,outside,overlapping,ovoid,pendulous,perfec,pericarp,plurifoliat,portion,prominent,protruding,puberulous,ridged,rounded,ruit,scar,scattered,sessile,sinus,slender,small,smaller,smoot,somewhat,soon,sparsely,spreading,structure,stump,tangling,tearing,thick,thin,tube,ud,uneven,unit,vary,visible,well-developed,white,wide,wider,ympodial	accrescence,angle,armament,arrangement,articulation,colour,growth,inflorescence,length,number,ovary,pattern,position,shape,texture,type,visibility,width	.25,0.2-0.3,0.5,0.5-1.5,0.5-2.5,0Â°,1-2,1-2.5,1.1-1.7,1.2-1.6,1.5,1/3-3/4,10,10-13,1mm,2,3,3-7,4-15,4-5,4-7,6,accrescent,almost,along,anthesi,attenuate,base,black,branched,broadly,brown,capitate,chartaceous,clavate,cm,conical,cordate,corolla,dark,dendritic,dendritic-pubescent,developed,dorsal,drying,elongated,entire,fine,flat,flattened,flexuous,frequently,fruit,green-brown,increasing,less,liana,light,like,lobed,long,lumpy,mature,mauve,membranous,mm,multicellular-dendritic,obconical,oblong,orange-brown,ovate,pair,partly,poricidal,pubescent,pyriform,rachi,red-brown,shrub,side,simple,slightly,smooth,sometimes,spheroidal,stripe,terete,terminal,tip,toward,truncate,unarmed,vein,weakly,whitish,x	
237	wfo-0001028528	success	155	90	56	70	85	20	54	2	.5,0.9-1.2,1.5,1.8-2,2-3,2-4,3.5-4,3/4,8-9,absent,age,anther,attenuate,base,becoming,berry,bi-lobed,blackish,branch,branching,cm,coriaceous,corolla,decurrent,dendritic,diameter,elliptic,erect,filament,flattened,fork,fruiting,glabrous,globose,growth,later,leaf,lobed,long,margin,minutely,mm,narrowly,obovate,outline,ovary,pedicel,per,petiole,pitted,pore,poricidal,reddish-brown,revolute,round,shrub,sleeve,slit-like,stigma,strongly,style,surface,terminal,time,tip,trichome,tube,violet,way,x	1-2,1.1-1.2,2.5-3,3.5-6,4-5,4-6,6-10,6-7,?,abaxial,acuminate,acute,adaxial,adaxially,along,anthesi,apex,apical,ba,bark,basal,calyx,conical,densely,denser,dichasia,eaf,edicel,eed,ew,except,exserted,flower,free,glabrat,glandular,immature,impressed,inserted,leave,like,lobe,lower,m.,midvein,minute,mucronate,nflorescence,nodding,occasionally,older,pair,papillo,pericarp,petal,planar,plurifoliate,portion,prominent,pubescent,pyramidal,ruit,scar,secondary,shiny,short,somewhat,sparsely,stamen,ste,stem,tall,tapering,thin,triangular,tub,ud,unit,vein,white,wide,winged,woody,ympodial,young	bud,colour,form,fruit,hair,height,inflorescence,insertion,length,papillose,plant,position,seed,shape,size,symmetry,texture,type,width,zygomorphy	.5,0.9-1.2,1.5,1.8-2,2-3,2-4,3.5-4,3/4,8-9,absent,age,attenuate,base,becoming,berry,bi-lobed,blackish,branch,cm,coriaceous,decurrent,dendritic,elliptic,erect,flattened,fork,glabrous,globose,later,lobed,long,minutely,mm,narrowly,obovate,outline,per,pitted,poricidal,reddish-brown,revolute,round,shrub,sleeve,slit-like,strongly,surface,terminal,time,tip,trichome,violet,way,x	papillose,zygomorphy
238	wfo-0001028529	success	164	111	75	91	73	20	73	2	0.1,0.5,0.5-2,0.8-1.3,0.8-3,0.8-3.2,1,1.5,2.5-3,2/3,5-6,6-9,7-8,8-14,age,anther,anthesi,apart,bark,base,becoming,brown,bud,calyx,cm,corolla,dark,dia,distal,erect,exfoliating,exserted,filament,fruiting,furcate,glabrous,globose,green,hyaline,internodal,lanceolate,lateral,leaf,less,lobed,long,main,major,middle,minor,minutely,mm,narrowly,nearly,oblanceolate,opposite,ovary,ovoid-reniform,pair,paler,pedicel,petiole,pitted,planar,pore,prominent,reflexed,scar,shape,shaped,shrub,simple,size,slender,slightly,smooth,somewhat,soon,stem,subshrub,surface,tapering,tear-drop,tube,vein,way,white,widest,woody,x,yellowish	.2,1-1.2,1-1.5,3-40-flowered,3-5,across,acuminate,acute,apex,apiculate,attenuate,beginning,beneath,berry,bluish,capitate,cast,close,cork,course,decurrent,deflexe,deltoid,eaf,edicel,eed,ellipsoi,elliptic,evenly,flower,free,growing,heterostylous,hrub,immature,indistinct,inflorescenc,lenticellat,linear,lobe,lon,lower,metallic,minute,much,nflorescence,occasionally,older,one,papillae,papillo,papillose,poricidal,portion,present,range,river,ruit,scattered,short,small,spaced,species,stigma,straight,style,tall,tip,ud,umbonate,variable,winged,young	abaxial,branching,colour,corky,deflexed,exsertion,form,fruit,glabrousnes,growth,height,inflorescence,length,orientation,part,plant,position,seed,spacing,texture	0.1,0.5,0.5-2,0.8-1.3,0.8-3,0.8-3.2,1,1.5,2.5-3,2/3,5-6,6-9,7-8,8-14,age,anthesi,apart,base,becoming,brown,calyx,cm,dark,dia,distal,erect,exfoliating,exserted,furcate,glabrous,globose,green,hyaline,internodal,lanceolate,lateral,leaf,less,lobed,long,main,middle,minutely,mm,narrowly,nearly,oblanceolate,opposite,ovoid-reniform,pair,paler,pitted,planar,prominent,reflexed,shaped,shrub,simple,slender,slightly,smooth,somewhat,soon,subshrub,tapering,tear-drop,tube,vein,way,white,woody,x,yellowish	corky,deflexed
239	wfo-0001028532	success	186	86	53	70	116	16	52	1	0-19,0.2-1,1-3,1.4-1.6,15-36,2-8,2.2-4.2,3-7,3.9-5,4-7,5-9,5.5-15,6.5-9.2,7.5-15.2,abaxially,adaxially,anther,blade,brownish,chartaceous,cm,condition,corolla,dark,deep,diameter,drying,flower,forked,fresh,fruit,glabrous,globose,green,greenish,herb,homostylous,interjected,lanceolate,lateral,leaf,leaflet,medium,mm,moniliform,mottled,odd-pinnate,ovate,ovate-lanceolate,ovoid,pair,pentagonal,petiole,plant,pore,poricidal,purple,ripe,rotate,seed,size,sometimes,spot,terminal,tip,tuber,unwinged,white,whitish,x	1-1.6,1-1.7,1-2,1-5,1.3-8.7,17-42,2-3,2-6,3-10,3-5,3.3-4.4,5-merou,abaxiall,acumen,acuminate,acute,ag,along,alyx,apart,apex,apparently,arranged,articulated,asymmetric,attenuate,axe,axillary,base,basiscopic,bead,berry,bud,capitat,cell,clavate,connivent,covering,decreasing,digestion,distal,dorsally,eaf,edge,eed,enzyme,erec,exceeding,filament,flat,folded,geminat,generally,glabrou,green-white,hair-like,half,honeycomb-shaped,larger,lengthening,like,linear,living,lobe,long,lower,make,middl,mucilaginous,multiple,necklace,nflorescence,orbicular,orolla,pedicel,peduncle,perfect,petiolulate,plurifoliate,removed,rounded,ruit,second,sessile,seudostipule,side,slightly,slit,spaced,specimen,stamen,stigma,stolon,straight,style,subequal,subtending,symmetric,tall,tamen,tem,testal,thick,throughout,tissue,toward,tri-,tube,typically,unit,usually,vary,wall,wet,yellow,ympodial	5-merous,arrangement,branching,calyx,colour,form,growth,height,inflorescence,length,number,pseudostipule,shape,stem,texture,type	0-19,0.2-1,1-3,1.4-1.6,15-36,2-8,2.2-4.2,3-7,3.9-5,4-7,5-9,5.5-15,6.5-9.2,7.5-15.2,abaxially,adaxially,brownish,chartaceous,cm,condition,dark,deep,drying,forked,fresh,glabrous,globose,green,greenish,herb,homostylous,lanceolate,medium,mm,moniliform,mottled,odd-pinnate,ovate,ovate-lanceolate,ovoid,pentagonal,poricidal,purple,ripe,rotate,sometimes,spot,tip,unwinged,white,whitish,x	5-merous
240	wfo-0001028547	success	221	120	89	102	119	18	88	1	-3,.2,/2,/5,0-10,0-30,0-5,0.8-1,1-2.5,1.2-1.4,10-12,2-4,2-6,2.5-2.8,2.8-3.2,3.5-4.5-6,7-10-13,7-9,abaxial,acute,adaxial,anther,apex,apically,appearing,base,berry,branched,branching,bright,calyx,chartaceous,cm,conical,cuneate,curved,deltate,densely,diameter,discolorous,drying,dull,elongating,entire,equal,flattened,flattened-reniform,flower,fruit,fruiting,glabrous,inflorescence,lateral,leaf,length,lobed,long,long-acuminate,lower,margin,mature,maturity,mauve,mm,moderately,narrow-deltate,orange,orange-brown,ovate,per,petiole,poricidal,porrect,prickle,purple,red,reflexed,sessile,shallowly,shrub,simple,sometimes,somewhat,spherical,stalked,stellate,stellate-pubescent,stem,straight,style,subsessile,surface,tapering,terminal,tip,trichome,truncate,villous,way,wide,yellow,yellow-orange	.5,.7,.8,0,0-1,0-15,0-2,0.05-0.15,0.1-0.2,0.15,0.2-0.35,0.3-0.4,0.5-1.5-2.5-3,0.7-1,1-2,1-4,1-5,1.5-2.5,1.7-2,1/3-1/2,1/5-1/4,2-1.5,2-2.5,3-5,4-5,4-6,5-merous,6-8,abaxially,absent,alyx,apar,apart,ape,apparently,articulated,bark,blade,bulbous,cell,connivent,cream,dark,distance,eaf,eed,elongate,erect,extending,faint,filament,free,gently,glabrescent,glabrou,gray-brow,green,infructescence,lobe,lon,long-styled,longer,marking,midpoint,midvein,nflorescence,oblong,occasionally,often,older,one,open,orolla,oung,outline,pair,pale,pedicel,peduncle,pendulous,perfect,pericarp,pit,plurifoliat,portion,prickl,prickly,primary,raised,ray,reddish,rounded,ruit,scandent,scar,short-styled,side,slender,small,smooth,spaced,spreading,stalk,staminate,tamen,terete,tertiary,thin-acuminat,time,tube,unit,usually,vary,vein,venation,woody,yellow-green,ympodial,young	colour,corolla,form,growth,heteromorphism,number,orientation,ovary,placement,position,seed,shape,size,staman,texture,thin-acuminate,type,width	-3,.2,/2,/5,0-10,0-30,0-5,0.8-1,1-2.5,1.2-1.4,10-12,2-4,2-6,2.5-2.8,2.8-3.2,3.5-4.5-6,7-10-13,7-9,acute,apically,appearing,base,berry,branched,bright,chartaceous,cm,conical,cuneate,curved,deltate,densely,diameter,discolorous,drying,dull,elongating,entire,equal,flattened,flattened-reniform,fruit,glabrous,lateral,leaf,length,lobed,long,long-acuminate,mature,maturity,mauve,mm,moderately,narrow-deltate,orange,orange-brown,ovate,per,poricidal,porrect,prickle,purple,red,reflexed,sessile,shallowly,shrub,simple,sometimes,somewhat,spherical,stalked,stellate,stellate-pubescent,stem,straight,subsessile,tapering,terminal,tip,trichome,truncate,villous,way,wide,yellow,yellow-orange	thin-acuminate
241	wfo-0001028587	success	178	135	84	113	65	22	80	4	.5,.75,0,0.3,0.3-1,0.5-1,0.8-1.6,0.8-1.8,0.8-2.9,1-2,1-4,1.3-5.1,2-5,2.1-6.9,2.5,6-8,6.5-17.7,abruptly,acuminate,acute,anther,anthesi,apex,bark,base,becoming,calyx,closely,cm,coat,corolla,cracking,cup,densely,dia,difoliate,drying,ellipsoid,filament,fruit,fruiting,geminate,glabrous,globose,green,greenish-white,impressed,keeled,lateral,leaf,length,lobe,lobed,long,lower,major,midrib,minor,minute,minutely,mm,narrowing,nearly,obovate,obovoid,older,open,opposite,ovary,ovate,ovoid-reniform,papillose,pedicel,peeling,per,petiole,pitted,pore,poricidal,puberulent,pubescent,pubesent,scar,scattered,seed,short,shrub,simple,slender,slightly,slit-like,spaced,sparsely,stem,stigma,straight,style,subumbellate,surface,thin,tip,trichome,tube,type,unicellular,uniseriate,unit,upon,upper,vein,white,x,young	.4,0.5,0.7-1.2,1-1.3,1-1.5,1/4,3-8,8-10,8-10-flowered,accrescent,across,baseflower,berry,brown,ca,chartaceou,deflexed,degree,different,distal,eaf,edicel,eed,erect,flower,forming,free,geminat,lamina,layer,like,lon,long-styled,main,middle,nflorescence,obe,occasionally,often,outer,overlappin,pair,paler,papillo,persistent,portion,pubescence,reflexed,ruit,stiff,straw-colored,tall,terminal,thickened,transversel,triangular,two,ud,umbonate,usually,variable,wide,widest,woody,ympodial	arrangement,branching,bud,colour,diameter,form,growth,hair,height,inflorescence,modification,number,overlapping,plant,position,shape,size,structure,sympodial,texture,thicknes,transversely	.5,.75,0,0.3,0.3-1,0.5-1,0.8-1.8,0.8-2.9,1-2,1-4,1.3-5.1,2-5,2.1-6.9,2.5,6-8,6.5-17.7,abruptly,acuminate,acute,base,becoming,calyx,closely,cm,cracking,cup,densely,difoliate,drying,ellipsoid,geminate,glabrous,globose,green,greenish-white,impressed,keeled,leaf,lobed,long,minute,minutely,mm,narrowing,nearly,obovate,obovoid,open,opposite,ovate,ovoid-reniform,papillose,peeling,pitted,pore,poricidal,puberulent,pubescent,pubesent,scattered,short,shrub,simple,slender,slightly,slit-like,spaced,sparsely,straight,style,subumbellate,thin,tip,trichome,tube,unicellular,uniseriate,upon,white,x	.8-1.6,di,overlapping,transversely
242	wfo-0001028594	success	142	97	61	79	63	18	58	3	.5,0-100,0.8-1.8,1-1.2,1-1.3,1-1.5,1-2,1.5-9,12,12-14,2,3-4,3-9,6-20,abaxially,acuminate,acute,anther,apex,axillary,base,becoming,black,bottle-shaped,calyx,cell,cm,conical,corolla,densely,diameter,drying,ellipsoid,elliptic,epidermal,especially,exserted,filament,flattened-reniform,fruit,fruiting,glabrous,globose,green,hair-like,herb,immature,inflorescence,leaf,length,long,margin,maturity,minute,minutely,mm,orange-brown,ovary,ovate,pedicel,per,petiole,projection,pubescent,purple,rectangular,reddish,regular,rounded,simple,smooth,somewhat,sparsely,stigma,strongly,style,tube,violet,x	0.3-1.0,1-3,3-6,5-6,6-7,adaxially,along,anthesi,axil,bearing,berry,capitat,climbing,denser,eaf,edicel,eed,floo,flower,forest,free,glabrat,inflorescenc,lax,like,lobe,lon,lower,nflorescence,noddin,obtuse,often,open,pair,papillate,pendent,planar,portion,primary,quit,reflexed,rest,ruit,scar,scattered,side,slightly,soft,spreading,strait,surface,tem,time,tip,trailing,trichome,tub,ud,unifoliat,uniseriate,unit,vein,ympodial	arrangement,bud,capitate,colour,exsertion,form,growth,hair,height,nodding,number,plant,position,seed,shape,size,stem,straith	.5,0-100,0.8-1.8,1-1.2,1-1.3,1-1.5,1-2,1.5-9,12,12-14,2,3-4,3-9,6-20,abaxially,acuminate,acute,axillary,becoming,black,bottle-shaped,cm,conical,densely,drying,ellipsoid,elliptic,especially,exserted,flattened-reniform,glabrous,globose,green,hair-like,herb,immature,long,margin,maturity,minute,minutely,mm,orange-brown,ovate,projection,pubescent,purple,rectangular,reddish,regular,rounded,simple,smooth,somewhat,sparsely,strongly,violet,x	capitate,nodding,straith
243	wfo-0001028660	success	204	99	59	81	123	18	58	1	0.2-1.1,0.5-2.8,0.5-5.5,0.9-2.5,1-2,1.5-2.8,1.5-4,1.5-7.6,2-11,2-5,2-6,2-9,3-30,3.8-13,4-6,5-8,6,7-10,abaxially,absent,adaxially,anther,blade,blue,brownish,chartaceous,cm,condition,corolla,densely,diameter,drying,entirely,filament,flower,forked,fresh,fruit,glabrous,globose,green,greenish,hair,herb,homostylous,interjected,lanceolate,lateral,leaflet,membranous,mm,odd-pinnate,ovoid,pair,pedicel,peduncle,pentagonal,petiole,plant,pore,poricidal,pubescent,purple,rarely,ripe,rotate,seed,size,sparsely,stem,style,substellate,terminal,tinged,tip,tuber,typically,unwinged,white,whitish,x	0-5,0.1-0.3,0.3-1.1,0.7-4.2,0.8-1,1-10,20,3-5,3-7,3-9,5-merou,acumen,acute,ag,along,alyx,apart,apex,apparently,articulated,attenuate,axe,axillary,base,berry,borne,broadly,bud,capitat,cell,ciliate,clavate,connivent,covering,decumbent,decurrent,digestion,distal,dorsally,dot,eaf,edge,eed,elliptic,end,enzyme,erec,especially,exceeding,except,flat,folded,geminat,generally,glabrou,greatly,green-white,hair-like,half,honeycomb-shaped,lengthening,less,like,linear,living,lobe,long,lower,make,margin,middl,midrib,minutely,mucilaginous,narrowly,nflorescence,oblique,obtuse,often,orbicular,orolla,ovate,perfect,petiolulate,petiolule,plurifoliate,proximal,puberulent,reduced,removed,ruit,scabrous,scattered,sessile,seudostipule,short,singly,slit,spaced,specimen,stamen,ste,stigma,stolo,straight,subequal,subtending,sunny,tall,tamen,tem,testal,thick,throughout,tri-,tube,unit,usually,vary,wall,wet,yellow,ympodial	arrangement,branching,calyx,colour,form,growth,height,inflorescence,leaf,length,ovary,presence,present,pseudostipule,shape,staman,symmetry,texture	0.2-1.1,0.5-2.8,0.5-5.5,0.9-2.5,1-2,1.5-2.8,1.5-4,1.5-7.6,2-11,2-5,2-6,2-9,3-30,3.8-13,4-6,5-8,6,7-10,abaxially,absent,adaxially,blue,brownish,chartaceous,cm,condition,densely,drying,entirely,forked,fresh,glabrous,globose,green,greenish,herb,homostylous,lanceolate,membranous,mm,odd-pinnate,ovoid,pentagonal,poricidal,pubescent,purple,rarely,ripe,rotate,sparsely,substellate,tinged,tip,typically,unwinged,white,whitish,x	present
244	wfo-0001028667	success	128	110	75	86	42	24	72	3	.5,0.4-0.7-2.6,0.7-4,1-1.5,1-2-1.5,1-6,1.3-2,3,5,5-20,8-10,acute,anthesi,apex,articulated,axillary,base,berry,branch,branched,calyx,cell,clustered,cm,completely,coriaceous,corolla,creamy,diameter,discolorous,dry,ellipsoid,elliptic,entire,exfoliating,exserted,flattened,flower,fragrant,fruiting,glabrous,growth,inflorescence,irregularly,leaf,like,margin,minutely,mm,narrowly,new,occasionally,other,outer,pale,pedicel,peduncle,per,perfect,petiole,pitted,reniform,revolute,scar,shiny,shoot,short,simple,sleeve,slightly,small,spaced,stem,straw-colored,strongly,surface,terminal,tip,twice,vein,vine,white,woody,wrinkling,x,yellow	1-4.5,3-11,5-merou,aid,alyx,apar,appearing,ark,around,climbin,climbing,conical,curling,deciduous,eaf,eed,exfoliatin,fide,lobe,long,lower,mentz,midrib,nflorescence,older,orolla,papilla,papillat,pendan,plurifoliat,primary,slender,soon,support,tem,triangular,tube,twining,ud,unit,visible,ympodial	5-merous,apart,arrangement,articulation,bark,branching,bud,colour,discoloration,exfoliation,exsertion,form,fragrance,hair,length,number,papillae,pendant,position,seed,shape,size,texture,type	.5,0.4-0.7-2.6,0.7-4,1-1.5,1-2-1.5,1-6,1.3-2,3,5,5-20,8-10,acute,anthesi,apex,articulated,axillary,base,branch,branched,calyx,cell,clustered,cm,completely,coriaceous,corolla,creamy,diameter,discolorous,dry,ellipsoid,elliptic,entire,exfoliating,exserted,flattened,fragrant,glabrous,inflorescence,irregularly,like,minutely,mm,narrowly,occasionally,other,outer,pale,perfect,pitted,reniform,revolute,shiny,shoot,short,simple,sleeve,slightly,small,spaced,stem,straw-colored,strongly,terminal,tip,twice,vine,white,woody,wrinkling,x,yellow	5-merous,apart,pendant
245	wfo-0001028688	success	137	82	50	60	77	22	49	1	.5,0.4-1,0.5-1,0.9-1,1-3,1-5,1.1-1.2,1.4-2.8,2-3,5-11,5-6,across,acuminate,acute,anther,anthesi,apex,area,base,calyx,clavate,cm,corolla,deflexed,filament,furcate,glabrous,golden,lanceolate,leaf,lobed,mm,near,nearly,occasionally,opposite,ovary,overtopping,papillose,pedicel,petiole,pilose,pore,poricidal,shaped,shoot,shrub,size,slender,stigma,straight,style,tapering,tear-drop,tip,trichome,tube,uniseriate,white,x	0.5,0.5-0.75,0.5-1.5,1-1.5,1-1.8,2.2-4.8,along,apar,bark,beneath,bi-cellular,branch,curl-tipped,deciduous,decreasing,deltoid,densely,densest,dia,differing,difoliate,eaf,edicel,eed,elliptic,exfoliatin,exserted,free,geminat,globose,interpetalar,irregularly,know,known,like,lobe,lon,long,lower,major,markedly,membraneous,middle,minor,minutely,nflorescence,often,older,paler,planar,portion,proximal,pubescent,reddish-brown,ruit,scar,shiny,sinus,slightly,soon,spaced,sparsely,stem,styl,tall,terminal,thickened,thin,tub,ud,unit,usually,vein,wide,widest,ympodial,young	abaxial,adaxial,branching,colour,deflexion,form,fruit,growth,hair,height,inflorescence,leaflet,length,modification,na,plant,position,seed,shape,symmetry,texture,type	.5,0.4-1,0.5-1,0.9-1,1-3,1-5,1.1-1.2,1.4-2.8,2-3,5-11,5-6,across,acuminate,acute,area,base,calyx,clavate,cm,deflexed,furcate,glabrous,golden,lanceolate,leaf,lobed,mm,near,nearly,occasionally,opposite,overtopping,papillose,pilose,poricidal,shaped,shoot,shrub,slender,straight,style,tapering,tear-drop,tip,trichome,tube,uniseriate,white,x	na
246	wfo-0001028698	success	166	111	68	84	82	27	65	3	0.3-0.75,1-2,1-4,1-9.8,1.9-4,13-25,2-10,2-3,2-4,3-17,3-5,5-15,5-6,5-8,6-13,6-27,8-10,9-35,acute,apical,apically,branched,calyx,cm,conical,connate,corolla,cyme,dark,dehiscent,diameter,dichasially,distal,dorsally,edge,ellipsoid,filament,flat,flower,folded,forked,green,green-white,herbaceous,interjected,introrse,lateral,leaf,leaflet,light,lobe,long-attenuate,maturing,medium,mm,odd-pinnate,often,ovoid,pair,pedicel,peduncle,pentagonal,perennial,perfect,petiole,plant,poricidally,proximal,puberulent,pubescent,rotate,seed,short,slit,straight,strigose,style,terminal,throughout,tuber-bearing,unit,violet,white,Â¼	0-1.,1.8-5,3-6-foliat,3.5,4-14,6,abaxiall,abaxially,acumen,acuminate,adaxially,apex,articulate,base,broadly,cell,commonly,covering,cuneate,darker,decurrent,dichasial,digestion,diminishing,dot,eaf,ebracteate,eed,elliptical,emoval,enzyme,equal,exceeding,first,generally,globo,gradually,hair-like,half,honeycomb,living,lon,long,lower,lunat,make,minute,monochasial,mucilaginous,nflorescence,nther,oblique,orolla,ovate,pattern,petiolule,plan,rachi,raised,rarely,reveal,ruit,sessile,seudostipule,size,smooth,specimen,stamen,stigma,tal,tem,testal,thick,toward,two,typically,usually,vary,wall,wide,yellow,ympodial	0-10,3-6-foliate,abaxial,adaxial,anther,arrangement,articulation,branching,colour,form,fruit,growth,height,inflorescence,length,lunate,number,ovary,pore,pseudostipule,shape,stem,structure,sympodial,texture,type,width	0.3-0.75,1-2,1-4,1-9.8,1.9-4,13-25,2-10,2-3,2-4,3-17,3-5,5-15,5-6,5-8,6-13,6-27,8-10,9-35,acute,apical,apically,branched,cm,conical,connate,cyme,dark,dehiscent,dichasially,distal,dorsally,ellipsoid,flat,folded,forked,green,green-white,herbaceous,introrse,light,lobe,long-attenuate,maturing,medium,mm,odd-pinnate,often,ovoid,pentagonal,perennial,perfect,poricidally,proximal,puberulent,pubescent,rotate,short,slit,straight,strigose,throughout,tuber-bearing,violet,white,Â¼	0-10,3-6-foliate,lunate
247	wfo-0001028716	success	145	130	93	107	38	23	88	5	.2,.5,0.5,0.6-1.9,0.75,1-2,1.9-5.5,10-40-flowered,11-16.4,2-4,2.2-7.9,2.5-8,3.6-8.8,7-8,8-9,9-10,across,acuminate,anther,anthesi,apart,apex,appearing,bark,base,beginning,beneath,bi-cellular,brown,calyx,cm,corolla,cuneate,dark,decurrent,difoliate,ellipsoid,elliptic,evenly,except,filament,fruit,geminate,glabrous,glandular,hirsute,lateral,leaf,less,like,lobe,lobed,long,long-triangular,main,major,middle,minor,minutely,mm,nearly,node,often,older,opposite,orbicular,ovary,ovate,pair,papillose,pedicel,petiole,pointed,pore,prominent,proximal,puberulent,pubescent,raised,reflexed,rounded,scar,shape,shaped,shrub,simple,size,slightly,spaced,sparsely,stem,straight,strongly,style,tear-drop,tip,trichome,truncate,tube,uniseriate,unit,vein,white,widening,widest,x,young	5-6,anisophyllou,asymmetric,ba,becoming,branched,deflexed,dia,differing,eaf,edicel,eed,fertilization,fifth,filiform,free,inflorescenc,intermediate,know,known,lengthening,lenticellat,lon,lower,markedly,much,nflorescence,one,poricidal,portion,remaining,ruit,stigm,tall,triangular,two,ud,ympodial	anisophyllous,bud,colour,diameter,flower,form,growth,hair,height,inflorescence,length,lenticellate,na,number,plant,position,seed,spacing,stigma,structure,sympodial,texture,unknown	.2,.5,0.5,0.6-1.9,0.75,1-2,1.9-5.5,10-40-flowered,11-16.4,2-4,2.2-7.9,2.5-8,3.6-8.8,7-8,8-9,9-10,across,acuminate,anthesi,apart,appearing,base,beginning,beneath,bi-cellular,brown,calyx,cm,cuneate,dark,decurrent,difoliate,ellipsoid,elliptic,evenly,except,geminate,glabrous,glandular,hirsute,lateral,leaf,less,like,lobe,lobed,long,long-triangular,main,middle,minutely,mm,nearly,node,often,opposite,orbicular,ovate,pair,papillose,petiole,pointed,prominent,proximal,puberulent,pubescent,raised,reflexed,rounded,shaped,shrub,simple,slightly,spaced,sparsely,stem,straight,strongly,tear-drop,trichome,truncate,uniseriate,vein,white,widening,widest,x,young	anisophyllous,inflorescence,lenticellate,na,stigma
248	wfo-0001028723	success	211	146	104	119	92	27	100	4	-1.5,0-0.5,0.2,0.8-1,0Â°,1-1.8,1-2.2,1-2.5,1/3-1/2,1/5-1/3,10-15,2-2.5,2-2.7,2-4,3-4,3.5-4,4-5,5,5-6,5-7,abaxial,abaxially,acute,adaxially,almost,anther,anthesi,apex,apparently,bark,base,brachyblast,branch,branched,branching,broadly,brown,calyx,capitate,clustered,cm,common,conical,corolla,dark,decurrent,dendritic,developed,diameter,domatia,drying,elliptic,entire,except,faint,filament,fine,flat,flexuous,flower,glabrous,green,junction,leaf,length,liana,lobed,long,long-attenuate,longitudinally,main,margin,membranous,midvein,minutely,mm,mostly,obconical,oblong,obovate,occasional,orange-brown,pair,pedicel,peduncle,petiole,poorly,pore,poricidal,primary,pubescent,raised,ray,ridged,short,shrub,side,simple,slender,smooth,sparsely,stem,stigma,style,surface,terminal,tertiary,tip,trichome,tube,unarmed,unevenly,vein,venation,white,widely,wrinkled,x,youngest	.3,.5,0.8-2,1,1-1.5,10-16,2.5,4,age,alternate,alyx,another,apar,apically,apice,articulated,becoming,clearly,concolorous,curved,delineated,deltoid,densely,density,dilated,divided,dorsifixed,eaf,eed,ellipsoi,equal,ey,formed,free,frequent,gradual,increasing,inner,know,known,lengthening,less,like,lobe,lower,m.,middle,much,multiply,naked,narrowly,nflorescence,nther,obtuse,one,orolla,outer,ovate,overlapping,pale,papillo,perfec,plurifoliat,portion,prominent,protruding,rachi,region,regular,ruit,scar,separated,sinus,small,smaller,spreading,stump,surrounding,tearing,tissu,toward,transition,tuft,ud,uneven,unit,vary,visible,wide,yellow,ympodial,young	angle,arrangement,articulation,bud,colour,division,ellipsoid,form,fruit,growth,habit,inflorescence,na,number,ovary,papillose,pattern,perfect,plant,position,presence,protrusion,seed,shape,size,texture,type	-1.5,0-0.5,0.2,0.8-1,0Â°,1-1.8,1-2.2,1-2.5,1/3-1/2,1/5-1/3,10-15,2-2.5,2-2.7,2-4,3-4,3.5-4,4-5,5,5-6,5-7,abaxial,abaxially,acute,adaxially,almost,anther,anthesi,apex,apparently,base,brachyblast,branch,branched,broadly,brown,capitate,clustered,cm,common,conical,corolla,dark,decurrent,dendritic,developed,drying,elliptic,entire,except,faint,fine,flat,flexuous,glabrous,green,junction,leaf,length,liana,lobed,long,long-attenuate,longitudinally,membranous,midvein,minutely,mm,mostly,obconical,oblong,obovate,occasional,orange-brown,pair,poorly,poricidal,primary,pubescent,raised,ray,ridged,short,shrub,side,simple,slender,smooth,sparsely,stem,terminal,tip,trichome,unarmed,unevenly,vein,white,widely,wrinkled,x,youngest	ellipsoid,na,papillose,perfect
249	wfo-0001028736	success	180	157	124	137	43	20	121	3	0.2-0.4,0.5,0.5-1.5,0.5-1mm,0.5-2,1,1-2,1-3,1.5,1.5-3,1/6,10-15,2-4,2-5,2-7,3-5,3-6,3-8,3.5-5,4-12,4-6,4-9,40-70,5-10,5-15,6-8,abaxially,absent,accrescent,acute,adaxially,anther,apex,apical,apparently,armed,attenuate,base,berry,brown,calyx,chartaceous,cm,connivent,cordate,created,cut,cylindrical,dark,decurrent,densely,diameter,directed,either,filament,flattened,flower,fruit,fruiting,glabrous,glandular,globose,green,hair,immature,leaf,length,less,light,like,lobe,long,major,many,mature,midpoint,midvein,mm,moderately,mottled,multicellular,multiseriate,narrowly,nearly,netlike,obtuse,occasionally,onto,orange,pedicel,peduncle,per,perfect,petiole,pit,pore,porrect-stellate,prickle,pubescent,purple,rachi,raised,ray,recurved,red,reniform,rhombic,ridge,roselike,shrub,side,simple,sinus,small,sparsely,stalk,stellate,stem,stigma,style,surface,tapering,thin-skinned,triangular,tube,unarmed,unbranched,unicellular,uniseriate,unlobed,vein,way,white,wide,x,yellow,yellow-white	0.5-1,1-1.5,5-merou,6-13x3-8,adaxiall,alyx,apar,axe,beyond,blade,contiguous,difoliate,discolorous,eaf,eed,exserted,extra-axillary,filiform,frui,geminate,glabrou,gree,introsel,lobed,lower,m.,midrib,nflorescence,occasional,orolla,pair,ruit,scanden,slightly,spaced,stamen,ste,tamen,tem,unequa,unit,vary,ympodial	5-merous,apart,branching,colour,corolla,form,growth,height,inflorescence,introsely,number,ovary,plant,pubescence,seed,shape,spacing,staman,texture,type	0.2-0.4,0.5,0.5-1.5,0.5-1mm,0.5-2,1,1-2,1-3,1.5,1.5-3,1/6,10-15,2-4,2-5,2-7,3-5,3-6,3-8,3.5-5,4-12,4-6,4-9,40-70,5-10,5-15,6-8,abaxially,absent,accrescent,acute,adaxially,apex,apical,apparently,armed,attenuate,base,berry,brown,chartaceous,cm,connivent,cordate,created,cut,cylindrical,dark,decurrent,densely,directed,either,flattened,flower,fruit,glabrous,glandular,globose,green,hair,immature,less,light,like,lobe,long,many,mature,midpoint,midvein,mm,moderately,mottled,multicellular,multiseriate,narrowly,nearly,netlike,obtuse,occasionally,onto,orange,per,perfect,petiole,pit,pore,porrect-stellate,prickle,pubescent,purple,raised,ray,recurved,red,reniform,rhombic,ridge,roselike,shrub,side,simple,small,sparsely,stalk,stellate,stem,surface,tapering,thin-skinned,triangular,unarmed,unbranched,unicellular,uniseriate,unlobed,way,white,wide,x,yellow,yellow-white	5-merous,apart,introsely
250	wfo-0001028737	success	151	116	79	90	61	26	74	5	0.2-0.5,0.7-2,1,1-2.5,1-4,1-6,1.5-3.5,10,12-14,16-30,2-5,2.8-3.5,3-4,3-5,4-6.5,4-9,5-6,6,7-15,abaxially,adaxially,apical,apically,apiculate,branched,calyx,caudate,cell,cm,connate,corolla,covering,cyme,dehiscent,diameter,dichasial,dichasially,distal,ebracteate,elliptic-lanceolate,exceeding,filament,glabrescent,glandular,globose,green,hair-like,herbaceous,interjected,introrse,lanceolate,lateral,leaf,leaflet,lobe,long,make,maturing,mm,monochasial,mucilaginous,oblong,odd-pinnate,often,ovoid,pair,pedicel,peduncle,perennial,petiole,plant,poricidally,proximal,seed,short,size,slit,stamen,stellate,stigma,straight,style,terminal,testal,thick,throughout,tuber-bearing,unit,wall,Â¼	2-3,3-6-foliat,4-10,absen,acumen,acuminate,acute,apex,articulate,attenuate,base,decurrent,digestion,diminishing,dorsally,eaf,edge,eed,emoval,enzyme,flat,flower,folded,forked,generally,globo,gradually,green-white,half,honeycomb,larger,living,lon,lower,nflorescence,nther,oblique,orolla,pattern,perfect,pinnatifi,plan,rachi,reveal,ruit,second,sessile,seudostipule,specimen,strongly,tal,tem,throughou,toward,typically,vary,whit,wide,without,yellow,ympodial	3-6-foliate,absent,anther,arrangement,articulation,bract,branching,colour,form,fruit,growth,height,inflorescence,length,ovary,pinnatifid,pore,pseudostipule,shape,stem,structure,sympodial,texture,wet,white,width	0.2-0.5,0.7-2,1,1-2.5,1-4,1-6,1.5-3.5,10,12-14,16-30,2-5,2.8-3.5,3-4,3-5,4-6.5,4-9,5-6,6,7-15,apical,apically,apiculate,branched,caudate,cell,cm,connate,covering,cyme,dehiscent,diameter,dichasial,dichasially,distal,ebracteate,elliptic-lanceolate,exceeding,glabrescent,glandular,globose,green,hair-like,herbaceous,introrse,lanceolate,lateral,lobe,long,make,maturing,mm,monochasial,mucilaginous,oblong,odd-pinnate,often,ovoid,perennial,poricidally,proximal,seed,short,slit,stamen,stellate,stigma,straight,style,testal,thick,throughout,tuber-bearing,wall,Â¼	3-6-foliate,absent,pinnatifid,wet,white
251	wfo-0001028777	success	203	107	77	88	115	19	77	0	-10,-3,.5,.9,0-30,0.4-0.8,0.6-1,0.7-1.2,0.7-1.3,0.8-1,0.8-2.2-2.5,1-2,1-2.5-4,1-3,1.5-3,1.5-4,1.8-2.5,2.5,2.5-5,3.5-5,4.5-8,abaxially,anther,apex,base,berry,branched,calyx,chartaceous,cm,concolorous,connivent,dark,diameter,discolorous,drying,flattened-reniform,flower,fruit,fruiting,glabrescent,glabrous,green,green-brown,inflorescence,leaf,length,long,marking,maturity,mauve,minute,mm,moderately,obovate,one,open,orange,orange-brown,ovate,pale,pedicel,per,petiole,poricidal,shoot,short,shrub,simple,small,sometimes,spherical,stellate-pubescent,stem,style,surface,tapering,terete,terminal,time,tip,tree,trichome,unarmed,white,wide,yellow-green,young	-4,.8,0-2,0.1-0.2,0.1-0.3,0.2,0.5-1.3,1,1-2.5,1.5,1/4,1/4-1/2,2-3,2.5-3,3/4-4/5,4-5-merous,6-10,7-11,8-12,8-15,acuminat,acute,alyx,ame,apar,ape,apically,articulated,attenuate,bark,blade,briefly,c.,curved,deciduou,deltate,eaf,eed,elongating,entire,equal,erect,faint,filament,free,glabrescen,infructescence,lengt,less,lobe,lobed,long-styled,longer,lower,margin,mature,midpoint,multangulate,narrow-deltate,nflorescence,occasionally,older,orolla,oung,pair,peduncle,perfect,pericarp,plurifoliat,porrect,portion,present,primary,ray,recurved,red-brown,reflexe,reflexed,retuse,rounded,ruit,scar,sessile,short-styled,shorte,shorter,smooth,somewhat,soon,spaced,sparsely,spreading,stalk,stalked,staminate,stellate,stout,strongly,tamen,tertiary,truncate,tube,unarme,unit,usually,variously,vary,vein,venation,visible,way,whole,wider,woody,ympodial	arming,arrangement,branching,colour,corolla,form,growth,hair,height,number,opening,ovary,plant,position,seed,shape,size,staman,texture	-10,-3,.5,.9,0-30,0.4-0.8,0.6-1,0.7-1.2,0.7-1.3,0.8-1,0.8-2.2-2.5,1-2,1-2.5-4,1-3,1.5-3,1.5-4,1.8-2.5,2.5,2.5-5,3.5-5,4.5-8,abaxially,apex,base,berry,branched,chartaceous,cm,concolorous,connivent,dark,diameter,discolorous,drying,flattened-reniform,flower,glabrescent,glabrous,green,green-brown,long,marking,maturity,mauve,minute,mm,moderately,obovate,one,open,orange,orange-brown,ovate,pale,per,poricidal,shoot,short,shrub,simple,small,sometimes,spherical,stellate-pubescent,surface,tapering,terete,terminal,time,tip,tree,trichome,unarmed,white,wide,yellow-green,young	
252	wfo-0001028791	success	252	132	94	113	139	19	93	1	+,.5,0.4-0.5,0.4-0.65,0.6-0.8,0.8-1,0.8-1.3,1-1.5,1-2,1-2-celled,1-3-celled,1-celled,1.7-2.1,10,2-3,2-3.5,2-7,2-7-celled,2-locular,2.8-3.0,3-5-22,4-5+,4-celled,5-15,5-9-35,50-80,8-10-celled,9-30,abaxially,absent,abundant,acute,addition,anther,apex,articulation,base,branched,broadly,brown,capitate,cell,cm,column,conical,corolla,dark,deciduous,densely,developed,diameter,dichotomously,eglandular,elliptic,entire,fruit,fruiting,glandular,globose,green,hair-like,head,imparipinnate,interrupted,lateral,leaf,leaflet,liana,like,long,many,margin,middle,mm,near,oblique,obovate,outgrowth,ovary,pale,pedicel,peduncle,petiole,plant,poorly,pseudostipule,pubescence,pubescent,seed,short,shorter,simple,somewhat,sparse,sparsely,stellate,stem,stigma,style,testa,time,transparent,trichome,truncate,unicellular,uniseriate,usually,vine,wall,white,woody,yellow,â1-2-celled	-9,0-6,0.05,0.05-0.2,0.2-0.3,0.2-0.4-0.6,0.2-0.8-1.5,0.25-0.3,0.3-0.4,0.3-0.5,0.3-0.6,0.3-0.8,0.4-0.6,0.4-1.1,0.45-0.55,0.5,0.6-0.9,0.7-1.5,1-3,1.5-2,1.5-2.5-4.5,1.6-4.5,1.8-3.3,100,20-to,3-4,3-5-10,4-11.5,4-15,5-plurifoliate,absen,acuminate,adaxially,ag,along,anthesi,apical,appearance,appendage,articulated,basal,basiscopically,beneath,berr,border,breaking,bullate,calyx,clambering,colo.,consistently,darker,deltate,densest,eaf,ebracteate,edicel,eed,elongating,enlarged,even,exserted,extended,filament,flower,free,give,glabrescent,glabrous,gree,grow,growing,half,halfway,interjected,internode,lamina,large,leaving,less,lobe,lon,lower,midvein,minutely,mixture,much,multicellular,nflorescence,occasionally,often,pair,paler,papillate,per,petiolule,present,primary,protuberance,rachi,reflexed,rest,rough,round,ruit,sandpapery,scandent,secondary,sessile,silky,single,slightly,small,smaller,sometimes,spreading,stamen,staminal,sterile,stiff,straight,surface,tal,tem,terminal,tertiary,thick,thickened,tip,touch,tube,ud,unit,upper,vegetation,vein,wide,winged,ympodial	abaxial,adaxial,arrangement,branching,bud,colour,form,growth,height,inflorescence,length,position,shape,staman,tall,texture,thicknes,type,width	+,.5,0.4-0.5,0.4-0.65,0.6-0.8,0.8-1,0.8-1.3,1-1.5,1-2,1-2-celled,1-3-celled,1-celled,1.7-2.1,10,2-3,2-3.5,2-7,2-7-celled,2-locular,2.8-3.0,3-5-22,4-5+,4-celled,5-15,5-9-35,50-80,8-10-celled,9-30,abaxially,absent,abundant,acute,addition,base,branched,broadly,brown,capitate,cell,cm,conical,dark,deciduous,densely,developed,dichotomously,eglandular,elliptic,entire,glandular,globose,green,hair-like,head,imparipinnate,interrupted,lateral,liana,like,long,many,middle,mm,near,oblique,obovate,outgrowth,pale,poorly,pubescence,pubescent,short,shorter,simple,somewhat,sparse,sparsely,stellate,stem,testa,time,transparent,trichome,truncate,unicellular,uniseriate,usually,vine,wall,white,woody,yellow,â1-2-celled	tall
253	wfo-0001028798	success	214	162	115	130	84	32	110	5	0-1,0.2-0.4,0.5-2,0.9-1.2,1-3,1-4.5,1-6,1.1-2,1.5-1.8,10,15-19,2-3,2-3.75,2-6,2-7,2.4-4.4,2.5-3.5,2.6-4,3-5,3.3-5.6,5-8,6-8,7-8,8-18,8.5-13,acuminate,acute,anther,apart,apex,apical-lateral,attenuate,axillary,base,blunt-tipped,branch,branched,bud,calyx,chartaceous,cm,conical,corolla,cylindrical,decurrent,diameter,dm,echinoid,entire,exserted,extend,filament,flower,fruit,granular,green,greenish,growth,hair,introrse,irregularly,lacking,large,lateral,leaf,length,lined,lobe,long,longitudinal,main,many,margin,midvein,mixed,mm,multangulate,nearly,oblanceolate,oblong,obovate,obtuse,orbicular,ovate-lanceolate,overlapping,pale,pedicel,peduncle,persistent,persistently,petiole,plurifoliate,pore,porrect-stellate,present,probably,rachi,ray,ripe,rotate-stellate,rough,rough-granular,semi-ovate,sessile,short-stalked,shrub,side,slightly,slit,somewhat,splitting,stalked,stamen,stigma,style,subcampanulate,subcoriaceous,subglobose,sulcate,time,tomentose,tomentum,translucent,tube,unarmed,unit,vein,x,yellow,yellowish	.5-5,0-60,1/2-2/3,1/20,2/3,3-4,3.8-4.2,4-5.4,5.25-7.5,6-10,abaxially,accrescent,adaxially,ag,anthesi,apparently,articulated,axe,ba,becoming,berry,blade,boat-shaped,capitat,continued,curved,dehiscing,densely,distal,downward,due,eaf,echinoi,eed,fleshy,free,fruiting,glabrous,granular-tomentose,hal,high,included,inserted,lanceolate,less,lobed,lower,m.,minutely,multangulat,nflorescence,oblanceolat,obscured,often,orolla,oung,perfect,prominent,pseudo-terminal,pubescent,quite,rather,ruit,short,simple,small,spaced,sparingly,stellate-pubescent,stem,strongly,suture,tamen,thick,tip,tomentu,toward,unarme,unknow,vary,velutinous,way,wide,ympodial	10-60,abaxial,adaxial,age,arming,articulation,branching,capitate,colour,dehiscence,dense,form,height,inflorescence,insertion,number,ovary,plant,presence,seed,shape,size,spacing,staman,structure,sulcation,sympodial,texture,thicknes,type,unknown,width	0-1,0.2-0.4,0.5-2,0.9-1.2,1-3,1-4.5,1-6,1.1-2,1.5-1.8,10,15-19,2-3,2-3.75,2-6,2-7,2.4-4.4,2.5-3.5,2.6-4,3-5,3.3-5.6,5-8,6-8,7-8,8-18,8.5-13,acuminate,acute,apart,apex,apical-lateral,attenuate,base,blunt-tipped,branched,bud,chartaceous,cm,conical,corolla,cylindrical,decurrent,diameter,dm,echinoid,entire,exserted,extend,flower,fruit,granular,green,greenish,hair,introrse,irregularly,lacking,large,length,lined,long,longitudinal,many,midvein,mixed,mm,multangulate,nearly,oblanceolate,oblong,obovate,obtuse,orbicular,ovate-lanceolate,overlapping,pale,persistent,persistently,petiole,plurifoliate,pore,porrect-stellate,present,probably,ray,ripe,rotate-stellate,rough,rough-granular,semi-ovate,sessile,short-stalked,shrub,side,slightly,slit,somewhat,stalked,stamen,subcampanulate,subcoriaceous,subglobose,sulcate,time,tomentose,translucent,tube,unarmed,x,yellow,yellowish	10-60,age,capitate,dense,unknown
254	wfo-0001028815	success	196	97	56	78	118	19	55	1	0.4-0.8,0.5-1,1-2,1-4,1-5,10-15,14-28,2-4,22-35,3-4,3-5,3-7,4-10,5-6,5-7,6-10,6-8,7-16,abaxially,adaxially,anther,auriculate,blade,brownish,chartaceous,cm,condition,corolla,dark,diameter,drying,elliptic-lanceolate,flower,forked,fresh,fruit,glabrous,globose,green,greenish,herb,homostylous,interjected,lanceolate,lateral,leaflet,lilac-purple,lobe,medium,membranous,mm,odd-pinnate,ovoid,pair,pedicel,peduncle,petiole,plant,pore,poricidal,pubescent,purple,red-purple,rugose,seed,size,sparsely,stem,stigma,straight,style,terminal,tinged,tip,triangular-lanceolate,tube,whitish,x	1-10,1-3.5,2-4.5,2-9,2.5-6.5,5-merou,acumen,acute,ag,along,alyx,apart,apex,apparently,articulated,articulation,axe,axillary,base,basiscopic,berry,broadly,bud,capitat,cell,ciliate,connivent,covering,cuneate,decreasing,decurrent,developing,digestion,distal,distinct,dorsally,eaf,edge,eed,elliptic,enzyme,especially,exceeding,filament,flat,folded,geminat,generally,glabrou,green-white,hair,hair-like,hal,half,high,honeycomb-shaped,indistinct,lengthening,like,living,long,lower,make,margin,midrib,minutely,mucilaginous,narrowly,nflorescence,obtuse,onto,orolla,ovate,papillose,perfect,petiolulate,plurifoliate,pointed,puberulent,purpl,rachi,removed,ripe,rotate,rounded,ruit,semi-erec,semi-rosette,sessile,seudostipule,short,side,slightly,slit,spaced,specimen,splotched,stamen,ste,subtending,tall,tamen,tem,terminated,testal,thick,throughout,tri-,unit,unwinged,usually,vary,wall,wet,winged,yellow,ympodial,young	arrangement,branching,calyx,capitate,colour,form,glabrousnes,growth,height,inflorescence,leaf,length,ovary,pseudostipule,pubescence,rugosity,shape,symmetry,texture	0.4-0.8,0.5-1,1-2,1-4,1-5,10-15,14-28,2-4,22-35,3-4,3-5,3-7,4-10,5-6,5-7,6-10,6-8,7-16,abaxially,adaxially,auriculate,brownish,chartaceous,cm,condition,dark,drying,elliptic-lanceolate,forked,fresh,glabrous,globose,green,greenish,herb,homostylous,lanceolate,lilac-purple,medium,membranous,mm,odd-pinnate,ovoid,poricidal,pubescent,purple,red-purple,rugose,sparsely,straight,tinged,tip,triangular-lanceolate,whitish,x	capitate
255	wfo-0001028876	success	127	72	42	55	72	17	41	1	.5,/4,0.4-1,0.5-2,1-2,1.5-2,5-6,abaxial,acute,anther,apex,attenuate,base,branched,calyx,capitate,cm,conical,corolla,dendritic,densely,elliptic,filament,glabrous,internodal,leaf,lobed,minutely,mm,occasionally,opposite,ovary,papillose,pedicel,petiole,pore,pubescent,sagittate,shaped,shining,shrub,simple,small,sparsely,stigma,style,subshrub,surface,tear-drop,trichome,tube,type,uniseriate,way,white	1.5-3,2-2.3,3-5,3-8,4-5,4-8,abaxially,adaxially,along,anthesi,bark,brown,closely,dark,dia,difoliate,drying,eaf,edicel,eed,ellipsoid,flower,free,geminat,glabrat,golden,hroughout,included,inflorescenc,know,known,lamina,lateral,leave,like,lobe,long,long-triangular,lower,main,middle,midrib,nflorescence,nodding,older,overlappin,pair,papillae,papillo,planar,poricidal,portion,reddish,rest,rounded,ruti,scar,slender,spaced,speciman,stem,straight,tall,tip,tub,ud,unit,vein,widest,x,ympodial,young	branching,colour,diameter,form,fruit,growth,hair,height,inflorescence,length,na,papilla,plant,position,seed,shape,texture	.5,/4,0.4-1,0.5-2,1-2,1.5-2,5-6,acute,apex,attenuate,base,branched,capitate,cm,conical,dendritic,densely,elliptic,glabrous,internodal,leaf,lobed,minutely,mm,occasionally,opposite,papillose,pubescent,sagittate,shaped,shining,shrub,simple,small,sparsely,subshrub,tear-drop,trichome,uniseriate,way,white	na
256	wfo-0001028883	success	207	129	91	111	96	18	90	1	0.3â0.6,0.4â1.2,1,1â2,2,2â3,2â5,3â5,4,4â6,5,50,6,6â10,6â12,abaxially,absent,acuminate,almost,anther,antrorse,apex,articulated,attenuate,base,berry,brochidodromous,calyx,capitate,cell,chartaceous,ciliate,circular,cm,completely,concolorous,coriaceous,curved,cylindrical,cyme,dark,diameter,drying,dull,elliptic,elliptic-ovate,entire,exfoliating,flattened,flower,fruit,glabrescent,glabrous,glandular,globose,green,greenish,growth,herb,lateral,leaf,length,light,lobe,margin,membranaceous,minor,mm,moderately,narrowly,normally,notably,oblong,obtuse,pedicel,peduncle,per,perfect,petiole,pubescence,pubescent,rachi,rarely,reniform,ripe,rounded,seed,shiny,shrub,similar,simple,size,slightly,small,sparsely,stellate,stem,stigma,straight,style,subopposite,surface,trichome,unbranched,undulate,uniseriate,venation,white,whitish,yellow,Ã	0.5â2,0.6,1.5â7,1â6,5-merou,accrescent,acute,adaxiall,adaxially,along,alyx,antrorsely,apar,arched,ark,ascending,axi,becoming,blade,branch,brow,capitat,common,connivent,decurrent,deltate,densely,differing,directed,eaf,eed,emarginate,equal,erect,eye,filament,frui,geminate,geniculat,glabrou,head,hilum,hollow,impressed,introrsely,less,like,long,longitudinal,lower,lying,midrib,multicellular,naked,new,nflorescence,often,older,onto,opening,orolla,ovate-lanceolate,parallel,pendan,plurifoliate,pore,poricidal,present,primarily,prominent,region,ruit,secondary,sessile,shap,single,single-celled,slit,sometimes,spaced,sparse,spreading,stalk,subapical,subsessile,swollen,tall,tamen,tem,unit,vary,vein,visible,wide,woody,ympodial	5-merous,arrangement,articulation,bark,colour,corolla,form,height,inflorescence,number,orientation,ovary,plant,position,shape,staman,texture,type	0.3â0.6,0.4â1.2,1,1â2,2,2â3,2â5,3â5,4,4â6,5,50,6,6â10,6â12,abaxially,absent,acuminate,almost,antrorse,articulated,attenuate,base,berry,brochidodromous,capitate,cell,chartaceous,ciliate,circular,cm,completely,concolorous,coriaceous,curved,cylindrical,cyme,dark,drying,dull,elliptic,elliptic-ovate,entire,exfoliating,flattened,flower,fruit,glabrescent,glabrous,glandular,globose,green,greenish,herb,lateral,leaf,light,membranaceous,mm,moderately,narrowly,normally,notably,oblong,obtuse,perfect,pubescent,rarely,reniform,ripe,rounded,shiny,shrub,similar,simple,slightly,small,sparsely,stellate,stem,straight,subopposite,surface,unbranched,undulate,uniseriate,white,whitish,yellow,Ã	5-merous
257	wfo-0001028885	success	212	98	60	82	130	16	58	2	.5,0.3-0.5-1,0.5-1,0.7-2,1-2,1.5-1.7,10-20,3-5,3.5-4.5,7-8,9-11,abaxial,acute,adaxially,anther,apex,attenuate,base,berry,black,branched,capitate,cm,corolla,densely,diameter,ellipsoid,elliptic,entire,filament,fleshy,flower,fruiting,furcate,glabrescent,glabrous,globose,growth,height,inflorescence,known,lanceolate,lateral,leaf,lobed,lower,margin,mm,multicellular,narrowly,occasionally,pedicel,petiole,plant,pore,poricidal,pubescent,purple,recorded,revolute,ripe,scandent,scattered,shrub,simple,slightly,sometimes,sparsely,stellate,stem,stigma,style,surface,terminal,time,tip,trichome,uniseriate,upper,vine,winged,woody	0.5-5,1-1.2,1-1.5,1-3,1.5-3.5,2,2-2.5,2-3.5-8.5,2.3-2.5,2.5-3.5,2/3,4-5,5-merou,7-9,9-12,?,adaxial,ag,along,alyx,anthesi,apart,apiculate,apparently,archin,ark,articulated,basal,blackish,branch,broadly,brown,calyx,cell,collapsing,connivent,cup-shaped,dark,dark-pigmented,decurrent,deltate,dendriti,distal,dried,drying,eaf,eed,erect,exserted,extending,free,glabrou,glandular,golden,gradually,groove,groupe,ilament,immature,inserted,irregularly,lamina,leaving,lengthening,less,like,live,lobe,long,loosely,material,midvein,minute,minutely,mostly,narrowing,new,nflorescence,noddin,nodding,often,older,orolla,pair,papillo,part,peduncle,peg,perfect,pericarp,pigmentation,plurifoliat,portion,primary,quarter,reddish,retaining,rhachi,ruit,scar,shin,shiny,short,sleeve,slender,slit,small,smaller,spaced,spheroidal,spreading,strongly,tangled,tem,thin,third,tube,twinin,ud,unit,usually,vary,vein,wall,way,weak,weak-walled,wide,ympodial,Â¾	arching,branching,colour,form,fruit,hair,length,ovary,pattern,presence,seed,shape,symmetry,texture,type,ye	.5,0.3-0.5-1,0.5-1,0.7-2,1-2,1.5-1.7,10-20,3-5,3.5-4.5,7-8,9-11,abaxial,acute,adaxially,attenuate,berry,black,branched,capitate,cm,densely,ellipsoid,elliptic,entire,fleshy,furcate,glabrous,globose,known,lanceolate,lateral,lobed,mm,multicellular,narrowly,occasionally,poricidal,pubescent,purple,recorded,revolute,ripe,scandent,scattered,shrub,simple,slightly,sometimes,sparsely,stellate,surface,terminal,time,tip,trichome,uniseriate,vine,woody	arching,ye
258	wfo-0001028888	success	207	154	117	132	75	22	114	3	0-3.5,0-7,0.15-0.5,1-1.5,1-10,1-2,10-25,12.5-25,2-5,2-6,2.3-5,2.3-7,2.5-3.3,3-4,3.6-12.5,4-25,4-7,5-10,5-7,6-11,8-11,8-13.5,abaxially,acumen,adaxially,anther,apart,apparently,berry,blade,broadly,brownish,cell,center,chartaceous,clavate,cm,condition,connivent,corolla,covered,diameter,digestion,distal,dot,drying,elliptic,end,enzyme,except,filament,flower,forked,fresh,fruit,generally,glabrous,glaucous,globose,greatly,green,greenish,hair,half,herb,homostylous,honeycomb-shaped,interjected,lanceolate,lateral,leaflet,lengthening,like,lobe,long,low,membranous,middle,mm,mottled,odd-pinnate,often,one,orbicular,ovate,ovoid,pair,pedicel,peduncle,pentagonal,perfect,petiole,petiolulate,placed,plant,pore,poricidal,proximal,pubescent,purple,reduced,removed,ripe,scattered,seed,sessile,short,size,slightly,slit,sometimes,sparsely,stem,stigma,straight,streak,style,subequal,subglabrous,substellate,terminal,testal,tip,tube,tuber,typically,usually,violet,wall,white,whitish,x	0-5,1,1-3,1.5-4,3-5,3.8-8.3,5-merou,acuminate,acute,ag,along,alyx,apex,apiculate,articulated,axe,axillary,base,bud,capitat,central,ciliate,covering,cuneate,dorsally,eaf,edge,eed,erec,especially,exceeding,flat,folded,geminat,glabrou,green-white,hair-like,hal,less,living,lower,make,margin,midrib,minutely,mucilaginous,nflorescence,oblique,orolla,petiolule,plurifoliate,puberulent,rounded,ruit,seudostipule,spaced,specimen,stamen,ste,stolo,subtending,tall,tamen,tem,thick,throughout,tri-,truncate,unit,unwinged,vary,wet,wing,yellow,ympodial	age,arrangement,articulation,branching,calyx,capitate,colour,form,glabrousnes,growth,height,inflorescence,leaf,length,ovary,placement,pseudostipule,shape,spacing,staman,stolon,texture	0-3.5,0-7,0.15-0.5,1-1.5,1-10,1-2,10-25,12.5-25,2-5,2-6,2.3-5,2.3-7,2.5-3.3,3-4,3.6-12.5,4-25,4-7,5-10,5-7,6-11,8-11,8-13.5,abaxially,adaxially,apart,apparently,berry,broadly,brownish,center,chartaceous,clavate,cm,condition,connivent,corolla,covered,diameter,digestion,distal,dot,drying,elliptic,end,enzyme,except,flower,forked,fresh,generally,glabrous,glaucous,globose,greatly,green,greenish,hair,half,herb,homostylous,honeycomb-shaped,lanceolate,lateral,lengthening,like,lobe,long,low,membranous,middle,mm,mottled,odd-pinnate,often,one,orbicular,ovate,ovoid,pair,pentagonal,perfect,petiolulate,placed,plant,pore,poricidal,proximal,pubescent,purple,reduced,removed,ripe,scattered,sessile,short,size,slightly,slit,sometimes,sparsely,stem,straight,streak,subequal,subglabrous,substellate,tip,typically,usually,violet,wall,white,whitish,x	age,capitate,stolon
259	wfo-0001028920	success	152	112	71	90	62	22	67	4	.25,.5,0.2-1,0.5-1,0.8-1.1,1-1.2,1-1.5,1-2.4,1-3,2-2.5,3-3.5,6-6.5,abaxially,acute,adaxially,anther,anthesi,apex,arachnoid-pubescent,area,attenuate,bark,base,brown,brownish,calyx,closely,cm,congested,corolla,dark,decurrent,dendritic,difoliate,ellipsoid,elliptic,erect,exserted,felty,filament,flower,fruiting,glabrous,globose,green,later,leaf,lightly,long-styled,minutely,mm,nearly,obovate,obovoid,occasionally,opposite,ovary,ovoid-reniform,papillose,pedicel,petiole,pitted,pore,pubescent,scar,shape,shaped,short-styled,shrub,simple,size,small,spaced,stem,stigma,strongly,style,surface,tear-drop,tip,tree,trichome,tube,tuft,unifoliate,uniseriate,white,winged,x,young	1.5-2,2-7,3-15-flowered,3-4,5-9,6-15,acuminate,arachnoid,axil,ba,berry,broadly,conical,cucullate,deflexed,deltate,dense,densely,dia,differing,eaf,edicel,eed,fleshy,free,geminat,glabrate,gray-brow,lateral,lobe,lobed,lon,long,lower,main,major,middle,minor,nflorescence,older,overlappin,pair,planar,poricidal,portion,present,pubescence,ruit,somewhat,soon,sparsely,styl,tall,tapering,thick,tub,ud,unit,vein,widest,woody,ympodial	3-15,arrangement,bud,colour,diameter,exsertion,form,fruit,geminate,gray-brown,growth,hair,height,inflorescence,length,number,overlapping,plant,position,seed,spacing,texture	.25,.5,0.2-1,0.5-1,0.8-1.1,1-1.2,1-1.5,1-2.4,1-3,2-2.5,3-3.5,6-6.5,acute,arachnoid-pubescent,area,attenuate,base,brown,brownish,calyx,closely,cm,congested,dark,decurrent,dendritic,difoliate,ellipsoid,elliptic,erect,exserted,felty,glabrous,globose,green,later,leaf,lightly,minutely,mm,nearly,obovate,obovoid,occasionally,opposite,ovoid-reniform,papillose,pitted,pubescent,shaped,shrub,simple,small,spaced,strongly,style,tear-drop,tip,tree,trichome,tube,tuft,unifoliate,uniseriate,white,winged,x	3-15,geminate,gray-brown,overlapping
260	wfo-0001028929	success	209	74	42	57	152	17	41	1	0.7-2,2-4,5-25,5-6,8-10,abaxial,acicular,acute,adaxial,anther,apex,base,berry,branched,calyx,chartaceous,cm,cuneate,densely,dull,elliptic,elongating,equal,flattened-reniform,flower,fruit,fruiting,glabrescent,inflorescence,lateral,leaf,length,lobed,long,margin,maturity,mm,obovate,obtuse,orange-brown,pale,per,petiole,poricidal,prickle,red,shrub,simple,spherical,stellate-pubescent,stem,straight,surface,tapering,tip,white,yellow	-2,.5,.7,.9,/5,0-1,0-10,0-2,0-20,0-3,0.1,0.15-0.3,0.2-0.3,0.2-0.4,0.2-0.8,0.3-0.6,0.4-0.8,0.5-1.5,0.5-2,0.7-1,0.8-1,1,1-1.1,1-3,1.5-2.4,1/2-2/3,1/4-1/3,2-3,2-6,2-9,2.2-2.3,2.5-4,2.7-3,2/3-3/4,3-20,3-4,4-6,5-7.5,5-merous,6-8,7-9,abaxially,alyx,apar,apart,ape,apically,apparently,articulated,bark,blade,cell,concolorous,connivent,curved,diameter,difoliate,discolorous,distance,drying,eaf,eed,erect,extending,filament,foliaceous,free,geminat,gently,glabrou,glabrous,gra,hair,infructescence,lobe,lon,long-styled,longer,lower,mature,midpoint,midvein,minute,minutely,narrow-deltate,narrow-ovate,nflorescence,oblong,obtu,occasionally,older,one,open,orolla,oung,outline,pair,patch,pedicel,peduncle,pendulous,perfect,pericarp,perpendicular,pit,porrect,portion,prickl,prickly,primary,raised,ray,red-brown,red-green,reticulate,rounded,ruit,scar,sessile,short-styled,side,slender,small,smooth,sometimes,spaced,spreading,stalk,stalked,staminate,stellate,style,subsessile,tamen,terete,tertiary,time,trichome,tube,unarmed,unit,usually,variously,vary,vein,venation,visible,way,wide,woody,yellow-green,ympodial	branching,colour,corolla,form,growth,heteromorphism,number,orientation,placement,position,seed,shape,staman,symmetry,texture,type,zygomorphy	0.7-2,2-4,5-25,5-6,8-10,acicular,acute,berry,branched,chartaceous,cm,cuneate,densely,dull,elliptic,elongating,equal,flattened-reniform,glabrescent,lateral,lobed,long,maturity,mm,obovate,obtuse,orange-brown,pale,per,poricidal,red,shrub,simple,spherical,stellate-pubescent,stem,straight,tapering,tip,white,yellow	zygomorphy
261	wfo-0001028963	success	197	91	59	71	126	20	58	1	0-0.4,0.3-0.6,0.3-0.7,0.3-1,0.3-1.5,0.45-0.6,0.6-0.9,0.8-1.8,0.9-1.5,1.5-2,2-2.3,2-4,2-9,2.4-2.8,3-4.5,3.5-4.2,4-10,5-25,anther,apically,berry,bright,broad-deltate,calyx,chartaceous,cm,connivent,densely,diameter,dull,elongating,evenly,flattened-reniform,flower,fruiting,glabrous,gray-green,green,herb,inflorescence,lateral,leaf,length,lobe,long,maturity,mauve,mm,moderately,orange,pale,pedicel,per,petiole,poricidal,purple,red,shrub,simple,spherical,stellate,stellate-pubescent,stem,style,tapering,terminal,tip,unarmed,unbranched,yellow-orange,young	.5,/2,0-2,0.1,0.1-0.2,0.1-0.25,0.15-0.3,0.6-1,1-4,1/,1/4-1/3,1/5,1/6,2-3,2-5,4-8,5-merous,6-10,7-8,abaxially,acute,alyx,apar,ape,apex,apparently,articulated,attenuate,bark,base,becoming,blade,brown,cell,concolorous,curved,cuspidat,deltate,difoliate,discolorous,drying,eaf,eed,entire,equal,erect,eye,filament,free,frui,geminat,glabrescent,gra,herbaceous,infructescence,lanceolate,less,light,lobed,long-styled,longer,lower,margin,mature,midpoint,naked,narrow-cuneate,narrow-elliptic,narrowly,nflorescence,obtuse,occasionally,older,one,open,orolla,oung,outline,pair,peduncle,pendulous,perfect,pericarp,pit,porrect,portion,primary,raised,ray,ruit,scar,sessile,short-styled,shorter,slender,slightly,small,smooth,spaced,spreading,stalk,stalked,staminate,straight,subsessile,surface,tamen,terete,tertiary,time,trichome,tube,unarme,unit,upper,usually,variously,vary,vein,venation,visible,way,wide,winged,woody,ympodial	arming,branching,colour,corolla,cuspidate,form,fruit,growth,hair,height,number,ovary,plant,position,seed,shape,size,staman,texture,width	0-0.4,0.3-0.6,0.3-0.7,0.3-1,0.3-1.5,0.45-0.6,0.6-0.9,0.8-1.8,0.9-1.5,1.5-2,2-2.3,2-4,2-9,2.4-2.8,3-4.5,3.5-4.2,4-10,5-25,apically,berry,bright,broad-deltate,chartaceous,cm,connivent,densely,dull,elongating,evenly,flattened-reniform,glabrous,gray-green,green,herb,lateral,long,maturity,mauve,mm,moderately,orange,pale,per,poricidal,purple,red,shrub,simple,spherical,stellate,stellate-pubescent,tapering,terminal,tip,unarmed,unbranched,yellow-orange,young	cuspidate
262	wfo-0001028971	success	224	121	82	100	124	21	79	3	.1-0.2,0.1-0.4,0.2-0.5-0.8,0.25-0.6,0.25-1.25,0.3-0.6,0.4-0.9,0.4-1.5,1-2,1.5-2.2,1.75-2.5,10-15,2.2-3.5,2.5-3.5,3-14,4-9,5-10,5-8,6-16,6-8.5,6-9,7-16,acute,anther,apart,apex,armed,articulated,attenuate,base,broadly,calyx,campanulate,cm,coarsely,connivent,cylindrical,densely,dentate,diameter,directed,essentially,extra-axillary,farinaceous,filament,flower,form,fruit,glabrous,globose,hair,inflorescence,lateral,leaf,length,lenticular,linear-lanceolate,long,longest,margin,midpoint,minute,mixture,mm,obtuse,often,orange,outline,ovate,pedicel,peduncle,perennial,petiole,pore,prickle,pubescent,rachi,ray,reniform-ovate,ripe,sericeous,sessile,short,similar,simple,spreading-hirsute,stellate,stem,stigma,stipitate,style,tan,thin-textured,trichome,truncate,unbranched,variable,white,x,yellow	-1.4,0.1-0.5,0.8-2.5,05-2.5,1-5,1.5-4,1/5-1/2,15-30,2-5,2-foliate,2.5-4.5,2.5-5,20-35,3-5,3-6,4-5,5-15,abaxially,acute-,adaxiall,adaxially,along,also,appearance,appearing,ascending,axe,ba,bearing,becoming,blade,branched,broad-based,capitat,cauline,close,compressed,delicate,deltoid,distal,distall,eaf,eed,elongate,elongate-deltoid,entire,erect,felty,felty-pubescent,female-sterile,frequently,geminat,grading,growt,inserted,interlobal,invested,lanceolate,largest,later,laterally,least,lignescent,like,lobe,lon,longer,lower,major,manifestly,maturit,midrib,minutely,much,multiseriate,narrowly,nflorescence,numerous,occasionally,one,orolla,other,ovate-apiculate,ovate-lanceolate,pair,per,persistent,pitted,prickly,principal,reduced,round-tipped,ruit,scattered,short-stalked,shorter,side,sinus,smaller,sometimes,spaced,sparse,spreadingly,stalk,ste,stellae,stellate-pubescent,surface,tal,tamen,tem,termination,time,tooth-like,tube,underdeveloped,unit,usually,variously,vary,vein,well-developed,wide,ympodial	0.5-2.5,abaxial,adaxial,arrangement,articulation,branching,capitate,colour,corolla,distally,growth,height,ovary,plant,position,seed,shape,size,spacing,staman,texture	.1-0.2,0.1-0.4,0.2-0.5-0.8,0.25-0.6,0.25-1.25,0.3-0.6,0.4-0.9,0.4-1.5,1-2,1.5-2.2,1.75-2.5,10-15,2.2-3.5,2.5-3.5,3-14,4-9,5-10,5-8,6-16,6-8.5,6-9,7-16,acute,apart,armed,articulated,attenuate,base,broadly,campanulate,cm,coarsely,connivent,cylindrical,densely,dentate,directed,essentially,extra-axillary,farinaceous,flower,fruit,glabrous,globose,hair,lenticular,linear-lanceolate,long,minute,mixture,mm,obtuse,often,orange,outline,ovate,perennial,prickle,pubescent,reniform-ovate,ripe,sericeous,sessile,short,similar,simple,spreading-hirsute,stellate,stem,stipitate,tan,thin-textured,trichome,truncate,unbranched,variable,white,x,yellow	0.5-2.5,capitate,distally
263	wfo-0001028975	success	163	93	61	68	95	25	59	2	.5,0.1-1,1,1-3,1-5,1.5-1.8,3-3.5,6-6.5,8-9,?,acute,along,anther,area,base,broad,brown,calyx,cm,conical,corolla,dark,decurrent,deflexed,densely,denser,elliptic,filament,fruit,fruiting,glabrous,globose,golden,green,leaf,length,lobed,minutely,mm,nearly,once-furcate,opposite,ovary,ovoid-reniform,pedicel,petiole,pore,pubescent,shaped,shiny,short,shrub,simple,slender,small,sparsely,stigma,style,tapering,tear-drop,tip,tree,trichome,tube,uniseriate,varying,vein,white	.2,0.5-1,1.2-1.5,1.5-2,2.2-6,3-10-flowered,3-6.5,5-ribbed,5.5-10,7.5-15,acuminate,anthesi,apart,apex,appearing,bark,beneath,berry,closely,conically,corky,cup-shaped,dia,differing,difoliate,eaf,edicel,eed,entire,epidermi,equal,erect,exserted,extension,free,geminat,hyaline,immature,large-celled,late,lateral,like,lobe,lon,long,lower,main,mainly,major,margin,member,mere,middle,minor,narrowly,nflorescence,obscured,occasionally,older,one,pair,papillo,pitted,poricidal,portion,prominent,pubescenc,raised,reddi,reflexed,remaining,rib,ruit,scar,sinus,size,slightly,somewhat,spaced,stem,straight,strongly,surface,tall,triangular,tub,ud,unit,upper,wide,widest,woody,x,ympodial,young	3-10,abaxial,articulation,branching,bud,colour,density,diameter,flower,form,growth,hair,height,inflorescence,number,papillose,plant,position,pubescence,seed,shape,symmetry,texture,type,width	.5,0.1-1,1,1-3,1-5,1.5-1.8,3-3.5,6-6.5,8-9,?,acute,along,area,base,broad,brown,calyx,cm,conical,dark,decurrent,deflexed,densely,denser,elliptic,glabrous,globose,golden,green,leaf,length,lobed,minutely,mm,nearly,once-furcate,opposite,ovoid-reniform,petiole,pubescent,shaped,shiny,short,shrub,simple,slender,small,sparsely,style,tapering,tear-drop,tip,tree,trichome,tube,uniseriate,varying,vein,white	3-10,papillose
264	wfo-0001028980	success	168	108	66	88	80	20	64	2	.5,1.2-1.8,1.2-3,1.5-2,1.5-6,2.5-5,20-25-flowered,3/4,4-5,5-6,6,acuminate,acute,anther,anthesi,apex,bark,base,calyx,capitate,cm,coarsely,corky,corolla,deflexed,densely,difoliate,dry,elliptic,expanded,filament,flattened-reniform,fleshy,fruiting,furcate,glabrous,glandular,globose,green,incrassate,leaf,lobe,lobed,long,margin,material,minor,minutely,mm,opposite,ovary,ovate,ovoid,pedicel,petiole,pitted,planar,pore,pubescent,reddish,reflexed,scar,seed,shaped,sharply,shrub,simple,size,slightly,small,speciman,stem,stigma,style,surface,tall,tear-drop,tree,tube,type,unit,usually,way,white,woody,x,yellowish,young	.1,.75,/3,0.5-1.5,1-1.2,1.5-1.8,2.5,3-4,5-8,6-8,7-12,along,apart,axil,basal,beginning,beneath,berry,black,broadly,clearly,conical,cucullate,deltoid,dia,differentiated,differing,drying,eaf,edicel,eed,exserted,extending,f,free,frui,geminat,glabrate,impressed,inflorescenc,lamina,lateral,lenticellat,like,lon,lower,m.,main,major,member,middle,nflorescence,occasionally,older,one,pair,pale,paler,papillose,peduncle,pit,poricidal,portion,prominent,ruit,scarious,shining,soon,sparsely,strongly,tapering,thick,ti,tip,trichome,ud,uniseriate,vein,widest,ympodial	bud,colour,flower,form,fruit,geminate,growth,height,inflorescence,length,lenticellate,lobing,number,plant,position,pubescence,shape,structure,sympodial,texture	.5,1.2-1.8,1.2-3,1.5-2,1.5-6,2.5-5,20-25-flowered,3/4,4-5,5-6,6,acuminate,acute,anthesi,base,capitate,cm,coarsely,corky,deflexed,densely,difoliate,dry,elliptic,expanded,flattened-reniform,fleshy,furcate,glabrous,glandular,globose,green,incrassate,leaf,lobed,long,material,minutely,mm,opposite,ovate,ovoid,pitted,planar,pubescent,reddish,reflexed,shaped,sharply,shrub,simple,slightly,small,speciman,tall,tear-drop,tree,type,usually,way,white,woody,x,yellowish	geminate,lenticellate
265	wfo-0001028984	success	173	126	92	103	70	23	91	1	-3,0.5-1,1-1.7,1-2,1-2-4-6,1-6,1-9,1.2-4,1.5,10-20,2-2.5,2-3,20-40,3-26,4-30,4-6,4-6.3,7-14,abaxially,abruptly,acuminate,acute,adpressed,age,almost,also,apart,apex,apical,articulated,basal,base,broad,broadly,calyx,campanulate,chartaceous,cm,concave,connective,cordate,densely,diameter,dilated,directed,distally,eglandular,ellipsoid-fusiform,entire,forked,fruit,glabrous,gland,globose,greenish,hair,lanceolate,laterally,leaving,lobe,long,margin,mm,moderately,narrowed,obconical,obtuse,often,ovate,ovoid,pale,pedicel,pedicellar,peduncle,petiole,pilose,pore,presence,puberulent,pubescent-pilose,purple,rachi,radiu,rarely,remnant,shrub,simple,small,sparsely,stigma,strongly,style,subcoriaceous,tip,tree,truncate,turning,two,unbranched,unknown,violet,x,yellow	-2,-2.5,-9,1-2.5,12-20,15-35-65,2-16,2-3-10-14,2-3-28,3-6,4-5,4-7,4-foliat,5-10,5-6,8-15,absen,adaxially,aggregate,ape,axe,blade,cell,color,eaf,eed,equalling,especially,exceeding,fleshy,flower,glandular-puberulent,lon,longer,lower,minutely,near,nflorescence,nther,orolla,papillose,perfect,pilo,possibly,present,puberulent-pubescent,pubescent-pilo,ripe,ruit,shorter,slightly,spaced,stamen,stone,swelling,tal,tem,thecae,time,tomento,tomentose,toward,triangular,tube,ud,unit,unknow,vary,wide,ympodial	2-10-14,anther,arrangement,articulation,branching,bud,colour,corolla,form,growth,height,inflorescence,leaf,length,ovary,plant,seed,shape,spacing,stem,texture,theca,width	-3,0.5-1,1-1.7,1-2,1-2-4-6,1-6,1-9,1.2-4,1.5,10-20,2-2.5,2-3,20-40,3-26,4-30,4-6,4-6.3,7-14,abaxially,abruptly,acuminate,acute,adpressed,age,almost,also,apart,apex,apical,articulated,basal,base,broad,broadly,campanulate,chartaceous,cm,concave,cordate,densely,dilated,directed,distally,eglandular,ellipsoid-fusiform,entire,forked,fruit,glabrous,gland,globose,greenish,hair,lanceolate,laterally,leaving,lobe,long,mm,moderately,narrowed,obconical,obtuse,often,ovate,ovoid,pale,pedicellar,pilose,puberulent,pubescent-pilose,purple,rarely,remnant,shrub,simple,small,sparsely,strongly,style,subcoriaceous,tip,tree,truncate,turning,two,unbranched,unknown,violet,x,yellow	2-10-14
266	wfo-0001028997	success	136	95	62	75	61	20	60	2	.5,0.5-0.7,0.5-1.5,1-1.2,1-1.5,2-2.5,3-4,3.3.5,4-10,4-4.5,5-6,anther,apex,appearing,area,attenuate,base,branched,broadened,calyx,cm,conical,coriaceous,corolla,dry,elliptic,elliptic-obovate,filament,flattened-reniform,fragrant,fruiting,glabrous,globose,green,height,incrassate,later,leaf,lobed,long,many,margin,merely,minutely,mm,mustard,nearly,opposite,ovary,papillose,pedicel,petiole,pitted,pore,poricidal,revolute,scar,shaped,shrub,spaced,stem,stigma,style,surface,tear-drop,terminal,time,tip,tube,unevenly,unknown,white,x,yellow,young	0.5-1,0.8-1.1,2-3.5,20-50-flowered,4-angled,6-10,6-7,abaxially,acute,adaxially,anthesi,apar,ba,bark,berry,cucullate,deflexed,dia,difoliate,drying,eaf,edicel,eed,erect,exserted,filiform,free,geminat,glabrou,golden,greenish-brow,lateral,lobe,lon,lower,main,matte,middle,nflorescence,older,pair,pale,partially,pericarp,portion,quadrate,ruit,shiny,specimen,strongly,styl,tan,thick,thickened,trifoliate,tub,ud,vein,widest,woody,ympodia	apart,branching,bud,colour,diameter,form,fruit,growth,hair,inflorescence,length,na,odour,plant,position,seed,shape,size,symmetry,texture	.5,0.5-0.7,0.5-1.5,1-1.2,1-1.5,2-2.5,3-4,3.3.5,4-10,4-4.5,5-6,apex,appearing,area,attenuate,base,branched,broadened,cm,conical,coriaceous,dry,elliptic,elliptic-obovate,flattened-reniform,fragrant,glabrous,globose,green,incrassate,later,leaf,lobed,long,many,margin,merely,minutely,mm,mustard,nearly,opposite,papillose,pitted,poricidal,revolute,shaped,shrub,spaced,style,tear-drop,terminal,time,tip,unevenly,unknown,white,x,yellow,young	apart,na
267	wfo-0001029003	success	207	140	96	118	89	22	93	3	0.3-0.5,0.5,1-10,1-2,1-3,1-5,1.2-1.9,1.2-2.5,1.5-2.3,11-32,12.2-30,13-36,2.5-10,3,3-20,3-5,3.5-7.5,4-8,5,5-10.5,5-12.5,7-15.5,7-9,9-14,abaxially,acumen,adaxially,anther,apart,articulated,berry,blade,blue-violet,brownish,cell,chartaceous,cm,condition,conical,corolla,diameter,digestion,distal,drying,elliptic,end,enzyme,filament,flower,forked,fourth,fresh,fruit,glabrous,green,greenish,hair,half,herb,homostylous,honeycomb-shaped,lanceolate,lateral,leaf,leaflet,lengthening,light,like,lobe,long,medium,membranous,middle,minute,mm,mottled,odd-pinnate,one,ovoid,pair,pale,pedicel,peduncle,pentagonal,petiole,pigmentation,placed,plant,pore,poricidal,proximal,pubescent,purple,rarely,removed,ripe,rotate,seed,size,slit,sometimes,sparsely,stem,stigma,style,subcapitate,subglabrous,terminal,testal,tip,tube,tuber,typically,usually,violet,wall,whitish,x	0-6,0.4-3,1,1-2.5,2-6,2.5-7.5,5-merou,absent,acuminate,ag,alyx,apex,apparently,attenuate,axe,axillary,base,bud,capitat,ciliate,connivent,covering,decreasing,dorsally,eaf,edge,eed,elongated,equal,erec,especially,exceeding,flat,folded,geminat,generally,glabrou,gradually,green-white,hair-like,hal,highly,interjected,larger,living,lower,make,margin,mucilaginous,nflorescence,obtuse,orbicular,orolla,ovate,perfect,petiolule,plurifoliate,prostrate,ray,rounded,ruit,secondary,sessile,seudostipule,slightly,spaced,specimen,stamen,ste,stolo,straight,subequal,subtending,symmetrical,tall,tamen,tem,thick,throughout,toward,tri-,unit,vary,wet,white,wide,wing,yellow,ympodial	age,arrangement,articulation,branching,calyx,capitate,colour,form,glabrousnes,growth,height,inflorescence,length,ovary,placement,pseudostipule,shape,spacing,staman,stolon,texture,width	0.3-0.5,0.5,1-10,1-2,1-3,1-5,1.2-1.9,1.2-2.5,1.5-2.3,11-32,12.2-30,13-36,2.5-10,3,3-20,3-5,3.5-7.5,4-8,5,5-10.5,5-12.5,7-15.5,7-9,9-14,abaxially,adaxially,apart,articulated,berry,blue-violet,brownish,chartaceous,cm,condition,conical,digestion,distal,drying,elliptic,end,enzyme,forked,fourth,fresh,glabrous,green,greenish,hair,half,herb,homostylous,honeycomb-shaped,lanceolate,lateral,lengthening,light,like,long,medium,membranous,middle,minute,mm,mottled,odd-pinnate,one,ovoid,pale,pentagonal,pigmentation,placed,pore,poricidal,proximal,pubescent,purple,rarely,removed,ripe,rotate,slit,sometimes,sparsely,stem,subcapitate,subglabrous,tip,typically,usually,violet,wall,whitish,x	age,capitate,stolon
268	wfo-0001029006	success	217	173	138	151	66	22	134	4	-+,0.2,0.4-2.5,0.5,0.5-2,0.5-4,1,1-1.5,1-4,1-5,1.2-1.5,10,10-20,2-3,2-6,3.5-4,5,7-8,<,>,abaxially,acuminate,acute,adaxial,along,anther,anthesi,apex,area,articulated,asymmetrical,axi,axil,basal,base,berry,beyond,bilobed,blackish,branched,broadest,c.,cell,chartaceous,cm,connivent,corolla,deeply,dense,diameter,ellipsoid,elliptic,entire,exserted,extending,filament,filiform,flattened,flower,fruiting,glabrous,globose,green,groove,growth,inflated,inflorescence,irregular,irregularly,lamina,later,lateral,leaving,lobe,lobed,long,loosely,lower,many,margin,membranous,midrib,minutely,mm,narrowly,nearly,new,nodding,oblique,occasionally,often,pale,papillate,part,pedicel,peduncle,peg,pentagonal,per,perfect,petiole,pinnatifid,pitted,poricidal,puberulent,pubescent,purple,purplish,reaching,reddish,reniform,ripe,rotate-stellate,sagittate,scar,simple,sleeve,small,sometimes,somewhat,spaced,sparsely,spreading,stem,stigma,strongly,style,surface,tan,terminal,testal,time,tiny,tip,trichome,truncate,tube,tuft,uniseriate,upper,usually,variously,vein,vine,violet,way,white,within,x,young,zig-zag	.5,1.8-2.2,1/3,2.5,4-6,5-6,5-merou,50,7-9,adaxiall,ag,age,alyx,apar,ark,black,bright,calyx,clavat,conical,deltate,depending,drying,eaf,eed,elongate,free,growing,ilament,intramarginal,keeled,lengthening,markedly,minute,nflorescence,obvious,older,one,orolla,pair,pendan,pericarp,planar,plurifoliat,pore,portion,primary,puberulen,ruit,shiny,size,slit,smaller,strong,sunligh,tem,thin,twinin,twining,ud,unit,variable,vary,widest,woody,ympodial	5-merous,adaxially,apart,bark,branching,bud,clavate,colour,form,fruit,hair,leaf,length,number,ovary,position,seed,shape,symmetry,texture,type,width	-+,0.2,0.4-2.5,0.5,0.5-2,0.5-4,1,1-1.5,1-4,1-5,1.2-1.5,10,10-20,2-3,2-6,3.5-4,5,7-8,<,>,abaxially,acuminate,acute,adaxial,along,anther,anthesi,apex,area,articulated,asymmetrical,axi,axil,basal,base,berry,beyond,bilobed,blackish,branched,broadest,c.,cell,chartaceous,cm,connivent,deeply,dense,diameter,ellipsoid,elliptic,entire,exserted,extending,filiform,flattened,glabrous,globose,green,groove,inflated,inflorescence,irregular,irregularly,lamina,later,lateral,leaving,lobe,lobed,long,loosely,many,membranous,midrib,minutely,mm,narrowly,nearly,nodding,oblique,occasionally,often,pale,papillate,part,peg,pentagonal,perfect,pinnatifid,pitted,poricidal,puberulent,pubescent,purple,purplish,reaching,reddish,reniform,ripe,rotate-stellate,sagittate,simple,sleeve,small,sometimes,somewhat,spaced,sparsely,spreading,strongly,style,surface,tan,terminal,testal,time,tiny,tip,trichome,truncate,tube,tuft,uniseriate,usually,variously,vein,vine,violet,way,white,within,x,young	5-merous,adaxially,apart,clavate
269	wfo-0001029031	success	211	129	95	111	100	18	93	2	-8,.5-1.2,0.1-0.5,0.5-1.5,0.5-4,0.6-1.2,0.7-1.1,1-1.5,1-5,1-9.4-11.4,1.8-2.7,13.5,2-10.7,2-3,2-3.3,2-5,2.5-5.5,20-150,3-10,3-10-12.3,4-5-,4-7.5,5-17,6-21,abaxially,acuminate,acute,adaxially,anther,apex,base,berry,black,bluish,branched,brown,calyx,capitate,chartaceous,cm,corolla,cuneate,densely,diameter,directed,distally,elliptic,elliptic-ovate,entire,flattened,fleshy,flower,forked,fruit,geminate,glabrescent,glabrous,globose,green,hair,immature,large,leaf,length,light,like,many-foliate,margin,mm,oblong,obtuse,occasionally,outline,pedicel,peduncle,peltate,peltate-stellate,petiole,pore,porrect-stellate,possibly,pubescent,rachi,rarely,reniform,ripening,rounded,sessile,short-stalked,shrub,silvery,simple,small,somewhat,sparsely,stellate,stellate-pubescent,stem,stigma,strongly,style,suborbicular,tree,trichome,unbranched,unit,white,whitish,x,yellow,yellowish	.1-0.3,0-5,0.5,1-2,1-2.5,1-2.6-3.6,1-3,1.3-3.3,1.5-2.8,1.5-3.5,1.8-4,1/3,10,2.5-5.6,6-12,absent,accrescent,adaxiall,ag,angle,apart,apexacute,apparently,around,articulated,axe,ba,becoming,bilobe,blade,center,connivent,covering,curved,cylindrical,deltate,denser,eaf,edge,eed,eglandula,eglandular,equal,erect,farinose,filament,frui,fruiting,fused,held,impressed,inserted,lanceolate,lateral,leaf-opposed,least,lobe,long,longitudinal,lower,major,midpoint,midvein,nearly,nflorescence,opening,orange,orolla,paired,perfect,prominent,pseudoterminal,pubescen,pubescence,ray,rugulose,ruit,short,side,slightly,slit,smaller,sometimes,spaced,ste,straight,subtending,surface,tall,tamen,tem,time,tip,tube,unarme,usually,vary,vein,wide,ympodial	arming,bilobed,branching,colour,form,growth,height,inflorescence,ovary,plant,seed,shape,size,staman,sympodial,texture,type,unarmed	-8,.5-1.2,0.1-0.5,0.5-1.5,0.5-4,0.6-1.2,0.7-1.1,1-1.5,1-5,1-9.4-11.4,1.8-2.7,13.5,2-10.7,2-3,2-3.3,2-5,2.5-5.5,20-150,3-10,3-10-12.3,4-5-,4-7.5,5-17,6-21,acuminate,acute,adaxially,apex,berry,black,bluish,branched,brown,capitate,chartaceous,cm,cuneate,densely,diameter,directed,distally,elliptic,elliptic-ovate,entire,flattened,fleshy,forked,geminate,glabrescent,glabrous,globose,green,hair,immature,large,light,like,many-foliate,mm,oblong,obtuse,occasionally,outline,peltate,peltate-stellate,porrect-stellate,possibly,pubescent,rarely,reniform,ripening,rounded,sessile,short-stalked,shrub,silvery,simple,small,somewhat,sparsely,stellate,stellate-pubescent,stem,strongly,suborbicular,tree,trichome,unbranched,white,whitish,x,yellow,yellowish	bilobed,unarmed
270	wfo-0001029048	success	162	125	94	105	57	20	93	1	.01,.2,.5,/3,0.5,0.5-1.7,0.8-1,1-2,1-8,1.5-2,14,2,25,26,3-4,3-7,3.5-4,4-6,9-15,acuminate,anther,anthesi,apex,arching,attenuate,basal,base,beneath,bicellular,broadly,calyx,cm,conical,corolla,decurrent,dia,elliptic,elongated,expanded,f,filament,filiform,fruiting,glabrate,glabrous,globose,golden,greatly,greenish-white,greenish-yellow,hanging,hispidulous,incrassate,leaf,less,like,lobe,lobed,long,margin,matte,minute,minutely,mm,obtuse,older,opposite,ovary,ovoid-reniform,pale,papillose,pedicel,petiole,pitted,planar,pore,poricidal,puberulent,reflexed,ripe,scar,shaped,sharply,shrub,slender,slightly,small-capitate,somewhat,stem,stigma,straight,style,surface,tapering,tear-drop,thread-like,tip,trichome,tube,uni-,vein,way,winged,x,young	0.5-1,1,11,5-8,8-10,angle,another,apar,apparent,bearing,becoming,berry,blade,branch,bright,eaf,edicel,eed,except,flower,free,geminate,green,greenish-yello,lateral,live,lower,main,middle,midrib,much,nflorescence,node,non-reproductive,obovoid,one,pair,papillo,parallel,portion,right,rounded,ruit,spaced,specimen,tall,tan,time,translucent,ud,unevenly,unifoliate,unit,widely,widest,ympodial,zig-zag	apart,branching,bud,colour,diameter,form,fruit,growth,hair,height,inflorescence,length,pattern,plant,position,seed,shape,size,spacing,width	.01,.2,.5,/3,0.5,0.5-1.7,0.8-1,1-2,1-8,1.5-2,14,2,25,26,3-4,3-7,3.5-4,4-6,9-15,acuminate,anthesi,apex,arching,attenuate,basal,base,beneath,bicellular,broadly,calyx,cm,conical,decurrent,dia,elliptic,elongated,expanded,f,filiform,glabrate,glabrous,globose,golden,greatly,greenish-white,greenish-yellow,hanging,hispidulous,incrassate,leaf,less,like,lobe,lobed,long,matte,minute,minutely,mm,obtuse,opposite,ovoid-reniform,pale,papillose,petiole,pitted,planar,pore,poricidal,puberulent,reflexed,ripe,shaped,sharply,shrub,slender,slightly,small-capitate,somewhat,stem,straight,tapering,tear-drop,thread-like,tip,trichome,tube,uni-,vein,way,winged,x,young	apart
271	wfo-0001029055	success	169	122	78	90	79	32	71	7	0.4-1.5,1-4,1-5,1.8-3.5,14-50,2.2-3,3-10,4-10,4-6,4-7,5-24,5.5-9,6-14,8-9,9-22,acute,apical,apically,base,branched,calyx,cm,connate,corolla,cyme,dark,dehiscent,diameter,dichasial,dichasially,diminishing,distal,dorsally,edge,filament,flat,flower,folded,gland,green,green-white,herbaceous,interjected,introrse,lateral,leaf,leaflet,lobe,long-attenuate,longitudional,maturing,mm,monochasial,mucilaginous,odd-pinnate,often,outline,ovoid,pedicel,peduncle,pentagonal,perennial,perfect,petiole,pilose,plant,poricidally,proximal,pubescent,purple,rotate,seed,short,short-stalked,size,slit,sometimes,stigma,straight,stripe,style,terminal,throughout,toward,triangular,tuber-bearing,type,unit,yellow,Â¼	1-2.6,1.6-3.5,1.7-2.2,2-1.,2-3,2-4,2.5-8,3,3-6,3-6-foliat,abaxially,acumen,acuminate,adaxially,apex,articulate,attenuate,cell,cordate,covered,covering,cuneate,decurrent,densely,digestion,eaf,ebracteate,eed,elliptcal,elliptical,emoval,enzyme,exceeding,first,forked,generally,globo,hair,hair-like,half,honeycomb,living,lon,long,longer,lower,lunat,make,near,nflorescence,nther,oblique,orolla,ovate,pair,pattern,plan,rarely,reveal,ruit,second,sessile,seudostipule,short-petiolate,specimen,spreading,stamen,tal,tem,testal,thick,time,typically,vary,wall,whit,wide,widest,ympodial	2-11,3-6-foliate,anther,arrangement,articulation,bract,branching,colour,dehiscence,ebbrate,form,fruit,globose,growth,height,inflorescence,length,lunate,mucilage,number,ovary,perfection,presence,pseudostipule,shape,stem,structure,sympodial,texture,wet,white,width	0.4-1.5,1-4,1-5,1.8-3.5,14-50,2.2-3,3-10,4-10,4-6,4-7,5-24,5.5-9,6-14,8-9,9-22,acute,apical,apically,base,branched,cm,connate,cyme,dark,dehiscent,dichasial,dichasially,diminishing,distal,dorsally,flat,folded,gland,green,green-white,herbaceous,introrse,leaf,lobe,long-attenuate,longitudional,maturing,mm,monochasial,mucilaginous,odd-pinnate,often,outline,ovoid,pentagonal,perennial,perfect,pilose,poricidally,proximal,pubescent,purple,rotate,short,short-stalked,slit,sometimes,straight,stripe,throughout,toward,triangular,tuber-bearing,type,yellow,Â¼	2-11,3-6-foliate,ebbrate,globose,lunate,wet,white
272	wfo-0001029059	success	199	164	124	144	55	20	120	4	.5,0.1-0.5,0.1-1,0.2-0.5,0.5,0.5-1,1-1.2,1-1.5,1-3,1-4,1-6,1.2-3,1.3-1.7,1.5-2,1.5-2.8,10-19,2.5,3-3.5,3-6.5,3.5-6,3.5-8,4-10.5,5,6-10,7-9,acute,along,anther,anthesi,apex,apiculae,apiculate,arising,base,berry,bout,branched,bud,calyx,clavate,closely,cm,connivent,cordate,corolla,covered,cuneate,deep,deltoid,dense,densely,dia,dirty,ellipsoid,elliptic,expanded,exserted,extremely,filament,flattened-reniform,free,fruiting,glabrous,globose,greatly,hispidulous,incrassate,inflorescence,interpetalar,lateral,leaf,lobe,long,major,margin,member,membranous,minor,minute,minutely,mm,narrowly,nearly,oblique,occasionally,often,opposite,orange,orangish-yellow,orbiculate,ovary,pair,paler,papillose,pedicel,petiole,pitted,planar,pointed,pore,poricidal,portion,pubescence,pubescent,purplish,rest,ripe,rounded,scar,shallowly,shape,shaped,shrub,sinus,size,slender,small,somewhat,soon,spaced,sparse,stigma,style,surface,tapering,tear-drop,terminal,thickened,tightly,tinge,tip,tree,triangular,trichome,tube,uniseriate,variable,vein,waxy,white,wide,x,yellowish-green,young	0.2,5-15-flowered,anisophyllou,apar,ape,bark,beneath,coiba,de,deflexed,differing,difoliate,eaf,edicel,eed,extending,foetid,geminate,glabrate,impressed,isla,lamina,lobed,lon,longest,lower,main,middle,nflorescence,older,one,pale,panama,papillo,partially,population,prominent,reddish-gre,ruit,simple,specimen,stem,straight,tall,ti,ud,underside,unicellular,unit,usually,widest,woody,yellowish,yellowish-tan,ympodial	5-15,abaxial,apart,arrangement,colour,connivence,diameter,exsertion,flower,form,fruit,growth,height,length,lobing,number,plant,position,seed,texture	.5,0.1-0.5,0.1-1,0.2-0.5,0.5,0.5-1,1-1.2,1-1.5,1-3,1-4,1-6,1.2-3,1.3-1.7,1.5-2,1.5-2.8,10-19,2.5,3-3.5,3-6.5,3.5-6,3.5-8,4-10.5,5,6-10,7-9,acute,along,anthesi,apex,apiculate,arising,base,berry,bout,branched,calyx,clavate,closely,cm,connivent,cordate,covered,cuneate,deep,deltoid,dense,densely,dia,dirty,ellipsoid,elliptic,expanded,exserted,extremely,flattened-reniform,glabrous,globose,greatly,hispidulous,incrassate,inflorescence,leaf,lobe,long,major,margin,member,membranous,minute,minutely,mm,narrowly,nearly,oblique,occasionally,often,opposite,orange,orangish-yellow,orbiculate,pair,paler,papillose,pitted,planar,pointed,poricidal,pubescence,pubescent,purplish,rest,ripe,rounded,shallowly,shaped,shrub,slender,small,somewhat,soon,spaced,sparse,tear-drop,thickened,tightly,tinge,tip,tree,triangular,trichome,tube,uniseriate,variable,vein,waxy,white,wide,x,yellowish-green,young	-3,5-15,apart,di
273	wfo-0001029072	success	233	88	58	71	162	17	56	2	0.4-0.9,0.5-2,0.8-1.5,1-25,2-7,2.2-2.5,2.2-3.2,2.5-4.5,3-20,3-8,5-10,5-50,8-27,abaxial,acute,adaxial,apex,articulated,base,berry,branched,bright,calyx,chartaceous,cm,cordate,cream,cuneate,dark,densely,diameter,dirty,flower,fruit,fruiting,glabrous,green,green-brown,herb,lateral,leaf,length,lobed,long,long-styled,margin,marking,mature,mm,ovate,pale,pedicel,peduncle,per,petiole,plant,prickle,prickly,reflexed,rounded,short-styled,shrub,sometimes,spherical,stellate-pubescent,stem,terminal,whitish,wide,yellow,young	-15,.5,/6,0,0-2,0-20,0-4,0-8,0.1-0.4,0.2-0.3,0.2-0.4,0.3,0.5-3,0.7,0.8-2.5,00-200,1,1-1.2,1-1.5,1-3,1.5-2.5,1.5-2.6,1.5-3.2,1/3,1/4-1/2,1/4-1/3,1/4-1/3-1/2,12-19,2-10,2-5,2-8,2.5-3.5,2.5-3.8,20-50,3-10,3-5,3-50,3.5-6,3/,4-10,4-5-merous,4.2-6.5,4.5-9,5-7,5-9,7-10,7-15,8-20,abaxially,adaxially,alyx,ame,andromonoecious,angled,anther,apar,apart,apically,apparently,bark,blade,broad-deltate,broadly,c.,clearly,conical,connivent,curved,deltate,discolorous,distal,distance,drying,dull,eaf,eed,elongated,elongating,equal,erect,extending,filament,flattened,flattened-reniform,free,gently,gra,hermaphrodite,heterostylous,infructescence,least,lobe,longer,longitudinal,lower,lowermost,maturity,mauve,midpoint,midvein,moderately,multangulate,narrow-deltate,nflorescence,obtu,older,one,open,orange-brown,orolla,oung,pair,pendent,pendulous,pericarp,plurifoliat,poricidal,porrect,portion,prickl,primary,raised,ray,ridge,ruit,scar,sessile,side,simple,smooth,spaced,sparsely,spreading,stalk,stalked,staminat,stellate,stout,straight,strongly,style,surface,tamen,tapering,tertiary,time,tip,trichome,tube,unarmed,unit,upper,variously,vary,vein,venation,visible,way,weakly,white,woody,ympodial	100-200,articulation,branching,colour,form,growth,hair,height,inflorescence,na,number,position,presence,seed,shape,size,texture	0.4-0.9,0.5-2,0.8-1.5,1-25,2-7,2.2-2.5,2.2-3.2,2.5-4.5,3-20,3-8,5-10,5-50,8-27,acute,articulated,base,berry,branched,bright,chartaceous,cm,cordate,cream,cuneate,dark,densely,diameter,dirty,glabrous,green,green-brown,herb,lateral,lobed,long,long-styled,marking,mature,mm,ovate,pale,per,prickle,prickly,reflexed,rounded,short-styled,shrub,sometimes,spherical,stellate-pubescent,terminal,whitish,wide,yellow,young	100-200,na
274	wfo-0001029073	success	211	88	57	68	143	20	55	2	.5,0.6-2,10-15,2-3,2/3,4-5,5-8,anther,basal,base,beneath,berry,broad-based,brown,calyx,chartaceous,cm,corolla,dark,densely,dimorphic,elliptic,entire,flattened,fruiting,globose,growth,inflorescence,internodal,lanceolate,leaf,length,lobed,margin,maturity,mm,narrowly,occasionally,opposite,orange,pale,paler,pedicel,per,petiole,pore,poricidal,prickle,pubescent,purple,reniform,shallowly,shrub,simple,sinuate,splitting,stellate,stem,straight,tan,tapering,tip,unequally,way,x,yellowish,zygomorphic,Â½	.7,0.3-1,0.5,0.5-1,0.6-0.7,1-1.2,1-1.5,1-2.5,1-3,1.1-1.5,1.2-1.6,1.5-2,10-16,2,2-4,3.5-9,4-6,5-6,5-merous,6-9,7-10,8-14,abaxially,acuminate,acute,adaxially,along,another,anthesi,apart,apex,armed,articulated,away,awn-like,ba,bark,cell,conical,cream,curved,darker,dense,diameter,difoliate,discolorous,drying,eaf,eed,enlarged,equal,erect,except,exserted,filament,flower,four,free,frui,geminat,glabrous,golden,gre,hooked,interpetalar,lamina,lengthening,like,linear,lobe,long,long-styled,lower,midpoint,midvein,minutely,mixture,multangulate,new,nflorescence,nodding,oblique,older,one,pair,papillose,peduncle,perfect,pericarp,planar,plurifoliate,porrect,portion,prickly,primary,pubescence,ray,rectangular,reticulate,ruit,scar,sessile,shiny,short,short-stalked,shorter,slightly,slit,sometimes,somewhat,spaced,sparsely,stigma,strongly,style,styled,surface,testal,thin,three,ti,tissue,triangular,trichome,truncate,tube,two,ud,unarmed,underside,unequal,unisexual,unit,upper,upward,vein,visible,wall,whitish,wide,woody,yellow,ympodial	abaxial,adaxial,articulation,branching,colour,form,fruit,green,heteromorphism,insertion,number,orientation,placement,position,seed,shape,staman,symmetry,texture,type	.5,0.6-2,10-15,2-3,2/3,4-5,5-8,basal,base,beneath,berry,broad-based,brown,calyx,chartaceous,cm,dark,densely,dimorphic,elliptic,entire,flattened,globose,internodal,lanceolate,leaf,lobed,maturity,mm,narrowly,occasionally,opposite,orange,pale,paler,poricidal,pubescent,purple,reniform,shallowly,shrub,simple,sinuate,splitting,stellate,straight,tan,tapering,tip,unequally,way,x,yellowish,zygomorphic,Â½	fruit,green
275	wfo-0001029074	success	173	126	92	105	68	21	89	3	.1,.5,0,0.2-1,0.3-0.8,0.5-1,0.5-1.2,0.7-0.8,1-1.2,1-1.5,1-2,1.4-1.8,1.5-2,1.5-4,2-2.3,2-7,3.5-5,5-6,acute,anther,apart,apex,articulation,bark,base,berry,black,broadly,calyx,capitate,cm,conical,corolla,cuneate,deflexed,densely,diameter,ellipsoid,entire,exerted,filament,flattened,fruiting,globose,green,grey,growth,herb,immature,internodal,lacking,leaf,less,like,lobed,margin,markedly,midpoint,minutely,mixture,mm,new,opposite,ovary,ovate,pale,pedicel,peduncle,per,petiole,pitted,poricidal,pubescent,purplish,ray,reniform,ripening,rounded,sagittate,scar,sessile,simple,small,sparsely,stalked,stellate,stem,stigma,strongly,style,subshrub,surface,tip,trichome,truncate,tube,underside,uniformly,way,white,woody,x,yellow,yellowish,Â¾	0.3-0.4,0.7-0.95,1,1-3-6,11,2-4,2-5,3-,5-7,abaxially,absent,adaxially,age,almost,along,anthesi,apparently,appearing,basa,denser,eaf,eed,expanding,flower,free,frui,glabrescen,glabrous,lengthening,lignescent,lobe,longest,lower,midvein,nflorescence,obscuring,often,older,pair,papillat,perfect,pericarp,petal,planar,plurifoliat,pore,portion,primary,prominent,pulp,reflexed,ruit,scattered,slit,somewhat,stalk,stellate-pubescent,swollen,thin,triangular,tub,ud,uniseriate,unit,usually,vein,watery,ympodial	abaxial,adaxial,arrangement,basal,bud,colour,form,fruit,glabrescent,hair,height,inflorescence,length,number,papillate,plant,position,seed,shape,size,texture	.1,.5,0,0.2-1,0.3-0.8,0.5-1,0.5-1.2,0.7-0.8,1-1.2,1-1.5,1-2,1.4-1.8,1.5-2,1.5-4,2-2.3,2-7,3.5-5,5-6,acute,apart,apex,articulation,base,berry,black,broadly,calyx,capitate,cm,conical,cuneate,deflexed,densely,diameter,ellipsoid,entire,exerted,flattened,globose,green,grey,herb,immature,internodal,lacking,leaf,less,like,lobed,markedly,midpoint,minutely,mixture,mm,opposite,ovate,pale,per,pitted,poricidal,pubescent,purplish,ray,reniform,ripening,rounded,sagittate,sessile,simple,small,sparsely,stalked,stellate,strongly,subshrub,surface,tip,trichome,truncate,tube,underside,uniformly,way,white,woody,x,yellow,yellowish,Â¾	basal,glabrescent,papillate
276	wfo-0001029075	success	217	127	87	106	111	21	85	2	.3,.5,0-8,0.8-1.5,1-2,1-2.5,10-20,2-4,2-5,2.5-3,30-60,4-10,4-14,4-7,4.5-6.5,5-10,5-8.5,6-12,7-17,7-9,8-9,abaxially,adaxially,anther,blade,brown,brownish,canescent,cell,cm,condition,corolla,covering,dark,densely,diameter,dot,drying,end,filament,flecked,flower,forked,fresh,fruit,glabrescent,glabrous,glandular-pilose,glandular-puberulent,gray-green,green,green-white,greenish,hair,hair-like,herb,homostylous,interjected,lanceolate,lateral,leaf,leaflet,like,long,make,mm,mucilaginous,odd-pinnate,orne,ovoid,pair,pedicel,peduncle,pentagonal,petiole,plant,pore,poricidal,pubescent,seed,short,singly,size,small,stem,stigma,style,substellate,terminal,testal,thick,throughout,tip,tuber,typically,unwinged,wall,wet,white,whitish,whitish-gray,wide,x,yellow,yellow-green,yellowish-white	0-3,0.5-0.8,0.8-1.2,1-10,1-3,2.7-4.2,4-5,5-8,5-merou,abruptly,acumen,ag,along,alyx,apart,apex,apparently,articulated,attenuate-acuminate,atypically,axe,axillary,base,berry,broadly,bud,ciliate,clavifor,connivent,cuneate,decreasing,decurrent,digestion,distal,dorsally,eaf,edge,eed,elliptic-lanceolate,enzyme,erect,erect-ascendin,especially,etota,exceeding,flat,folded,geminat,generally,glabrou,gradually,greatly,half,honeycomb-shaped,larger,lengthening,light,living,lobe,long-spatulate,lower,margin,middl,midrib,minutely,narrowed,narrowly,nflorescence,orbicular,orolla,ovate,perfect,petal,petiolulate,petiolule,plurifoliate,pointed,puberulent,purple,rachi,removed,rounded,ruit,sec,sessile,seudostipule,slightly,slit,sometimes,spaced,specimen,stamen,ste,stolo,straight,subequal,subobtuse,subquadrate,subtending,tall,tamen,tem,toward,tri-,tube,unit,upper,usually,vary,woody,ympodial	abaxial,adaxial,arrangement,branching,calyx,claviform,colour,form,growth,height,inflorescence,length,number,ovary,presence,pseudostipule,shape,staman,stolon,symmetry,texture	.3,.5,0-8,0.8-1.5,1-2,1-2.5,10-20,2-4,2-5,2.5-3,30-60,4-10,4-14,4-7,4.5-6.5,5-10,5-8.5,6-12,7-17,7-9,8-9,abaxially,adaxially,brown,brownish,canescent,cell,cm,condition,covering,dark,densely,dot,drying,end,flecked,forked,fresh,glabrescent,glabrous,glandular-pilose,glandular-puberulent,gray-green,green,green-white,greenish,hair,hair-like,herb,homostylous,lanceolate,lateral,like,long,make,mm,mucilaginous,odd-pinnate,orne,ovoid,pentagonal,poricidal,pubescent,seed,short,singly,small,stem,substellate,testal,thick,throughout,tip,typically,unwinged,wall,wet,white,whitish,whitish-gray,wide,x,yellow,yellow-green,yellowish-white	claviform,stolon
277	wfo-0001029084	success	192	102	64	81	111	21	62	2	.5,0.8-2.1,1-2,1-4,1.1-2.2,1.5-2.5,10-50,2-3.5,3-6,3.5-8,4-17,4-7,4.5-6.5,5,5-7,6-13,7-9,abaxially,adaxially,anther,berry,blade,brownish,chartaceous,cm,condition,conical,corolla,diameter,drying,filament,flower,forked,fresh,fruit,glabrous,green,greenish,herb,homostylous,lanceolate,lateral,leaf,leaflet,lengthening,light,lilac,long,minute,minutely,mm,moniliform,mottled,narrow,odd-pinnate,ovate-lanceolate,ovoid,pair,petiole,plant,pore,poricidal,puberulent,pubescent,purple,ripe,rotate,seed,size,slit,sparsely,style,subglabrous,terminal,tip,tube,tuber,unwinged,whitish,wing,x	0.8-2,1-10,1-3,2-4,2-5,3.5-7.5,4.5-10,5-merou,8-23,absent,acumen,acuminate,ag,along,alyx,apart,apex,apparently,arranged,articulated,axe,axillary,base,bead,bud,capitat,cell,ciliate,connivent,covering,darker,decreasing,digestion,distal,dorsally,eaf,edge,eed,enzyme,especially,exceeding,flat,folded,geminat,generally,glabrou,gradually,green-white,hair-like,half,honeycomb-shaped,interjected,interpetalar,larger,like,living,lobe,lon,lower,make,margin,middle,midrib,mucilaginous,multiple,necklace,nflorescence,obtuse,orolla,pedicel,peduncle,perfect,petiolule,pilose,plurifoliate,proximal,ray,removed,ruit,secondary,semierec,seudostipule,spaced,specimen,stamen,stigma,stolon,subequal,subglabrou,subsessile,subtending,symmetrical,tall,tamen,tem,testal,thick,thir,throughout,tissue,toward,tri-,typically,unit,usually,vary,wall,wet,wide,yellow,ympodial	5-merous,age,arrangement,branching,calyx,colour,form,growth,hair,height,inflorescence,length,number,ovary,pseudostipule,shape,staman,stem,texture,type,width	.5,0.8-2.1,1-2,1-4,1.1-2.2,1.5-2.5,10-50,2-3.5,3-6,3.5-8,4-17,4-7,4.5-6.5,5,5-7,6-13,7-9,abaxially,adaxially,berry,brownish,chartaceous,cm,condition,conical,drying,forked,fresh,glabrous,green,greenish,herb,homostylous,lanceolate,lengthening,light,lilac,long,minute,minutely,mm,moniliform,mottled,narrow,odd-pinnate,ovate-lanceolate,ovoid,pore,poricidal,puberulent,pubescent,purple,ripe,rotate,slit,sparsely,subglabrous,tip,unwinged,whitish,wing,x	5-merous,age
278	wfo-0001029088	success	149	107	74	86	63	21	73	1	.3,0.1,0.9â1.5,1.3â4.5,15â25,1â1.6,2.5â20,2.5â4.2,25â30,2â2.5,3â16,4â8,5-merous,5â8,<,abaxially,acuminate,adaxially,anther,apex,base,bronze-brown,calyx,capitate,cm,cordate,cylindrical,densely,diameter,entire,extra-axillary,filament,flattened,flower,fragrant,fruit,glabrous,greenish-brown,hair,half,heavy,immature,juicy,leaf,lenticular,light,lower,margin,mature,membranous,minutely,mm,moderately,near,obtuse,ovoid-rhomboid,papillose,pedicel,peduncle,petiole,pubescent,purplish,rachi,reddish-brown,revolute,rounded,rugose,sand-punctate,scent,shortly,simple,slightly,somewhat,sparsely,stellate,stigma,stout,straight,strongly,style,surface,sweet,unbranched,vine,white,x	.2,0.6â3.2,1.5â2,1.5â3,1â1.2,1â1.5,1â3,2-lobe,2â3,3.5â7,3.5â8,5,6-10,accrescent,acute,alyx,apar,apicall,axe,berry,blade,c.,ciliate,climbing,eaf,eed,emarginate,flavor,fleshy,fruiting,glabrou,groun,herbaceous,lanceolate,lobe,long,m.,narrowly,nflorescence,nternode,orolla,palmate,perfec,plurifoliat,primary,ruit,slender,spaced,swee,tamen,tem,terrestrial,tip,truncate,truncate-acuminat,tube,unit,vary,vein,venation,wider,ympodial,â7	2-lobed,branching,colour,corolla,form,growth,height,inflorescence,internode,juicines,length,merosity,ovary,plant,position,seed,shape,staman,stem,texture,type	.3,0.1,0.9â1.5,1.3â4.5,15â25,1â1.6,2.5â20,2.5â4.2,25â30,2â2.5,3â16,4â8,5-merous,5â8,<,abaxially,acuminate,adaxially,apex,bronze-brown,capitate,cm,cordate,cylindrical,densely,entire,extra-axillary,flattened,flower,fragrant,fruit,glabrous,greenish-brown,hair,half,heavy,immature,juicy,leaf,lenticular,light,lower,mature,membranous,minutely,mm,moderately,near,obtuse,ovoid-rhomboid,papillose,pubescent,purplish,reddish-brown,revolute,rounded,rugose,sand-punctate,scent,shortly,simple,slightly,somewhat,sparsely,stellate,stout,straight,strongly,sweet,unbranched,vine,white,x	2-lobed
279	wfo-0001029089	success	177	122	78	101	76	21	77	1	.5,0.1-0.25,0.5-0.6,0.5-1,0.8-1,0.8-1.2,1,1-1.5,1.5-2,1.5-6,10-25,2.5-3.5,4.5-5,5-10,5-20-flowered,5-6,5-9,6-7,acute,anther,anthesi,apart,apex,bark,base,beneath,berry,bilobed,branched,bud,calyx,campanulate,cm,completely,corolla,dark,decurrent,densely,dia,difoliate,drying,elliptic,enclosed,filament,flattened-reniform,fruiting,furcate,glabrous,globose,golden,incrassate,later,leaf,long,major,margin,minor,minutely,mm,obovoid,occasionally,older,opposite,otherwise,ovary,pedicel,petiole,pinkish,pitted,pore,pubescent,purplish,reddish-grey,resinous,rounded,scar,secretion,shaped,shiny,shrub,simple,size,slightly,small,smooth,somewhat,stem,stigma,style,surface,tear-drop,tree,trichome,tube,uniseriate,unit,usually,varnished,white,x,young	.75,/4,1/2,8-9,abrupt,along,apiculate,axil,ba,beginning,caniculate,closely,covered,covering,cracking,deflexed,differing,eaf,edicel,eed,either,entire,erect,expand,exserted,free,geminat,glabrou,green,impressed,inflorescenc,lamina,lateral,like,lobe,lobed,lon,lower,main,material,member,middle,nflorescence,one,overlapping,pair,papillo,papillose,part,peeling,persistent,planar,poricidal,portion,primary,prominent,resinou,rounded-deltoid,ruit,spaced,still,straight,tall,tan,tapering,tip,tub,ud,underside,varnish,vein,way,widening,widest,woody,ympodial	colour,deflexion,diameter,flower,form,fruit,geminate,growth,height,inflorescence,length,number,plant,position,seed,shape,spacing,structure,sympodial,texture,type	.5,0.1-0.25,0.5-0.6,0.5-1,0.8-1,0.8-1.2,1,1-1.5,1.5-2,1.5-6,10-25,2.5-3.5,4.5-5,5-10,5-20-flowered,5-6,5-9,6-7,acute,anthesi,apart,base,beneath,berry,bilobed,branched,calyx,campanulate,cm,completely,dark,decurrent,densely,dia,difoliate,drying,elliptic,enclosed,flattened-reniform,furcate,glabrous,globose,golden,incrassate,later,leaf,long,minutely,mm,obovoid,occasionally,opposite,otherwise,petiole,pinkish,pitted,pubescent,purplish,reddish-grey,resinous,rounded,shaped,shiny,shrub,simple,slightly,small,smooth,somewhat,tear-drop,tree,uniseriate,usually,varnished,white,x,young	geminate
280	wfo-0001029091	success	207	93	61	77	130	16	61	0	-4,1-2,1.5-2-3,10,2-2.5,2-3,20-30,3,3-11-lobed,3-4,7-8,acuminate,acute,anther,apex,articulation,axil,base,broadly,buff,calyx,capitate,cell,clonal,cm,colour,conspicuous,corolla,cuneate,cyme,discoidal,ellipsoid,elliptic,filament,flattened,flower,flushed,fork,fruiting,glandular,globose,globular,grey,hair,intense,irregularly,leaf,light,long,minutely,mm,obovate,ochre-yellow,ovate,ovoid,pale,pedicel,pentagonal,petiolate,petiole,pore,poricidal,reddish-purple,shortly,shrub,simple,slightly,soft-wooded,sparsely,speckled,stellate-rotate,stem,stigma,stone,style,tip,violet-purple	-4.5,0.3-0.5-0.8-1,0.5-1,1,1-10,1.5-2,10-20,10-toothed,15-40,170-210,2-12,2.5-4,3-5-7-15,46/1,5,635/1,age,appearing,aromatic,articulated,aspect,ba,becoming,berry,blunt,bluntly,brownish,campanulate,close,common,cut,dark,deeply,develop,developed,dia,downward,eed,effect,emarginated,erect,exceeding,exerted,floral,forked,fresh,general,giving,gree,growing,half,interacuminal,irregular,juvenile,lacking,larger,lasting,later,lateral,lavende,lavender,lengthening,line,linear,linear-lanceolate,lobe,long-triangular,lower,may,mid-vein,mineral,narrowly,nflorescence,oblong,obscure,occasionally,overlain,ower,pattern,pedicellate,peduncle,petiol,plurifoliat,point,pubescent,rachi,raised,readily,relatively,reticulate-concentric,rh,ridge,ridged,ripe,rounded,ruit,scarcely,separate,several,shallowly,shed,sigmoid,sinus,slender,slit,soft,soon,straggly,subulate,succulent,surface,swollen,tall,tissue,toward,transverse,triangular,tub,ud,unit,upper,usually,violet,well,winged,without,woody,x,year,ympodial	bud,clonality,form,fruit,growth,height,history,inflorescence,length,life,lobing,plant,position,pubescence,seed,shape	-4,1-2,1.5-2-3,10,2-2.5,2-3,20-30,3,3-11-lobed,3-4,7-8,acuminate,acute,axil,base,broadly,buff,capitate,clonal,cm,conspicuous,cuneate,cyme,discoidal,ellipsoid,elliptic,flattened,flower,flushed,fork,glandular,globose,globular,grey,intense,irregularly,leaf,light,long,minutely,mm,obovate,ochre-yellow,ovate,ovoid,pale,pentagonal,petiolate,poricidal,reddish-purple,shortly,shrub,simple,slightly,soft-wooded,sparsely,speckled,stellate-rotate,stem,tip,violet-purple	
281	wfo-0001029101	success	230	153	103	129	101	24	100	3	.5,/3,0-2,0.1-0.4,0.1-0.5,0.2,0.4-1.5,0.5-1,0.7-1.5-2,00-200,1-3,1.3-2,1.3-2.6,1.4-2.2,1.5-2.5,1.8-3,10-14,2.5-3.5,2.5-6,2.8-3.3,3-10,3-4,3-7,4-12,5-6,5-7,5-merous,5.5-8,8-15,abaxial,adaxial,andromonoecious,anther,apart,apex,articulated,bark,base,berry,branched,calyx,chartaceous,cm,concolorous,connivent,cream,cuneate,dark,darker,diameter,discolorous,drying,dull,elliptic,equal,erect,filament,flattened,flattened-reniform,flower,fruit,fruiting,glabrescent,glabrous,green,heterostylous,lateral,leaf,length,lobe,lobed,long,long-styled,margin,marking,maturity,mauve,midpoint,mm,moderately,narrow-deltate,obovate,obtuse,older,orange-brown,ovate,pair,pale,pedicel,peduncle,per,pericarp,petiole,plant,poricidal,porrect,present,prickle,primary,rarely,ray,rounded,sessile,short-styled,shrub,simple,smooth,sometimes,sparsely,spherical,stalk,stalked,stellate-pubescent,stem,straight,style,surface,tapering,terete,tip,trichome,tube,variously,vein,way,wide,yellow,yellow-orange,young	-15,/4,0-100,0-20,0-5,0-8,0.1,0.1-0.7,0.1-1,0.8-3.5,1,1-1.5,1-4,1-8,1.5-2,1.7,1/5-1/4,10-20,2-20,2-3-4,2-6,2/3-3/4,3-5-9,30-100,4-7,5-20,5-7-13,5-8,6-8,abaxially,acute,almost,always,alyx,apar,apically,apparently,blade,broad-deltate,brown-green,cell,deltate,distal,distance,eaf,eed,elongating,extending,free,green-brow,hermaphrodite,infructescence,lengt,like,lon,longer,lower,lowermost,mature,midvein,multangulate,nflorescence,oblong,often,one,open,orolla,oung,outline,pendulous,pit,plurifoliat,portion,prickl,prickly,raised,reduced,reflexed,rounde,ruit,scar,secondary,side,small,spaced,spreading,staminat,stellate,suborbicular,tamen,tertiary,thick,time,unit,vary,venation,visible,well-developed,woody,yellow-green,ympodial	3-9,5-13,articulation,branching,colour,corolla,form,green-brown,growth,hair,height,inflorescence,number,ovary,position,presence,seed,shape,size,spacing,staman,texture,type,width	.5,/3,0-2,0.1-0.4,0.1-0.5,0.2,0.4-1.5,0.5-1,0.7-1.5-2,00-200,1-3,1.3-2,1.3-2.6,1.4-2.2,1.5-2.5,1.8-3,10-14,2.5-3.5,2.5-6,2.8-3.3,3-10,3-4,3-7,4-12,5-6,5-7,5-merous,5.5-8,8-15,andromonoecious,apart,apex,articulated,base,berry,branched,chartaceous,cm,concolorous,connivent,cream,cuneate,dark,darker,diameter,discolorous,drying,dull,elliptic,equal,erect,filament,flattened,flattened-reniform,glabrescent,glabrous,green,heterostylous,lateral,lobed,long,long-styled,marking,maturity,mauve,mm,moderately,narrow-deltate,obovate,obtuse,orange-brown,ovate,pair,pale,poricidal,porrect,present,rarely,rounded,sessile,short-styled,shrub,simple,smooth,sometimes,sparsely,spherical,stalked,stellate-pubescent,straight,tapering,terete,tip,tube,variously,way,wide,yellow,yellow-orange,young	3-9,5-13,green-brown
282	wfo-0001029106	success	198	120	84	98	100	22	82	2	/3,0-10,0-2,0-20,0-5,0-6,0.25-0.7,0.5-0.9,0.5-2.5,0.9-1.2,1-5,1.5-3.5,2-5.5,2-8,3-4,4-6,5-14,abaxially,anther,apex,articulated,base,berry,branched,calyx,cell,cm,concolorous,cuneate,curved,densely,diameter,discolorous,drying,elliptic,elongating,equal,flattened-reniform,flower,fruit,fruiting,gently,glabrous,leaf,length,lobed,long,lower,margin,maturity,mauve,membranous,mm,obtuse,orange,orange-brown,orbicular,outline,ovate,pale,pedicel,peduncle,per,petiole,pit,poricidal,porrect,prickle,raised,red,reflexed,rounded,sessile,shiny,shrub,simple,size,slender,small,smooth,sometimes,sparsely,spherical,spreading,stellate-pubescent,straight,style,subentire,surface,tapering,tip,trichome,way,weakly,white,wide,yellow-orange,yellowish-green	.1,.5,0-0.3,0.1,0.2-0.4,0.2-1,0.5,0.5-0.8,0.5-1,1-1.6,1-2,1.5-1.8,1.5-2,1/4,1/5-1/4,2-3.5,2-4,2-6,2.2-3,2/,3-25,3-3.5,4-8,5-8,5-merous,6-8,acuminat,acute,alyx,ame,apar,apart,apically,apparently,appearing,bark,blade,c.,deltate,distance,eaf,eed,erect,extending,eye,filament,flattened,free,glabrescent,infructescence,lateral,light,lobe,lon,longer,mature,midpoint,midvein,naked,nflorescence,older,one,open,orange-brow,orolla,oung,pair,pendulous,perfec,pericarp,plurifoliat,portion,prickl,prickly,primary,ray,scandent,scar,shallow,shorter,side,spaced,stalk,stalked,stellate,stem,tamen,terete,tertiary,time,tube,uit,unit,variously,vary,vein,venation,visible,woody,ympodial	2/3,articulation,branching,colour,corolla,form,glabrousnes,growth,hair,heteromorphism,inflorescence,na,number,ovary,position,seed,shape,staman,symmetry,texture,type,width	/3,0-10,0-2,0-20,0-5,0-6,0.25-0.7,0.5-0.9,0.5-2.5,0.9-1.2,1-5,1.5-3.5,2-5.5,2-8,3-4,4-6,5-14,abaxially,articulated,base,berry,branched,cell,cm,concolorous,cuneate,curved,densely,diameter,discolorous,drying,elliptic,elongating,equal,flattened-reniform,gently,glabrous,lobed,long,lower,maturity,mauve,membranous,mm,obtuse,orange,orange-brown,orbicular,outline,ovate,pale,per,pit,poricidal,porrect,raised,red,reflexed,rounded,sessile,shiny,shrub,simple,slender,small,smooth,sometimes,sparsely,spherical,spreading,stellate-pubescent,straight,subentire,tapering,tip,trichome,way,weakly,white,wide,yellow-orange,yellowish-green	2/3,na
283	wfo-0001029112	success	190	119	83	99	91	20	79	4	0.9-1.7,1-10,1-2,1.4-2.5,1.5-2,10-17,10-21,2-3.5,2.5-4.5,2.6-3,2.7-4.2,2.7-5.7,20,3-5,3-7,3.5-4.5,3.5-7,5,6.5-5.5,9.5-13,abaxially,adaxially,anther,berry,blade,brownish,cell,chartaceous,ciliate,cm,condition,conical,corolla,covering,densely,diameter,distal,dorsally,drying,edge,filament,flat,flower,folded,forked,fresh,fruit,glabrous,green,green-white,greenish,hair,hair-like,herb,lanceolate,lateral,leaf,leaflet,lengthening,light,like,make,margin,middle,minute,mm,moniliform,mottled,mucilaginous,odd-pinnate,ovoid,pair,pale,pedicel,peduncle,petiole,plant,pore,poricidal,pubescent,purple,ripe,rotate,seed,size,slit,stigma,style,terminal,testal,thick,throughout,tip,tuber,violet,wall,wet,whitish,x	0-2,0.5,1-3,1-4,1.5-1.8,2.7-3.5,3-4,3-6,5-8,5-merou,acumen,acuminate,ag,along,alyx,apart,apex,apparently,arranged,articulated,axe,axillary,base,bead,bud,capitat,connivent,decreasing,digestion,eaf,eed,elliptic-lanceolate,enzyme,equal,especially,exceeding,geminat,generally,glabrou,gradually,half,homostylous,honeycomb-shaped,interjected,larger,living,lobe,long,lower,multiple,narrow,necklace,nflorescence,obtuse,orolla,ovate,perfect,petiolule,plurifoliate,present,pubescen,ray,removed,ruit,secondary,semierec,seudostipule,slightly,spaced,specimen,stamen,ste,stolon,subequal,subtending,symmetrical,tall,tamen,tem,thir,toward,tri-,tube,typically,unit,usually,vary,wide,wing,yellow,ympodial	age,arrangement,articulation,branching,capitate,colour,form,growth,height,inflorescence,length,ovary,pseudostipule,shape,spacing,staman,stem,texture,third,width	0.9-1.7,1-10,1-2,1.4-2.5,1.5-2,10-17,10-21,2-3.5,2.5-4.5,2.6-3,2.7-4.2,2.7-5.7,20,3-5,3-7,3.5-4.5,3.5-7,5,6.5-5.5,9.5-13,abaxially,adaxially,berry,brownish,cell,chartaceous,ciliate,cm,condition,conical,covering,densely,distal,dorsally,drying,flat,folded,forked,fresh,glabrous,green,green-white,greenish,hair,hair-like,herb,lanceolate,lateral,lengthening,light,like,make,margin,middle,minute,mm,moniliform,mottled,mucilaginous,odd-pinnate,ovoid,pale,pore,poricidal,pubescent,purple,ripe,rotate,seed,slit,testal,thick,throughout,tip,violet,wall,wet,whitish,x	age,capitate,stem,third
284	wfo-0001029120	success	168	131	98	109	59	22	94	4	.05,.5,.75,/2,0.1-0.5,0.5-1.5,0.7-1,1-1.5,1.1-1.5,2.6-7,3-3.5,6-8,6.5-16.5,abrupt,acuminate,acute,anther,anthesi,apart,apex,bark,basal,base,beginning,beneath,black,bud,bullate,calyx,cell,cm,corolla,dark,decurrent,densely,dia,drying,erose,especially,f,filament,fleshy,glabrous,globose,golden,greenish-brown,hirsute,internodal,lanceolate,larger,leaf,like,lobe,lobed,long,margin,midrib,minutely,mm,narrow,narrower,narrowly,nearly,opposite,outer,ovary,ovate,pale,paler,papillose,pedicel,peduncle,petiole,point,pore,portion,prominently,pubescent,raised,scar,scattered,shaped,shrub,slightly,sparsely,stem,stigma,style,surface,tapering,tear-drop,terminal,thickened,tip,trichome,tube,uniseriate,urceolate,vein,venation,way,white,wide,widening,widest,x,yellow,yellow-green,young	1.1-2,2.5-3.5,5-10-flowered,5-8,8511,deflexed,difoliate,dry,eaf,edicel,eed,epidermi,evenly,fide,free,geminat,inflorescenc,infloresence,know,known,large,later,lateral,lehmann,lon,long-triangular,lower,main,middle,minor,nflorescence,occasionally,often,older,pair,peduncl,petaloid,poricidal,present,proximal,reproductive,rest,ruit,simple,slender,spaced,specimen,speckle,straight,sympodial,tall,tub,ud,unbranched,unifoliate,unit,upper,white-papillo,ympodial	colour,decument,density,form,fruit,growth,hair,height,inflorescence,length,na,plant,position,pubescence,seed,shape,size,spacing,texture,type,white-papillose,width	.05,.5,.75,/2,0.1-0.5,0.5-1.5,0.7-1,1-1.5,1.1-1.5,2.6-7,3-3.5,6-8,6.5-16.5,abrupt,acuminate,acute,apart,basal,base,beginning,beneath,black,bud,bullate,calyx,cm,dark,decurrent,densely,dia,erose,especially,f,fleshy,glabrous,globose,golden,greenish-brown,hirsute,internodal,lanceolate,larger,leaf,like,lobe,lobed,long,margin,midrib,minutely,mm,narrow,narrower,narrowly,nearly,opposite,outer,ovate,pale,paler,papillose,peduncle,petiole,point,prominently,pubescent,raised,scattered,shaped,shrub,slightly,sparsely,stem,style,surface,tapering,tear-drop,thickened,tip,trichome,tube,uniseriate,urceolate,vein,venation,way,white,wide,widening,widest,x,yellow,yellow-green,young	decument,inflorescence,na,white-papillose
285	wfo-0001029121	success	159	96	57	69	90	27	52	5	0,0.2-2,1-4,1-5,1.1-3.9,1.2-2.5,15-30,2-10,2-13,2-3,2-3-celled,3.8-11,4-5.5,4.5-10.0,5-20,5-8,8-16,9-33,apically,blue,branched,cm,conical,connate,corolla,cyme,deep,dehiscent,diameter,dichasially,distal,filament,flower,forked,glabrous,green,green-white,hair,herbaceous,interjected,lateral,leaf,leaflet,medium,mm,mucilaginous,odd-pinnate,ovoid,pair,pedicel,peduncle,perennial,perfect,petiole,plant,poricidally,proximal,purple,rarely,rotate,scattered,seed,short,style,terminal,tuber-bearing,unit,yellow,Â¼	0-2,1.2-3.3,10,2-3-5-6,3-6-foliat,3.6-9,4-10,abaxiall,abaxially,acumen,acuminate,acute,adaxially,apex,apical,articulate,attenuate,base,calyx,cell,commonly,covering,cuneate,dichasial,digestion,diminishing,dorsally,eaf,ebracteate,edge,eed,elliptical,emoval,enzyme,exceeding,flat,folded,generally,globo,gradually,hair-like,half,honeycomb,introrse,living,lobe,lon,long,lower,lunat,make,maturing,monochasial,narrowly,nflorescence,nther,oblique,obtuse,often,orolla,ovate,pattern,petiolule,plan,reveal,rounded,ruit,sessile,seudostipule,short-attenuate,size,slit,specimen,stamen,stigma,straight,subequal,tal,tem,testal,thick,throughou,throughout,tip,toward,typically,vary,wall,wide,ympodial	2-6,3-6-foliate,6,anther,arrangement,articulation,branching,colour,form,fruit,growth,height,inflorescence,length,lunate,number,ovary,pore,pseudostipule,shape,stem,structure,sympodial,texture,type,wet,width	0,0.2-2,1-4,1-5,1.1-3.9,1.2-2.5,15-30,2-10,2-13,2-3,2-3-celled,3.8-11,4-5.5,4.5-10.0,5-20,5-8,8-16,9-33,apically,blue,branched,cm,conical,connate,cyme,deep,dehiscent,dichasially,distal,forked,glabrous,green,green-white,hair,herbaceous,medium,mm,mucilaginous,odd-pinnate,ovoid,perennial,perfect,poricidally,proximal,purple,rarely,rotate,scattered,short,tuber-bearing,yellow,Â¼	2-6,3-6-foliate,6,lunate,wet
286	wfo-0001029125	success	196	135	98	103	93	32	78	20	.1,.2,0.5,0.9,1,abaxial,acuminate,adaxial,age,anther,apex,appressed,attenuate,base,berry,black,brownish,calyx,cell,central,closely,cm,concave-reniform,conical,corolla,cuneate,densely,diameter,ellipsoid,end,entire,filament,flower,fruit,fruiting,glabrous,globose,green,herb,hilum,internodal,lateral,leaf,lengthening,live,lower,margin,maturity,maximum,minutely,mm,narrower,oblique,occasionally,one,orange,ovary,ovate-lanceolate,pale,papillate,pedicel,peduncle,per,petiole,plant,pore,poricidal,pubescent,purple,purple-tinged,purplish,reflexed,ridged,ripe,scar,scattered,seed,shiny,simple,slightly,slit,small,spaced,spreading,star,stellate,stem,stigma,stone,style,subshrub,surface,terete,tip,toward,trichome,tube,turning,unequal,uniseriate,white,yellow,Â¼	.0â3.5,.1â1.4,.4,.5â2.0,.6,0.5â0.6,0.5â1.0,0.8â0.9,1.0â1.2,1.0â1.5,1.0â4.0,1.5â2.0,1.5â3.0,1.7-3.0â3.4,1.8â3.5,1â2-celled,2.5â12.0,2/3,20â100,2â3-celled,2â4,3.5â4,35â45,3â5,3â5-celled,4â8,5-merous,5â6,6,6â7,abaxially,acute,adaxially,along,anthesi,apar,apparently,arising,articulated,ba,beyond,branching,cone,delicate,deltate,difoliate,eaf,eed,especially,exerted,free,geminat,growt,later,like,lobe,lobed,lon,long,nearly,nflorescence,often,outline,pair,pentagonal,perfect,place,portion,positioned,primary,reflexe,ruit,shorter,single,sparsely,stemmed,straight,strongly,sub-lateral,tall,tem,testal,tinged,traingular,ud,unit,usually,vein,whitewith,wide,woody,ympodial,young	0.4,0.5-0.6,0.5-1.0,0.6,0.8-0.9,1-2-celled,1.0-1.2,1.0-1.5,1.0-4.0,1.5-3.0,1.7-3.4,2-3-celled,2-4,2.5-12.0,3-5-celled,3.5-4,35-45,6-7,apart,articulation,bud,colour,form,growth,hair,inflorescence,length,number,position,shape,symmetry,width	.1,0.5,0.9,1,acuminate,age,apex,appressed,attenuate,base,berry,black,brownish,central,closely,cm,concave-reniform,conical,cuneate,densely,ellipsoid,end,entire,flower,fruit,glabrous,globose,green,herb,internodal,lateral,lengthening,live,lower,maturity,maximum,minutely,mm,narrower,oblique,occasionally,one,orange,ovate-lanceolate,pale,papillate,per,plant,poricidal,pubescent,purple,purple-tinged,purplish,reflexed,ridged,ripe,scattered,seed,shiny,simple,slightly,slit,small,spaced,spreading,star,stellate,subshrub,terete,tip,toward,trichome,turning,unequal,uniseriate,white,yellow,Â¼	0.4,0.5-0.6,0.5-1.0,0.6,0.8-0.9,1-2-celled,1.0-1.2,1.0-1.5,1.0-4.0,1.5-3.0,1.7-3.4,2,2-3-celled,2-4,2.5-12.0,3-5-celled,3.5-4,35-4,6-7,apart
287	wfo-0001029150	success	177	130	88	107	70	23	86	2	.5,0.3,0.3-0.5,0.3â0.5,0.5â1.1,0.8-1,0.8â1,0.8â1.5,0.8â3.5,1.2â1.5,1.5,1.5â2.2,1â1.5,1â11,1â2,1â5,1â6,2.5â3,2.5â5,2.5â8,2â10,3-5,3â10,3â4,3â50,6,8-shaped,9â12,acute,adaxially,anther,apex,apically,apiculate,base,branched,calyx,ciliate,cm,conical,cros,cylindrical,diameter,ellipsoidal,elliptical,enlarged,entire,except,extra-axillary,filament,fleshy,flower,fruit,glabrous,larger,leaf,light,lobe,long,margin,membranaceous,midvein,mm,moderately,nearly,oblique,opposed,ovate,pair,pedicel,peduncle,petiole,pinnate,pubescent,rachi,rarely,rounded,rounded-deltoid,sand-punctate,secondary,section,shortly,simple,slender,slightly,small,somewhat,sparsely,stellate,stem,stigma,strong,style,tan,teardrop-shaped,thickened,tip,trichome,truncate,tube,vein,venation,vine,white,wiry,woody,x	1.5â2,15,2â2.5,2â3,5-merous,7â8,abaxially,accrescent,across,adaxiall,alyx,apar,apicall,attenuate,axe,berry,blade,c.,canopy,capitat,climbing,color,delicate,distant,dried,eaf,eed,flattened,flush,fruiting,glabrou,inconspicuous,lamina,lanceolate,living,lon,lower,m.,material,minutely,mor,nflorescence,nternode,older,orolla,pale,perfec,pinkish-white,plurifoliat,pointed,reaching,rugose,ruit,scar,side,spaced,specimen,surface,tamen,tem,thick,time,translucent,tree,understory,unit,vary,vegetation,wide,ympodial	abaxial,apart,branching,capitate,colour,corolla,distance,form,growth,hair,inflorescence,internode,length,number,ovary,position,seed,shape,size,spacing,texture,thicknes,type	.5,0.3,0.3-0.5,0.3â0.5,0.5â1.1,0.8-1,0.8â1,0.8â1.5,0.8â3.5,1.2â1.5,1.5,1.5â2.2,1â1.5,1â11,1â2,1â5,1â6,2.5â3,2.5â5,2.5â8,2â10,3-5,3â10,3â4,3â50,6,8-shaped,9â12,acute,adaxially,apically,apiculate,branched,ciliate,cm,conical,cylindrical,ellipsoidal,elliptical,enlarged,entire,except,extra-axillary,fleshy,flower,fruit,glabrous,larger,leaf,light,long,margin,membranaceous,mm,moderately,nearly,oblique,opposed,ovate,pair,pinnate,pubescent,rarely,rounded,rounded-deltoid,sand-punctate,shortly,simple,slender,slightly,small,somewhat,sparsely,stellate,strong,tan,teardrop-shaped,thickened,tip,trichome,truncate,vine,white,wiry,woody,x	apart,capitate
288	wfo-0001029152	success	197	78	46	62	135	16	43	3	0.25-0.5,0.5-1,0.75-1,0.8-1,0.9-1.3,1-4,1.1-1.3,1.5-1.7,1.5-2,2-2.5,2-5,2.5-3,anther,attenuate,base,cm,corolla,cuneate,elliptic,filament,flower,fruit,fruiting,glabrous,globose,green,inflorescence,leaf,lightly,lobed,minutely,mm,obovate,opposite,ovary,ovoid-reniform,pale,papillose,pedicel,petiole,pitted,plant,pore,poricidal,red-floccose,shape,shaped,shrub,simple,size,small,stigma,style,surface,tapering,tear-drop,tip,tree,tube,white,winged,x	.1,.5,1,1-1.5,1-2,1-3,2-3,2-4,3-5,3-8-flowered,4-6,6-8,61-25,8.5-16,acuminate,acute,anthesi,apex,appearanc,appearing,appressed,area,ba,bark,beginning,beneath,berry,blade,branch,broadened,broadly,brown,bud,calyx,citronella,closely,completely,conical,corky,dark,deciduous,decurrent,deep,deflexed,deltoid,densely,dia,differing,difoliate,distal,dry,eaf,edicel,eed,ellipsoi,enclosing,erect,et,exsertion,fide,flattened,floccose,fragrance,free,geminat,giving,greyish-red,held,hyaline,inflorescenc,keeled,large-lenticellate,late,lateral,live,lobe,lon,long,long-styled,longer,lower,main,major,margin,material,middle,midrib,minor,nearly,nflorescence,often,older,one,overlapping,pair,per,planar,plane,portion,prominent,prominently,quite,red,reddish,reddish-floccose,reflexed,reminiscent,rounded,ruit,scar,shiny,short-styled,single,slender,slightly,somewhat,soon,spaced,stem,straight,styl,tall,terminal,third,tillett,trichome,ud,unit,usually,vein,weak,widest,woody,ympodial,young	1.5-6,3-8,colour,decurred,diameter,form,growth,hair,height,length,number,position,seed,symmetry,texture,type	0.25-0.5,0.5-1,0.75-1,0.8-1,0.9-1.3,1-4,1.1-1.3,1.5-1.7,1.5-2,2-2.5,2-5,2.5-3,attenuate,cm,cuneate,elliptic,glabrous,globose,green,leaf,lightly,lobed,minutely,mm,obovate,opposite,ovoid-reniform,pale,papillose,pitted,poricidal,red-floccose,shaped,shrub,simple,small,tapering,tear-drop,tip,tree,white,winged,x	1.5-6,3-8,decurred
289	wfo-0001029156	success	65	59	37	48	17	11	35	2	0.5,1.5-2,10-12,4-6,6,6-8,<,almost,bark,berry,cell,center,cm,completely,deeply,diameter,exfoliating,flattened,fruiting,glabrous,golden,growth,lateral,liana,margin,minutely,mm,multiseriate,new,pale,pedicel,per,pitted,rectangular,reniform,rib-like,seed,shiny,sinuate,stem,surface,tan,testal,thickening,trichome,vine,wall,woody	-3,1,2,apex,apparently,eed,epiphytic,fide,long,markedly,minute,nee,noddin,occasionally,older,shreddy,wide	2-3,colour,form,length,nodding,number,plant,shape,texture,type,width	0.5,1.5-2,10-12,4-6,6,6-8,<,almost,center,cm,completely,deeply,exfoliating,flattened,glabrous,golden,lateral,liana,margin,minutely,mm,multiseriate,pale,pitted,rectangular,reniform,rib-like,seed,shiny,sinuate,tan,thickening,vine,wall,woody	2-3,nodding
290	wfo-0001029156	success	65	58	36	46	19	12	32	4	0.5,1,1.5-2,10-12,2,4-6,6-8,<,berry,cell,center,cm,deeply,diameter,flattened,fruiting,glabrous,golden,growth,lateral,liana,margin,minute,minutely,mm,multiseriate,new,pale,pedicel,per,pitted,rectangular,reniform,rib-like,seed,shiny,sinuate,stem,surface,tan,testal,thickening,trichome,vine,wall,woody	-3,almost,apex,apparently,ark,completely,eed,em,epiphytic,exfoliating,fide,lon,markedly,nee,noddin,occasionally,older,shreddy,x	2-3,bark,colour,exfoliation,form,length,long,nodding,number,shape,width,ye	0.5,1,1.5-2,10-12,2,4-6,6-8,<,center,cm,deeply,flattened,golden,lateral,liana,margin,minute,minutely,mm,multiseriate,pale,pitted,rectangular,reniform,rib-like,seed,sinuate,tan,thickening,vine,wall,woody	2-3,long,nodding,ye
291	wfo-0001029163	success	148	98	59	74	74	24	57	2	0.3-2.5,0.5-1,1-2,1.5-2.5,1.5-3,13-18,2,2-18,2-3,2-6,2.5-3,20-30,3-4,4-20,4-6,5-8,7-9,acuminate,acute,apex,base,calyx,chartaceous,cm,connivent,cuneate,cylindrical,decurrent,deltate,densely,diameter,distally,elliptic,elliptic-ovate,entire,free,fruit,glabrous,globose,hair,herb,lanceolate,lenticular,lobe,margin,mm,moderately,nearly,obtuse,pedicel,peduncle,petiole,pore,pseudohair,puberulent,puberulent-pubescent,purple,rachi,radiu,shrub,simple,slightly,stellate,stem,stigma,style,subcoriaceous,unbranched,unit,unknown,white,whitish,x,yellow	-4,-9,1,1.5-2,10-20-30,2-7,3-14,3-5,4-5-foliat,4.5-23,5-12-25,9-15,abaxial,abaxially,absen,adaxiall,adaxially,aggregate,apart,articulated,axe,band,blade,cell,color,denser,directed,distall,eaf,eed,eglandular,flower,glandular,leaving,like,lon,long,lower,narrowed,narrowly,nflorescence,nther,orolla,papillose,pedicellar,perennial,projection,puberulent-pubescen,pubescence,remnant,ripe,roughened,ruit,scale-like,small,sometimes,spaced,sparsely,stalked,stone,subapical,surface,tal,tem,thickened,time,tip,triangular,truncat,tube,vary,vein,wide,ympodial	4-5-foliate,anther,articulation,branching,colour,corolla,form,growth,height,inflorescence,leaf,length,modification,ovary,plant,position,seed,shape,size,structure,sympodial,texture,truncate,type	0.3-2.5,0.5-1,1-2,1.5-2.5,1.5-3,13-18,2,2-18,2-3,2-6,2.5-3,20-30,3-4,4-20,4-6,5-8,7-9,acuminate,acute,base,chartaceous,cm,connivent,cuneate,cylindrical,decurrent,deltate,densely,distally,elliptic,elliptic-ovate,entire,free,glabrous,globose,herb,lanceolate,lenticular,mm,moderately,nearly,obtuse,pseudohair,puberulent,puberulent-pubescent,purple,shrub,simple,slightly,stellate,subcoriaceous,unbranched,unknown,white,whitish,x,yellow	4-5-foliate,truncate
292	wfo-0001029171	success	137	111	70	85	52	26	68	2	-,-10,-10-15,0.5,1-3,1-4.5,1-5,1.5-2,1.5-7.5,10-25,10-35,2-3,3-4,3.5-18,3.5-6.5,4-10-15,4-5,5-6,5-8,7-9,8-17,acuminate,acute,angled,apart,apex,base,branched,calyx,chartaceous,cm,cuneate,cylindrical,decurrent,deltate,dendritically,densely,diameter,eglandular,elliptic,entire,flower,forked,fruit,glabrous,gland,globose,hair,lanceolate,lobe,margin,mm,moderately,narrowly,obtuse,orange,ovate-elliptic,pedicel,peduncle,perfect,petiole,pore,puberulent,pubescent,purple,rachi,radiu,rarely,red,ripe,rugose,shrub,simple,slightly,smooth,sometimes,stellate,stigma,style,triangular,tube,unbranched,white,x,yellow	11-20,6-,abaxially,abruptly,absen,adaxially,aggregate,also,and/or,articulated,axe,ba,blade,cell,connivent,dense,directed,distall,eaf,eed,except,glandula,glandular,like,long,lower,many-foliat,midrib,narrowed,near,nearly,nflorescence,nther,often,orolla,ruit,shoot,short-stalked,spaced,sparsely,ste,stone,tal,tem,time,tip,truncat,unit,usually,vary,wide,ympodial	anther,articulation,axi,branching,colour,corolla,direction,distally,form,growth,height,inflorescence,leaf,length,number,ovary,placement,plant,seed,shape,size,spacing,stem,texture,truncate,type	-,-10,-10-15,0.5,1-3,1-4.5,1-5,1.5-2,1.5-7.5,10-25,10-35,2-3,3-4,3.5-18,3.5-6.5,4-10-15,4-5,5-6,5-8,7-9,8-17,acuminate,acute,angled,apart,base,branched,chartaceous,cm,cuneate,cylindrical,decurrent,deltate,dendritically,densely,eglandular,elliptic,entire,forked,glabrous,globose,hair,lanceolate,mm,moderately,narrowly,obtuse,orange,ovate-elliptic,perfect,puberulent,pubescent,purple,rarely,red,ripe,rugose,shrub,simple,slightly,smooth,sometimes,stellate,triangular,unbranched,white,x,yellow	distally,truncate
293	wfo-0001029215	success	49	46	27	27	22	19	24	3	0.3-0.5,0.5-0.7,0.5-2.5,1,2.3-2.9,brown,calyx,cell,cm,diameter,elongating,hair-like,herb,lateral,lobe,markedly,mm,obovate,outgrowth,pubescent,shrub,small,smelling,strong,testa,wall,woody	-1.8-2.3,.2,appearance,border,coarse,eed,entire,fide,fruit,give,long,narrowly,round,silky,spreadin,surface,tall,thick,weigend,wide,winged,xyledecor	0.2,1.8-2.3,colour,elongation,form,growth,hair,height,leaf,length,odour,plant,seed,shape,spreading,texture,thicknes,type,width	0.3-0.5,0.5-0.7,0.5-2.5,1,2.3-2.9,brown,cell,cm,elongating,hair-like,herb,lateral,markedly,mm,obovate,outgrowth,pubescent,shrub,small,smelling,strong,testa,wall,woody	0.2,1.8-2.3,spreading
294	wfo-0001029216	success	240	127	75	101	139	26	70	5	0.2-0.25,0.2-0.3,0.3-0.5,0.4-0.5,0.5-0.8,0.5-2,0.6-0.8,0.6-1,0.8-2.5,1-1.2,1-3,1.2-6,1.5-2.3,1.5-3,10,10-14,2,2-4.5,2-locular,2.5-3.3,3,3-5,3-foliate,absent,annual,anther,apical,appendage,articulation,base,basiscopically,biennial,branch,bright,brown,calyx,capitate,cm,column,conical,corolla,crenate,decurrent,deep,dentate,diameter,distal,elliptic,fruit,fruiting,glandular,globose,hair-like,herb,imparipinnate,inflorescence,interrupted,lateral,leaflet,length,less,lobe,long,margin,minutely,mm,multicellular,oblique,obovate,orange,outgrowth,ovary,ovate,pale,pedicel,peduncle,pentagonal,perennial,petiole,primary,pseudostipule,pubescent,rarely,red,shape,simple,sparsely,staminal,stem,sterile,stigma,style,terminal,trichome,unicellular,uniseriate,unit,usually,villous,wide,yellow	+,-5,.5,.8-1,0.1-0.3,0.1-0.5,0.1-0.6,0.1-0.8,0.2-0.3-0.5,0.2-0.4,0.2-0.8,0.3-0.4,0.3-2,0.4,0.5,0.5-1.5,1-2,1-4,1-6,1.5-2.5-10,1/,10-20-35,3-4,3-7,3-7-10,4,5,5-15-flower,6-10,<,absen,accrescent,acroscopically,acute,adpressed,allogamous,always,and/or,angeld,anthesi,apex,appearance,articulated,attenuate,axi,basal,becoming,cell,cente,composed,cone,cordate,cultivar,deeply,eaf,edicel,eed,entire,erect,exserted,extending,facultatively,fasciated,filament,fruited,giving,glabrescent,gland-tipped,gree,green,half,halfway,included,initially,interjected,internode,lanceolate,large,larger,later,like,linear,lobulate,lon,longer,lower,mainly,maturity,minute,mixture,multilocular,narrowly,near,nflorescence,numerous,often,one,pair,particularly,petiolule,plant,population,present,procumbent,reflexe,ruit,scen,secondary,sessile,shaggy,shaped,short,silky,sometimes,somewhat,sparse,spreading,straight,strong,strongly,surface,tangled,tem,tertiary,testa,thick,thickening,tip,total,toward,truncate,tube,ud,variety,varying,viny,wall,winged,ympodial	0.8-1,1.5-2.5,1/3,10-35,3-10,arrangement,branching,bud,colour,form,growth,history,leaf,life,locule,number,position,pubescence,seed,size,structure,sympodial,texture,thicknes,type,width	0.2-0.25,0.2-0.3,0.3-0.5,0.4-0.5,0.5-0.8,0.5-2,0.6-0.8,0.6-1,0.8-2.5,1-1.2,1-3,1.2-6,1.5-2.3,1.5-3,10,10-14,2,2-4.5,2-locular,2.5-3.3,3,3-5,3-foliate,absent,annual,basiscopically,biennial,branch,bright,brown,capitate,cm,conical,crenate,decurrent,deep,dentate,diameter,distal,elliptic,glandular,globose,hair-like,herb,imparipinnate,interrupted,less,long,minutely,mm,multicellular,oblique,obovate,orange,outgrowth,ovate,pale,pentagonal,perennial,pubescent,rarely,red,simple,sparsely,unicellular,uniseriate,usually,villous,wide,yellow	0.8-1,1.5-2.5,1/3,10-35,3-10
295	wfo-0001029226	success	206	126	89	107	99	19	87	2	-7,-9,.5,0.5-5,1-1.5,1-2,1-3,1-celled,10-40+,2-6,2-9,3-3.5,30,4,5-7,7-11,>,anther,anthesi,apart,apex,articulated,base,berry,branched,bright,calyx,capitate,cell,cm,congested,cordate,corolla,decurrent,densely,diameter,ellipsoid,entire,exserted,filament,flattened,flower,fruiting,glabrous,gland,glandular,globose,growth,herbaceous,irregularly,lateral,lavender,leaf,lengthening,like,lobed,long,lyrate,many,margin,minute,minutely,mm,open,pale,pedicel,peduncle,per,petiole,pinnatifid,pitted,pore,poricidal,pubescent,red,reniform,scar,seed,shrub,simple,sleeve,slit,small,spaced,sparsely,stellate,stem,stigma,strongly,style,surface,tan,terminal,time,tip,translucent,trichome,tube,uniformly,uniseriate,vine,way,weak,white,wide,yellowish,Â¾	.75,0-1,0.5,2,2-3,2.5-10,3-6,4-6,5-merou,8-13,acuminate,acute,ag,alyx,apparently,ark,ba,basal,black,blue,breaking,completely,conical,connivent,dark,deltate,distall,divided,dry,eaf,eed,elongate,enation,flexuous,free,glabrescent,green,hairy,ilament,juice,lobe,longer,loosely,lower,material,mature,membranous,mere,new,nflorescence,occasionally,often,older,one,orolla,overtopping,pair,papillat,papillate,papillo,perfect,pinnate,plurifoliat,portion,primary,reflexed,remainin,rim,ripe,ruit,sagittate,scarlet,shiny,short-glandular,shorter,slender,sometimes,spot,sprawling,spreadin,spreading,staining,tangled,tem,testal,thin,third,truncate,twinin,ud,unit,usually,vary,vein,wall,widest,winged,woody,ympodial	age,articulation,branching,bud,colour,distally,exsertion,form,fruit,inflorescence,length,number,ovary,position,pubescence,shape,symmetry,type,width	-7,-9,.5,0.5-5,1-1.5,1-2,1-3,1-celled,10-40+,2-6,2-9,3-3.5,30,4,5-7,7-11,>,anthesi,apart,apex,articulated,base,branched,bright,calyx,capitate,cm,congested,cordate,decurrent,densely,diameter,ellipsoid,entire,exserted,flattened,glabrous,glandular,globose,herbaceous,irregularly,lateral,lavender,lengthening,like,lobed,long,lyrate,many,minute,minutely,mm,open,pale,petiole,pinnatifid,pitted,pore,poricidal,pubescent,red,reniform,shrub,simple,sleeve,slit,small,spaced,sparsely,stellate,stem,strongly,tan,terminal,time,tip,translucent,tube,uniformly,uniseriate,vine,way,weak,white,wide,yellowish,Â¾	age,distally
296	wfo-0001029236	success	159	101	60	79	80	22	59	1	0.2-0.7,0.45-0.5,0.5-1.5,0.9-2.3,1-1.5,1-2,1/2,3,6-9,abaxially,absent,anther,anthesi,apex,apically,bark,base,berry,branching,cm,coriaceous,corolla,deflexed,dendritic,densely,diameter,dichasial,elliptic,filament,flattened,fleshy,fruit,fruiting,glabrous,globose,grey-brown,growth,leaf,lenticular,lobed,margin,middle,mm,narrowly,near,nodding,obscurely,occasionally,ovary,pale,pedicel,per,petiole,pointed,pore,poricidal,prominent,pubescent,purplish,purplish-black,reddish-brown,revolute,scar,scattered,shrub,sleeve,slightly,stem,stigma,strongly,style,terminal,tip,trichome,tube,violet,way,winged,x	.5,0.2-1,0.5,1.4-1.7,2-4,2-5,adaxial,age,apical,apparently,appearing,axi,ba,basal,becoming,bi-lobe,branch,branchlet,broadly,calyx,compact,completely,conical,cupulate,decurrent,deltate,eaf,edicel,eed,erect,ew,except,exserted,flower,free,inserted,later,lateral,less,lobe,long,lower,m.,many,midvein,minutely,nflorescence,obscure,older,overtopping,packe,pericarp,persistent,pitted,plurifoliate,portion,ruit,secondary,shiny,shoot,short,simple,slit-like,sparsely,stamen,surface,tall,tapering,thin,time,trongly,tub,ud,unit,usually,venation,wide,woody,ympodial,young	bi-lobed,bud,colour,deflexion,form,height,inflorescence,insertion,length,new,number,plant,position,prominence,pubescence,seed,shape,size,texture,type,width,winging	0.2-0.7,0.45-0.5,0.5-1.5,0.9-2.3,1-1.5,1-2,1/2,3,6-9,abaxially,absent,anthesi,apex,apically,base,berry,cm,coriaceous,deflexed,dendritic,densely,diameter,dichasial,elliptic,flattened,fleshy,glabrous,globose,grey-brown,lenticular,lobed,middle,mm,narrowly,near,nodding,obscurely,occasionally,pale,pointed,poricidal,prominent,pubescent,purplish,purplish-black,reddish-brown,revolute,scattered,shrub,sleeve,slightly,strongly,terminal,tip,trichome,violet,way,winged,x	bi-lobed
297	wfo-0001029246	success	207	87	57	69	138	18	57	0	/5,0.1-0.4-1.5,0.7-2,0.8-1.1,1/3,3-5,3.5-5,5-20,abaxial,abaxially,acuminate,adaxial,anther,base,berry,c.,calyx,chartaceous,cm,connivent,cuneate,dull,elliptic,elongating,entire,equal,flattened,flattened-reniform,flower,fruit,fruiting,glabrescent,lateral,leaf,length,lobed,margin,mature,maturity,mauve,midvein,mm,moderately,narrow-deltate,orange-brown,orange-red,pale,per,petiole,poricidal,prickle,purple,shrub,simple,sometimes,sparsely,spherical,stellate-pubescent,straight,style,surface,tapering,tip,unbranched,upper,way,white,yellow,yellow-orange	-4,0-1,0-15,0-5,0.1-0.3,0.15-0.3,0.2-1.5,0.3-0.5,0.3-0.8,0.5,0.5-1.5,0.7-1.3,0.7-1.5,0.8-3,0.9-1.3,1-1.5,1-1.8,1-10,1-3,1-4,1-5,1-8,1.2-2,1.5-2.3,1.5-2.5,1.5-6,1.7-6,1.8-3,1/10-1/5,2,2-3,2-3.5,2-5,2.5-3.2,2.8-4,2/3,2/3-3/,3-20,4-6,5-6-8,5-merous,6-10,6-8,7-12,8-16,acuminat,acute,almost,alyx,apar,apart,apex,apically,apparently,articulated,bark,blade,broad-deltate,concolorous,curved,deltate,densely,diameter,discolorous,distance,drying,eaf,eed,erect,extending,eye,filament,free,glabrous,infructescence,less,lobe,lon,long,longer,lower,midpoint,naked,narrow-ovate,nflorescence,oblong,obtuse,older,one,open,orange-brow,orolla,oung,pair,pedicel,peduncle,pendulous,perfec,pericarp,plurifoliat,porrect,portion,prickl,prickly,primary,procumbent,pubescent,ray,recurved,rounded,ruit,scar,sessile,side,smooth,spaced,spreading,stellate,stem,stout,strongly,tamen,terete,tertiary,time,trichome,tube,unarmed,unit,usually,vary,vein,venation,visible,wide,woody,ympodial,Â¼	branching,colour,corolla,form,growth,height,heteromorphism,inflorescence,number,orientation,ovary,plant,position,seed,shape,staman,texture,type	/5,0.1-0.4-1.5,0.7-2,0.8-1.1,1/3,3-5,3.5-5,5-20,abaxially,acuminate,base,berry,c.,chartaceous,cm,connivent,cuneate,dull,elliptic,elongating,entire,equal,flattened,flattened-reniform,fruit,glabrescent,lateral,length,lobed,mature,maturity,mauve,midvein,mm,moderately,narrow-deltate,orange-brown,orange-red,pale,per,poricidal,purple,shrub,simple,sometimes,sparsely,spherical,stellate-pubescent,straight,tapering,tip,unbranched,upper,way,white,yellow,yellow-orange	
298	wfo-0001029286	success	224	130	78	102	122	28	73	5	0-0.5,0.4-1.2,0.8,1-1.5,1.5-2,1.5-4,2-3,2.5-3,4-5,4-6,4.5-7,5-6,6-9,7-10,abaxial,abaxially,acute,adaxially,almost,anther,apex,apiculate,apparently,articulation,attenuate,bark,base,branched,branching,broadly,brown,capitate,chartaceous,clustered,cm,conical,corolla,dendritic,diameter,domatia,entire,faint,filament,flat,flower,formed,glabrescent,glabrous,green,grey,hair,inside,isolated,leaf,length,liana,light,lilac,lobed,margin,mauve,membranous,midvein,minutely,mm,obconical,oblong,obovate,outside,pair,pedicel,peduncle,petiole,pore,poricidal,primary,prominent,raised,scar,simple,smooth,sometimes,sparsely,stem,stigma,stump,style,surface,terminal,tertiary,time,tip,translucent,trichome,tube,tuft,unarmed,unit,vein,venation,widely,x	.4,.5,0.1,0.15-0.4,0.6-1.2,0Â°,1-2,1.5-8,1/8,15-50,3-4,4.5,5,6-8,abscising,age,along,altered,alyx,another,anthesi,apar,apart,apically,apice,arising,around,articulated,axil,becoming,branch,canaliculate,clearly,closer,concave,concolorous,crenulate,curved,cuspidate,delineated,deltoid,density,dilated,distributed,drying,eaf,eed,equal,except,extending,fertilization,flexuous,forming,free,fresh,globo,increasing,inflorescenc,junction,know,known,lamina,lengthening,less,lobe,long,lower,m.,main,margi,mas,meeting,middle,much,multicellular,narrowly,nflorescence,nther,occasional,often,one,orolla,ovate,papillo,perfec,plurifoliat,portion,protruding,rachi,rarely,regular,rounded,ruit,separated,shallowly,side,slender,smaller,somewhat,soon,specimen,spreading,stretchy,tangled,tearing,terete,textur,thick,thickened,thinner,tissue,together,toward,translucent-violet,ud,uneven,vary,visible,wide,yellowish,ympodial,young	arrangement,bud,calyx,colour,form,fruit,globose,growth,habit,inflorescence,na,number,ovary,papillose,pattern,perfect,plant,plurifoliate,position,prominence,protrusion,seed,shape,spacing,structure,sympodial,texture,type	0-0.5,0.4-1.2,0.8,1-1.5,1.5-2,1.5-4,2-3,2.5-3,4-5,4-6,4.5-7,5-6,6-9,7-10,abaxially,acute,adaxially,almost,anther,apiculate,apparently,attenuate,base,branched,broadly,brown,capitate,chartaceous,clustered,cm,conical,dendritic,entire,faint,flat,formed,glabrescent,glabrous,green,grey,hair,inside,isolated,liana,light,lilac,lobed,mauve,membranous,minutely,mm,obconical,oblong,obovate,outside,pair,poricidal,prominent,raised,simple,smooth,sometimes,sparsely,stump,terminal,time,tip,translucent,trichome,tuft,unarmed,widely,x	globose,na,papillose,perfect,plurifoliate
299	wfo-0001029310	success	214	84	53	63	151	21	52	1	0.2-0.8,00,1.2-1.5,2-3.5,20-60,4-10,5-10,5-6,accrescent,acute,anther,apex,base,berry,branched,brown,calyx,cm,conical,connivent,cordate,dark,dull,elliptic,enclosing,equal,flattened-reniform,flower,fruit,fruiting,hair,herb,lateral,leaf,length,lobed,margin,mature,mauve,membranous,minute,mm,orange-green,ornately,per,perpendicular,petiole,pinnatifid,poricidal,prickle,shrub,simple,spherical,stellate,stem,straight,strongly,style,tapering,tip,toward,truncate,yellow	.1,.5,.6,/4,/6,0-20,0-5,0.1-0.2,0.2-0.3,0.5,0.5-3,0.6-1.1,1,1-1.5,1-2,1-4,1.8-3,1/,10,10-13-16,10-15,10-20,15-20-25,2-4,2.5-6,2/3-3/4,20-40,200-500,3-4,3-5,3.5,4-8,45-60,5,5-12,5-20,5-30,5-7,5-8,5-merous,6-8,7-12,7-13,8,abaxially,alyx,ame,andromonoecious,apar,apart,apically,apparently,articulated,bark,beyond,blade,c.,concolorous,deltate,diameter,difoliate,distal,distance,drying,eaf,eed,elongating,erect,extending,filament,filifor,free,geminat,gently,glabrescent,glabrous,gray,hermaphrodite,heterostylous,inflated,infructescence,lobe,lobing,lon,long,long-styled,longer,lower,lowermost,maturity,midpoint,midvein,moderately,narrow-deltate,nflorescence,older,one,open,orolla,oung,pair,pedicel,peduncle,pendent,pendulous,pericarp,plant,porrect,portion,prickl,prickly,primary,ray,recurved,red-brow,retrorse,ruit,scar,secondary,sessile,short-styled,shorter,side,smooth,sometimes,spaced,sparsely,spreading,stalk,stalked,staminat,stellate-pubescent,stout,surface,tamen,terete,tertiary,time,tissue,trichome,tube,unit,variously,vary,vein,venation,visible,way,wide,woody,ympodial	arrangement,branching,colour,corolla,form,growth,heteromorphism,inflorescence,na,number,orientation,ovary,placement,pore,position,seed,shape,staman,texture,type,width	0.2-0.8,00,1.2-1.5,2-3.5,20-60,4-10,5-10,5-6,accrescent,acute,apex,base,berry,branched,brown,cm,conical,connivent,cordate,dark,dull,elliptic,enclosing,equal,flattened-reniform,hair,herb,lateral,lobed,mature,mauve,membranous,minute,mm,orange-green,ornately,per,perpendicular,pinnatifid,poricidal,shrub,simple,spherical,stellate,stem,straight,strongly,tapering,tip,toward,truncate,yellow	na
300	wfo-0001029317	success	151	74	42	56	95	18	39	3	0.25,0.5,0.5-0.75,1-1.5,1.5-3.5,2-3,6.5-11,7-8,8-9,acuminate,anther,anthesi,apex,attenuate,base,broadly,calyx,cm,corolla,cup-like,deflexed,deltoid,densely,filament,glabrous,inflorescence,leaf,lobe,lobed,long,minor,minutely,mm,narrowly,nearly,opposite,ovary,ovate,papillose,pedicel,petiole,pore,poricidal,pubescent,shaped,shrub,size,stigma,style,tear-drop,tip,trichome,tube,uniseriate,white,x	.5,0.5-1,0.8-1,1,10-16,10-30-flowered,11-14,2.5-5,6-8,along,apar,area,barely,beneath,brow,bud,ca,channeled,closely,deciduou,denser,dia,differing,difoliate,dry,eaf,edicel,eed,ellipsoi,epidermi,erect,exserted,extreme,free,frui,fruiting,geminate,glabrate,globose,grayish,immature,known,lateral,like,lon,lower,main,major,margin,middle,nflorescence,occasionally,often,older,one,otherwise,overlapping,ovoid,pair,paler,portion,probably,prominent,proximal,rachi,raised,reflexed,remaining,rest,rounded,ruit,scar,simple,slender,slightly,soft,soon,spaced,sparsely,specimen,stem,straight,styl,tall,tapering,thickened,tuft,ud,unit,vein,visible,widest,yellowish,ympodial,young	10-30,5,colour,flower,form,fruit,growth,hair,height,length,na,number,plant,position,seed,shape,texture,type	0.25,0.5,0.5-0.75,1-1.5,1.5-3.5,2-3,6.5-11,7-8,8-9,acuminate,attenuate,base,broadly,cm,cup-like,deflexed,deltoid,densely,glabrous,leaf,lobed,long,minutely,mm,narrowly,nearly,opposite,ovate,papillose,poricidal,pubescent,shaped,shrub,tear-drop,tip,trichome,uniseriate,white,x	10-30,5,na
301	wfo-0001029332	success	196	73	39	51	145	22	36	3	1-1.5,1-3,1.5-2,1/3,4-10,8.5-9.5,abaxial,adaxial,anther,apex,base,berry,calyx,chartaceous,cm,connivent,cordate,curved,densely,elongating,flattened-reniform,flower,fruit,fruiting,glabrescent,lateral,leaf,length,lobed,lower,margin,mauve,mm,orange-brown,ovate,pale,petiole,poricidal,prickle,rounded,shrub,simple,spherical,spreading,stellate,stellate-pubescent,surface,terminal,unbranched,weakly,yellow	.5,/3,0,0-0.5,0-100,0-2,0-20,0-4,0-5,0.1,0.1-0.2,0.15-0.2,0.15-0.25,0.5-1,0.8-1,1-2,1-4,1.3-1.5,1/2,1/4,1/4-1/3,10-30,2,2-2.5,2-4,2.5-3.5,2.8-3.7,2/,2/3-3/4,3-4,3-6,3.5-5,4-15,5-6,5-8,5-merous,6-8,abaxially,alyx,andromonoecious,apar,apart,apically,apparently,articulated,bark,becoming,blade,broad-deltate,concolorous,conical,diameter,difoliate,distal,distance,drying,eaf,eed,equal,erect,extending,filament,flattened,free,geminat,glabrous,gland,globular,grayi,herbaceous,hermaphrodite,heterostylous,infructescence,less,lobe,long,long-acuminat,long-styled,longer,lowermost,mature,maturity,midpoint,midvein,moderately,narrow-deltate,nflorescence,often,older,one,open,orolla,oung,pair,pedicel,peduncle,pendulous,per,pericarp,plant,porrect,portion,prickl,prickly,primary,pubescent,ray,reduced,ruit,scandent,scar,sessile,short-styled,shorter,side,slender,smooth,spaced,stalk,stalked,staminat,stem,style,subsessile,tamen,tapering,terete,tertiary,time,tip,trichome,tube,unit,upper,variously,vary,vein,venation,visible,way,wide,woody,yellow-green,yellow-orange,ympodial	50-100,branching,colour,corolla,form,growth,heteromorphism,inflorescence,number,orientation,placement,pore,position,seed,shape,staman,symmetry,texture,type,width,ye,zygomorphy	1-1.5,1-3,1.5-2,1/3,4-10,8.5-9.5,berry,chartaceous,cm,connivent,cordate,curved,densely,elongating,flattened-reniform,glabrescent,lateral,lobed,lower,mauve,mm,orange-brown,ovate,pale,poricidal,rounded,shrub,simple,spherical,spreading,stellate,stellate-pubescent,terminal,unbranched,weakly,yellow	50-100,ye,zygomorphy
302	wfo-0001029333	success	155	107	76	91	64	16	72	4	.25,.5,/4,0.5,0.7-1,1-1.2,1-1.5,1-15,1-2,1-3,1-7,1.5-2,1.5-2.5,1.5-3,10-15-flowered,17-26,2-2.5,3-7,3-7.5,5-6,8-15,abaxial,abaxially,acuminate,acute,adaxially,anther,apex,auriculate,base,broadly,calyx,clavate,cm,conical,corolla,dendritic,dendritic-pubescent,dia,elliptic-obovate,filament,flattened-reniform,flower,fruiting,glabrous,globose,green,incrassate,leaf,lobed,long,long-styled,margin,minor,minutely,mm,obovate,occasionally,opposite,orbicular,ovary,pale,paler,pedicel,petiole,pitted,pore,pubescent,reddish-brown,rounded,sessile,shape,shaped,shining,short-styled,shrub,size,small,somewhat,stigma,style,surface,tear-drop,time,tree,trichome,truncate,tube,type,way,wide	0.5-1,100,9-13,along,anisophyllou,anthesi,ba,bark,beige,beneath,berry,contracted,deflexed,densely,denser,differing,difoliate,dry,eaf,edicel,eed,erect,exserted,free,fresh,geminate,golden,heteromorphic,inflorescenc,lateral,like,lobe,lon,lower,main,major,nflorescence,older,overlappin,pair,papillo,planar,poricidal,portion,present,pubescence,rest,ruit,scar,simple,slender,spaced,sparsely,stem,strongly,tall,tip,triangular,ud,unit,vein,woody,ympodial,young	1,colour,diameter,form,fruit,growth,height,inflorescence,length,number,papillose,plant,position,seed,texture,width	.25,.5,/4,0.5,0.7-1,1-1.2,1-1.5,1-15,1-2,1-3,1-7,1.5-2,1.5-2.5,1.5-3,10-15-flowered,17-26,2-2.5,3-7,3-7.5,5-6,8-15,abaxial,acuminate,acute,apex,auriculate,base,broadly,clavate,cm,conical,dendritic,dendritic-pubescent,dia,elliptic-obovate,flattened-reniform,glabrous,globose,green,incrassate,leaf,lobed,long,long-styled,margin,minutely,mm,obovate,occasionally,opposite,orbicular,pale,paler,pitted,pubescent,reddish-brown,rounded,sessile,shaped,shining,short-styled,shrub,small,somewhat,surface,tear-drop,time,tree,trichome,truncate,way,wide	.7-1,1,di,papillose
303	wfo-0001029334	success	211	106	65	88	123	18	63	2	0-4,0.15-0.3,1,1-2,1-3,1.3-4.5,1.5-3.9,1.5-6,1.8-2.9,2-2.5,2.5-3,3-5,3.2-5.8,4-5.5,4-8.5,5-10,7.5-15.5,8-30,9-12,abaxially,absent,adaxially,almost,anther,blade,brownish,cell,chartaceous,clavate,cm,condition,corolla,densely,diameter,digestion,drying,enzyme,filament,flower,forked,fresh,fruit,glabrous,globose,green,greenish,hair,herb,homostylous,honeycomb-shaped,interjected,lanceolate,lateral,leaflet,long,membranous,mm,odd-pinnate,ovoid,pair,pedicel,peduncle,petiole,plant,pore,poricidal,puberulent,pubescent,pure,removed,ripe,seed,size,stellate,stem,stigma,style,terminal,testal,tinged,tip,tuber,violet,wall,white,whitish,wide,x	.2,1-10,1-6,2,2-4,2-5,2-8,3-7,3.3-6.5,5-merou,acumen,acute,ag,along,alyx,among,apart,apex,apparently,articulated,attenuate,axe,axillary,base,berry,borne,broadly,bud,capitat,ciliate,connivent,cordate,covering,cuneate,decreasing,decurrent,distal,dorsally,eaf,edge,eed,elliptic,end,erect,especially,exceeding,except,flat,folded,geminat,generally,glabrou,gradually,grassland,greatly,green-white,hair-like,half,lengthening,like,living,lobe,low-growin,lower,make,margin,middl,midrib,minutely,mucilaginous,narrowly,nflorescence,oblique,obtuse,often,orbicular,orolla,ovate,perfect,petiolulate,petiolule,plurifoliate,proximal,rarely,reduced,rounded,ruit,semi-rosette,sessile,seudostipule,shady,short,singly,situation,slightly,slit,spaced,specimen,stamen,ste,stolo,straight,subequal,subsessile,subtending,sunny,tall,tamen,tem,thick,throughout,toward,tri-,tube,typically,unit,unwinged,usually,vary,wet,woodland,yellow,ympodial	arrangement,branching,capitate,colour,form,growth,height,inflorescence,leaf,length,ovary,presence,present,pseudostipule,shape,staman,symmetry,texture	0-4,0.15-0.3,1,1-2,1-3,1.3-4.5,1.5-3.9,1.5-6,1.8-2.9,2-2.5,2.5-3,3-5,3.2-5.8,4-5.5,4-8.5,5-10,7.5-15.5,8-30,9-12,abaxially,absent,adaxially,almost,brownish,chartaceous,clavate,cm,condition,densely,digestion,drying,enzyme,forked,fresh,glabrous,globose,green,greenish,herb,homostylous,honeycomb-shaped,lanceolate,lateral,long,membranous,mm,odd-pinnate,ovoid,poricidal,puberulent,pubescent,pure,removed,ripe,stellate,tinged,tip,violet,wall,white,whitish,wide,x	capitate,present
304	wfo-0001029344	success	147	117	75	85	62	32	69	6	.5,0.4-1,0.5-1,1,1.5,1.5-4,10-20,10-35,2-3,2-4,3-10,4-6,5-15,absent,acute,anther,apex,base,brown,calyx,center,chartaceous,ciliate,cm,cordate,dehiscing,densely,diameter,dm,drying,edge,elliptic,elliptic-ovoid,entire,explosively,filament,fine,flower,fruit,glabrous,globose,hair,held,herb,immature,lobe,margin,membranaceous,mesocarp,mm,moderately,nearly,oblong,obtuse,parallel,pedicel,peduncle,per,petiole,pressure,pubescent,rachi,radiating,raised,ridge,rotate,rounded,running,semitransparent,shallow,slightly,sparsely,stigma,straight,style,surface,triangular,tube,two-celled,unbranched,watery,white,woody,x,yellow	0.5-1.5,0.5-3,1-2,1-3,1-5,1-6,1.5-3,2-3-celled,2-7,5-12,abaxially,abundant,adaxiall,adaxially,along,axe,berry,beyond,blade,connected,decurrent,denser,difoliate,eaf,eed,emarginat,equal,exserted,flat,frui,geminat,interpetalar,lacking,linear-lanceolate,long,lower,lying,maturing,maturit,nflorescence,notch,obvious,often,one-,orolla,placenta,pubescen,rhizomatous,ruit,short,sometimes,stamen,swollen,tal,tamen,tem,tissue,unit,vary,vein,wid,ympodial	abaxial,adaxial,alternate,arrangement,branching,colour,corolla,decurent,decurrence,emarginate,form,geminate,growth,height,inflorescence,leaf,length,maturity,number,ovary,plant,presence,present,pubescence,rhizome,seed,shape,staman,stem,texture,type,width	.5,0.4-1,0.5-1,1,1.5,1.5-4,10-20,10-35,2-3,2-4,3-10,4-6,5-15,absent,acute,apex,brown,center,chartaceous,ciliate,cm,cordate,dehiscing,densely,dm,drying,edge,elliptic,elliptic-ovoid,entire,explosively,fine,flower,fruit,glabrous,globose,held,herb,immature,margin,membranaceous,mm,moderately,nearly,oblong,obtuse,parallel,petiole,pressure,pubescent,radiating,raised,ridge,rotate,rounded,running,semitransparent,shallow,slightly,sparsely,straight,triangular,two-celled,unbranched,watery,white,woody,x,yellow	alternate,decurent,emarginate,geminate,maturity,present
305	wfo-0001029363	success	152	107	80	92	60	15	79	1	.25,.75,0.1-0.5,0.2-1.1,0.5,0.5-1,1,1-1.2,1.5-1.7,1.5-3.5,2-6,3-7,4-11,6-7,6-8,anther,anthesi,axil,bark,base,becoming,beneath,berry,bi-lobed,bud,calyx,capitate,cm,corolla,deep,deflexed,densely,dia,drying,elliptic,exsertion,filament,fruit,fruiting,glabrous,globose,green,greyish,immature,internodal,larger,later,lateral,leaf,long,main,maroon,minutely,mm,much,narrowly,occasionally,opposite,ovary,pale,paler,papillose,pedicel,petiole,pore,poricidal,pubescent,shiny,shrub,slender,slit-like,small,somewhat,sparsely,stem,stigma,style,surface,tapering,terminal,thickened,tip,tree,trichome,tube,tuft,uniseriate,upon,vein,white,white-papillose,young	/4,0-0.1,5-7-flowered,7-10,acuminate,acute,apex,ba,beginning,closely,coroll,cup-shaped,deltoid,eaf,edge,edicel,eed,erect,except,free,inflorescenc,known,lamina,lobe,lobed,lon,lower,margin,mature,meeting,middle,minute,near,nflorescence,obtuse,often,older,overlapping,pair,papillo,portion,prominent,reflexed,ruit,scar,simple,spaced,sparse,straight,tall,ud,unifoliat,unit,usually,way,wide,widest,woody,yellowish,ympodial	5-7,colour,diameter,flower,form,growth,height,inflorescence,length,number,plant,position,shape,texture,width	.25,.75,0.1-0.5,0.2-1.1,0.5,0.5-1,1,1-1.2,1.5-1.7,1.5-3.5,2-6,3-7,4-11,6-7,6-8,axil,base,becoming,beneath,berry,bi-lobed,calyx,capitate,cm,corolla,deep,deflexed,densely,dia,drying,elliptic,exsertion,glabrous,globose,green,greyish,immature,internodal,larger,later,lateral,leaf,long,main,maroon,minutely,mm,much,narrowly,occasionally,opposite,pale,paler,papillose,pore,poricidal,pubescent,shiny,shrub,slender,slit-like,small,somewhat,sparsely,stem,surface,tapering,terminal,thickened,tip,tree,trichome,tube,tuft,uniseriate,upon,vein,white,white-papillose	5-7
306	wfo-0001029364	success	151	114	73	87	64	27	69	4	0.2-0.5,1-2-6,1-3,1-4,1-5,1.5-2,2,2-6,4-9,5-11,5-9,7-9,8-10,?,acuminate,anther,apart,apex,base,blue,calyx,center,chartaceous,cm,corolla,cream,cuneate,cylindrical,deep,diameter,directed,distally,elliptic,entire,extra-axillary,fide,filament,finger,fruit,glabrous,gland-tipped,globose,green,greenish,hair,herb,immature,lobe,margin,membranaceous,minutely,mm,narrowly,nearly,obtuse,pedicel,peduncle,petiole,pore,presence,puberulent,pubescent,rachi,radiu,ripe,rusby,sagittate,shallow,shrub,side,simple,small,sparsely,spot,stellate,stigma,strongly,style,tapered,thecae,triangular,unbranched,unknown,vein,white,x,yellow	-2,-3,-6,.5,1,191.,2-4-12,2-foliat,3-4,5-10-27,6-8,8-15,abaxially,according,acute,adaxially,aggregate,around,articulated,axe,ba,bitter,blade,cell,color,connivent,curled,darker,distall,eaf,ed,flower,free,glandular-puberulen,inserted,long,lower,major,mesocarp,moderately,nflorescence,orolla,ovate,part,perfect,present,puberulen,ruit,short-tomentose,shorter,spaced,stone,tal,tamen,tem,tightly,time,tomento,truncat,tube,unit,vary,wide,ympodial	1-2,10-27,4-12,abaxial,adaxial,articulation,branching,colour,form,growth,height,inflorescence,insertion,leaf,length,ovary,plant,position,seed,shape,size,spacing,staman,stem,texture,truncate,type	0.2-0.5,1-2-6,1-3,1-4,1-5,1.5-2,2,2-6,4-9,5-11,5-9,7-9,8-10,?,acuminate,apart,base,blue,center,chartaceous,cm,corolla,cream,cuneate,cylindrical,deep,directed,distally,elliptic,entire,extra-axillary,fide,finger,glabrous,gland-tipped,globose,green,greenish,hair,herb,immature,lobe,membranaceous,minutely,mm,narrowly,nearly,obtuse,puberulent,pubescent,ripe,rusby,sagittate,shallow,shrub,side,simple,small,sparsely,spot,stellate,strongly,tapered,triangular,unbranched,unknown,white,x,yellow	1-2,10-27,4-12,truncate
307	wfo-0001029368	success	139	76	46	60	79	16	44	2	.2,.5,0.5-2,0.9-1,1.5-1.6,1.5-3,1.5-4,11-13,16-25,2-5,2.5-4,5-6,acuminate,acute,anther,apex,base,berry,broadly,calyx,capitate,closely,cm,corolla,crumpled,densely,dia,elliptic,filament,fruit,fruiting,glabrous,globose,green,herb,inflorescence,known,lateral,leaf,long,main,minutely,mm,obtuse,ovary,papillose,parallel,pedicel,petiole,pore,puberulent,shaped,shrub,simple,stigma,style,tear-drop,vein,white,x	.25,0,1.5-2,?,abaxially,adaxially,along,anthesi,apparently,bark,bearing,bitter,borne,breaking,brow,coarse,conical,cup,deflexed,distal,eaf,edicel,eed,erect,exserted,few-branched,fide,flattened,flower,free,golden,half,indistinct,inflorescenc,internodal,lamina,lanceolate,leaving,like,lobe,lower,margi,margin,middle,midrib,minute,nflorescence,non-flower,older,one,opposite,overlappin,pair,papillo,poricidal,portion,reflexed,rest,ruit,scar,somewhat,spaced,stem,straight,strongly,tall,tip,trichome,tube,ud,unifoliat,uniseriate,unit,upper,widest,winged,woody,ympodial,young	abaxial,adaxial,branching,bud,diameter,form,growth,height,length,plant,presence,seed,shape,texture,venation,width	.2,.5,0.5-2,0.9-1,1.5-3,1.5-4,11-13,16-25,2-5,2.5-4,5-6,acuminate,acute,apex,berry,broadly,capitate,closely,cm,crumpled,densely,dia,elliptic,glabrous,globose,green,herb,known,lateral,long,main,minutely,mm,obtuse,papillose,parallel,puberulent,shaped,shrub,simple,tear-drop,vein,white,x	.5-1.6,di
308	wfo-0001029370	success	223	114	82	95	128	19	81	1	0-35,0.5-2.2,1-3,1.5-6,1.8-2.5,1.8-2.8,1/4-1/3,10-50,15-30,2.5-3.5,3-4,3.5-4,3.5-8,5-12,5.5-7,6-15-32,7-13,8-23,abaxial,abaxially,adaxial,almost,anther,apex,articulated,basal,base,berry,branched,calyx,chartaceous,cm,conical,connivent,cordate,curved,densely,diameter,discolorous,drying,elongating,equal,erect,flattened,flattened-reniform,flower,fruit,fruiting,glabrescent,greenish,herb,leaf,length,lobe,lobed,long,long-styled,margin,maturity,mauve,mm,obtuse,orange,orange-brown,ovate,overlapping,pale,pedicel,peduncle,per,perpendicular,petiole,poricidal,prickle,red-brown,rotate,rounded,short-styled,shrub,side,simple,slightly,sometimes,spherical,stellate-pubescent,stem,straight,strongly,tapering,tip,way,white,whitish,wide,yellow	.1,.3,.5,/4,0-10,0-100,0-3,0.1,0.1-0.15,0.2,0.3,0.5-1,1,1-2,1-4,1/3-1/2,10-17,10-17-20,10-40,12-17,2-10,2-20,2-3,2-6,3/,4-6,4-7,4-9,5-10,5-merous,7-11,8-14,8-20,acut,alyx,ame,andromonoecious,apar,apart,apically,apparently,bark,blade,broad-deltate,c.,clearly,cream,dark,distal,distance,eaf,eed,elongate,extending,fewer,filament,fine,free,fully,gently,glabrous,green,hermaphrodite,heterostylous,infructescence,lateral,longer,lower,lowermost,marking,mature,midpoint,midvein,mixture,moderately,multangulate,nflorescence,often,older,one,open,opening,ornate,orolla,oung,pair,pattern,pendulous,pericarp,plant,plurifoliat,porrect,portion,prickl,prickly,primary,ray,reticulate,ruit,scar,sessile,shiny,smooth,spaced,spreading,stalk,stalked,staminat,stout,style,surface,tamen,terete,tertiary,time,trichome,tube,unarmed,unit,variously,vary,vein,venation,visible,white-gra,woody,ympodial,young	50-100,articulation,branching,colour,corolla,form,growth,heteromorphism,inflorescence,number,orientation,position,seed,shape,size,staman,texture,type,width	0-35,0.5-2.2,1-3,1.5-6,1.8-2.5,1.8-2.8,1/4-1/3,10-50,15-30,2.5-3.5,3-4,3.5-4,3.5-8,5-12,5.5-7,6-15-32,7-13,8-23,abaxially,almost,articulated,basal,base,berry,branched,chartaceous,cm,conical,connivent,cordate,curved,densely,diameter,discolorous,drying,elongating,equal,erect,flattened,flattened-reniform,flower,glabrescent,greenish,herb,lobe,lobed,long,long-styled,maturity,mauve,mm,obtuse,orange,orange-brown,ovate,overlapping,pale,per,perpendicular,poricidal,red-brown,rotate,rounded,short-styled,shrub,side,simple,slightly,sometimes,spherical,stellate-pubescent,stem,straight,strongly,tapering,tip,way,white,whitish,wide,yellow	50-100
309	wfo-0001029373	success	199	103	59	73	126	30	43	16	3,5,6.8,abaxial,acute,adaxial,anther,apex,appressed,articulated,base,bayonet,berry,bud,calyx,clavate,cm,conical,corolla,densely,diameter,ellipsoid,enclosing,entire,filament,finger,flattened-reniform,fruit,fruiting,globose,green,growth,hair,herb,hilum,internodal,lateral,laterally,leaf,margin,middle,minute,minutely,mm,moderately,obtuse,ovary,ovate-lanceolate,pair,papillate,pedicel,peduncle,per,petiole,pitted,pore,poricidal,primary,pubescent,rounded,shallowly,shape,stellate,stem,stigma,style,surface,tip,trichome,tube,vein,white,yellowish	.0â1.2,.2,.3,.5,.5â2.0,0.3â0.5,0.4â1.6,0.5â1.2,0.5â1.8,0.6â0.7,1.0â1.2,1.0â1.6,1.2â1.5,1.3â2.2,1.4â3.5,1.5â2.0,1.5â2.5,1.5â2.7,1.8â2.0,1.8â2.3,180Â°,2-celled,2.0â2.5,2.7â3.0,20â30,2â4-celled,3.5â4.0,30â40,3â5,4â5,4â6,5-merous,5â6,8â9,abaxially,accrescent,acuminate,adaxially,age,anthesi,apar,appearanc,arising,bark,basal,beyond,broadly,capped,cell,cone,curved,deltate,developing,distal,eaf,eed,elongate,enclosed,exerted,flower,free,fully,geminat,glabrous,glandular-tipped,grey-brown,half,halfway,immature,individual,lengthening,less,like,live,lobe,lobed,lon,long,lower,mature,mesocarp,mouth,new,nflorescence,node,older,outline,pentagonal,perfect,plant,plurifoliate,portion,positioned,reflexed,resembling,root,ruit,scar,seen,seudostipule,short,simple,slightly,slit,smoot,spaced,spreading,still,straight,tall,tem,terete,testal,thicker-walled,trailing,tub,ud,uniseriate,unit,upper,wide,woody,yellow,yellow-green,ympodial,â5	0.3,0.4-1.6,0.5-1.2,0.6-0.7,1.0-1.2,1.0-1.6,1.2-1.5,1.4-3.5,1.5-2.5,1.5-2.7,2.5,2.7-3.0,30-40,4-6,5-6,8-9,articulation,branching,colour,form,glandular,inflorescence,length,number,position,pseudostipule,pubescence,seed,type,width	3,5,6.8,acute,appressed,articulated,base,bayonet,berry,clavate,cm,conical,densely,ellipsoid,enclosing,entire,finger,flattened-reniform,globose,green,hair,herb,internodal,lateral,laterally,middle,minute,minutely,mm,moderately,obtuse,ovate-lanceolate,pair,papillate,pitted,poricidal,pubescent,rounded,shallowly,stellate,tip,white,yellowish	0.3,0.4-1.6,0.5-1.2,0.6-0.7,1.0-1.2,1.0-1.6,1.2-1.5,1.4-3.5,1.5-2.5,1.5-2.7,2.5,2.7-3.0,30-40,4-6,5-6,8-9
310	wfo-0001029402	success	113	101	65	78	35	23	62	3	0.5-1,0.5-2,11-17,15-30,2,2-10,2-3,3-5,3-6,4-6,4-7,5-25,7-8,7-9,8-15,abaxial,abaxially,acuminate,acute,adaxially,apart,apex,articulated,band,base,branched,calyx,chartaceous,ciliolate,cm,connivent,cylindrical,deltate,diameter,directed,elliptic,flower,forked,free,glabrate,glabrous,hair,inrolled,lanceolate,lobe,margin,mm,moderately,narrowed,narrowly,often,papillose,pedicel,peduncle,petiole,pore,pubescence,pubescent,rachi,radiu,roughened,scale-like,shrub,simple,somewhat,sparsely,stellate,stigma,style,surface,tapered,thickened,tip,triangular,tube,unknown,violet,x	1-2.5,3-4,4-8,6-16,7-11,axe,blade,color,denser,distall,eaf,eed,fleshy,glabrou,leaving,long,lower,many-foliat,nearly,nflorescence,nther,orolla,rachise,ruit,scar,spaced,tal,tem,time,truncat,unit,unknow,vary,wide,ympodial	anther,articulation,branching,colour,corolla,direction,distally,form,fruit,growth,height,inflorescence,leaf,length,na,ovary,plant,seed,shape,spacing,stem,truncate,type	0.5-1,0.5-2,11-17,15-30,2,2-10,2-3,3-5,3-6,4-6,4-7,5-25,7-8,7-9,8-15,abaxially,acuminate,acute,adaxially,apart,apex,articulated,band,base,branched,chartaceous,ciliolate,cm,connivent,cylindrical,deltate,directed,elliptic,forked,free,glabrate,glabrous,hair,inrolled,lanceolate,mm,moderately,narrowed,narrowly,often,papillose,pubescence,pubescent,roughened,scale-like,shrub,simple,somewhat,sparsely,stellate,tapered,thickened,tip,triangular,unknown,violet,x	distally,na,truncate
311	wfo-0001029404	success	154	113	73	88	66	25	71	2	0.5-1,1-4,2,2-3,2-8,2.5-3,20-35,3-4,5-10,5-20,6-8,6-9,abaxially,acuminate,adaxially,anther,apex,apiculate,auriculate,base,branched,calyx,center,chartaceous,cm,connective,connivent,cordate,cream,cylindrical,dark,darker,deltate,densely,diameter,distally,ellipsoidal,entire,flattened,fruit,glabrous,green,hair,lanceolate,leaving,lemon,light,lobe,long,longitudinal,margin,mm,moderately,mottling,narrowly,obtuse,orange,ovate,ovoid,pedicel,pedicellar,peduncle,petiole,pink,pore,puberulent,pubescent,purple,rachi,radiu,remnant,shrub,simple,somewhat,star,stellate,stigma,style,subcoriaceous,toward,tree,triangular,unbranched,unit,vein,white,x,yellow	-1.5,-10,-3,-5,0-60-flower,1,1.5-2,15-25,2-4,2-5,2.5-22,3-5,3-8.5,4-foliat,5-24,5-6,6.5-34,8-12,absent,acute,aggregate,apart,ape,articulated,axe,basal,beyond,blade,cell,directed,eaf,eed,eglandular,exserted,fleshy,flower,glandular,glandular-puberulen,less,lon,lower,nflorescence,nther,orang,orolla,perfect,presen,ripe,ruit,shorter,slightly,small,spaced,sparsely,stone,tal,tem,thecae,time,tomento,truncat,tube,ud,vary,wide,ympodial	4-foliate,articulation,branching,bud,colour,corolla,direction,form,growth,height,inflorescence,leaf,length,ovary,plant,seed,shape,size,stem,structure,sympodial,texture,theca,truncate,type	0.5-1,1-4,2,2-3,2-8,2.5-3,20-35,3-4,5-10,5-20,6-8,6-9,abaxially,acuminate,adaxially,apiculate,auriculate,base,branched,center,chartaceous,cm,connivent,cordate,cream,cylindrical,dark,darker,deltate,densely,distally,ellipsoidal,entire,flattened,fruit,glabrous,green,lanceolate,leaving,lemon,light,long,longitudinal,mm,moderately,mottling,narrowly,obtuse,orange,ovate,ovoid,pedicellar,pink,puberulent,pubescent,purple,remnant,shrub,simple,somewhat,star,stellate,subcoriaceous,toward,tree,triangular,unbranched,vein,white,x,yellow	4-foliate,truncate
312	wfo-0001029406	success	136	75	46	63	73	12	46	0	0.3-1,0.5-1,0.6-1,0.7-1.5,1-1.5,1-10,1-2,1.5-2.2,1.5-2.5,1.5-5,2,2-11,2-3,2.5-3.5,28,3-9,30,4-18,4-6,abaxially,acute,adaxially,anther,apex,arachnoid,base,broadly,calyx,clavate,cm,conical,corolla,elliptic,filament,fruiting,glabrous,globose,green,greenish-white,leaf,lobed,minor,mm,nearly,ovary,ovoid,ovoid-reniform,pedicel,petiole,pore,pubescent,shaped,shiny,shrub,slightly,small,stigma,style,tear-drop,tree,trichome,tube,white	.5,7-12,along,anthesi,arachnoid-pubescent,ba,bark,berry,brown,brownish,bullate,conspicuously,dark,deciduous,deflexed,deltate,densely,dia,differing,difoliate,dry,eaf,eed,felt-like,free,geminat,grayish-brown,grayish-green,impressed,large,lateral,lenticel,lilac,lobe,lon,long,lower,main,major,margin,matted,maturity,middle,minutely,occasionally,often,older,pair,pale,papillo,papillose,pitted,planar,pointed,population,poricidal,portion,ruit,size,soon,stem,surface,tall,tinge,tip,unit,vein,waxy,wide,widest,woody,ympodial,young	colour,diameter,form,fruit,growth,height,length,plant,seed,shape,texture,width	0.3-1,0.5-1,0.6-1,0.7-1.5,1-1.5,1-10,1-2,1.5-2.2,1.5-2.5,1.5-5,2,2-11,2-3,2.5-3.5,28,3-9,30,4-18,4-6,acute,arachnoid,base,broadly,clavate,cm,conical,elliptic,glabrous,globose,green,greenish-white,lobed,mm,nearly,ovoid,ovoid-reniform,pubescent,shaped,shiny,shrub,slightly,small,tear-drop,tree,trichome,white	
313	wfo-0001029407	success	204	136	94	115	89	21	92	2	-6,.5,/3,0-15,0.1-0.25,0.4-0.7,0.4-1,0.5-0.7,0.5-1.5,0.5-2,0.6,0.6-0.9,0.7-1.2,1-1.4,1-3,1-4,1-4.5-7,1.5,1.8-2.5,1/5,2-4,2.5-3,3-4,4-15-25,4.5-6,5-7,6-20,abaxial,acute,adaxial,anther,apex,articulated,bark,base,berry,bright-red,calyx,chartaceous,cm,connivent,cuneate,curved,dark,densely,diameter,discolorous,drying,dull,elliptic,entire,erect,evenly,flattened,flattened-reniform,flower,fruit,fruiting,glabrescent,gray-greenish,green,lateral,leaf,length,lobed,long,margin,mature,maturity,mauve,midpoint,mm,moderately,obtuse,occasionally,orange,orange-brown,ovate,pair,pale,pedicel,peduncle,per,petiole,poricidal,porrect,prickle,primary,rarely,ray,rounded,sessile,shrub,simple,sometimes,sparsely,spherical,stalk,stalked,stellate,stellate-pubescent,stem,straw-yellow,strongly,style,tapering,tip,trichome,upper,vein,way,white,wide,yellow,young	-10,-2,0-2,0-4,0-5,0.1-0.2,0.15-0.4,0.2-0.3,1,1-2,1/3,1/3-1/2,1/8-1/5,2-3,2-5,3-6,3.5-4.5,4-9,5-merous,6-13,7-8,abaxially,acut,almost,alyx,apar,apart,apically,apparently,blade,brow,deltate,difoliate,eaf,eed,elongating,equal,filament,free,geminat,geminate,glabrous,green-brown,infructescence,lengt,lobe,longer,lower,nflorescence,older,one,open,orolla,oung,pendulous,perfec,pericarp,portion,prickl,prickly,pubescent,recurved,reflexed,ruit,scar,shorter,side,slender,smooth,spaced,spreading,stout,straight,surface,tamen,terete,tertiary,thick,time,tube,unbranched,unit,vary,venation,visible,weakly,woody,yellow-green,ympodial	articulation,brown,colour,corolla,form,growth,hair,height,inflorescence,number,ovary,plant,presence,present,seed,shape,size,staman,texture,type,width	-6,.5,/3,0-15,0.1-0.25,0.4-0.7,0.4-1,0.5-0.7,0.5-1.5,0.5-2,0.6,0.6-0.9,0.7-1.2,1-1.4,1-3,1-4,1-4.5-7,1.5,1.8-2.5,1/5,2-4,2.5-3,3-4,4-15-25,4.5-6,5-7,6-20,acute,articulated,base,berry,bright-red,chartaceous,cm,connivent,cuneate,curved,dark,densely,diameter,discolorous,drying,dull,elliptic,entire,erect,evenly,flattened,flattened-reniform,glabrescent,gray-greenish,green,lateral,leaf,lobed,long,mature,maturity,mauve,mm,moderately,obtuse,occasionally,orange,orange-brown,ovate,pair,pale,per,poricidal,porrect,rarely,rounded,sessile,shrub,simple,sometimes,sparsely,spherical,stalked,stellate,stellate-pubescent,straw-yellow,strongly,tapering,tip,upper,way,white,wide,yellow,young	brown,present
314	wfo-0001029408	success	243	140	97	117	126	23	94	3	0,0.2-0.3,0.5-2.5,0.7-1.2,1-8,2-12,2-5,2.2-3.7,2.5-7,3-5,4-20,5-24,5-6,5-6.5,7-12,acute,anther,apical-lateral,articulated,bark,base,becoming,blunt-tipped,branch,branched,broadly,brown,bud,chartaceous,clavate,cm,conical,continued,corolla,cuneate,dark,deltoid,dendritic-multangulate,diameter,due,echinoid,elliptic,entire,extend,fleshy,flower,fruit,globose,gray,green,growth,hair,honeycombed,introrse,lanate,large,lateral,leaf,length,lilac,long-,longitudinal,main,margin,midvein,mixed,mm,mostly,multangulate,oblong,ovate,pale,partly,pedicel,peduncle,petiole,plurifoliate,pore,porrect-stellate,pseudo-terminal,purplish,rachi,rarely,rather,reniform,reticulate-punctate,ripe,rotate-stellate,sessile,short-,short-attenuate,shrub,side,simple,slit,small,stem,stigma,style,suborbicular,terete,testa,thick-stalked,thick-textured,thin-stalked,time,tomentose,tree,unit,vein,velutinous,white,whitish,x,yellow,yellowish,young	-1.5,-10.5,.2-3.5-4.5,/10,0-100,0.3-5,0.9-1.3,0.9-1.6,1.1-1.5,1.4-1.9,1.5-3,1.6-2.8,1.7-2.4,1.8-3.5,1/2,1/2-3/4,1/4,11-31,2-3.5,2-4,2/3,3.5-5,4-14,4-7.5,5-8,5-merou,abaxially,accrescent,acuminate,adaxiall,adaxially,ag,alyx,anthesi,apart,apex,axe,axillary,ba,barely,berry,blade,calyx,capitat,decurrent,dehiscing,dendritic-echinoi,densely,develope,directed,distal,distall,eaf,echinoi,eed,exserted,faintly,few-rayed,filament,free,fruiting,glabrous,high,homostylous,indument,inserted,interpetalar,lacking,lanceolate,lobe,lobed,long,long-attenuate,long-stalked,lower,m.,many,moderately,near,nearly,nflorescence,obscured,obtuse,often,older,orbicular,orolla,ovate-lanceolate,overlapping,part,perfect,persistent,present,pubescent,ray,relatively,ribbed,ruit,runk,short-stalked,slightly,sometimes,spaced,stamen,stelliform,subcampanulate,subovate,suture,tamen,thick,tissue,tomentu,tomentum,top,touching,toward,tube,turbinate,unarme,unarmed,usually,vary,way,well,wide,ympodial	abaxial,adaxial,age,arrangement,articulation,branching,capitate,colour,dendritic-echinoid,form,height,inflorescence,ovary,plant,position,seed,shape,structure,sympodial,texture,thicknes,trunk,type	0,0.2-0.3,0.5-2.5,0.7-1.2,1-8,2-12,2-5,2.2-3.7,2.5-7,3-5,4-20,5-24,5-6,5-6.5,7-12,acute,apical-lateral,articulated,base,becoming,blunt-tipped,branched,broadly,brown,chartaceous,clavate,cm,conical,continued,cuneate,dark,deltoid,dendritic-multangulate,due,echinoid,elliptic,entire,extend,fleshy,globose,gray,green,growth,honeycombed,introrse,lanate,large,lateral,lilac,long-,longitudinal,midvein,mixed,mm,mostly,multangulate,oblong,ovate,pale,partly,plurifoliate,pore,porrect-stellate,pseudo-terminal,purplish,rarely,rather,reniform,reticulate-punctate,ripe,rotate-stellate,sessile,short-,short-attenuate,shrub,side,simple,slit,small,stem,suborbicular,terete,thick-stalked,thick-textured,thin-stalked,time,tomentose,tree,velutinous,white,whitish,x,yellow,yellowish	age,capitate,dendritic-echinoid
315	wfo-0001029417	success	213	149	104	126	87	23	101	3	.5,0-7,0.2-0.6,0.7-3,1-10,1-2,1-4,1-8,1.3-8,1.5-1.8,1.5-8,12,2.5-10,2.8-3.5,3-14,3-5,4-7,5-15,6-11,8-15,8-9,abaxially,adaxially,along,anther,apart,blade,blue,borne,brownish,cell,chartaceous,clavate,cm,coarsely,condition,corolla,dark,deep,diameter,digestion,distal,dorsally,dot,drying,edge,end,enzyme,erect,especially,filament,flat,flower,folded,forked,fresh,fruit,glabrous,globose,green,greenish,hair,half,herb,homostylous,honeycomb-shaped,interjected,lanceolate,lateral,leaflet,lengthening,like,lobe,long,lunate,medium,membranous,midrib,minute,minutely,mm,moderately,non-glandular,odd-pinnate,often,ovoid,pair,pedicel,peduncle,pentagonal,petiole,pilose,plant,pore,poricidal,puberulent,pubescent,purple,removed,ripe,rotate,scattered,seed,singly,size,slightly,slit,sometimes,stem,stigma,straight,style,terminal,testal,tinged,tip,trichome,tube,tuber,typically,violet,wall,white,whitish,wide,x	0.4-8,1,1-1.5,1.5-10,2-4,5-merou,acumen,acuminate,acute,ag,alyx,apex,apiculate,apparently,articulated,attenuate,axe,axillary,base,basiscopic,berry,broadly,bud,capitat,central,ciliate,connivent,covering,decreasing,decurrent,eaf,eed,erec,exceeding,geminat,generally,glabrou,greatly,green-white,hair-like,hal,linear,living,lower,make,margin,mucilaginous,narrowly,nflorescence,orbicular,orolla,ovate,perfect,petiolulate,plurifoliate,rapidly,rarely,rounded,ruit,sessile,seudostipule,short,short-petiolulate,side,spaced,specimen,stamen,star,ste,stolo,subequal,subtending,tall,tamen,tem,thick,throughout,tri-,unit,unwinged,usually,vary,wet,widely,wing,yellow,ympodial	age,arrangement,articulation,branching,calyx,capitate,colour,form,glabrousnes,growth,height,inflorescence,leaf,length,ovary,presence,pseudostipule,shape,spacing,staman,stolon,symmetry,texture	.5,0-7,0.2-0.6,0.7-3,1-10,1-2,1-4,1-8,1.3-8,1.5-1.8,1.5-8,12,2.5-10,2.8-3.5,3-14,3-5,4-7,5-15,6-11,8-15,8-9,abaxially,adaxially,along,apart,blue,borne,brownish,chartaceous,clavate,cm,coarsely,condition,dark,deep,digestion,distal,dorsally,dot,drying,end,enzyme,erect,especially,flat,folded,forked,fresh,glabrous,globose,green,greenish,hair,half,herb,homostylous,honeycomb-shaped,lanceolate,lateral,lengthening,like,long,lunate,medium,membranous,midrib,minute,minutely,mm,moderately,non-glandular,odd-pinnate,often,ovoid,pentagonal,pilose,pore,poricidal,puberulent,pubescent,purple,removed,ripe,rotate,scattered,singly,slightly,slit,sometimes,stem,straight,tinged,tip,trichome,typically,violet,wall,white,whitish,wide,x	age,capitate,stolon
316	wfo-0001029461	success	210	84	45	58	152	26	44	1	-1.5,0.6-1,4.5-7,almost,anther,attenuate,base,berry,black,breaking,brittle,broad-deltate,calyx,chartaceous,cm,cuneate,elliptic,evenly,flattened-reniform,flower,fruit,fruiting,glabrous,green,leaf,length,long,margin,mature,maturity,mauve,mm,moderately,oblong,ovate,petiole,poricidal,porrect,prickle,reflexed,sessile,shiny,shrub,simple,sparsely,spherical,stalked,staman,stellate-pubescent,stem,tip,trichome,unarmed,unequal,weakly,yellow,young,zygomorphic	-3,-4.5,.5,0-2,0-4,0.1,0.1-0.25,0.15-0.25,0.7-1,0.8,0.8-1.5,1-1.5-2,1-1.6,1-2,1-3,1-3-6,1-4,1-6,1.2-1.7,1.2-1.8,1.3-2.2-3.2,1.5-2-4-5,1/3,1/3-2/3,1/4-1/2,1/4-3/4,2-2.4,2-2.8,2-3,2.5-3,3-20,4-10-14,4-6.5,4-7,4.7-7.2,5-10,5-25,5-merous,7-10,7-12,8-9,abaxially,acuminat,alyx,ame,andromonoecious,apart,apex,apically,bark,becoming,blade,brown,c.,cell,concolorous,curved,dark,densely,diameter,discolorous,distal,distance,drying,dull,eaf,eed,elongating,erect,extending,faint,fifth,filament,fine,flattened,four,free,glabrescent,gra,hermaphrodite,heterostylous,infructescence,lengt,lobe,lobed,long-styled,longer,lower,lowermost,midpoint,midvein,obovate,obtuse,older,orange,orolla,oung,outline,pair,pedicel,pendulous,per,pericarp,pit,plant,plurifoliat,portion,prickl,prickly,primary,raised,ray,reddish,reduced,rounded,ruit,shallow,short-styled,shorter,side,slender,slightly,small,smooth,sometimes,spaced,spreading,stalk,staminat,stellate,straight,strongly,style,subentire,surface,tamen,terete,tertiary,time,tube,unarme,unit,upper,variously,vary,vein,venation,visible,way,wide,woody,ympodial	abaxial,adaxial,appressed,bract,branching,colour,corolla,form,growth,hair,heteromorphism,inflated,inflorescence,marking,na,odour,orientation,placement,pore,position,seed,shape,spot,symmetry,texture,type	-1.5,0.6-1,4.5-7,almost,attenuate,berry,black,breaking,brittle,broad-deltate,chartaceous,cm,cuneate,elliptic,evenly,flattened-reniform,glabrous,green,long,maturity,mauve,mm,moderately,oblong,ovate,poricidal,porrect,reflexed,sessile,shiny,shrub,simple,sparsely,spherical,stalked,stellate-pubescent,stem,tip,unarmed,unequal,weakly,yellow,young,zygomorphic	na
317	wfo-0001029462	success	163	119	72	88	75	31	68	4	-4,-5,0.5-1,0.5-2,1-3,1-6,2-6.5,2.5-3.5,20-35,3,3-27,3-7,5-30,6-9,abaxially,abruptly,acuminate,acute,aggregate,apex,base,broad,calyx,campanulate,cell,chartaceous,cm,connective,connivent,constricted,cuneate,cylindrical,dark,densely,diameter,directed,ellipsoidal,elliptic,entire,flattened,fruit,glabrous,green,hair,lanceolate,laterally,light,lobe,longitudinal,margin,membranaceous,minutely,mm,moderately,near,obtuse,occasionally,oval,ovate,ovoid,pedicel,peduncle,petiole,pore,puberulent,pubescent-pilose,purplish,rachi,radiu,reticulate,rounded,simple,smooth,somewhat,sparsely,stigma,stone,stripe,style,tip,tree,triangular,truncate,unbranched,unit,white,x,yellow	-2,1,1-2,1-4-15-30,1.5,1.5-2,1.5-3,1.5-7,10-15-25,10-22,2-3,2.5-5.5,3-18,3-4,3-5,3-6,4-20-30,4-foliat,7-19,7-8,8-9,absent,adaxially,apart,ape,articulated,axe,basal,beyond,blade,ciliate,curled,dentate,eaf,eed,eglandular,equal,exceeding,exserted,flower,leaving,lon,long,lower,m.,narrowly,nflorescence,nther,often,orolla,pedicellar,perfect,pubescent,pubescent-pilo,purpl,remnant,ruit,shorter,slightly,small,spaced,stamen,stellate-,tal,tem,thecae,time,tomentose,truncat,tube,ud,vary,wide,without,ympodial	1-15,10-25,4-foliate,abaxial,adaxial,anther,articulation,branching,bud,colour,corolla,form,growth,height,inflorescence,leaf,length,ovary,plant,position,purple,seed,shape,size,spacing,stem,structure,sympodial,texture,theca,type	-4,-5,0.5-1,0.5-2,1-3,1-6,2-6.5,2.5-3.5,20-35,3,3-27,3-7,5-30,6-9,abaxially,abruptly,acuminate,acute,base,broad,campanulate,chartaceous,cm,connivent,constricted,cuneate,cylindrical,dark,densely,directed,ellipsoidal,elliptic,entire,flattened,glabrous,green,lanceolate,laterally,light,longitudinal,membranaceous,minutely,mm,moderately,near,obtuse,occasionally,oval,ovate,ovoid,puberulent,pubescent-pilose,purplish,reticulate,rounded,simple,smooth,somewhat,sparsely,stripe,tip,tree,triangular,truncate,unbranched,white,x,yellow	1-15,10-25,4-foliate,purple
318	wfo-0001029464	success	232	112	69	79	153	33	67	2	0.2-0.5,1-10,1/4-1/2,1/4-1/3,12-50,5.5-7.5,abaxial,acicular,adaxial,annual,anther,around,articulated,base,berry,black,branched,calyx,chartaceous,cm,connivent,cordate,cultivar,cup-shaped,curved,ellipsoid,elongating,equal,flattened-reniform,fruit,fruiting,glabrescent,glabrous,glaucous,globular,green,hair,herb,lateral,leaf,length,lobed,long,margin,maroon,mature,maturity,mauve,mm,moderately,mottled,oblong,obtuse,orange-brown,ovate,ovoid,pedicel,per,petiole,pink,plant,poricidal,prickle,purple,red-brown,simple,sometimes,stellate-pubescent,stem,striped,tapering,terminal,tip,usually,variously,way,white,yellow-green,young	.9,0-2,0-30,0-5,0-80,0.2,0.2-0.7,0.3-0.7,0.3-1,0.5,0.5-2,0.8-2,00-200,1,1-3,1-8,1.2-3,1.5-2,1/,1/4,1/4-1/3-2/3,10-15,10-23,10-40,10-50,2-3,2-3.5,2-4,2.2-2.5,2.4-4,2.5-5,2.5-8,2.9-3.2,3-20,3-5,3-7,3.5-5,4-7,4-8,4-8-merous,5-17,5-8,5.5-6,6-15,7-10,8-13,8-15,9-15,abaxially,acute,alyx,ame,andromonoecious,apar,apart,apex,apically,apparently,bark,blade,broad,broad-deltate,brow,brown,c.,dark,deltate,diameter,difoliate,discolorous,distal,distance,drying,eaf,eed,elongated,erect,extending,filament,flower,free,fully,geminat,green-brown,hermaphrodite,heterostylous,infructescence,less,lobe,long-acuminat,long-styled,longer,lower,lowermost,midpoint,midvein,minute,narrow-deltate,nflorescence,occasionally,often,older,one,open,opening,orolla,oung,pair,peduncle,pendent,pendulous,pericarp,porrect,portion,prickl,prickly,primary,ray,rounded,ruit,scar,sessile,short-styled,side,smooth,spaced,sparsely,spreading,stalk,stalked,staminat,stellate,straight,style,surface,tamen,terete,tertiary,time,translucent,trichome,tube,unarmed,unit,upper,vary,vein,venation,visible,wide,woody,yellow-orange,ympodial	100-200,appressed,articulation,bract,branching,colour,corolla,form,growth,height,heteromorphism,history,inflated,inflorescence,insertion,life,marking,modification,na,number,odour,orientation,placement,pore,position,scale,seed,shape,spot,staman,symmetry,texture,type	0.2-0.5,1-10,1/4-1/2,1/4-1/3,12-50,5.5-7.5,acicular,annual,around,articulated,base,berry,black,branched,chartaceous,cm,connivent,cordate,cultivar,cup-shaped,curved,ellipsoid,elongating,equal,flattened-reniform,fruit,glabrescent,glabrous,glaucous,globular,green,herb,lateral,length,lobed,long,maroon,mature,maturity,mauve,mm,moderately,mottled,oblong,obtuse,orange-brown,ovate,ovoid,per,pink,poricidal,purple,red-brown,simple,sometimes,stellate-pubescent,stem,striped,tapering,terminal,tip,usually,variously,way,white,yellow-green,young	100-200,na
319	wfo-0001029546	success	203	125	89	107	96	18	87	2	0-2,0.3-1,1-2,1-4.5,1.5-2,2-9,2.2-2.8,3.5-5,4-10,4.5-12.5,4.5-7,5,5-10,5-18,5-8,6.3-19.5,7-10,8-19.5,abaxially,adaxially,anther,base,blade,blue,brownish,cell,chartaceous,clavate,cm,condition,connivent,corolla,curved,decreasing,densely,diameter,digestion,dot,drying,enzyme,filament,flower,forked,frequently,fresh,fruit,glabrous,glandular,globose,greatly,green,greenish,hair,herb,homostylous,honeycomb-shaped,lanceolate,lateral,leaf,leaflet,lengthening,like,lobe,long,longer,lunate,membranous,mm,non-glandular,odd-pinnate,often,ovoid,pair,pentagonal,petiole,plant,pore,poricidal,pubescent,rarely,removed,ripe,rotate-pentagonal,seed,short,simple,size,slightly,slit,soft,stem,stigma,straight,style,subequal,terminal,testal,tinged,tip,trichome,tube,wall,white,whitish,wide,wing,x	1-10,1-3.2,1-5,1.5-6.2,1.6-6.5,2-4,3-8,5-merou,8,8-17,absent,acumen,acuminate,acute,adaxiall,ag,alyx,apart,apex,apiculate,apparently,articulated,attenuate,axe,axillary,berry,broadly,bud,capitat,cordate,covered,covering,decumben,decurrent,distal,dorsally,eaf,edge,eed,elliptic,elliptical,erect,exceeding,flat,folded,geminat,generally,glabrou,green-white,hair-like,half,interjected,living,lower,make,middl,minutely,mottle,mucilaginous,nearly,nflorescence,oblique,orbicular,ovate,pedicel,peduncle,perfect,petiolule,plurifoliate,purple,rachi,regular,ruit,sessile,seudostipule,sometimes,spaced,specimen,stamen,ste,subtending,tall,tamen,tem,thick,throughout,tri-,truncate,typically,unit,unwinged,usually,vary,wet,yellow,ympodial	age,arrangement,branching,calyx,capitate,colour,form,glabrousnes,growth,height,inflorescence,length,ovary,pseudostipule,shape,staman,symmetry,texture	0-2,0.3-1,1-2,1-4.5,1.5-2,2-9,2.2-2.8,3.5-5,4-10,4.5-12.5,4.5-7,5,5-10,5-18,5-8,6.3-19.5,7-10,8-19.5,abaxially,adaxially,base,blue,brownish,chartaceous,clavate,cm,condition,connivent,curved,decreasing,densely,diameter,digestion,dot,drying,enzyme,forked,frequently,fresh,glabrous,glandular,globose,greatly,green,greenish,hair,herb,homostylous,honeycomb-shaped,lanceolate,lateral,leaf,lengthening,like,long,longer,lunate,membranous,mm,non-glandular,odd-pinnate,often,ovoid,pentagonal,poricidal,pubescent,rarely,removed,ripe,rotate-pentagonal,short,simple,size,slightly,slit,soft,stem,straight,subequal,tinged,tip,trichome,wall,white,whitish,wide,x	age,capitate
320	wfo-0001029552	success	161	107	74	91	70	16	73	1	.25,.5,0.5,0.6-1,1-1.5,1-2,1-3,1-5,1.5-2,1.5-6.5,10-20,12,2-2.5,2-9,2.5-3,5-10-flowered,5.5-8,abaxial,abaxially,acute,adaxially,along,anther,area,base,branched,broadened,calyx,clavate,cm,conical,corolla,dendritic,densely,elliptic,erect,filament,flattened-reniform,flower,fruiting,glabrous,globose,green,incrassate,inflorescence,lamina,leaf,like,lobed,long-styled,main,margin,minor,minutely,mm,nearly,occasionally,opposite,orbicular,ovary,paler,pedicel,petiole,pitted,pore,pubescent,rest,scattered,shape,shaped,shining,short-styled,shrub,simple,size,small,somewhat,sparsely,stem,stigma,style,surface,tear-drop,tip,tree,tree-like,trichome,tube,vein,white,x	0.1-0.5,1-1.3,6-9,abruptly,acuminate,anthesi,apex,bark,berry,broadly,closely,contracted,decurrent,deflexed,deltate,denser,dia,differing,difoliate,drying,eaf,edicel,eed,exserted,free,geminat,greyish-brow,heteromorphic,inflorescenc,later,lateral,lobe,lon,long,lower,major,middle,minute,nflorescence,older,onto,overlappin,pair,pale,papillo,persistent,planar,poricidal,portion,present,reflexed,rounded,ruit,scar,slender,slightly,spaced,strongly,swollen,tall,tan,tub,ud,unit,wide,widest,woody,yellowish,ympodial,young	branching,colour,diameter,form,fruit,growth,hair,height,length,number,papillose,plant,position,seed,texture,width	.25,.5,0.5,0.6-1,1-1.5,1-2,1-3,1-5,1.5-2,1.5-6.5,10-20,12,2-2.5,2-9,2.5-3,5-10-flowered,5.5-8,acute,along,area,base,branched,broadened,clavate,cm,conical,dendritic,densely,elliptic,erect,flattened-reniform,glabrous,globose,green,incrassate,inflorescence,lamina,leaf,like,lobed,long-styled,main,margin,minutely,mm,nearly,occasionally,opposite,orbicular,paler,pitted,pubescent,rest,scattered,shaped,shining,short-styled,shrub,simple,small,somewhat,sparsely,stem,style,surface,tear-drop,tip,tree,tree-like,trichome,vein,white,x	papillose
321	wfo-0001029584	success	180	128	87	105	75	23	83	4	0-30,1,1-2,1-6,1.5-6.5,16.2-33,2-3,2-4,3-10,3-7,4-14,4-5,4.5-11.5,6-7,6.1-9.4,7-14,8-15,9.7-23.4,9.8-17,abaxially,adaxially,anther,blade,borne,brownish,cell,clavate,cm,condition,connivent,coriaceous,corolla,covering,dark,dense,densely,diameter,distal,drying,end,filament,finer,flower,forked,fresh,fruit,generally,glabrescent,glabrous,green,green-white,greenish,hair,hair-like,half,herb,homostylous,interjected,lateral,leaf,leaflet,light,lobe,long,make,mm,mucilaginous,oblong-lanceolate,odd-pinnate,ovoid,pair,pedicel,peduncle,pentagonal,petiole,plant,pore,poricidal,pubescent,purple,seed,short,simple,singly,size,stigma,straight,style,substellate,terminal,testal,thick,throughout,tip,tube,tuber,typically,unwinged,usually,wall,wet,white,whitish,x,yellow	1-3,2.4-6.3,3-5,4-15,5-merou,5.3-13.3,acumen,acuminate,acute,ag,alyx,apart,apex,apparently,articulated,asymmetric,attenuate,axe,axillary,base,basiscopic,bud,capitat,considerably,decreasing,digestion,dorsally,eaf,edge,eed,elliptic,enzyme,erry,flat,folded,geminat,hal,honeycomb-shaped,larger,lengthening,linear,living,lower,margin,middle,nflorescence,orbicular,orolla,ovate,perfect,petiolulate,plurifoliate,present,proximal,removed,second,semi-erec,sessile,seudostipule,side,slit,spaced,specimen,stolo,subtending,tall,tamen,tem,tissue,toward,tri-,unit,unknow,vary,ympodial	5-merous,abaxial,adaxial,arrangement,berry,branching,calyx,capitate,colour,form,growth,height,inflorescence,length,ovary,presence,pseudostipule,shape,staman,stem,stolon,texture,type	0-30,1,1-2,1-6,1.5-6.5,16.2-33,2-3,2-4,3-10,3-7,4-14,4-5,4.5-11.5,6-7,6.1-9.4,7-14,8-15,9.7-23.4,9.8-17,abaxially,adaxially,borne,brownish,cell,clavate,cm,condition,connivent,coriaceous,covering,dark,dense,densely,distal,drying,end,finer,forked,fresh,generally,glabrescent,glabrous,green,green-white,greenish,hair,hair-like,half,herb,homostylous,lateral,light,long,make,mm,mucilaginous,oblong-lanceolate,odd-pinnate,ovoid,pentagonal,plant,poricidal,pubescent,purple,seed,short,simple,singly,straight,substellate,testal,thick,throughout,tip,typically,unwinged,usually,wall,wet,white,whitish,x,yellow	5-merous,berry,capitate,stolon
322	wfo-0001029593	success	181	96	61	81	100	15	60	1	-10,0.5-1,0.5-5,0.8-1,0.8-1.2,1,1-1.2,1-1.5,1-8,1.6-2.3,2,2-5,2.3,2.3-3.0,3-4,3.5-8,35-60,4-6,5-10,5-15,7.5-15,9-15,abaxially,anther,apically,arising,axil,axillary,basal,brown,capitate,cell,cm,conical,densely,diameter,elliptic,epidermal,filament,flower,fruit,fruiting,glabrous,globose,green,irregular,lateral,leaf,leaflet,long,mm,obovate,occasionally,once-branched,ovary,ovoid-reniform,pair,papillose,pedicel,per,petiole,pinnate,plant,pointed,projection,pubescence,pubescent,seed,shape,shrub,sinuous,slightly,smaller,somewhat,stigma,style,terminal,usually,without,woody,x	0.05,1-2,10-50,100,2-14,2-3,7-25,abruptly,acuminate,acute,adaxially,age,always,anthesi,anticlinal,apex,attenuate,base,basiscopically,bearing,berry,broadly,calyx,cateniform,clavat,colony,cone,decurrent,deltate,dry,drying,eaf,edicel,eed,enlarged,entire,exserted,extremely,filiform,free,glabrescent,growing,half,hollow,included,lamina,large,lobe,lower,markedly,minutely,much,narrowing,nflorescence,noddin,oblique,often,onto,open,opposite,perfectly,petiolule,place,poricidal,portion,primary,pubescen,purple,rachi,rarely,reflecting,rest,ruit,scar,short-styled,similar,simple,single-stemmed,small,smooth,sparsely,surface,tall,tem,thickening,tip,trichome,tub,tube,ud,unifoliat,uniseriate,unit,variable,vein,white,white-lenticellate,wider,winged,ympodial	arrangement,branching,bud,clavate,colour,form,growth,height,inflorescence,length,number,position,size,stem,texture	-10,0.5-1,0.5-5,0.8-1,0.8-1.2,1,1-1.2,1-1.5,1-8,1.6-2.3,2,2-5,2.3,2.3-3.0,3-4,3.5-8,35-60,4-6,5-10,5-15,7.5-15,9-15,abaxially,apically,arising,axil,axillary,brown,capitate,cm,conical,densely,diameter,elliptic,glabrous,globose,green,irregular,lateral,long,mm,obovate,occasionally,once-branched,ovoid-reniform,pair,papillose,pinnate,pointed,projection,pubescent,shrub,sinuous,slightly,smaller,somewhat,usually,without,woody,x	clavate
323	wfo-0001029601	success	187	116	71	92	95	24	68	3	0-37,0.2-0.8,0.5-5.8,1-2,1-3,1-4,1-53,1.7-6.5,2,2-12,2-7,2-9,2.3-5.9,2.8-10.5,3-10,3-7,4-13.5,5-41,6-10,6.6-22,6.8-14.5,anther,blade,borne,brownish,cell,clavate,cm,condition,coriaceous,corolla,covering,dark,diameter,dot,drying,end,filament,flower,forked,fresh,fruit,glabrous,globose,green,greenish,hair-like,herb,homostylous,interjected,lanceolate,lateral,leaf,leaflet,light,lobe,middle,mm,narrow,odd-pinnate,ovoid,pair,pedicel,peduncle,pentagonal,petiole,plant,pore,poricidal,puberulent,ripe,rotate,seed,singly,size,slightly,small,stigma,straight,style,terminal,testal,thick,tip,tube,tuber,typically,wall,white,whitish,wing,x	0.5-8,1.1-2.7,1.2-2.3,2-3,2.2-4.5,3-5,5-merou,abaxiall,abaxially,acumen,acuminate,acute,adaxially,ag,alyx,apart,apex,apparently,articulated,asymmetric,attenuate,axe,axillary,base,basiscopic,berry,bud,capitat,connivent,decreasing,digestion,distal,dorsally,eaf,edge,eed,elliptic,enzyme,erec,exceeding,flat,folded,geminat,generally,glabrescent,glabrou,green-white,hair,half,honeycomb-shaped,larger,lengthening,linear,living,long,lower,make,middl,mucilaginous,nflorescence,orbicular,orolla,ovate,perfect,petiolulate,plurifoliate,removed,rounded,ruit,sessile,seudostipule,short,side,slit,spaced,specimen,stamen,stolo,subequal,subglabrou,subtending,tall,tamen,tem,throughout,tissue,toward,tri-,unit,unwinged,usually,vary,wet,yellow,ympodial	abaxial,adaxial,arrangement,articulation,branching,calyx,capitate,colour,form,growth,height,inflorescence,length,number,ovary,presence,pseudostipule,shape,staman,stem,stolon,subglabrous,symmetry,texture	0-37,0.2-0.8,0.5-5.8,1-2,1-3,1-4,1-53,1.7-6.5,2,2-12,2-7,2-9,2.3-5.9,2.8-10.5,3-10,3-7,4-13.5,5-41,6-10,6.6-22,6.8-14.5,borne,brownish,cell,clavate,cm,condition,coriaceous,covering,dark,dot,drying,end,forked,fresh,glabrous,globose,green,greenish,hair-like,herb,homostylous,lanceolate,lateral,light,middle,mm,narrow,odd-pinnate,ovoid,pentagonal,poricidal,puberulent,ripe,rotate,singly,slightly,small,straight,testal,thick,tip,typically,wall,white,whitish,wing,x	capitate,stolon,subglabrous
324	wfo-0001029621	success	165	126	92	104	61	22	90	2	.1,0.5-0.75,0.5-1,0.5-1.2,0.5-1.5,0.7-1.1,0.8-1,0.8-4.5,1-1.5,1-2,1.5-2,1.5-2.5,1.5-5,2/3,3-3.5,3.5-4.5,5-20-flowered,6-20,6-8,7-9,acute,anther,apex,appearing,appressed,area,attenuate,base,becoming,branched,calyx,caudate,cluster,cm,completely,constricted,corolla,cup-shaped,decurrent,ellipsoid,elongate,enclosed,filament,fleshy,fruit,fruiting,glabrate,glabrous,globose,green,lanceolate,late,later,lateral,leaf,live,lobe,lobed,long,main,many,merely,minutely,mm,oblanceolate,often,older,onto,ovary,ovoid-reniform,pair,papillate,pedicel,pitted,plant,pore,puberulent,quite,reddish,ripe,scar,sessile,shaped,shiny,shrub,somewhat,stem,stigma,style,surface,tear-drop,terminal,time,tip,trichome,tube,uniseriate,vein,way,whorl-like,widened,x,yellowish,young	1/3,2.5-3,accrescent,along,anthesi,apar,bark,beneath,berry,borne,brown,course,dark,deltoid,densely,dia,distal,dry,eaf,edicel,eed,erect,exsertio,free,geminate,irregularly,like,lon,lower,margin,material,middle,nflorescence,occasionally,pale,papillo,papillose,planar,plurifoliat,poricidal,portion,prominent,rarely,reddish-gre,river,ruit,small,spaced,ste,straight,tall,tan,tapering,thick,ud,unit,white,widest,woody,yellow,ympodial	apart,arrangement,branching,bud,colour,diameter,exsertion,flower,form,growth,hair,height,inflorescence,length,number,position,seed,shape,size,spacing,texture,venation	.1,0.5-0.75,0.5-1,0.5-1.2,0.5-1.5,0.7-1.1,0.8-1,0.8-4.5,1-1.5,1-2,1.5-2,1.5-2.5,1.5-5,2/3,3-3.5,3.5-4.5,5-20-flowered,6-20,6-8,7-9,acute,appearing,appressed,area,attenuate,base,becoming,branched,calyx,caudate,cluster,cm,completely,constricted,corolla,cup-shaped,decurrent,ellipsoid,elongate,enclosed,fleshy,glabrate,glabrous,globose,green,lanceolate,late,later,lateral,live,lobed,long,main,many,merely,minutely,mm,oblanceolate,often,onto,ovoid-reniform,pair,papillate,pitted,plant,puberulent,quite,reddish,ripe,sessile,shaped,shiny,shrub,somewhat,stem,style,tear-drop,terminal,time,tip,trichome,tube,uniseriate,vein,way,whorl-like,widened,x,yellowish,young	apart,exsertion
325	wfo-0001029622	success	182	102	65	80	102	22	62	3	.1,.5,0.5-1,0.8-1,1-1.2,1-1.5,1-4,1.5,2-11,2.5-3,3-4,30-35,4-6.5,absent,acute,anther,apex,attenuate,bark,base,brown,calyx,chartaceous,cm,corolla,deflexed,diameter,elliptic,entire,filament,flower,fruit,glabrous,globose,green,inflorescence,internodal,known,leaf,lobed,long-acuminate,longitudinal,margin,mature,mm,narrowly,oblong,occasionally,opening,opposite,ovate,pedicel,peduncle,petiole,pore,rachi,reddish,rounded,sagittate,shaped,shiny,shrub,simple,single,size,slightly,slit,somewhat,stellate,stem,stigma,style,tapering,tear-drop,tip,trichome,tube,uniseriate,white,x	.2,/3,0.3,0.5,0.5-0.7,0.6-0.9,1-2.7,2-4,2-5,3-5,40,45-50,5-6,7-11,abaxially,accrescent,adaxially,ag,alyx,anthesi,apparently,appearing,arising,axe,axil,beneath,blade,bud,capitat,connivent,consisting,cylindrical,deciduous,differing,difoliate,dimorphic,eaf,eed,elongate,except,free,fruiting,geminate,glabrou,ilament,immature,included,interlaced,jointed,lamina,lateral,less,lobe,long,long-triangular,m.,main,major,measured,midrib,minor,minute,minutely,nflorescence,obconic,often,older,one,onto,orolla,oung,ovate-lanceolate,pair,papillose,pendent,portion,present,probably,raised,reflexed,remaining,ruit,scar,second,slende,slender,straight,tal,thin,thus,tuft,ud,unarme,unifoliat,unit,vary,vein,way,within,yellow,ympodial,young	abaxial,adaxial,age,armament,capitate,colour,form,glabrousnes,growth,hair,height,information,length,ovary,plant,position,seed,shape,shinynes,texture,type,unarmed	.1,.5,0.5-1,0.8-1,1-1.2,1-1.5,1-4,1.5,2-11,2.5-3,3-4,30-35,4-6.5,absent,acute,attenuate,base,brown,chartaceous,cm,deflexed,diameter,elliptic,entire,flower,fruit,glabrous,globose,green,internodal,known,leaf,lobed,long-acuminate,longitudinal,mature,mm,narrowly,oblong,occasionally,opening,opposite,ovate,reddish,rounded,sagittate,shaped,shiny,shrub,simple,single,slightly,slit,somewhat,stellate,tapering,tear-drop,tip,trichome,uniseriate,white,x	age,capitate,unarmed
326	wfo-0001029625	success	166	148	117	131	35	17	114	3	..,.1-0.2,0.5-1,0.5-1.3,0.5-2,0.5-2mm,0.8-1.4,0.8-1.8,1-1.5,1-2,1-3,1.2-1.6,2,3,3-3.5,3-5-8,4-10,4-4,4-5-celled,4-7-celled,4-9,5,5-10-15,5-6,6-9,9-25,abaxial,along,anther,anthesi,bark,base,beneath,branch,branched,brittle,calyx,cell,cm,conical,corolla,cucullate,darker,deflexed,deltate,densely,denser,diameter,dry,elliptic,erect,filament,flattened,four,fruit,fruiting,glabrescent,glabrous,gland,gland-tipped,globose,green,greenish,growth,herb,hyaline,inflorescence,lamina,later,lighter,like,lobe,lobed,long,margin,markedly,midline,mixed,mm,narrowly,nearly,occasionally,outer,outline,ovary,ovate-reniform,pale,papillate,pedicel,peduncle,per,pericarp,planar,point,pointed,pubescent,purplish,rarely,reddish,regularly,scattered,shrub,single,sinuate,slightly,small,smooth,sparsely,stem,stigma,striate,stripe,strongly,style,surface,tan,testa,thin,time,tinged,tip,triangular,trichome,tube,uniseriate,vein,wall,weight,white,x,young	.5,100,2.5-.,3-3,8-13,apical,branc,brow,capitat,cel,deflexe,distinct,eaf,edicel,eed,flower,frui,glandular,lower,middle,minute,new,nflorescence,open,pair,plurifoliat,primary,ruit,scar,single-stemmed,tuft,ud,unit,without,ympodial	arrangement,branching,brown,capitate,colour,form,height,leaf,length,number,plant,plurifoliate,pubescence,seed,shape,size,texture	..,.1-0.2,0.5-1,0.5-1.3,0.5-2,0.5-2mm,0.8-1.4,0.8-1.8,1-1.5,1-2,1-3,1.2-1.6,2,3,3-3.5,3-5-8,4-10,4-4,4-5-celled,4-7-celled,4-9,5,5-10-15,5-6,6-9,9-25,abaxial,along,anthesi,base,beneath,branched,brittle,cell,cm,conical,cucullate,darker,deflexed,deltate,densely,denser,diameter,dry,elliptic,erect,flattened,four,fruit,glabrescent,glabrous,gland,gland-tipped,globose,green,greenish,herb,hyaline,inflorescence,lamina,later,lighter,like,lobe,lobed,long,margin,markedly,midline,mixed,mm,narrowly,nearly,occasionally,outer,outline,ovate-reniform,pale,papillate,pericarp,planar,point,pointed,pubescent,purplish,rarely,reddish,regularly,scattered,shrub,single,sinuate,slightly,small,smooth,sparsely,striate,stripe,strongly,surface,tan,thin,time,tinged,tip,triangular,trichome,uniseriate,vein,wall,weight,white,x,young	brown,capitate,plurifoliate
327	wfo-0001029645	success	160	142	104	115	45	27	100	4	.5-1,0.2-0.5,0.3-0.5,0.5-2.5,0.5-7,1,1-1.5,1-2,1-4,1.3-7,1.5,1.5-2,2-4,2.5-17,2.5-4,3-10,3-15,3-7,3.5-4,337,4-5,4-8,5,5-8,6-12,7-12,750,?,acuminate,acute,aggregate,along,anther,apart,apex,base,blue,brown,calyx,cell,chartaceous,cm,corolla,cuneate,cylindrical,deltate,diameter,directed,distally,entire,et,except,extra-axillary,fide,filament,finger,flattened,fruit,glabrous,gland-tipped,globose,green,greenish,hair,herb,immature,kayap,line,lobe,margin,membranaceous,mesocarp,minutely,mm,moderately,nearly,obtuse,ovate,ovate-elliptic,pedicel,peduncle,petiole,pore,puberulent,purple,rachi,radiu,rarely,red,rotate-stellate,rugose-verrucate,sagittate,short,short-tomentose,side,simple,small,smith,sparsely,stigma,stone,strongly,style,subcordate,tapered,triangular,truncate,tube,unbranched,vein,white,wide,x,yellow,Â±	-1,2-3-foliat,abaxially,abundantly,adaxially,around,articulated,axe,ba,blade,connivent,decurrent,distall,eaf,eed,flower,free,glabrou,inserted,knapp,long,lower,major,nflorescence,orolla,part,perfect,puberulen,ruit,sand-punctate,shorter,shru,spaced,tal,tamen,tem,thecae,tightly,time,tomento,truncat,unit,vary,veiny,ympodial	0.5-1,arrangement,articulation,branching,colour,decurred,form,growth,height,inflorescence,insertion,leaf,length,ovary,plant,position,seed,shape,shrub,size,spacing,staman,stem,symmetry,texture,theca,tomentose	.5-1,0.2-0.5,0.3-0.5,0.5-2.5,0.5-7,1,1-1.5,1-2,1-4,1.3-7,1.5,1.5-2,2-4,2.5-17,2.5-4,3-10,3-15,3-7,3.5-4,337,4-5,4-8,5,5-8,6-12,7-12,750,?,acuminate,acute,aggregate,along,apart,apex,base,blue,brown,cell,chartaceous,cm,corolla,cuneate,cylindrical,deltate,directed,distally,entire,et,except,extra-axillary,fide,finger,flattened,glabrous,gland-tipped,globose,green,greenish,hair,herb,immature,kayap,line,lobe,membranaceous,mesocarp,minutely,mm,moderately,nearly,obtuse,ovate,ovate-elliptic,petiole,puberulent,purple,rarely,red,rotate-stellate,rugose-verrucate,sagittate,short,short-tomentose,side,simple,small,smith,sparsely,stone,strongly,subcordate,tapered,triangular,truncate,unbranched,white,wide,x,yellow,Â±	0.5-1,decurred,shrub,tomentose
328	wfo-0001029646	success	141	94	55	67	74	27	53	2	0.1-0.6,0.5-0.8,0.7-2.2,1-4,1.5-2,1.5-4.9,10-15,2-3,3-14,4-5.5,5-15,6-8,7-15,acuminate,acute,apex,apically,attenuate,base,branched,cell,cm,corolla,covering,cyme,dehiscent,diameter,dichasially,distal,elliptic,filament,finely,flower,free,globose,green,hair-like,half,herbaceous,lateral,leaf,linear,mm,narrowly,ovate,ovoid,pedicel,peduncle,perennial,perfect,petiole,plant,poricidally,proximal,pubescent,seed,stellate,straight,style,testal,tone,tuber-bearing,unit,wall,white,yellow-green,Â¼	0.5,3-6-foliat,abaxially,acumen,adaxially,apical,articulate,calyx,commonly,dichasial,digestion,dorsally,eaf,ebracteate,edge,eed,emoval,enzyme,epiphytic,equaling,flat,folded,forked,generally,globo,green-white,ground,growing,honeycomb,introrse,living,lobe,lon,long,lower,make,maturing,monochasial,mos,mould,mucilaginous,mucronate,nflorescence,nther,oak,often,orolla,ovat,pattern,pine,plan,rarely,reveal,ruit,seudostipule,short,simple,slit,specimen,stamen,stigma,tall,tem,thick,throughou,throughout,tree,typically,vary,viole,wide,without,yellow,ympodial	3-6-foliate,anther,articulation,branching,colour,form,fruit,growth,height,history,inflorescence,length,life,number,ovary,pore,position,pseudostipule,reproduction,shape,stem,structure,sympodial,texture,type,violet,width	0.1-0.6,0.5-0.8,0.7-2.2,1-4,1.5-2,1.5-4.9,10-15,2-3,3-14,4-5.5,5-15,6-8,7-15,acuminate,acute,apically,attenuate,branched,cell,cm,cyme,dehiscent,dichasially,distal,elliptic,finely,free,globose,green,hair-like,half,herbaceous,lateral,linear,mm,narrowly,ovate,ovoid,perennial,perfect,plant,poricidally,proximal,pubescent,stellate,straight,testal,tone,tuber-bearing,wall,white,yellow-green,Â¼	3-6-foliate,violet
329	wfo-0001029652	success	160	101	63	82	78	19	61	2	.25,.5,0.75-1,0.8-1,1-2,1-3,1.5-2,2-2.5,2-4,2.5-3,3.5-4,3/4,4-4.5,abaxially,adaxially,anther,apex,arching,attenuate,bark,base,calyx,cm,conical,corolla,curling,dia,difoliate,elliptic-ovate,filament,flower,fruiting,glabrous,globose,golden,green,greenish-white,hispid,leaf,lobed,long,long-styled,margin,minor,minute,minutely,mm,narrowly,near,occasionally,opposite,ovary,ovoid-reniform,pale,papillose,pedicel,petiole,pitted,pore,pubescent,reddish-brown,shaped,short-styled,shrub,simple,size,slender,stem,stigma,style,surface,tan,tear-drop,tip,trichome,tube,undulate,uniseriate,unit,way,white,x	.3,0.5-1,0.5-4,1,2,25,6-15,7-9,along,anthesi,apar,ape,apical,arch,ba,bearing,berry,broadly,cone,deciduous,deflexed,deltate,denser,differing,drying,eaf,edicel,eed,evenly,exserted,filiform,free,geminat,golden-red,hard,heteromorphic,included,joining,lamina,lateral,like,lobe,lon,long-acuminate,lower,main,major,maturity,middle,midrib,nflorescence,older,pair,papillo,pericarp,poricidal,portion,projection,reflexed,ruit,scar,series,slende,slightly,soon,spaced,sparsely,swollen,tall,thickened,time,tub,ud,vein,widest,within,ympodial,young	colour,diameter,form,fruit,geminate,growth,hair,height,inflorescence,length,na,plant,position,seed,shape,structure,symmetry,sympodial,texture	.25,.5,0.75-1,0.8-1,1-2,1-3,1.5-2,2-2.5,2-4,2.5-3,3.5-4,3/4,4-4.5,apex,arching,attenuate,base,cm,conical,curling,dia,difoliate,elliptic-ovate,flower,glabrous,globose,golden,green,greenish-white,hispid,leaf,lobed,long,long-styled,minute,minutely,mm,narrowly,near,occasionally,opposite,ovoid-reniform,pale,papillose,pitted,pubescent,reddish-brown,shaped,short-styled,shrub,simple,slender,tan,tear-drop,tip,trichome,undulate,uniseriate,way,white,x	geminate,na
330	wfo-0001029673	success	159	131	91	110	49	21	90	1	.5,0.5-1,0.7-1.1,0.8-1,1-10,1-2,1.2-3.5,1.5-1.8,1.5-2,10-20,2-2.5,2-4,2.5,3-5,3/4,4-6,5.5-15,abaxial,abaxially,absent,accrescent,acuminate,acute,adaxial,adaxially,age,anther,apex,appearing,bark,base,becoming,berry,black,branch,branching,broadly,calyx,clavate,cm,corolla,deep,deflexed,dendritic,densely,diameter,elliptic,exserted,filament,fork,fruit,fruiting,glabrous,globose,greyish,greyish-yellow,growth,later,lateral,leaf,length,lenticular,lobe,long,minutely,mm,narrowly,occasionally,ovary,overtopping,pair,pedicel,pericarp,petal,petiole,pitted,pore,poricidal,prominent,pubescent,purple,pyramidal,reddish-brown,scar,secondary,shoot,shrub,sleeve,slit-like,small,somewhat,sparsely,stem,stigma,strongly,style,surface,terminal,thin,time,tip,tree,trichome,tube,vein,violet,winged,woody,x,young	0.75-1,1-5,2-3,5-25,along,anthesi,apical,basal,blade,conical,decurrent,deltoid,denser,dichasia,eaf,edicel,eed,ew,flower,free,greyish-yello,individual,inserted,lamina,like,lon,longer,lower,m.,monochasial,nflorescence,nodding,older,papillo,planar,plurifoliate,portion,reflexed,ruit,slightly,stamen,tall,tapering,triangular,tub,ud,unit,wide,ympodial	bud,colour,exsertion,form,hair,height,inflorescence,insertion,new,papillose,plant,position,prominence,seed,shape,size,staman,texture,venation,width,winging	.5,0.5-1,0.7-1.1,0.8-1,1-10,1-2,1.2-3.5,1.5-1.8,1.5-2,10-20,2-2.5,2-4,2.5,3-5,3/4,4-6,5.5-15,abaxially,absent,accrescent,acuminate,acute,adaxially,age,apex,appearing,base,becoming,berry,black,branch,broadly,calyx,clavate,cm,deep,deflexed,dendritic,densely,diameter,elliptic,exserted,fork,fruit,glabrous,globose,greyish,greyish-yellow,later,lateral,length,lenticular,long,minutely,mm,narrowly,occasionally,overtopping,pair,petal,pitted,pore,poricidal,prominent,pubescent,purple,pyramidal,reddish-brown,secondary,shoot,shrub,sleeve,slit-like,small,somewhat,sparsely,strongly,surface,terminal,thin,time,tip,tree,trichome,tube,vein,violet,winged,woody,x	papillose
331	wfo-0001029680	success	212	111	77	91	121	20	75	2	0.6â1.2,0.6â2.0,1.0â1.1,1.1â1.2,1.4â7.5,1.6â2.7,1.7â7,11â16,11â25,12,1â2,3.0â4.2,3.3â5.5,3â6,4.0â16,4.0â6.5,4.5â20,4â10,5,50,5â11,8â32,anther,anthesi,apart,articulated,base,becoming,bipinnate,blue,calyx,cm,diameter,divided,filament,flattened,fleshy,flower,fruit,globose,green,hair,herb,leaf,length,light,long,margin,mm,multicellular,oblong,obovate,pair,pedicel,peduncle,pentagonal,petiole,pinnae,pinnate,pitted,pore,primary,purple,red,ripe,rotate,shallowly,shaped,simple,size,sometimes,stem,surface,tear-drop,time,tripinnate,tube,turning,unicellular,uniseriate,violet,white,wide,winged,woody,x,â10,â12.5,â19,â3,â3.2	.0,0.1,0.4,0.5â1.5,0.6,0.9â1.0,1,1.0,1.0â1.5,1.0â1.8,1.4â2.5,1.5,1.8â3.8,10,1â3,1â6,1â8,2.2â4.2,2â20,3â22,4.5â7.0,4â30,5.5â8.5,7â10,abaxially,absen,acute,adaxiall,adaxially,ag,along,annual,apex,appressed,arequipa,arranged,asymmetrically,axe,axillary,ba,beyond,blade,borne,branched,brown,cell,clavate,connivent,cylindrical,decreasing,decurrent,densely,difoliate,eaf,eed,entire,equal,erect,extending,flange,forming,geminat,glabrous,indistinct,irregularly,lobe,lon,longitudinal,lower,m.,midrib,moderately,narrow,nflorescence,node,obtuse,occasionally,often,opening,orolla,ovate,pale,parallel,pendant,perfect,plurifoliate,poricidal,prostrate,pubescent,rapidly,rarely,ruit,running,secondary,shoot,side,spaced,sparsely,specimen,split,stigma,stone,straight,style,subglabrous,tacna,tal,tamen,tem,terminal,tertiary,tip,unit,usually,vary,wing,winge,yellow,ympodial,â46,â48	absent,articulation,branching,colour,corolla,decurred,form,growth,height,inflorescence,number,plant,ratio,seed,shape,spacing,staman,texture,type,width	0.6â1.2,0.6â2.0,1.0â1.1,1.1â1.2,1.4â7.5,1.6â2.7,1.7â7,11â16,11â25,12,1â2,3.0â4.2,3.3â5.5,3â6,4.0â16,4.0â6.5,4.5â20,4â10,5,50,5â11,8â32,anthesi,apart,articulated,base,becoming,bipinnate,blue,cm,divided,flattened,fleshy,fruit,globose,green,herb,light,long,mm,multicellular,oblong,obovate,pair,pentagonal,petiole,pinnae,pinnate,pitted,primary,purple,red,ripe,rotate,shallowly,shaped,simple,sometimes,tear-drop,time,tripinnate,turning,unicellular,uniseriate,violet,white,wide,winged,woody,x,â10,â12.5,â19,â3,â3.2	absent,decurred
332	wfo-0001029704	success	144	89	56	71	73	18	54	2	0-1.5,1-4,1.5-2.5,1.5-2.5-3,1.5-3,1000-1200,140-185,2-3,2-5,3-5,5,7-10,acuminate,acute,anther,apex,base,blue,branch,broadly,brown,cell,cm,composed,conical,corolla,cuneate,dark,ellipsoid,extra-axillary,few-flowered,filament,flower,fork,fruiting,glabrous,globose,green,lanceolate,leaf,lengthening,lobe,minutely,mm,mottled,obovate,occasionally,ovary,pedicel,peduncle,petiole,pinnatisect,pore,poricidal,pubescent,purple,reddish,reticulate,shrub,simple,single,slit,stellate,stigma,stone,striped,style,subdiscoidal,surface,tip,white	.5,0.5,1,1-2,1.5,15-25,2-2.5,3-4-celled,4,4-7,7-10-14-17,9-20,acuman,along,also,anthesi,apparently,aspect,axi,berry,c.,calyx,cunate,cut,deeply,deflexed,dia,diam,eaf,eed,enlarged,erect,especially,exerted,flowering,gradually,halfway,less,lobed,long,lower,midrib,minute,moderately,nflorescence,obovoid,one,plurifoliat,record,rounded,ruit,shoot,short,sinus,sombre,sprawling,stout,straight,subglobo,swollen,trichome,tub,tube,twig,ud,unit,variable,variously,vein,within,x,ympodial,young	7-14-17,arrangement,branching,colour,form,fruit,growth,height,inflorescence,length,number,plant,position,seed,shape,subglobose,texture,width	0-1.5,1-4,1.5-2.5,1.5-2.5-3,1.5-3,1000-1200,140-185,2-3,2-5,3-5,5,7-10,acuminate,acute,blue,branch,broadly,brown,cm,composed,conical,cuneate,dark,ellipsoid,extra-axillary,few-flowered,flower,fork,glabrous,globose,green,lanceolate,lengthening,minutely,mm,mottled,obovate,occasionally,pinnatisect,pore,poricidal,pubescent,purple,reddish,reticulate,shrub,simple,single,slit,stellate,striped,subdiscoidal,tip,white	7-14-17,subglobose
333	wfo-0001029727	success	257	122	83	106	151	16	82	1	-3,/3,0-30,0-40,0.1-5,0.15-0.3,0.4-1,0.5,0.5-3,0.7-0.9,1-1.2,1-4,1.5-5.5-10,1/3-1/2,2.5-3.2,2.8-4,3-11,3-7,4.5,5.5-7,abaxial,acuminate,acute,adaxial,ame,anther,anthesi,apex,apically,base,berry,branched,c.,calyx,chartaceous,clavate,climber,cm,colourles,cordate,corolla,cupular,curved,deltoid,densely,drying,filament,filiform,finely,flattened-reniform,flower,lateral,leaf,length,lobe,lobed,long,margin,mauve,midpoint,minutely,mm,moderately,obconical,oblong,one,orange-brown,ovate,papillose,per,petiole,poricidal,porrect,prickle,prickly,rarely,ray,regular,rounded,seed,shallowly,shape,shrub,simple,size,smooth,stalk,stalked,stellate,stellate-pubescent,stem,stigma,straight,strongly,style,subentire,surface,tapering,terete,terminal,tip,trichome,uneven,wide,yellowish,young	.5,0-15,0-2,0-20,0-4,0-5,0-8,0.15-0.2,0.2,0.2-0.5,0.2-2.5,0.3,0.4,0.5-1.2,0.7-1,1,1-2,1-2-5,1.2-2,1.5-2.3,1.5-2.5,1.5-3,1.6-3,1/2-2/3,1/4,1/8-1/5-1/3,2.5,2.5-5.5,3-6,3/,4-7,4-merou,4-merous,4.5-5.5-7,5-12,5-8,5-9,6-11,7-10,abaxially,acicular,age,almost,along,alternate,alyx,apar,apart,apparently,articulated,bark,blade,bristle,brown,connivent,covered,darker,deltate,developing,diameter,different,dimorphic,discolorous,divided,eaf,edge,eed,elongating,equal,erect,except,extending,ferrugineous,filiform-acuminat,fissure,free,geminate,glabrous,increasing,inside,lengthening,less,like,lon,longer,lower,m.,mature,middle,midvein,minor,mixture,narrow-deltate,nflorescence,nther,occasional,older,open,orolla,oung,outside,pair,papillo,pedicel,peduncle,perfec,perfect,pit,pitted,plurifoliat,pore,portion,prickl,primary,protruding,pubescent,raised,red-brow,red-brown,reddish,reduced,scandent,scar,series,sessile,short,sinus,sometimes,spaced,spreading,tamen,tearing,tertiary,time,toward,translucent,transverse,tube,unarmed,unit,upper,variable,variously,vary,vein,venation,violet,visible,way,x,ympodial	2-5,branching,colour,form,growth,hair,height,inflorescence,number,ovary,plant,position,scale,texture,type,width	-3,/3,0-30,0-40,0.1-5,0.15-0.3,0.4-1,0.5,0.5-3,0.7-0.9,1-1.2,1-4,1.5-5.5-10,1/3-1/2,2.5-3.2,2.8-4,3-11,3-7,4.5,5.5-7,acuminate,acute,ame,anthesi,apically,branched,c.,chartaceous,clavate,climber,cm,colourles,cordate,corolla,cupular,curved,deltoid,densely,drying,filiform,finely,flattened-reniform,lateral,length,lobed,long,mauve,minutely,mm,moderately,obconical,oblong,one,orange-brown,ovate,papillose,poricidal,porrect,prickle,prickly,rarely,ray,regular,rounded,shallowly,shrub,simple,smooth,stalked,stellate,stellate-pubescent,straight,strongly,subentire,tapering,terete,terminal,tip,trichome,uneven,wide,yellowish	2-5
334	wfo-0001029731	success	246	122	75	96	150	26	71	4	.5,.6,1,1-2,1-2.5,1.5,1.5-2.5,1.5-3,1/3,2,2-3,2.5,3,3-4,4,4-9,6-7,8-9,accrescent,almost,anther,bark,base,beak,becoming,black,branch,branched,branching,brown,calyx,clavate,cm,conical,coriaceous,corolla,diameter,distributed,dull,elliptic,epiphyte,evenly,filament,flattened,fleshy,fruit,fruiting,glabrous,hair,leaf,less,liana,linear,lobed,long-ellipsoid,longitudinal,longitudinally,lower,main,mauve,midvein,mm,oblong,obovate,often,pedicel,peduncle,petiole,pore,poricidal,prominent,pyriform,reflexed,ribbed,ridge,ridged,scar,several,small,sometimes,sparsely,stem,stigma,stump,style,succulent,terminal,thick,tip,unit,white,wing,winged,x,yellow,yellow-green	0.05,0.1-0.8,0.25-0.3,1-1.5,10-20,1994,2-6,2.5-4.5,3-10,31,4-5,6,7-11,abaxially,acquiring,acuminate,acute,adaxially,age,along,alyx,anthesi,apar,apex,apically,apparently,arcy,articulated,basal,basally,berry,boundary,broadly,bumpy,clearly,concolorous,connate,crinkled,cuneate,darker,delimited,delineated,deltoid,dense,development,different,dilated,domatia,dorsal,dorsifixed,dry,drying,eaf,early,elongating,enlarge,entire,equal,erect,even,exserted,faint,filiform,fine,finely,flaring,flower,free,ground,iscoid,lamina,large,later,lateral,lengthening,like,lobe,lon,long,margin,mature,maturity,much,narrowly,nflorescence,nther,obconical,obtuse,occasionally,orange-brown,orolla,pair,papillae,papillose,part,pendulous,perfec,pericarp,persisting,plurifoliat,portion,primary,protruding,rachi,raised,rakotozafy,rarely,reported,revolute,rounded,ruit,see,shallowly,shorter,simple,sinus,slender,slightly,smaller,smoot,straight,stretched,sunk,surface,tearing,thickened,thinner,though,time,toward,trichome,tub,tube,tuft,ud,usually,vary,vein,venation,ventral,visibl,visible,well-developed,wide,widely,woody,wrinkling,ympodial,young,â	apart,arrangement,articulation,bud,colour,connective,disc,form,growth,height,inflorescence,length,ovary,pattern,plant,plurifoliate,position,prominence,rib,shape,smooth,stellate,structure,sympodial,texture,width	.5,.6,1,1-2,1-2.5,1.5,1.5-2.5,1.5-3,1/3,2,2-3,2.5,3,3-4,4,4-9,6-7,8-9,accrescent,almost,base,becoming,black,branched,brown,clavate,cm,conical,coriaceous,distributed,dull,elliptic,epiphyte,evenly,flattened,fleshy,glabrous,less,liana,linear,lobed,long-ellipsoid,longitudinal,longitudinally,lower,mauve,mm,oblong,obovate,often,poricidal,prominent,pyriform,reflexed,ribbed,ridge,ridged,several,small,sometimes,sparsely,stump,succulent,terminal,thick,tip,white,winged,x,yellow,yellow-green	apart,plurifoliate,smooth,stellate
335	wfo-0001029741	success	137	119	72	97	40	22	69	3	.4,.5,0.5-1.5,0.8-3.5,0.9-1.2,1-1.5,1-3.5,1.1-1.3,1.5-4,1.5-6,10-50-flowered,2-2.5,2.2-9,2.5-7.8,3,9.5-22.5,?,acute,age,anther,anthesi,apex,apiculate,attenuate,base,becoming,calyx,capitate,closely,cm,completely,corolla,dark,deltoid,dia,difoliate,dry,early,elliptic,exserted,filament,flower,fruit,fruiting,furcate,glabrous,globose,green,growth,inflorescence,known,lateral,leaf,lenticellate,lighter,lobe,lobed,long,major,minor,minutely,mm,nearly,new,opposite,ovary,ovate,overlapping,papillose,pedicel,petiole,pore,prominent,raised,reddish-brown,scar,shaped,shrub,size,slender,spaced,stem,stigma,straight,style,tapering,tear-drop,tip,tree,tube,unit,usually,vein,weak,white,woody,x	1.5,accrescent,berry,black,branched,ca,caly,deflexed,differing,divisio,drying,eaf,edicel,eed,erect,free,geminat,glabrou,immature,lon,lower,main,middle,nflorescence,pair,papillo,planar,poricidal,portion,produced,proximal,quite,ruit,slightly,tall,ud,variable,widest,wood,ympodial	accrescence,branching,bud,colour,diameter,exsertion,form,geminate,glabrousnes,height,length,lobing,number,plant,position,presence,seed,shape,spacing,structure,sympodial,texture	.4,.5,0.5-1.5,0.8-3.5,0.9-1.2,1-1.5,1-3.5,1.1-1.3,1.5-4,1.5-6,10-50-flowered,2.2-9,2.5-7.8,3,9.5-22.5,?,acute,age,apiculate,attenuate,base,becoming,calyx,capitate,closely,cm,completely,dark,deltoid,dia,difoliate,dry,early,elliptic,exserted,furcate,glabrous,globose,green,known,leaf,lenticellate,lighter,lobed,long,minutely,mm,nearly,opposite,ovate,overlapping,papillose,prominent,raised,reddish-brown,shaped,shrub,slender,spaced,straight,tapering,tear-drop,tree,tube,usually,weak,white,woody,x	-2.5,di,geminate
336	wfo-0001029744	success	113	98	63	78	35	20	60	3	0.3-0.6,0.5-1,1,1.5,2,2-4,5-8,50,8-10-flowered,8-11,abaxially,acute,adaxially,apart,apex,bark,base,beginning,blunt,branch,calyx,cm,deltate,dendritic,densely,difoliate,elliptic,entire,extreme,flattened,flexuous,form,geminate,glabrescent,glabrous,golden,incrassate,lanceolate,leaf,lobe,long-acuminate,margin,minutely,mm,narrowly,oblanceolate,oblique,occasionally,older,opposite,ovoid-reniform,pair,pale,pedicel,petiole,pitted,primary,pubescent,revolute,scar,shape,shrub,simple,single-celled,slightly,sometimes,somewhat,stem,surface,thin,tip,trichome,unifoliate,uniseriate,vein,white,x,young	1.5-3.2,7-15,along,brow,denser,distinct,eaf,eed,examined,fide,fruit,inflorescenc,lamina,leave,looping,lower,major,marginal,mature,minor,nflorescence,node,non-reproductive,pubescence,see,similar,small,smaller,smith,spaced,thee,ud,unicellular,unit,ympodial	arrangement,brown,bud,colour,flower,growth,hair,height,inflorescence,length,number,plant,position,presence,seed,seen,size,spacing,texture,type	0.3-0.6,0.5-1,1,1.5,2,2-4,5-8,50,8-10-flowered,8-11,acute,apart,base,beginning,blunt,branch,cm,deltate,dendritic,densely,difoliate,elliptic,entire,extreme,flattened,flexuous,geminate,glabrescent,glabrous,golden,incrassate,lanceolate,leaf,long-acuminate,minutely,mm,narrowly,oblanceolate,oblique,occasionally,opposite,ovoid-reniform,pair,pale,pitted,pubescent,revolute,shrub,simple,single-celled,slightly,sometimes,somewhat,thin,tip,trichome,unifoliate,uniseriate,white,x	brown,inflorescence,seen
337	wfo-0001029746	success	179	141	92	116	63	25	89	3	.5,0.3-2,0.5-1,0.7-1,1,1-1.3,1-1.5,1.2-1.5,2-2.5,2-8,3,3-4,8-10,8-11,age,anther,anthesi,apart,base,broadly,brown,calyx,capitate,cell,centre,cm,conical,cordate,corolla,crenate,cup-shaped,curved,dark,darker,densely,diameter,ellipsoid,elliptic,enlarged,entire,erect,exerted,filament,flattened,fleshy,flush,fruit,fruiting,glabrous,gland-tipped,glandular,globose,greenish,herb,hollow,horn,inflorescence,internodal,irregularly,leaf,lengthening,less,lobe,margin,mature,minutely,mm,narrowly,nodding,orange,ovary,ovate,ovoid,pale,papillose,pedicel,peduncle,pericarp,petiole,pitted,pore,poricidal,principal,pubescent,purple,rachi,red,reddish,reflexed,scar,shallowly,simple,single,slightly,slit,somewhat,sparsely,spreading,stem,stigma,straight,strongly,style,subshrub,surface,testal,thin,tip,triangular,trichome,tube,uniseriate,upward,vein,wall,x	1.5,2,2-4,2-7,3-4-pluri-foliate,3-4.5,3-6,4-9,6,6-7,abaxially,acuminate,acute,adaxially,apex,bearing,becoming,berry,blackish,c.,ciliate,color,crowded,eaf,edicel,eed,flower,free,growing,heteromorphic,lamina,lon,long,longer,longest,lower,markedly,maturit,mid-length,mixed,near,nflorescence,occasionally,pair,papillo,plan,portion,primary,pubescen,ruit,shortest,slender,spaced,sparse,third,ud,unit,upper,widely,widest,woody,ympodial,â3	1.5-3,arrangement,branching,bud,ciliation,colour,curvature,flushnes,form,growth,heteromorphism,length,maturity,orientation,position,present,pubescence,seed,shape,size,spacing,symmetry,texture,thicknes,type	.5,0.3-2,0.5-1,0.7-1,1,1-1.3,1-1.5,1.2-1.5,2-2.5,2-8,3,3-4,8-10,8-11,age,apart,broadly,brown,calyx,capitate,centre,cm,conical,cordate,crenate,cup-shaped,curved,dark,darker,densely,ellipsoid,elliptic,enlarged,entire,erect,exerted,flattened,fleshy,flush,fruit,glabrous,gland-tipped,glandular,globose,greenish,herb,hollow,internodal,irregularly,lengthening,less,lobe,mature,minutely,mm,narrowly,nodding,orange,ovate,ovoid,pale,papillose,pitted,poricidal,principal,pubescent,purple,rachi,red,reddish,reflexed,shallowly,simple,single,slightly,slit,somewhat,sparsely,spreading,straight,strongly,subshrub,thin,tip,triangular,uniseriate,upward,vein,x	1.5-3,maturity,present
338	wfo-0001029769	success	142	116	74	85	57	31	70	4	.25,.5,0.5-1.5,1-1.2,1-3,1.5-2,1.5-2.5,2.5-3,3.5-4,4,4-5,5-8,6-17,7-8,8-9,acuminate,acute,anther,apex,bark,base,brochidodromu,brown,calyx,capitate,cm,conical,corolla,curl-tipped,cyathiform,dark,deflexed,deltoid,densely,elliptic,exserted,filament,fresh,fruiting,glabrous,globose,golden,green,horizontally,internodal,lateral,leaf,lobe,lobed,long,main,minutely,mm,nearly,opposite,ovary,ovoid-reniform,pair,pedicel,petiole,pitted,pore,poricidal,puberulent,pubescent,scar,shaped,shrub,simple,smooth,somewhat,sparsely,stigma,style,surface,swollen,tear-drop,tip,trichome,tube,unit,vein,white,wide,x	2.5-8,30-60-flowered,8.5-17,abaxially,adaxially,along,anthesi,apar,ape,archin,ba,bearing,berry,branch,cerro,dia,eaf,edicel,eed,filiform,flower,free,hen,inglÃ©,less,like,lon,lower,margin,midrib,nflorescence,older,onto,papillo,papillose,portion,reflexed,ried,ruit,scattered,spaced,stem,straight,tall,three,time,tub,two,ud,unevenly,unifoliat,uniseriate,widely,winged,woody,ympodial,young	abaxial,adaxial,apart,arching,branching,bud,colour,deflexion,diameter,dried,exsertion,form,fruit,growth,height,inflorescence,length,lobing,pattern,plant,position,pubescence,seed,shape,size,spacing,structure,sympodial,texture,unifoliate,venation	.25,.5,0.5-1.5,1-1.2,1-3,1.5-2,1.5-2.5,2.5-3,3.5-4,4,4-5,5-8,6-17,7-8,8-9,acuminate,acute,apex,base,brochidodromu,brown,calyx,capitate,cm,conical,curl-tipped,cyathiform,dark,deflexed,deltoid,densely,elliptic,exserted,fresh,glabrous,globose,golden,green,horizontally,internodal,lateral,leaf,lobed,long,main,minutely,mm,nearly,opposite,ovoid-reniform,pair,pitted,pore,poricidal,puberulent,pubescent,shaped,shrub,simple,smooth,somewhat,sparsely,swollen,tear-drop,tip,tube,vein,white,wide,x	apart,arching,dried,unifoliate
339	wfo-0001029780	invalid_json	204	159	NA	139	65	20	NA	NA	1-2,11-24,120-210,15-22,15-45,2-12,2-2.5,2-2.8,2-3.5,2-5.5,20-60,3,3-6,3.5-7.3,4-6,4.5-6,5-7,5.5-13,50-70,600-950,8-12,?,abaxially,absent,adaxially,along,anther,blade,borne,brownish,cell,chartaceous,ciliate,cm,condition,connivent,corolla,covering,dark,densely,diameter,distal,dorsally,drying,edge,end,especially,except,filament,flat,flower,folded,forked,fresh,fruit,generally,glabrous,gland,glandular,globose,greatly,green,green-white,greenish,hair,hair-like,half,head,herb,homostylous,interjected,lanceolate,lateral,leaflet,length,lengthening,like,longer,make,margin,membranous,midrib,minute,minutely,mm,mucilaginous,non-glandular,odd-pinnate,often,orbicular,ovate,ovoid,pair,pale,pedicel,peduncle,petiole,petiolulate,petiolule,pinkish,plant,pore,poricidal,proximal,puberulent,pubescent,rarely,reduced,ripe,rotate,seed,sessile,short,singly,size,slit,stem,stigma,straight,streak,stripe,style,subequal,terminal,testal,tetralobulate,thick,throughout,tip,trichome,tuber,typically,usually,wall,wet,white,whitish,x,yellow	1-1.2,1-10,1.4-1.9,1.5-2,2.4-4.2,5-merou,5.5,acumen,acute,ag,alyx,apart,apex,apparently,articulated,attenuate,axe,axillary,base,berry,bud,capitat,cordate,cuneate,decumbent,digestion,eaf,eed,enzyme,erec,exceeding,geminat,glabrou,hal,high,honeycomb-shaped,invested,living,lobe,long,lower,nflorescence,obtuse,orolla,perfect,plurifoliate,removed,ruit,seudostipule,spaced,specimen,stamen,ste,stolo,subtending,tall,tamen,tem,tri-,truncate,tube,unit,unwinged,vary,ympodial	5-merous,age,arrangement,branching,calyx,capitate,characteristic,colour,form,growth,height,inflorescence,leaf,ovary,presence,pseudostipule,shape,stolon,texture,value	NA	NA
340	wfo-0001029784	success	229	136	82	117	112	19	82	0	.5,0-4,0.1-0.15,0.1-0.2-0.3,0.1-0.5,0.2-0.3,0.2-0.7-1.2,0.25-0.3,0.3-0.35,0.3-0.4,0.3-0.5,0.4-0.45,0.4-0.5,0.4-0.6,0.5-1.2-2.5,0.5-1.5,0.6-1,0.9-1.2,1-1.1,1-1.5,1-4,1.0-1.3,1.5-3-5,1.7-2.6,2-2.5-5,2-4,2-5-14,3-5-8,5-10-12,abaxial,acute,anther,apical,appendage,articulation,base,bract,broadly,brown,calyx,capitate,cm,column,conical,corolla,crenate-serrate,dark,densely,developed,diameter,distal,eglandular,elliptic,filament,flower,fruit,fruiting,glabrous,globose,golden,green,hair-like,half,herb,imparipinnate,inflorescence,interjected,interrupted,larger,lateral,leaflet,like,lobe,long,long-acuminate,margin,mm,mostly,narrowly,node,obovate,orbicular,outgrowth,ovary,pair,pale,pedicel,peduncle,pentagonal,perennial,petiole,petiolule,present,primary,pseudostipule,pubescence,pubescent,simple,soft,sparsely,staminal,stem,sterile,stigma,stripe,style,terminal,trichome,truncate,tube,unicellular,usually,velvety,white,wide,x,yellow	.1,.2,0.2,0.2-0.5,0.3-1,0.4-1-2,0.5,1,1-1.2,1-2,1-2-4.5,1-2-celled,1-2.5-3.5,1/3,2,2-3-celled,2-foliate,2-locular,2/3,abaxially,absent,abundant,acuminate,adaxially,adpressed,along,angled,anthesi,apex,appearance,arising,articulated,axi,basal,basicopically,beneath,berry,cell,crenation,decurrent,deeper,distributed,due,eaf,edicel,eed,enclosing,entire,evenly,exserted,giving,glabrescent,glandular,gree,hal,halfway,head,included,internode,interspersed,irregularly,lamina,lanceolate,live,lon,loosely,lower,markedly,maturing,multicellular,nflorescence,northern,occasionally,often,paler,patent,plant,population,proximal,rarely,reflexed,ripe,robust,ruit,scattered,secondary,sessile,silky,smaller,sometimes,somewhat,sparse,spreadin,stout,straight,strongly,surface,tem,tertiary,testa,thick,trailing,ud,undulate,uniseriate,unit,unseriate,vein,wall,winged,woody,ympodial	adaxial,arrangement,branching,bud,colour,form,growth,history,leaf,length,life,number,presence,seed,shape,size,thicknes,type,width	.5,0-4,0.1-0.15,0.1-0.2-0.3,0.1-0.5,0.2-0.3,0.2-0.7-1.2,0.25-0.3,0.3-0.35,0.3-0.4,0.3-0.5,0.4-0.45,0.4-0.5,0.4-0.6,0.5-1.2-2.5,0.5-1.5,0.6-1,0.9-1.2,1-1.1,1-1.5,1-4,1.0-1.3,1.5-3-5,1.7-2.6,2-2.5-5,2-4,2-5-14,3-5-8,5-10-12,acute,broadly,brown,capitate,cm,conical,crenate-serrate,dark,densely,developed,distal,eglandular,elliptic,glabrous,globose,golden,green,hair-like,half,herb,imparipinnate,interrupted,larger,lateral,like,long,long-acuminate,mm,mostly,narrowly,node,obovate,orbicular,outgrowth,pair,pale,pentagonal,perennial,present,pubescent,simple,soft,sparsely,stem,stripe,truncate,unicellular,usually,velvety,white,wide,x,yellow	
341	wfo-0001029785	success	223	121	83	103	120	18	82	1	0-2,0-3,0.1-0.5,0.8-1,1-1.2,1-2,1.2-3.2,1.5-3.6,1.8-3.5,1.8-7,10-26,2-4,3-6,3-8,3.5-5,3.8-7.2,4-10.5,5-16,5-9,6,8-11,abaxially,absent,adaxially,along,anther,blade,borne,broadly,brownish,chartaceous,cm,commonly,condition,corolla,dark,darker,denser,diameter,drying,elliptic,end,filament,flower,forked,fresh,fruit,glabrous,globose,green,greenish,hair,herb,homostylous,interjected,lanceolate,lateral,leaf,leaflet,long,margin,membranous,minute,mm,mottled,multiple-celled,non-glandular,obovate,odd-pinnate,outer,ovate,ovoid,pair,pedicel,peduncle,petiole,plant,pore,poricidal,pubescent,purple,purple-tinged,ripe,rounded,scale-like,seed,short,singly,size,slightly,sparsely,stem,style,terminal,tip,tuber,typically,unbranched,vein,violet,whitish,wide,x	0.3-2.2,0.4-4.9,1-10,1-5,3-4,5-merou,acumen,acute,ag,alyx,apart,apex,apparently,articulation,attenuate,axe,axillary,base,berry,bud,capitat,cell,clavate,connivent,cordate,covering,cuneate,decreasing,decumbent,digestion,distal,dorsally,eaf,edge,eed,enzyme,erec,especially,exceeding,flat,folded,geminat,generally,glabrou,greatly,green-white,hair-like,half,honeycomb-shaped,invested,larger,lengthening,like,living,lobe,lower,make,markedly,medium,middle,midrib,minutely,much,mucilaginous,nflorescence,oblique,obtuse,one-quarte,orbicular,orolla,pale,pentagonal,perfect,petiolulate,petiolule,plurifoliate,point,present,puberulent,quite,rarely,removed,rotate,ruit,sessile,seudostipule,shallowly,slit,sometimes,spaced,specimen,stamen,ste,stigma,stolo,straight,stripe,subglabrous,subtending,tall,tamen,tem,testal,thick,throughout,toward,tri-,truncate,tube,unequal,unit,unwinged,usually,variable,vary,wall,wet,white,yellow,ympodial	arrangement,branching,calyx,colour,form,glabrousnes,growth,height,inflorescence,length,ovary,presence,pseudostipule,shape,staman,stolon,symmetry,texture	0-2,0-3,0.1-0.5,0.8-1,1-1.2,1-2,1.2-3.2,1.5-3.6,1.8-3.5,1.8-7,10-26,2-4,3-6,3-8,3.5-5,3.8-7.2,4-10.5,5-16,5-9,6,8-11,abaxially,absent,adaxially,along,borne,broadly,brownish,chartaceous,cm,commonly,condition,corolla,dark,darker,denser,drying,elliptic,end,forked,fresh,glabrous,globose,green,greenish,hair,herb,homostylous,lanceolate,long,margin,membranous,minute,mm,mottled,multiple-celled,non-glandular,obovate,odd-pinnate,outer,ovate,ovoid,poricidal,pubescent,purple,purple-tinged,ripe,rounded,scale-like,short,singly,slightly,sparsely,stem,tip,typically,unbranched,vein,violet,whitish,wide,x	stolon
342	wfo-0001029789	success	167	92	52	73	94	19	51	1	0.2-0.5,0.5-2.8,0.8-3.5,1-10,1-3,1.7-8.5,1.8-6.5,12,2-25,2-6,2-6.5,2.7-4.7,3-8.5,4-10,4-13,5-7,7-16.6,7-21,8-9,abaxially,adaxially,anther,blade,blue,chartaceous,clavate,cm,corolla,diameter,distal,filament,flower,forked,glabrous,hair,half,herb,interjected,lanceolate,lateral,leaf,leaflet,lilac,membranous,minute,minutely,mm,odd-pinnate,orbicular,ovary,ovate,pedicel,peduncle,pentagonal,petiole,plant,pore,poricidal,pubescent,rachi,rotate,simple,size,sparsely,stigma,straight,style,subglabrous,terminal,tip,typically,white,x	0-2,1-2,1.5-2,2-3,3-5,5-merou,6,6-7,acumen,acuminate,acute,adaxiall,ag,alyx,apart,apex,apparently,articulated,attenuate,axe,axillary,base,basiscopic,broadly,bud,capitat,connivent,dark,decreasing,decurrent,dorsally,eaf,edge,eed,erec,exceeding,flat,folded,formed,fruit,geminat,generally,greatly,green,hal,homostylous,lant,lengthening,light,like,linear,lobe,long,long-attenuate,lower,lunate,maturing,mottled,narrowly,never,nflorescence,orolla,pair,perfect,petiolulate,plurifoliate,pubescen,purpl,rarely,sessile,seudostipule,short,side,slightly,slit,spaced,stamen,star,ste,sterile,subequal,subtending,tall,tamen,tem,tinged,toward,tri-,tube,unit,usually,vary,yellow,ympodial	arrangement,articulation,branching,capitate,colour,density,form,growth,height,inflorescence,length,number,pseudostipule,shape,spacing,staman,stem,texture,type	0.2-0.5,0.5-2.8,0.8-3.5,1-10,1-3,1.7-8.5,1.8-6.5,12,2-25,2-6,2-6.5,2.7-4.7,3-8.5,4-10,4-13,5-7,7-16.6,7-21,8-9,abaxially,adaxially,blue,chartaceous,clavate,cm,distal,forked,glabrous,half,herb,lanceolate,lilac,membranous,minute,minutely,mm,odd-pinnate,orbicular,ovate,pentagonal,poricidal,pubescent,rotate,simple,sparsely,straight,subglabrous,tip,typically,white,x	capitate
343	wfo-0001029810	success	149	101	72	81	68	20	66	6	0.5-3,1-1.3,1-1.5,1-10,1-2,1-3,1.1-2.3,1.5-3,2-3,2-5,2.5-3,3-3.5,3-4,4-10,5-6,acuminate,acute,adaxially,along,anther,apex,apically,arachnoid,attenuate,base,calyx,capitate,cm,conical,corolla,dark,dendritic,dia,elliptic,filament,fruiting,glabrous,globose,green,inflorescence,internodal,leaf,lobed,long,minor,minutely,mm,narrowly,nearly,occasionally,opposite,ovary,ovoid-reniform,pale,papillose,pedicel,petiole,pitted,pointed,pore,pubescent,reddish-brown,shaped,shining,shrub,size,slender,small,sparsely,stigma,style,surface,tan,tapering,tear-drop,tree,trichome,tube,vein,white,wide	.25,.5,0.5-1,3-6,5-15-flowered,5-16,8-12,abaxially,anthesi,ape,bark,berry,brown,closely,compact,compressed,congested,deflexed,deltate,densely,differing,difoliate,drying,eaf,edicel,eed,ellipsoid,exserted,fleshy,free,geminat,glabrou,large,later,lateral,lenticel,less,like,lobe,lon,lower,main,major,margin,middle,nflorescence,older,overlappin,papillo,planar,poricidal,portion,rest,ruit,scar,simple,spaced,stem,tall,tip,tub,ud,unit,widest,woody,yellowish,ympodial,young	0.25,0.5,1.5,5-15,colour,diameter,flower,form,fruit,growth,height,length,number,plant,position,seed,shape,texture,type,width	0.5-3,1-1.3,1-1.5,1-10,1-2,1-3,1.1-2.3,1.5-3,2-3,2-5,2.5-3,3-4,4-10,5-6,acuminate,acute,adaxially,along,apex,apically,arachnoid,attenuate,base,calyx,capitate,cm,conical,dark,dendritic,dia,elliptic,glabrous,globose,green,internodal,leaf,lobed,long,minutely,mm,narrowly,nearly,occasionally,opposite,ovoid-reniform,pale,papillose,pitted,pointed,pubescent,reddish-brown,shaped,shining,shrub,slender,small,sparsely,tan,tapering,tear-drop,tree,trichome,tube,vein,white,wide	-3.5,0.25,0.5,1.5,5-15,di
344	wfo-0001029811	success	224	83	44	59	165	24	43	1	0,0-35,1.5-6,15-23,7-9,abaxial,acicular,adaxial,anther,articulated,base,berry,brown,calyx,chartaceous,cm,connivent,cordate,cuneate,dark,elongating,equal,flattened-reniform,fruit,fruiting,glabrous,hair,herb,lateral,leaf,length,lobed,long,margin,marking,mature,maturity,mauve,mm,moderately,orange-brown,ovate,pedicel,peduncle,per,petiole,poricidal,prickle,shrub,simple,sometimes,spherical,stellate-pubescent,stem,straight,tapering,tip,unbranched,yellow	-3,-merous,.5,/3,0-30,0.1-0.3,0.1-0.4,0.2,0.2-0.6,0.3-1,0.3-1.5,0.5-2,0.8-1.5,1,1-1.5,1-2.5,1-3,1.3-1.7,1.5-2.5,1/,1/2-2/3,1/3,1/3-2/3,10-22,13-20,15-50,2-2.5,2-5,2-5.5,2.5-3,2.8-3.2,20-100,3-5,3-5.5,3-7,3.5-4.5,4-8,4.5-5,5-11,5-17,5-40,5-6,5-9,6-12,7-18,8-12,8-18,abaxially,alyx,andromonoecious,apar,apart,apex,apically,apparently,bark,blade,broad-deltate,cell,cream,densely,diameter,discolorous,distal,distance,drying,eaf,eed,elongate,erect,extending,eye,faint,fewer,filament,flattened,flower,free,glandular,green,green-brow,hermaphrodite,heterostylous,inflated,infructescence,less,lobe,lobing,long-acuminat,long-styled,longer,lower,lowermost,midpoint,midvein,minute,multangulate,naked,narrow-deltate,nflorescence,obtuse,often,older,one,open,orolla,oung,outline,pair,pale,pendulous,pericarp,perpendicular,pit,plant,plurifoliat,porrect,portion,prickl,prickly,primary,raised,ray,ruit,scandent,scar,secondary,sessile,short,short-styled,shorter,side,slightly,small,smooth,spaced,sparsely,spreading,stalk,stalked,staminat,stellate,stout,style,surface,tamen,terete,tertiary,time,trichome,tube,unarmed,unit,upper,usually,vary,vein,venation,visible,way,wide,woody,yellow-green,ympodial,young	articulation,bract,branching,colour,corolla,form,growth,heteromorphism,inflorescence,insertion,na,number,odour,orientation,placement,pore,position,seed,shape,spot,staman,symmetry,texture,type	0,0-35,1.5-6,15-23,7-9,acicular,articulated,base,berry,brown,chartaceous,cm,connivent,cordate,cuneate,dark,elongating,equal,flattened-reniform,glabrous,herb,lateral,lobed,long,maturity,mauve,mm,moderately,orange-brown,ovate,per,poricidal,shrub,simple,sometimes,spherical,stellate-pubescent,stem,straight,tapering,tip,unbranched,yellow	na
345	wfo-0001029978	success	208	146	107	124	84	22	104	3	0.3-0.4,0.5-0.6,0.8,0.9-2.3,1-10,1-2,1.3-1.5,1.4-1.5,1.5-3.1,11-19,15-27,2-4,3-5,3-7,3.1-6.3,3.2-2.5,3.5-9.5,3.7-8.1,4-11,4-7,4.2-5.2,5,5-16.5,8-10,abaxially,adaxially,anther,apart,articulated,base,berry,blade,brownish,cell,chartaceous,clavate,cm,coarsely,condition,conical,connivent,corolla,dark,decreasing,diameter,digestion,distal,dorsally,drying,edge,enzyme,filament,finely,flat,flower,folded,forked,fresh,fruit,glabrous,gradually,green,greenish,hair,herb,homostylous,honeycomb-shaped,interjected,lanceolate,lateral,leaf,leaflet,lengthening,less,light,like,lobe,long,medium,membranous,middle,minute,minutely,mm,moniliform,mottled,odd-pinnate,orbicular,ovate,ovoid,pedicel,peduncle,pentagonal,petiole,plant,pore,poricidal,puberulent,pubescent,purple,removed,ripe,rotate,seed,simple,size,slit,sparsely,stem,stigma,straight,style,subequal,terminal,testal,tip,toward,tube,tuber,wall,whitish,wide,wing,x	0.3-0.7,0.7-1.9,1.8-5,5-merou,acumen,acuminate,ag,along,alyx,apex,apparently,arranged,asymmetrical,attenuate,axe,axillary,basiscopic,bead,bud,capitat,ciliate,commonly,covering,darker,eaf,eed,elliptic,erec,especially,exceeding,fourt,geminat,generally,glabrou,green-white,hair-like,half,larger,living,lower,make,margin,midrib,mucilaginous,multiple,narrow,necklace,nflorescence,orolla,pair,perfect,petiolule,plurifoliate,pubescen,ray,ruit,secondary,semierect,sessile,seudostipule,side,slightly,spaced,specimen,stamen,ste,stolon,subsessile,subtending,symmetrical,tall,tamen,tem,thick,throughout,tissue,tri-,typically,unit,usually,vary,wet,yellow,ympodial	age,arrangement,articulation,branching,calyx,capitate,colour,form,fourth,growth,height,inflorescence,length,number,ovary,pseudostipule,pubescence,shape,spacing,staman,texture,width	0.3-0.4,0.5-0.6,0.8,0.9-2.3,1-10,1-2,1.3-1.5,1.4-1.5,1.5-3.1,11-19,15-27,2-4,3-5,3-7,3.1-6.3,3.2-2.5,3.5-9.5,3.7-8.1,4-11,4-7,4.2-5.2,5,5-16.5,8-10,abaxially,adaxially,apart,articulated,base,berry,brownish,chartaceous,clavate,cm,coarsely,condition,conical,connivent,dark,decreasing,diameter,digestion,distal,dorsally,drying,enzyme,finely,flat,flower,folded,forked,fresh,fruit,glabrous,gradually,green,greenish,hair,herb,homostylous,honeycomb-shaped,lanceolate,lateral,leaf,leaflet,lengthening,less,light,like,long,medium,membranous,middle,minute,minutely,mm,moniliform,mottled,odd-pinnate,orbicular,ovate,ovoid,pentagonal,pore,poricidal,puberulent,pubescent,purple,removed,ripe,rotate,simple,size,slit,sparsely,stem,straight,subequal,tip,toward,wall,whitish,wide,x	age,capitate,fourth
346	wfo-0001029980	success	173	158	117	137	36	21	113	4	.1,.5,0.1-0.25,0.25-0.5,0.25-1,0.5-1,0.5-1.2,0.5-2.5,0.5-5,0.7-1.3,0.8-1.2,0.9-4.5,1-1.5,1-1.7,1.2-2.5,1.5-2,1.5-6,2-5,2/3,3-4,3-9,5-10,5-50-flowered,6.4-17,acute,anther,apex,appearing,appressed,bark,base,berry,black,bright,brown,bud,calyx,cm,conical,corolla,curved,dark,decurrent,deflexed,deltoid,density,dia,difoliate,dried,elliptic,especially,exserted,filament,five,flattened-reniform,fruiting,glabrous,globose,gray,greatly,green,greenish-white,incrassate,knob,lateral,leaf,live,lobe,lobed,long,main,major,margin,material,middle,minor,minutely,mm,near,node,older,one,onto,opposite,orbicular,ovary,ovate,pair,pale,paler,papillose,pedicel,petiole,pitted,plant,pore,poricidal,proximal,puberulent,rounded,scar,shape,shaped,shiny,shrub,side,simple,size,slender,slightly,small-capitate,somewhat,soon,stem,stigma,straight,style,surface,tan,tapering,tear-drop,tip,trichome,tube,tuft,unicellular,uniseriate,unit,varying,vein,way,white,widest,winged,woody,x,young	2-6,abaxially,adaxially,anthesi,apar,axil,ba,closely,differing,drying,eaf,edicel,eed,elevation,free,geminat,high,impressed,lon,lower,nflorescence,often,overlapping,portion,prominent,race,reflexed,ruit,spaced,specimen,tall,ud,venezuelan,whit,yellowish,ympodial	abaxial,apart,colour,flower,form,fruit,geminate,growth,hair,height,inflorescence,length,part,placement,position,seed,spacing,structure,sympodial,texture,type	.1,.5,0.1-0.25,0.25-0.5,0.25-1,0.5-1,0.5-1.2,0.5-2.5,0.5-5,0.7-1.3,0.8-1.2,0.9-4.5,1-1.5,1.2-2.5,1.5-2,1.5-6,2-5,2/3,3-4,3-9,5-10,5-50-flowered,6.4-17,acute,appearing,appressed,base,berry,black,bright,brown,bud,calyx,cm,conical,curved,dark,decurrent,deflexed,deltoid,dia,difoliate,dried,elliptic,especially,exserted,five,flattened-reniform,glabrous,globose,gray,greatly,green,greenish-white,incrassate,knob,lateral,leaf,live,lobed,long,main,material,middle,minutely,mm,near,node,one,onto,opposite,orbicular,ovate,pair,pale,paler,papillose,petiole,pitted,plant,pore,poricidal,proximal,puberulent,rounded,shaped,shiny,shrub,side,simple,slender,slightly,small-capitate,somewhat,soon,straight,tan,tapering,tear-drop,tip,trichome,tube,tuft,unicellular,uniseriate,varying,vein,way,white,winged,woody,x,young	-1.7,apart,di,geminate
347	wfo-0001029989	success	161	122	83	96	65	26	79	4	.2,.5,/2,0.25-0.5,0.5-1,0.5-1.5,1-2,1-2.5,1.3-2.3,1.5-2.5,10-14,2.5-3,3-5,3-8,3.5-8,4-4.5,5-6,7-20,abaxial,anther,apex,bark,base,calyx,capitate,central,closely,cm,conical,corolla,deflexed,dendritic,densely,difoliate,elliptic,erect,exserted,filament,flattened,fruiting,glabrous,globose,golden,gray,green,greenish-black,incrassate,inflorescence,internodal,lateral,leaf,lenticular,lobed,long,main,margin,minutely,mm,nearly,northern,occasionally,opposite,ovary,pair,pedicel,perÃº,petiole,pitted,population,pore,pubescence,pubescent,scar,shaped,shining,short-style,shrub,simple,small,somewhat,spaced,sparsely,stem,stigma,style,surface,tear-drop,tree,tree-like,trichome,tube,unifoliate,unit,vein,way,white	1-1.5,1-4,5-10-flowered,abaxially,acute,adaxially,anthesi,berry,branch,branched,broadly,brownish-re,collection,congested,deltoid,dense,described,dia,dimaeter,discussion,drying,due,eaf,edicel,eed,fleshy,free,geminat,heteromorphic,inflorescenc,lamina,like,lobe,lon,lower,middle,nflorescence,nodding,older,overlappin,papillo,peru,peruvian,petal,petaloid,planar,poricidal,portion,probably,reddish,reddish-brown,rest,ruit,scattered,see,tall,tip,ud,wide,widest,woody,x,yellow,ympodial,young	adaxial,branching,brownish-red,bud,colour,diameter,exsertion,form,fruit,growth,height,heteromorphism,length,orientation,overlapping,papillose,plant,position,present,seed,shape,structure,sympodial,texture,venation,width	.2,.5,/2,0.25-0.5,0.5-1,0.5-1.5,1-2,1-2.5,1.3-2.3,1.5-2.5,10-14,2.5-3,3-5,3-8,3.5-8,4-4.5,5-6,7-20,apex,base,calyx,capitate,central,closely,cm,conical,deflexed,dendritic,densely,difoliate,elliptic,erect,exserted,flattened,glabrous,globose,golden,gray,green,greenish-black,incrassate,internodal,lateral,leaf,lenticular,lobed,long,main,margin,minutely,mm,nearly,northern,occasionally,opposite,pair,perÃº,pitted,population,pubescent,shaped,shining,short-style,shrub,simple,small,somewhat,spaced,sparsely,style,tear-drop,tree,tree-like,trichome,tube,unifoliate,vein,way,white	brownish-red,overlapping,papillose,present
348	wfo-0001030000	success	146	133	91	102	44	31	86	5	-4,0.5-1,0.5-14,0.5-3,1-10,1-2,1.5-2,1.5-2.5-3.5,1.5-3-16,10-20,15-25,2-2.5,2-3,2-4,2-5,2.5-4-4.5-7,25-30-50,3-4,3.5-5,4-5,7-15,abaxially,acute,adaxially,also,apart,apex,apiculate,articulated,base,calyx,chartaceous,cm,connective,coriaceous,cucullate,deltate,densely,dia,diameter,dilated,directed,distally,eglandular,ellipsoidal,flattened,flower,fruit,glabrous,globose,green,hair,immature,laterally,lobe,long,margin,mature,mm,moderately,narrowly,oblong,obtuse,occasionally,orange,ovoid,pedicel,peduncle,perfect,pilose,pore,puberulent,pubescent,purplish,rachi,radiu,rarely,shrub,slightly,small,sparsely,spotted,stellate,stigma,strongly,style,subcoriaceous,tinge,tip,tomentose,tree,triangular,truncate,tube,umbrella-shaped,unbranched,unit,white,x,yellow,yellow-brown,yellowish	-pilose,0.5-2-2.5,1,1-2.5-3,10-30-50,3-4-foliat,absent,aggregate,ape,axe,biglandula,cell,ciliat,connivent,conspicuous,creamy-whit,eed,equal,exceeding,leaving,lon,lower,nflorescence,nther,orolla,pedicellar,produced,pubescen,remnant,ruit,scar,shorter,smal,spaced,stamen,stone,swelling,tal,tem,thecae,ud,vary,wide,ympodial	30-50,4-foliate,abaxial,anther,articulation,biglandular,branching,bud,ciliate,colour,corolla,creamy-white,direction,form,growth,height,inflorescence,length,number,ovary,plant,position,seed,shape,spacing,stem,structure,sympodial,texture,theca,type	-4,0.5-1,0.5-14,0.5-3,1-10,1-2,1.5-2,1.5-2.5-3.5,1.5-3-16,10-20,15-25,2-2.5,2-3,2-4,2-5,2.5-4-4.5-7,25-30-50,3-4,3.5-5,4-5,7-15,abaxially,acute,adaxially,also,apart,apex,apiculate,articulated,base,chartaceous,cm,coriaceous,cucullate,deltate,densely,dia,dilated,directed,distally,eglandular,ellipsoidal,flattened,glabrous,globose,green,hair,immature,laterally,long,mature,mm,moderately,narrowly,oblong,obtuse,occasionally,orange,ovoid,perfect,pilose,puberulent,pubescent,purplish,rarely,shrub,slightly,small,sparsely,spotted,stellate,strongly,subcoriaceous,tinge,tip,tomentose,tree,triangular,truncate,umbrella-shaped,unbranched,white,x,yellow,yellow-brown,yellowish	30-50,4-foliate,biglandular,ciliate,creamy-white
349	wfo-0001030000	success	167	142	107	116	51	26	104	3	-pilose,0.5-1,0.5-1-5,0.5-13,0.5-14,0.5-3,1,1-10,1-2,1.5-3-16,15-25,2-2.5,2-5,25-30-50,3-4,3.5-5,4-5,abaxially,absent,acuminate,acute,adaxially,also,apex,apiculate,articulated,basal,base,calyx,chartaceous,cm,connective,connivent,conspicuous,cordate,coriaceous,deltate,densely,dia,diameter,dilated,directed,distally,eglandular,ellipsoidal,elliptic,entire,equal,exceeding,flattened,flower,fruit,glabrescent,glabrous,globose,green,hair,immature,laterally,leaving,lobe,long,margin,mature,mm,moderately,oblique,oblong,obtuse,occasionally,often,orange,ovate,ovoid,pedicel,pedicellar,peduncle,petiole,pilose,pore,produced,puberulent,pubescent,purplish,rachi,radiu,rarely,remnant,scar,shorter,shrub,simple,slightly,small,sparsely,spotted,stellate,stigma,strongly,style,subcoriaceous,swelling,thecae,tinge,tip,tree,truncate,umbrella-shaped,unbranched,vein,white,wide,x,yellow,yellow-brown,yellowish	-4,0.5-2-2.5,1-1.5-2,1-2.5-3,1.5-2,1.5-2.5-3.5,10-20,10-30-50,2-3,2-4,2-4-25,2.5-4-4.5-7,3-4-foliat,3-5-25,7-15,aggregate,apart,ape,axe,biglandula,blade,cell,ciliat,creamy-whit,cucullate,eaf,eed,lon,lower,narrowly,nflorescence,nther,orolla,perfect,pilo,pubescen,ruit,smal,spaced,stamen,stone,tal,tem,time,tomentose,triangular,tube,ud,unit,vary,ympodial	30-50,anther,arrangement,articulation,biglandular,branching,bud,colour,corolla,creamy-white,direction,form,growth,height,inflorescence,leaf,length,number,ovary,plant,seed,shape,size,stem,texture,theca	-pilose,0.5-1,0.5-1-5,0.5-13,0.5-14,0.5-3,1,1-10,1-2,1.5-3-16,15-25,2-2.5,2-5,25-30-50,3-4,3.5-5,4-5,abaxially,absent,acuminate,acute,adaxially,also,apex,apiculate,articulated,basal,base,chartaceous,cm,connivent,conspicuous,cordate,coriaceous,deltate,densely,dia,dilated,directed,distally,eglandular,ellipsoidal,elliptic,entire,equal,exceeding,flattened,fruit,glabrescent,glabrous,globose,green,hair,immature,laterally,leaving,lobe,long,mature,mm,moderately,oblique,oblong,obtuse,occasionally,often,orange,ovate,ovoid,pedicellar,pilose,produced,puberulent,pubescent,purplish,rachi,rarely,remnant,scar,shorter,shrub,simple,slightly,small,sparsely,spotted,stellate,strongly,subcoriaceous,swelling,thecae,tinge,tip,tree,truncate,umbrella-shaped,unbranched,vein,white,wide,x,yellow,yellow-brown,yellowish	30-50,biglandular,creamy-white
350	wfo-0001030004	success	177	104	67	85	92	19	61	6	0-0.5,0-1.5,0.2-1,0.8-1.1,1-1.5,1-2,1.2-2,1.5-2.5,15,2-20,3-3.5,3-4,3.5-5,4-15,5-25,9-30,abaxial,across,acute,anther,bark,base,branched,branching,calyx,capitate,cm,corolla,dendritic,densely,dia,elliptic,exserted,filament,flattened-reniform,fleshy,fruiting,glabrous,globose,green,inflorescence,later,lateral,leaf,lobed,long,loose,many,minutely,mm,nearly,obovate,obovoid,ovary,pale,pedicel,petiole,plant,pore,pubescence,pubescent,scar,seed,sessile,shaped,shrub,small,sparsely,stem,stigma,strongly,style,surface,tan,tear-drop,terminal,time,translucent,tree,trichome,tube,white,wide,x,yellowish-green	.3,0.3-1,15-20,20-200-flowered,abaxially,acuminate,adaxially,along,always,anthesi,apar,apex,appearanc,axillary,barely,basal,berry,blade,body,broadly,bushy,collection,cone,conical,crotaloid,decurrent,deltate,dense,denser,diamete,distal,drying,eaf,edicel,eed,erect,especially,flat,free,giving,greenish-yello,hard,incrassate,juvenile,knob,lamina,large,like,lobe,lower,main,margin,middle,much,nflorescence,occasionally,often,older,onto,pair,papillate,papillo,pericarp,pitted,planar,plurifoliate,poricidal,portion,possessing,prominent,rest,ruit,simple,spaced,stout,surpassing,tall,thick,thin,tip,tub,tuft,ud,unevenly,variously,vein,widest,winged,woody,yellowish,ympodia,young	adaxial,apart,bud,colour,diameter,exsertion,form,fruit,greenish-yellow,growth,height,length,papillose,position,shape,size,spacing,texture,width	0-0.5,0-1.5,0.2-1,1-1.5,1-2,1.2-2,1.5-2.5,15,2-20,3-3.5,3.5-5,4-15,5-25,9-30,across,acute,base,branched,calyx,capitate,cm,dendritic,densely,elliptic,exserted,flattened-reniform,fleshy,glabrous,globose,green,later,lateral,lobed,long,loose,many,minutely,mm,nearly,obovate,obovoid,pale,pubescent,sessile,shaped,shrub,small,sparsely,strongly,tan,tear-drop,terminal,time,translucent,tree,trichome,tube,white,wide,x,yellowish-green	-4,.8-1.1,apart,di,greenish-yellow,papillose
351	wfo-0001030007	success	168	140	112	125	43	15	110	2	.05,.4,.5,0.1-0.5,0.2-1,0.8-1,1-1.5,1-15,1-2,1.5-5,1.6-2.2,15-20,2-4,2-7,3-5,3/4,4.5-5,7-10,7-9,acuminate,acute,along,anther,anthesi,apart,apex,base,becoming,beneath,berry,branched,brown,bud,calyx,campanulate,clavate,closely,cm,corolla,densely,dia,dry,elliptic,exserted,filament,flattened,fleshy,fruiting,glabrate,glabrous,globose,golden,golden-pubescent,green,incrassate,lateral,leaf,like,live,lobed,long,longer,main,major,margin,material,middle,midrib,minor,minutely,mm,oblique,obovoid,occasionally,older,one,onto,opposite,outline,ovary,pair,pale,papillose,pedicel,petiole,pitted,plant,pore,poricidal,pubescent,raised,reniform,rest,rounded,scar,shaped,short,shrub,slightly,small,soft,soon,spaced,sparsely,specimen,stem,stigma,style,surface,tear-drop,thick,tip,tree,trichome,tube,two,type,uniseriate,vein,way,white,widest,winged,x,young	0.5-1,6-10-flowered,abrupt,ba,bark,broadly,cork,dark,decurrent,deltoid,difoliate,edicel,eed,erect,free,geminateleaf,gre,hooded,impressed,inflorescenc,lobe,lon,lower,nflorescence,papillo,planar,portion,prominent,ruit,shorter,simple,slender,straight,tall,tapering,thickened,trunk,tub,ud,unit,widening,woody,ympodial	colour,corky,development,form,fruit,growth,hair,height,inflorescence,length,position,seed,shape,size,texture	.05,.4,.5,0.1-0.5,0.2-1,0.8-1,1-1.5,1-15,1-2,1.5-5,1.6-2.2,15-20,2-4,2-7,3-5,3/4,4.5-5,7-10,7-9,acuminate,acute,along,apart,base,becoming,beneath,berry,branched,brown,bud,calyx,campanulate,clavate,closely,cm,corolla,densely,dia,dry,elliptic,exserted,flattened,fleshy,glabrate,glabrous,globose,golden,golden-pubescent,green,incrassate,lateral,leaf,like,live,lobed,long,longer,main,major,material,middle,midrib,minutely,mm,oblique,obovoid,occasionally,one,onto,opposite,outline,pair,pale,papillose,petiole,pitted,plant,pore,poricidal,pubescent,raised,reniform,rest,rounded,shaped,short,shrub,slightly,small,soft,soon,spaced,sparsely,specimen,stem,tear-drop,thick,tip,tree,trichome,two,type,uniseriate,vein,way,white,widest,winged,x,young	corky,inflorescence
352	wfo-0001030010	success	156	68	45	54	102	14	43	2	/4,0.5-5,0.9-1.1,1-1.3,1-1.5,1.2-1.5,1.5-2,10-15,2-7,2.5,20-40,4-4.5,anther,attenuate,base,berry,calyx,cm,corolla,cyathiform,dia,filament,fruit,fruiting,furcate,glabrous,globose,leaf,lobed,long,minutely,mm,obovate,often,opposite,ovoid-reniform,pedicel,petiole,pore,puberulent,reddish,shaped,shrub,simple,size,small,surface,tear-drop,tiny,tree,trichome,way,white,x	.5,.75,0.7-1,1-2,10-50-flowered,11-12,2-2.2,3-5,5-7,7-10,acuminate,acute,anthesi,apex,appearing,area,bark,basal,beneath,brown,bud,closely,dark,deciduous,decurrent,deflexed,deltate,differing,difoliate,distal,dry,eaf,edicel,eed,ellipsoid,exserted,f,fleshy,free,geminat,glabrate,green,grey,hooded,lateral,lobe,lon,lower,m.,main,major,margin,materia,material,middle,midrib,minor,minute,near,nearly,nflorescence,occasionally,older,one,orange,ovary,overlappin,pair,papillose,persistent,pitted,planar,poricidal,portion,prominent,rather,ruit,scar,shin,slightly,smooth,soon,spaced,stem,stigma,straight,styl,style,tall,tapering,tip,trunk,tube,ud,uniseriate,unit,vein,widest,winged,woody,ympodial,young	branching,colour,form,growth,hair,height,inflorescence,length,plant,position,seed,shape,texture,type	/4,0.5-5,0.9-1.1,1-1.3,1-1.5,1.2-1.5,1.5-2,10-15,2-7,2.5,20-40,4-4.5,attenuate,base,berry,cm,cyathiform,furcate,glabrous,globose,leaf,lobed,long,minutely,mm,obovate,often,opposite,ovoid-reniform,puberulent,reddish,shaped,shrub,simple,small,surface,tear-drop,tiny,tree,trichome,way,white,x	.5-2,di
353	wfo-0001030023	success	168	120	76	87	81	33	70	6	0.5-1,1,1-8,1.5-7,10-25,13-20,2-3,2.5-3.5,20-30,3-4.5,3-5,4,4-12,5-6,6-7,7-9,acute,adaxially,apex,apiculate,base,branched,calyx,cm,connective,cordate,cuneate,cylindrical,deeply,densely,diameter,dilated,distally,ellipsoidal,elliptic,entire,especially,finely,flattened,fruit,glabrous,glandular-puberulent,globose,greenish-white,hair,highly,lanceolate,lobe,margin,membranaceous,mm,moderately,narrowly,near,oblique,oblong,occasionally,often,ovate,pedicel,peduncle,peltiform,petiole,pore,probably,puberulent,pubescent,purplish-,rachi,radiu,short-acuminate,simple,somewhat,sparsely,stellate,stigma,style,subcoriaceous,tip,tree,triangular,truncate,unit,unknown,x,yellowish,young	-,0-100+,1-2,1-4-10,1.5-2,10-30-50+,12-18,2,4-foliat,5,5-11-40+,5-16,6-26,abaxially,aggregate,apart,ape,articulated,axe,basal,beyond,blade,capitat,cell,ciliate,color,connivent,denser,directed,eaf,eed,exceeding,except,exserted,fleshy,flower,forked,glandular-puberulen,leaving,lon,long,loosely,lower,main,narrow,nflorescence,nther,obtuse,orolla,pedicellar,perfect,presen,present,prominent,pubescen,pubescence,pubescent-pilo,remnant,ripe,ruit,shorter,slightly,small,spaced,stamen,stone,swelling,tal,tem,thecae,time,tube,ud,unbranched,unknow,usually,vary,vein,villous,wide,ympodial	1-10,10-50+,4-foliate,5-40+,abaxial,adaxial,anther,articulation,branching,bud,capitate,colour,corolla,direction,form,growth,height,inflorescence,leaf,length,ovary,plant,pubescent-pilose,seed,shape,size,spacing,stem,structure,sympodial,texture,theca,type	0.5-1,1,1-8,1.5-7,10-25,13-20,2-3,2.5-3.5,20-30,3-4.5,3-5,4,4-12,5-6,6-7,7-9,acute,adaxially,apiculate,base,branched,cm,cordate,cuneate,cylindrical,deeply,densely,dilated,distally,ellipsoidal,elliptic,entire,especially,finely,flattened,glabrous,glandular-puberulent,globose,greenish-white,highly,lanceolate,membranaceous,mm,moderately,narrowly,near,oblique,oblong,occasionally,often,ovate,peltiform,probably,puberulent,pubescent,purplish-,short-acuminate,simple,somewhat,sparsely,stellate,subcoriaceous,tip,tree,triangular,truncate,unknown,x,yellowish,young	1-10,10-50+,4-foliate,5-40+,capitate,pubescent-pilose
354	wfo-0001030032	success	250	135	87	115	135	20	87	0	0.2-0.3,0.4-1.5,0.5,0.5-0.6,0.5-1,0.5-1.5,0.8-1.0,0.8-1.1,1-1.3,1-1.5,1.5-2,1.5-2.5,11-20,13-35,2-3-locular,2-3.5,2-4,2-5,2-lobed,3.0-3.5,3.5-12,30,4-5,4.3-5.0,60-80,7.5-10,8-10,8-10-celled,8-20,acuminate,acute,adaxial,anther,apex,articulation,base,branched,bright,brown,calyx,capitate,cm,completely,conical,corolla,decurrent,densely,diameter,elliptic,entire,free,fruit,fruiting,glabrous,golden,green,hair-like,imparipinnate,interrupted,larger,lateral,leaf,leaflet,length,lobe,long,many,margin,middle,mm,moderately,multicellular,oblanceolate,obovate,occasionally,orbicular,outgrowth,ovary,pale,paler,pedicel,peduncle,petiole,pithy,present,primary,pseudostipule,pubescence,pubescent,rotate,rotate-stellate,seed,simple,somewhat,sparsely,stem,stigma,style,terminal,thick,time,trichome,truncate,tube,unicellular,uniseriate,usually,vine,wall,well-developed,white,wide,woody,yellow,Â½-3/4	+,.05,.5,0.1-0.4,0.1-0.5,0.2,0.2-0.5,0.25-0.4,0.5-0.7,0.5-2,0.6-1.1,0.7-0.8,1-2-celled,1-3,1-celled,2,2-10,2-60,2.4-3.5,3,3-5,4-6-celled,4-celled,5-plurifoliate,6-11,7-16,abaxially,absent,abundant,adaxially,along,also,anthesi,apical,appearance,appendage,articulated,basal,basally,basiscopically,bent,border,branche,breaking,cell,clambering,column,conspicuou,dark,deltate,densest,desne,dry,eaf,ebracteate,edicel,eed,exserted,filament,flower,give,glandular,gree,greenish-brown,halfway,hea,head,herbarium,interjected,internode,irregularly,lamina,large,leave,like,longest,lower,markedly,midvein,mixed,much,nflorescence,node,oblique,often,older,onto,opposite,pair,patent,petiolule,rachi,reflexed,rest,rough,round,ruit,secondary,set,shorter,silky,slightly,smaller,soft,sometimes,sparser,specimen,splitting,spreading,stamen,staminal,sterile,straight,subopposite,surface,swollen,tall,tangled,tem,tertiary,testa,thickened,tiny,tip,touch,transparent,ud,unit,vegetatio,vein,venation,weaker-walled,winged,ympodial,younger	abaxial,arrangement,branching,bud,colour,form,growth,height,inflorescence,locule,pithines,plant,position,presence,shape,size,staman,thicknes,type,width	0.2-0.3,0.4-1.5,0.5,0.5-0.6,0.5-1,0.5-1.5,0.8-1.0,0.8-1.1,1-1.3,1-1.5,1.5-2,1.5-2.5,11-20,13-35,2-3-locular,2-3.5,2-4,2-5,2-lobed,3.0-3.5,3.5-12,30,4-5,4.3-5.0,60-80,7.5-10,8-10,8-10-celled,8-20,acuminate,acute,branched,bright,brown,capitate,cm,completely,conical,decurrent,densely,elliptic,entire,free,glabrous,golden,green,hair-like,imparipinnate,interrupted,larger,lateral,length,long,many,middle,mm,moderately,multicellular,oblanceolate,obovate,occasionally,orbicular,outgrowth,pale,paler,pithy,present,pubescent,rotate,rotate-stellate,simple,somewhat,sparsely,thick,time,trichome,truncate,unicellular,uniseriate,usually,vine,well-developed,white,wide,woody,yellow,Â½-3/4	
355	wfo-0001030048	success	156	130	91	106	50	24	88	3	.5,0.5-1.5,1-1.5,1-2,1.2-2,1.3-1.6,1.5-3.5,10-16,2-3,2-5,3-3.5,3-5,4-4.5,5-10-flowered,5-8,abaxially,acute,adaxially,anther,anthesi,apex,apically,arachnoid,bark,base,becoming,berry,bi-colored,bi-lobed,blue,broadly,brown,calyx,clavate,closely,cm,conical,corolla,decurrent,deltate,densely,dia,ellipsoid,elliptic,exserted,felt-like,filament,fleshy,fruiting,glabrate,glabrous,globose,golden,green,greyish,internodal,lateral,leaf,lightly,lobe,lobed,long,main,margin,matted,minutely,mm,nearly,older,onto,opposite,ovary,ovoid-reniform,pair,pale,papillose,pedicel,petiole,pitted,pointed,pore,pubescent,reddish-brown,scar,shaped,shiny,shrub,small,somewhat,spaced,sparsely,stem,stigma,strongly,style,surface,tan,tear-drop,thickened,tip,tree,trichome,tube,vein,white,young	1.5-7,4-15,5973,abaxial,along,ape,apparently,completely,covered,deflexed,difoliate,drying,eaf,edicel,eed,fide,four-angle,free,geminat,impressed,inflorescenc,lamina,like,lon,lower,middle,nflorescence,occasionally,overlappin,papillo,planar,poricidal,portion,prominent,rather,rest,ruit,simple,solomon,tall,thick,trifoliate,tub,ud,unit,wide,widest,woody,yellowish,ympodial	arrangement,bud,colour,diameter,exsertion,flower,form,four-angled,fruit,geminate,growth,height,inflorescence,length,number,overlapping,pattern,plant,position,seed,shape,spacing,texture,width	.5,0.5-1.5,1-1.5,1-2,1.2-2,1.3-1.6,1.5-3.5,10-16,2-3,2-5,3-3.5,3-5,4-4.5,5-10-flowered,5-8,acute,anthesi,apically,arachnoid,base,becoming,berry,bi-colored,bi-lobed,blue,broadly,brown,calyx,clavate,closely,cm,conical,decurrent,deltate,densely,dia,ellipsoid,elliptic,exserted,felt-like,fleshy,glabrate,glabrous,globose,golden,green,greyish,internodal,lateral,leaf,lightly,lobed,long,main,margin,matted,minutely,mm,nearly,onto,opposite,ovoid-reniform,pair,pale,papillose,petiole,pitted,pointed,pubescent,reddish-brown,shaped,shiny,shrub,small,somewhat,spaced,sparsely,strongly,surface,tan,tear-drop,thickened,tip,tree,trichome,tube,vein,white	four-angled,geminate,overlapping
356	wfo-0001030053	success	140	107	66	87	53	20	64	2	0.5,0.5-1,1-1.3,1-13,1.3-3.5,1.8-2,10-20,100,2.5-3,3.5-4,5,7-9,<,abruptly,acuminate,acute,anthesi,apart,apex,apical,base,berry,branched,brown,calyx,cell,cm,coriaceous,corolla,decurrent,diameter,elliptic,entire,exserted,far,fine,flattened,flower,fragrant,fruiting,glabrous,greenish,growth,inflorescence,long,many,margin,minutely,mm,new,nipple,pair,pale,parallel,pedicel,peduncle,per,petiole,pitted,primary,rectangular,reniform,revolute,scar,secondary,shining,shiny,simple,sleeve,slightly,small,stem,strongly,surface,terminal,testal,time,truncate,tube,turbinate,vein,venation,vine,white,woody,x,yellowish	1.5-5.5,2-2.5,4-7-11,5-merou,abscission,aiding,alyx,apiculae,ark,around,articulated,bfeore,branch,climbin,completely,cyathiform,eaf,eed,fide,filiform,frui,hyaline,irregularly,leaving,lobe,lobed,lower,mentz,near,nflorescence,older,orolla,papilla,papillo,peg,pendant,perfect,plurifoliat,rim,shallowly,shin,spaced,spreadin,spreading,support,tem,tiny,tip,twining,ud,unit,usually,ympodial	arrangement,articulation,bark,branching,bud,colour,exsertion,form,fragrance,fruit,leaf,length,number,papillose,position,seed,shape,size,spacing,texture	0.5,0.5-1,1-1.3,1-13,1.3-3.5,1.8-2,10-20,100,2.5-3,3.5-4,5,7-9,<,abruptly,acuminate,acute,anthesi,apart,apical,base,branched,brown,calyx,cm,coriaceous,decurrent,elliptic,entire,exserted,far,fine,flattened,fragrant,glabrous,greenish,long,many,minutely,mm,nipple,pair,pale,parallel,pitted,rectangular,reniform,revolute,shining,shiny,simple,sleeve,slightly,small,strongly,terminal,time,truncate,tube,turbinate,vine,white,woody,x,yellowish	fruit,papillose
357	wfo-0001030057	success	141	125	99	104	37	21	96	3	-2,1-10,1-2,2-3-celled,2-4,2-4.5,2-6,20-30,20-80,3-5,3.5-8,4-10,5.5-12,7-14,8,8-19,abaxially,absent,adaxially,apart,apparently,articulated,axillary,base,blade,borne,broadly,brownish,bud,cell,chartaceous,cm,condition,covering,decreasing,diameter,distal,drying,elliptic,end,extremely,flower,forked,fresh,fruit,generally,globose,greatly,green,green-white,greenish,hair,hair-like,half,herb,high,interjected,lateral,leaf,leaflet,like,long,lunate,make,membranous,mm,mottled,mucilaginous,narrow,odd-pinnate,ovate,ovoid,pedicel,peduncle,perfect,petiole,petiolule,plant,pubescent,purple,scale-like,seed,short,singly,size,small,stem,subglabrous,suborbicular,subtending,terminal,testal,thick,throughout,toward,tuber,typically,unwinged,usually,wall,wet,whitish,wing,x	2.1-4.1,4.3-8.2,acuminate,acute,apex,axe,berry,cordate,cuneate,digestion,eaf,eed,enzyme,erec,geminat,glabrou,honeycomb-shaped,larger,living,nflorescence,pair,plurifoliate,removed,ruit,seudostipule,sometimes,spaced,specimen,ste,stolo,tall,tem,thir,tri-,truncate,unit,ympodial	arrangement,articulation,branching,colour,form,glabrous,growth,height,inflorescence,length,pattern,position,presence,pseudostipule,sex,shape,spacing,stolon,texture,third,type	-2,1-10,1-2,2-3-celled,2-4,2-4.5,2-6,20-30,20-80,3-5,3.5-8,4-10,5.5-12,7-14,8,8-19,abaxially,absent,adaxially,apart,apparently,articulated,axillary,base,borne,broadly,brownish,bud,cell,chartaceous,cm,condition,covering,decreasing,diameter,distal,drying,elliptic,end,extremely,flower,forked,fresh,fruit,generally,globose,greatly,green,green-white,greenish,hair,hair-like,half,herb,high,lateral,leaf,like,long,lunate,make,membranous,mm,mottled,mucilaginous,narrow,odd-pinnate,ovate,ovoid,perfect,plant,pubescent,purple,scale-like,seed,short,singly,size,small,stem,subglabrous,suborbicular,subtending,terminal,testal,thick,throughout,toward,typically,unwinged,usually,wall,wet,whitish,wing,x	glabrous,stolon,third
358	wfo-0001030057	success	197	165	132	144	53	21	128	4	-10,-2,.5-3.5,1-10,1-2,2-3-celled,2-4,2-4.5,2-5,2-6,20-30,20-80,3.5-8,4-10,5-10,5-6,5.5-12,7-14,8,8-19,abaxially,absent,acumen,acuminate,acute,adaxially,along,anther,apart,apex,apparently,articulated,base,berry,blade,borne,brownish,cell,chartaceous,ciliate,cm,condition,connivent,cordate,corolla,cuneate,decreasing,diameter,digestion,distal,dorsally,drying,edge,elliptic,end,enzyme,especially,extremely,filament,flat,flower,folded,forked,fresh,fruit,generally,glabrous,globose,greatly,green,greenish,greenish-yellow,hair,half,herb,high,homostylous,honeycomb-shaped,lanceolate,lateral,leaf,leaflet,lengthening,like,linear,lobe,long,lunate,margin,membranous,middle,midrib,minutely,mm,mottled,narrow,odd-pinnate,ovate,ovate-lanceolate,ovoid,pedicel,peduncle,pentagonal,perfect,petal,plant,pore,poricidal,puberulent,pubescent,purple,removed,rotate,scale-like,seed,short,singly,size,slit,small,sometimes,star,stem,stigma,straight,striped,style,subglabrous,terminal,testal,tip,toward,truncate,tube,tuber,typically,unwinged,usually,wall,white,whitish,wing,x,yellow	2-3,2.1-4.1,3-5,4.3-8.2,5-merou,ag,alyx,axe,axillary,broadly,bud,covering,eaf,eed,erec,exceeding,geminat,glabrou,globo,green-white,hair-like,interjected,larger,living,lower,make,mucilaginous,nflorescence,orolla,pair,petiole,petiolule,plurifoliate,ruit,seudostipule,spaced,specimen,stamen,ste,stolo,suborbicular,subtending,tall,tamen,tem,thick,thir,throughout,tri-,unit,vary,wet,ympodial	5-merous,age,arrangement,articulation,branching,calyx,colour,form,glabrousnes,growth,height,inflorescence,length,ovary,presence,pseudostipule,shape,spacing,stolon,texture,third	-10,-2,.5-3.5,1-10,1-2,2-3-celled,2-4,2-4.5,2-5,2-6,20-30,20-80,3.5-8,4-10,5-10,5-6,5.5-12,7-14,8,8-19,abaxially,absent,acumen,acuminate,acute,adaxially,along,apart,apex,apparently,articulated,base,berry,borne,brownish,chartaceous,ciliate,cm,condition,connivent,cordate,corolla,cuneate,decreasing,diameter,digestion,distal,dorsally,drying,elliptic,end,enzyme,especially,extremely,flat,flower,folded,forked,fresh,fruit,generally,glabrous,globose,greatly,green,greenish,greenish-yellow,hair,half,herb,high,homostylous,honeycomb-shaped,lanceolate,lateral,leaf,lengthening,like,linear,long,lunate,margin,membranous,middle,midrib,minutely,mm,mottled,narrow,odd-pinnate,ovate,ovate-lanceolate,ovoid,pentagonal,perfect,petal,plant,pore,poricidal,puberulent,pubescent,purple,removed,rotate,scale-like,short,singly,size,slit,small,sometimes,star,stem,straight,striped,subglabrous,tip,toward,truncate,typically,unwinged,usually,wall,white,whitish,wing,x,yellow	5-merous,age,stolon,third
359	wfo-0001030080	success	186	117	75	98	88	19	74	1	0.3-7,0.4-1.5,0.5-4,1-2,1.5-2,1.5-2.5,1.8-4.5,2-3,2-4,2.1-7.1,3-5,4-12,4-7,5-13.5,5-7,5.5-9.9,6.5-18.6,8-16,8-23,9.9-33,abaxially,acuminate,adaxially,anther,apex,blade,brownish,cell,cm,condition,coriaceous,corolla,covering,dark,diameter,distal,dot,drying,elliptic,filament,flower,forked,fresh,fruit,glabrous,green,green-white,greenish,hair,hair-like,half,herb,high,homostylous,lanceolate,lateral,leaf,leaflet,light,lobe,make,mm,moniliform,mottled,mucilaginous,odd-pinnate,ovate,ovoid,pair,pedicel,peduncle,petiole,plant,pore,poricidal,purple,pyriform,seed,size,sometimes,stellate,strongly,style,terminal,testal,thick,throughout,tiny,tip,tube,tuber,wall,wet,white,whitish,width,winged,x	1-3,1999,3-10,3.3-7.7,5-merou,abaxiall,absent,acumen,ag,along,alyx,apart,apparently,arranged,articulated,axe,axillary,base,bead,berry,bud,capitat,ccording,clavate,connivent,cuneate,decreasing,decurrent,digestion,dorsally,eaf,edge,eed,enzyme,erec,exceeding,flat,folded,geminat,generally,glabrescent,glabrou,hal,honeycomb-shaped,inconspicuous,interjected,larger,lengthening,like,linear,living,long,lower,medium,multiple,necklace,nflorescence,ochoa,onto,orolla,perfect,plurifoliate,rachi,removed,second,seudostipule,slightly,slit,spaced,specimen,stamen,stigma,stolon,straight,subequal,subtending,tall,tamen,tem,toward,tri-,typically,unit,unknown,usually,vary,yellow,ympodial	abaxial,adaxial,arrangement,articulation,branching,calyx,colour,form,growth,height,inflorescence,length,na,pseudostipule,shape,spacing,staman,stem,texture	0.3-7,0.4-1.5,0.5-4,1-2,1.5-2,1.5-2.5,1.8-4.5,2-3,2-4,2.1-7.1,3-5,4-12,4-7,5-13.5,5-7,5.5-9.9,6.5-18.6,8-16,8-23,9.9-33,abaxially,acuminate,adaxially,brownish,cell,cm,condition,coriaceous,covering,dark,distal,dot,drying,elliptic,forked,fresh,glabrous,green,green-white,greenish,hair-like,half,herb,high,homostylous,lanceolate,lateral,light,make,mm,moniliform,mottled,mucilaginous,odd-pinnate,ovate,ovoid,poricidal,purple,pyriform,seed,sometimes,stellate,strongly,testal,thick,throughout,tiny,tip,wall,wet,white,whitish,winged,x	na
360	wfo-0001030081	success	157	89	58	70	87	19	56	2	.5,0.5-1,0.5-1.5,1,1-5,1.5,1.5-3,10-20,10-35,2-4,3-10,4-6,5-12,5-15,absent,acute,anther,apex,base,brown,calyx,center,chartaceous,ciliate,cm,densely,diameter,drying,edge,elliptic,elliptic-ovoid,entire,filament,fine,flower,fruit,glabrous,globose,hair,herb,immature,margin,maturing,membranaceous,mm,moderately,nearly,oblong,obtuse,parallel,pedicel,peduncle,per,petiole,pubescent,rachi,radiating,raised,ridge,rotate,rounded,running,semitransparent,shallow,sparsely,style,surface,white,x,yellow	0.25-0.5,0.5-2.5,1-2,1-2-celled,1-3,1-4,1.5-7,1st,2-7,2-foliate,2nd,3-6,abaxially,abundant,adaxiall,adaxially,along,apically,axe,berry,beyond,blade,cell,connected,cordate,decurrent,dehiscing,denser,dm,eaf,eed,emarginat,equal,explosively,exserted,few-branched,flat,frui,geminat,geniculate,held,interpetalar,linear-lanceolate,lobe,long,longer,lower,lying,maturit,mesocarp,nfloresence,notch,often,one,orolla,other,placenta,pointing,pressure,pubescen,rarely,ruit,short,single-,slightly,small,sometimes,stamen,stigma,straight,swollen,tal,tamen,tem,tissue,triangular,tube,two-celled,unbranched,unit,usually,vary,vein,watery,wid,woody,ympodial	arrangement,branching,colour,corolla,decument,form,growth,inflorescence,leaf,length,number,ovary,seed,shape,simple,staman,stem,symmetry,texture	.5,0.5-1,0.5-1.5,1,1-5,1.5,1.5-3,10-20,10-35,2-4,3-10,4-6,5-12,5-15,absent,acute,brown,center,chartaceous,ciliate,cm,densely,drying,edge,elliptic,elliptic-ovoid,entire,fine,flower,fruit,glabrous,globose,herb,immature,margin,maturing,membranaceous,mm,moderately,nearly,oblong,obtuse,parallel,pubescent,radiating,raised,ridge,rotate,rounded,running,semitransparent,shallow,sparsely,white,x,yellow	decument,simple
361	wfo-0001030083	success	146	104	70	83	63	21	66	4	0.5-2,0.8-1,0.8-3,1-1.5,1-2,1.5-3,10-30,2,2-3,2-5-flowered,3-4,3/4,4-15,4-6,9-11,acute,anther,apex,bark,base,beginning,calyx,closely,cm,corolla,decurrent,deeply,elliptic,fleshy,flower,fruit,fruiting,glabrous,globose,green,greenish-white,internodal,lateral,leaf,lobe,lobed,long-acuminate,long-styled,main,membranous,minutely,mm,narrowly,near,onto,opposite,ovary,ovate,overlapping,ovoid-reniform,pair,pale,papillose,pedicel,petiole,pitted,pore,red-papillose,scar,shaped,short-styled,shrub,small-capitate,spaced,stem,stigma,strongly,style,surface,tear-drop,thin,translucent,vein,way,white,winged,x,young	.5,.75,0.1,0.25-0.5,0.5-1,accrescent,anthesi,berry,broadly,cup-shaped,dar,deciduous,deflexed,deltoid,dia,dry,drying,eaf,edicel,eed,elongate,exserted,greyish-re,hyaline,inflorescenc,lon,long,lower,middle,nflorescence,older,paler,papillae,poricidal,prominent,proximal,raised,reddish-gold,reflexed,ruit,shallowly,simple,single-stemmed,slender,slightly,somewhat,soon,specimen,straight,tall,tan,tapering,terminal,thickened,tip,tub,tube,ud,unifoliat,unit,widest,woody,ympodial	0.75,arrangement,bud,colour,diameter,form,greyish-red,growth,height,inflorescence,length,number,plant,position,seed,shape,size,spacing,texture,unifoliate,width	0.5-2,0.8-1,0.8-3,1-1.5,1-2,1.5-3,10-30,2,2-3,2-5-flowered,3-4,3/4,4-15,4-6,9-11,acute,base,beginning,closely,cm,decurrent,deeply,elliptic,fleshy,glabrous,globose,green,greenish-white,internodal,lateral,leaf,lobed,long-acuminate,long-styled,main,membranous,minutely,mm,narrowly,near,onto,opposite,ovate,overlapping,ovoid-reniform,pair,pale,papillose,petiole,pitted,red-papillose,shaped,short-styled,shrub,small-capitate,spaced,stem,strongly,tear-drop,thin,translucent,vein,way,white,winged,x	0.75,greyish-red,inflorescence,unifoliate
362	wfo-0001030093	success	181	103	73	85	96	18	67	6	0.1-0.3,0.2,0.2-0.5,0.5-1.1,0.6-1.5,0.75-1,1-1.5,1-12,1-5,1.3-4.5,2-2.5,2.5-11,3-4,4-6,8-9,acuminate,acute,anther,apex,attenuate,base,beneath,branched,calyx,campanulate,clavate,cm,corolla,cuneate,densely,dia,elliptic,erect,filament,flower,fruiting,furcate,glabrous,globose,golden,greenish-white,growth,hirsutulous,leaf,lobed,long,many,minor,minutely,mm,narrowly,nearly,obovate,occasionally,often,opposite,ovary,ovoid-reniform,pedicel,petiole,pitted,plant,pore,pubescent,shaped,shiny,shrub,simple,size,slightly,small,stigma,style,surface,tear-drop,terminal,time,tiny,tree,trichome,tube,uniseriate,vein,white,x	.2,.5,0,0.2-1,3.5-12,5-50-flowered,5-8,7-30,7-9,anthesi,apar,bark,becoming,berry,brownish-tan,case,closely,collection,commonly,continues,deflexed,deltoid,differing,difoliate,eaf,edicel,eed,ellipsoid,especially,evenly,except,expanded,exserted,forest,free,geminat,green,greyish-brow,guyanese,hyaline,impressed,inundated,lateral,like,lobe,lon,long-styled,lower,main,major,margin,member,middle,new,nflorescence,older,one,onto,open,orbicular,pair,pale,paler,papillo,persisting,population,poricidal,portion,present,puberulent,quite,reflexed,remaining,ruit,scar,shoot,short-styled,slender,soon,southern,spaced,stem,straight,tall,tapering,thickened,tip,tub,ud,underside,unit,widest,woody,yellowish,ympodial,young	1.5-4,3,5-50,branching,colour,diameter,form,fruit,hair,height,inflorescence,length,number,papillose,position,seed,shape,texture	0.1-0.3,0.2,0.2-0.5,0.5-1.1,0.6-1.5,0.75-1,1-1.5,1-12,1-5,1.3-4.5,2-2.5,2.5-11,3-4,4-6,8-9,acuminate,acute,apex,attenuate,base,beneath,branched,campanulate,clavate,cm,cuneate,densely,dia,elliptic,erect,furcate,glabrous,globose,golden,greenish-white,hirsutulous,leaf,lobed,long,many,minutely,mm,narrowly,nearly,obovate,occasionally,often,opposite,ovoid-reniform,pitted,pubescent,shaped,shiny,shrub,simple,slightly,small,tear-drop,terminal,time,tiny,tree,trichome,uniseriate,vein,white,x	-2.5,1.5-4,3,5-50,di,papillose
363	wfo-0001030145	success	152	114	79	92	60	22	77	2	0.2-2,0.3-1-2.5,0.5,0.5-1,0.5-4,1,1-2,1-5,1.5,1.5-2,1.5-4.5,1.5-7,10-12,2.5-6.5,3-10,3-4,4-5,8-11,abaxially,acute,adaxially,adpressed,aggregate,also,apart,apex,basal,base,calyx,campanulate,cell,chartaceous,cm,compound,connective,cuneate,deltate,densely,diameter,ellipsoidal,elliptic-ovate,entire,exceeding,fleshy,forked,fruit,glabrous,glandular,globose,hair,herb,lanceolate,leaf,leaving,less,lobe,long,margin,mm,moderately,narrowly,near,obtuse,ovate-elliptic,pedicel,pedicellar,peduncle,petiole,pilose,puberulent,rachi,radiu,remnant,shorter,shrub,simple,sinuate,slightly,somewhat,sparsely,stone,style,subcordate,subcoriaceous,ternately,thecae,triangular,truncate,unbranched,unknown,violet,x	-2,-3,1-1.5,1-3,2-3,2-4,3,3-5,4-8,4-foliat,6-40,absent,ape,articulated,axe,beyond,blade,color,cylindrical,directed,distally,dunal,eaf,eed,elliptic,exserted,fide,flower,larger,lateral,leaflet,lon,lower,nflorescence,nther,orolla,pore,presen,puberulen,reddish,ripe,ruit,slender,spaced,stamen,stigma,tal,tem,terminal,time,tomento,toward,truncat,tube,ud,unit,vary,wide,yellow,ympodial	anther,articulation,branching,bud,colour,corolla,form,growth,height,inflorescence,length,na,plant,present,seed,shape,size,spacing,stem,texture,theca,type	0.2-2,0.3-1-2.5,0.5,0.5-1,0.5-4,1,1-2,1-5,1.5,1.5-2,1.5-4.5,1.5-7,10-12,2.5-6.5,3-10,3-4,4-5,8-11,abaxially,acute,adaxially,adpressed,also,apart,apex,basal,base,campanulate,chartaceous,cm,compound,cuneate,deltate,densely,ellipsoidal,elliptic-ovate,entire,exceeding,fleshy,forked,glabrous,glandular,globose,hair,herb,lanceolate,leaving,less,lobe,long,mm,moderately,narrowly,near,obtuse,ovate-elliptic,pedicellar,pilose,puberulent,remnant,shorter,shrub,simple,sinuate,slightly,somewhat,sparsely,style,subcordate,subcoriaceous,ternately,thecae,triangular,truncate,unbranched,violet,x	na,present
364	wfo-0001030146	success	210	145	110	125	85	20	106	4	.1,.2,.5,0.2â0.4,0.5,0.5â1,0.6â0.7,0.6â2,0.9â1,1â1.1,1â1.5,2.5â9,20,3â4,3â6,40â50,4â30,5â8,8â15,9â9.5,>,abaxial,acuminate,acute,along,anther,apex,appearing,articulated,base,berry,branched,branching,bright,brown,brownish,c.,capitate,cell,closely,cm,coriaceous,corolla,dark,densely,diameter,drying,echinoid,ellipsoidal,elliptic,elongate,entire,filament,flattened-reniform,free,fresh,fruiting,globose,golden,green,growth,inflorescence,leaf,length,lengthening,less,like,lobed,long,lower,many,margin,minutely,mm,multangulate,narrowly,new,olive,pale,pedicel,peduncle,peltate,per,persistent,petiole,pitted,plant,pore,poricidal,portion,pubescent,ray,reddish,regularly,revolute,ripe,scar,scurfy,sessile,short-stalked,simple,slit,small,spaced,stellate,stem,stigma,style,surface,tan,tangled,terminal,testal,time,tip,tree,treelet,trichome,tube,undersurface,unevenly,varying,way,white,â18	1.2â1.5,1.5â2,16â20,20â30,2â5,4â4.5,5-merou,6.5â16,60+,6â7,abaxially,absent,adaxial,ag,almost,alyx,anthesi,apar,ark,axe,beig,beneath,calyx,center,connivent,covered,cup-shaped,deeply,deltate,dense,dichasia,discolorous,eaf,edge,eed,erec,exserted,flower,fused,glabrous,gradually,halfway,ilament,impressed,lamina,layer,lobe,loosely,midpoint,narrowing,nflorescence,nodding,older,orolla,pair,papillose,part,perfect,pericarp,plurifoliate,primary,projection,pubescence,reflexed,rhachi,ruit,shiny,sparsely,stout,strongly,subtended,tall,tem,thin,tiny,ud,unit,upper,vary,vein,visible,wide,woody,yellow,ympodial	age,apart,articulation,bark,beige,bud,colour,dichasial,form,fruit,hair,height,number,ovary,pattern,seed,shape,texture,type,width	.1,.2,.5,0.2â0.4,0.5,0.5â1,0.6â0.7,0.6â2,0.9â1,1â1.1,1â1.5,2.5â9,20,3â4,3â6,40â50,4â30,5â8,8â15,9â9.5,>,abaxial,acuminate,acute,along,apex,appearing,articulated,base,berry,branched,bright,brown,brownish,c.,capitate,cell,closely,cm,coriaceous,dark,densely,diameter,drying,echinoid,ellipsoidal,elliptic,elongate,entire,flattened-reniform,fresh,globose,golden,green,inflorescence,leaf,length,lengthening,less,like,lobed,long,many,minutely,mm,multangulate,narrowly,olive,pale,peltate,persistent,pitted,plant,pore,poricidal,pubescent,ray,reddish,regularly,revolute,ripe,scurfy,sessile,short-stalked,simple,slit,small,spaced,stellate,stem,surface,tan,tangled,terminal,testal,time,tip,tree,treelet,trichome,undersurface,unevenly,varying,way,white,â18	age,apart,beige,dichasial
365	wfo-0001030147	success	156	91	52	64	92	27	47	5	0.5-2,1-4,1-5,1.0-2.2,10-19,14-35,15-30,2-10,2-10.5,2-13,2-3,2-5,4-5.5,4.2-7.5,5-8,8-38,apically,blue,branched,cm,conical,connate,corolla,cyme,deep,dehiscent,diameter,dichasially,distal,filament,finely,flower,forked,green,green-white,herbaceous,interjected,lateral,leaf,leaflet,medium,mm,mucilaginous,odd-pinnate,ovoid,pair,pedicel,peduncle,perennial,petiole,plant,poricidally,proximal,pubescent,purple,rotate,seed,straight,style,terminal,tuber-bearing,unit,yellow,Â¼	0-5,1.0-2.0,2,2.5-7.5,3-5-7-8,3-6-foliat,4-3.,4.5-10,abaxiall,abaxially,acumen,acuminate,acute,adaxially,apex,apical,articulate,attenuate,base,calyx,cell,covering,cuneate,dichasial,digestion,diminishing,dorsally,eaf,ebracteate,edge,eed,elliptical,emoval,enzyme,exceeding,flat,folded,generally,globo,gradually,hair-like,half,honeycomb,introrse,living,lobe,lon,long,long-attenuate,lower,lunat,make,maturing,monochasial,narrowly,nflorescence,nther,oblique,obtuse,often,orolla,ovate,pattern,perfect,petiolule,plan,reveal,rounded,ruit,sessile,seudostipule,short,size,slit,specimen,stamen,stigma,subequal,subsessile,tal,tem,testal,thick,throughou,throughout,tip,toward,typically,vary,wall,wide,ympodial	-8,3-6-foliate,3-7,4-31,anther,arrangement,articulation,branching,colour,form,fruit,growth,height,inflorescence,length,lunate,number,ovary,pore,pseudostipule,shape,stem,structure,sympodial,texture,type,width	0.5-2,1-4,1-5,1.0-2.2,10-19,14-35,15-30,2-10,2-10.5,2-13,2-3,2-5,4-5.5,4.2-7.5,5-8,8-38,apically,blue,branched,cm,conical,connate,cyme,deep,dehiscent,dichasially,distal,finely,forked,green,green-white,herbaceous,medium,mm,mucilaginous,odd-pinnate,ovoid,perennial,poricidally,proximal,pubescent,purple,rotate,straight,tuber-bearing,yellow,Â¼	-8,3-6-foliate,3-7,4-31,lunate
366	wfo-0001030151	success	174	141	96	113	61	28	95	1	-3,0.2-0.5,0.3-0.5,0.5,0.5-1,1-1.5,1-17,1-2,1-3,1-5,1.5-2,1.5-2.5,10-20,10-25,15-35-50,2-11,2-25,2-3,2-6,2-7-compound,20-30,3-14,3-5,3.5-32,4-5,5-6,6-9,?,abundantly,acuminate,acute,adaxial,adaxially,apart,apex,around,base,beyond,blade,blotch,calyx,cm,connate,connective,cordate,cuneate,cylindrical,decurrent,deltate,diameter,directed,distally,elliptic,entire,except,flower,fruit,glabrous,globose,hair,lanceolate,leaf,lilac-tinged,line,lobe,long,longitudinal,margin,mm,narrowly,near,oblique,oblong,obovate,obtuse,often,pedicel,peduncle,perfect,petiole,pinnately,pore,puberulent,purplish,pyriform,rachi,radiu,remnant,ring,sand-punctate,shallowly,simple,slightly,sometimes,somewhat,sparsely,stamen,stellate,stigma,stripe,style,time,tree,triangular,truncate,tube,unbranched,white,whitish,wide,x,yellow,yellow-green	1,4-foliat,abaxially,absent,aggregate,ape,apiculate,articulated,axe,basal,cell,channe,chartaceous,ciliat,compound,eaf,eed,eglandular,exceeding,exserted,glabrate,glandular,glandular-puberulent,leaflet,leaving,less,lon,lower,membranaceous,nflorescence,nther,orolla,pedicellar,presence,probably,ripe,ruit,sand-punctat,scattered,short,shorter,slender,small,spaced,stalked,stone,surface,tal,tem,thecae,tip,toward,truncat,ud,unit,unknow,vary,vein,veiny,white-puberulent,ympodial	anther,articulation,branching,bud,channel,colour,corolla,direction,exsertion,form,growth,height,inflorescence,length,number,ovary,plant,punctation,ratio,seed,shape,size,spacing,stem,symmetry,texture,theca,type	-3,0.2-0.5,0.3-0.5,0.5,0.5-1,1-1.5,1-17,1-2,1-3,1-5,1.5-2,1.5-2.5,10-20,10-25,15-35-50,2-11,2-25,2-3,2-6,2-7-compound,20-30,3-14,3-5,3.5-32,4-5,5-6,6-9,?,abundantly,acuminate,acute,adaxial,adaxially,apart,around,base,beyond,blotch,cm,connate,cordate,cuneate,cylindrical,decurrent,deltate,directed,distally,elliptic,entire,except,glabrous,globose,hair,lanceolate,lilac-tinged,line,long,longitudinal,mm,narrowly,near,oblique,oblong,obovate,obtuse,often,perfect,petiole,pinnately,puberulent,purplish,pyriform,ring,sand-punctate,shallowly,simple,slightly,sometimes,somewhat,sparsely,stamen,stellate,stripe,style,time,tree,triangular,truncate,unbranched,white,whitish,wide,x,yellow,yellow-green	channel
367	wfo-0001030153	success	147	129	81	108	39	21	81	0	.1,.2,/3,0.2-1,0.8-0.9,1-1.5,1-10,1-2,1-2.5,1.3-1.5,1.3-1.9,1.5-2,2-8,2-lobed,2.5-4,3-4,3-50,3.5-10.5,5-6,6-8,absent,acuminate,acute,anther,anthesi,apart,apex,apiculate,attenuate,bark,base,berry,branched,calyx,clavate,cm,conical,corolla,dark,deltate,densely,diameter,distinct,domatia,ellipsoid,elliptic,enlarged,entire,erect,exerted,filament,flower,fruiting,glabrous,globose,green,growth,impressed,lanceolate,less,lobe,lobed,margin,markedly,membranous,minutely,mm,narrowly,new,nodding,occasionally,older,ovary,pair,paler,papillate,pedicel,peduncle,perfect,petiole,pit-like,plane,pore,poricidal,primary,rachi,revolute,ripe,scar,simple,slightly,small,stem,stigma,straight,strongly,style,surface,time,tip,tree,treelet,tube,vein,way,x,yellowish,young	0.8-1.3,1-1.2,3-5,abaxially,adaxially,age,ape,apparently,axil,brittle,broadly,caly,campanulate,dot,dry,eaf,free,glabrou,internodal,irregularly,known,lengthening,lower,nflorescence,ot,papillat,plurifoliat,portion,resinous,ruit,slit,spaced,specimen,terminal,thin,ud,unit,white,ympodial	abaxial,adaxial,branching,bud,colour,erectnes,exertion,form,fruit,hairines,impression,inflorescence,leaf,length,number,presence,shape,size,spacing,type,width	.1,.2,/3,0.2-1,0.8-0.9,1-1.5,1-10,1-2,1-2.5,1.3-1.5,1.3-1.9,1.5-2,2-8,2-lobed,2.5-4,3-4,3-50,3.5-10.5,5-6,6-8,absent,acuminate,acute,anthesi,apart,apiculate,attenuate,base,berry,branched,calyx,clavate,cm,conical,dark,deltate,densely,distinct,domatia,ellipsoid,elliptic,enlarged,entire,erect,exerted,glabrous,globose,green,impressed,lanceolate,less,lobed,markedly,membranous,minutely,mm,narrowly,nodding,occasionally,pair,paler,papillate,perfect,pit-like,plane,poricidal,rachi,revolute,ripe,simple,slightly,small,straight,strongly,time,tip,tree,treelet,way,x,yellowish	
368	wfo-0001030167	success	141	116	76	71	70	45	55	21	.8,.9,0.6,12,5-merous,acuminate,acute,along,anther,apex,apically,base,branch,calyx,chartaceous,ciliate,clavate,cm,contiguously,densely,diameter,enlarged,entire,extra-axillary,flattened,flower,fruit,glabrous,green,herbaceous,lanceolate,less,lobe,margin,maturity,membranaceous,membranous,minutely,mm,moderately,near,nearly,obtuse,ovate,ovoid,pedicel,peduncle,petal,petiole,pointed,rachi,reflexed,rounded,sand-punctate,simple,slightly,somewhat,sparsely,stellate,stigma,style,symmetrical,thinly,tip,tube,unbranched,unknown,vine,weakly,white,x	0.1â0.2,0.5â0.6,0.5â0.7,0.6â0.8,0.7â1.2,0.8â1,1.2â2.5,1.5â2,1.5â7,14â19,15â20,17â58,1â1.2,1â1.5,2â3,2â4.5,4.5â8,4â10,4â4.5,4â5,4â7,8â10,abaxially,accrescent,adaxially,alyx,apar,axe,berry,blade,c.,ciliat,climbing,eaf,eed,fertile,filament,fruiting,gap,glabrou,immature,long,lower,m.,nflorescence,nternode,orolla,pair,penden,perfec,pinnate,plurifoliat,ruit,scar,secondary,seen,slender,spaced,subequal,tamen,tem,time,truncat,unit,vary,vegetation,vein,venation,wide,ympodial	0.1-0.2,0.5-0.6,0.5-0.7,0.7-1.2,0.8-1,1-1.2,1-1.5,1.2-2.5,1.5-2,1.5-7,15-20,2-4.5,4-10,4-4.5,4-5,8-10,apart,arrangement,branching,colour,corolla,form,growth,herbaceousnes,inflorescence,internode,leaf,length,merosity,na,ovary,pendent,perfect,position,punctation,seed,shape,size,spacing,staman,stem,symmetry,texture,truncate,type	.8,.9,0.6,12,5-merous,acuminate,acute,along,apex,apically,chartaceous,ciliate,clavate,cm,contiguously,densely,enlarged,entire,extra-axillary,flattened,glabrous,green,herbaceous,lanceolate,less,margin,maturity,membranaceous,membranous,minutely,mm,moderately,near,nearly,obtuse,ovate,ovoid,petal,pointed,reflexed,rounded,sand-punctate,simple,slightly,somewhat,sparsely,stellate,symmetrical,thinly,tip,unbranched,vine,weakly,white,x	0.1-0.2,0.5-0.6,0.5-0.7,0.7-1.2,0.8-1,1-1.2,1-1.5,1.2-2.5,1.5-2,1.5-7,15-20,2-4.5,4-10,4-4.5,4-5,8-10,apart,na,pendent,perfect,truncate
369	wfo-0001030176	success	171	92	56	69	102	23	54	2	-6.25,.2,.7,.75-1.5,0.5-2,0.6-0.9,0.7â0.8,1.5-2,1.6,2.25-3.25,2â3,3-lobed,3.75-5,4-9,acute,anther,apex,attenuate,base,bilobed,broad,broadly,calyx,chartaceous,cm,cylindrical,depressed-globose,diameter,especially,extra-axillary,few-branched,filament,flattened-reniform,flower,fruit,glabrous,herb,hermaphroditic,lanceolate-oblong,light,lobe,long,margin,midrib,mm,nearly,oblong,ovate,pale,partially,petiole,plant,pore,rarely,ripe,rotate-stellate,simple,slightly,stigma,style,tip,tube,unbranched,violet,white,x,yellow,yellow-orange,young	-1.4,-4.25,0.4-1.5,0.5,0.7-1.4,1,1-2,1-5,1.2,1.2-2.5,1.5-2.5,1/3,1/6,2-3,2-foliate,2.5,2.5â7.5,2.5â9,3-5,5-merou,6-8,6â8,abaxially,accrescent,adaxiall,adaxially,alyx,angulate,apart,apparently,articulated,asymmetrically,axe,ba,basal,berry,bi-lobed,blade,branch,capitat,ciliate,connivent,contact,covering,decumbent,dehiscent,downward,eaf,eed,erec,forming,fruiting,geminat,hair,hold,interlobal,juic,lance-ovate,lateral,line,lon,longitudinall,lower,major,mesocarp,minutely,near,nflorescence,node,numerous,often,orolla,patch,pedicel,peduncle,perfect,prostrate,pubescent,rachi,recurve,recurved,rooting,round,ruit,sinus,soil,sometimes,somewhat,spaced,sparsely,tamen,tem,terminal,time,triangular,unit,vary,vein,white-puberulent,wide,winged,ympodial	abaxial,adaxial,arrangement,branching,capitate,colour,corolla,form,growth,height,inflorescence,leaf,length,longitudinally,number,ovary,position,seed,shape,size,staman,texture,type	-6.25,.2,.7,.75-1.5,0.5-2,0.6-0.9,0.7â0.8,1.5-2,1.6,2.25-3.25,2â3,3-lobed,3.75-5,4-9,acute,attenuate,bilobed,broad,broadly,chartaceous,cm,cylindrical,depressed-globose,especially,extra-axillary,few-branched,flattened-reniform,glabrous,herb,hermaphroditic,lanceolate-oblong,light,long,midrib,mm,nearly,oblong,ovate,pale,partially,pore,rarely,ripe,rotate-stellate,simple,slightly,tip,unbranched,violet,white,x,yellow,yellow-orange,young	capitate,longitudinally
370	wfo-0001030180	success	135	95	52	70	65	25	49	3	.1,.5,0.05-1,0.5-1,0.8-2,0.9-1.8,1-1.5,1.1-1.2,3-4,3-8,4.5-5,6,8-10,8.5-23,?,anther,apart,apex,apiculate,attenuate,bark,base,calyx,clavate,cm,corolla,decurrent,deltoid,ellipsoid,exserted,filament,fruit,fruiting,furcate,glabrous,globose,green,height,known,leaf,linear,lobe,long-acuminate,minutely,mm,opposite,ovary,pair,papillate,pedicel,petiole,pore,puberulent,raised,scar,shaped,shrub,slightly,soon,stem,stigma,style,tear-drop,trichome,uniseriate,unknown,vein,widely,winged,x	.75,10-30-flowered,abruptly,accrescent,anthesi,appearing,becoming,berry,clu,dark,deflexe,dia,eaf,edicel,eed,erect,free,glabrate,immature,inflorescenc,interpetalar,lateral,lenticellat,lobed,lon,long,lower,main,middle,minute,narrowing,nearly,nflorescence,occasionally,older,overlapping,papillose,peduncl,planar,plurifoliat,poricidal,portion,prominent,proximal,rounded,ruit,sinus,slender,spaced,sparsely,straight,surface,terminal,thin,tip,tube,ud,unevenly,unit,white,widest,woody,yellowish,ympodial,young	10-30,arrangement,branching,bud,colour,diameter,exsertion,flower,form,growth,hair,inflorescence,information,length,lenticellate,number,plant,plurifoliate,position,seed,shape,spacing,texture,type,width	.1,.5,0.05-1,0.5-1,0.8-2,0.9-1.8,1-1.5,1.1-1.2,3-4,3-8,4.5-5,6,8-10,8.5-23,?,apart,apiculate,attenuate,clavate,cm,decurrent,deltoid,ellipsoid,exserted,furcate,glabrous,globose,green,known,leaf,linear,long-acuminate,minutely,mm,opposite,pair,papillate,puberulent,raised,shaped,shrub,slightly,soon,tear-drop,uniseriate,unknown,widely,winged,x	10-30,lenticellate,plurifoliate
371	wfo-0001030189	success	185	124	82	98	87	26	78	4	/3,0-1,0.1,0.1-0.2,0.2-0.3,0.2-0.5,0.5-1.6,0.9-1.1,1,1-1.5,1-2,1-3-cellular,1-4-cellular,1.3-4.2,1.5-4.5,1/3,2-3,2-5.5,2.5-4,3.2-4.5,4-5.5,5-6,anther,apex,articulated,base,berry,branched,calyx,chartaceous,cm,connivent,cordate,curved,densely,diameter,dull,entire,evenly,flattened-reniform,flower,fruit,fruiting,glabrescent,glabrous,green,lateral,leaf,length,lobe,lobed,lower,margin,maturity,mauve,midpoint,mm,moderately,oblong,obtuse,orange,ovate,pedicel,peduncle,per,petiole,poricidal,porrect,purple,ray,red,rounded,scar,sessile,shrub,simple,slender,sometimes,sparsely,spherical,spreading,stalked,stellate,stellate-pubescent,stem,style,tapering,terete,terminal,tip,trichome,unarmed,upper,variously,way,yellow,yellow-green,young	.2,0-15,0-30,1-4-cellula,1.1-2.7-4,1.5-2,1.5-5,1/,1/6-1/3-1/2,2,3-4,4-13,5-10,5-8,5-8-10,5-merous,6-10,6-12,8-18,abaxially,acut,alyx,apar,apically,apparently,appressed,bark,blade,concolorous,deltate,drying,eaf,eed,elliptic,elongating,equal,erect,faint,filament,foliaceous,free,frui,glabrescen,gland-tipped,gray,infructescence,long,longer,mature,nflorescence,often,older,one,open,orolla,oung,pair,perfec,pericarp,plurifoliat,portion,primary,recurved,red-brow,reflexed,ruit,scandent,shorter,smooth,somewhat,spaced,stalk,strongly,surface,tamen,tertiary,time,tube,unarme,unit,vary,vein,venation,visible,wide,woody,ympodial	0.2,1/4,10-15,20-30,abaxial,armament,articulation,branching,cellularity,colour,corolla,form,growth,height,inflorescence,number,ovary,plant,position,seed,shape,spacing,staman,texture,type,width	/3,0-1,0.1,0.1-0.2,0.2-0.3,0.2-0.5,0.5-1.6,0.9-1.1,1,1-1.5,1-2,1-3-cellular,1-4-cellular,1.3-4.2,1.5-4.5,1/3,2-3,2-5.5,2.5-4,3.2-4.5,4-5.5,5-6,articulated,base,berry,branched,chartaceous,cm,connivent,cordate,curved,densely,dull,entire,evenly,flattened-reniform,glabrescent,glabrous,green,lateral,lobed,lower,maturity,mauve,mm,moderately,oblong,obtuse,orange,ovate,per,poricidal,porrect,purple,red,rounded,sessile,shrub,simple,slender,sometimes,sparsely,spherical,spreading,stalked,stellate,stellate-pubescent,tapering,terete,terminal,tip,unarmed,upper,variously,way,yellow,yellow-green,young	0.2,1/4,10-15,20-30
372	wfo-0001030219	success	191	95	56	59	132	36	40	16	1.5,15,3,5,60,anther,base,black,blue,brown,calyx,cm,deeply,diameter,filament,flattened,flower,fruit,glabrous,globose,green,hair,incised,indistinct,internode,leaf,lilac,lobe,longitudinal,margin,marking,mm,moderately,number,oblong,opening,ovate,pale,pentagonal,perfect,petiole,pore,pubescent,purple,rapidly,serrate,shrub,simple,size,sparsely,split,stigma,style,time,tube,velutinous,wing,woody,x	0.1â0.3,0.2â2.3,0.4â1.0,0.5,0.5â,0.7â1.1,0.8â3.0,0â,1.0â1.2,1.0â1.5,1.0â2.0,1.0â2.2,1.3â2.9,1.4â2.8,1.6â,10,1â2.5,2.0â2.5,2.0â3.2,2.0â5.5,2.4â6.0,2â,2â2.5,2â3,2â4.5,4.5â5.5,4.8â11.5,4â5,4â7,5â,5â8,6â,6â10,6â8,7â11,8â18,9â10,9â12,abaxiall,abaxially,acut,acute,adaxiall,adaxially,adnate,ag,along,anisophyllous,anthesi,apart,apex,apical,apparently,appearing,arising,arranged,articulated,axe,ba,basal,blade,bractâlike,branched,cell,chartaceous,clavat,concave,connivent,convex,cylindrical,decreasing,decurrent,densely,diamete,difoliate,directed,distally,eaf,eed,elliptic,equal,erect,geminat,glabrescent,lanceolate,long,lower,multicellular,nflorescence,olive,opposed,oppositely,orolla,pair,paler,pedicel,peduncle,perennial,pitted,present,procumbent,redâpurple,regularly,rounded,ruit,sessile,shallowly,sid,side,smaller,spaced,stone,straight,stripe,strongly,surface,tal,tamen,tem,two,unicellular,uniseriate,unit,vary,white,wide,winged,yellow,ympodial,â3.0,â7.0,â9.5	0.1-0.3,0.7-1.1,1.0-1.2,1.6-3.2,2-3,2-4.5,2.4-6.0,4.5-5.5,4.8-11.5,5-11,5-8,6-8,9-10,abaxial,adaxial,arrangement,branching,clavate,colour,corolla,decurred,form,growth,height,inflorescence,length,opposite,ovary,plant,seed,shape,staman,stem,texture,type,width	1.5,15,3,5,60,black,blue,brown,cm,deeply,diameter,flattened,glabrous,globose,green,incised,indistinct,lilac,longitudinal,marking,mm,moderately,oblong,opening,ovate,pale,pentagonal,perfect,pubescent,purple,rapidly,serrate,shrub,simple,sparsely,split,time,velutinous,woody,x	0.1-0.3,0.7-1.1,1.0-1.2,1.6-3.2,2-3,2-4.5,2.4-6.0,4.5-5.5,4.8-11.5,5-11,5-8,6-8,9-10,clavate,decurred,opposite
373	wfo-0001030225	success	151	109	65	82	69	27	64	1	-11,.5-2.5,0-20,0-45,0-5,1,1-4,1-6,1.5,1.5-2.5-7,10-15-30,10-30,2,2-2.5-4,2-3,2-6,3-11-compound,3-4,3-5,4-5,acuminate,acute,apex,apical,articulated,base,calyx,campanulate,cm,connective,cordate,coriaceous,cuneate,cylindrical,deltate,densely,diameter,dilated,elliptic-ovate,entire,fleshy,flower,forked,fruit,glabrous,gland,globose,leaf,leaflet,lobe,margin,mm,moderately,oblong,obtuse,pedicel,peduncle,perfect,petiole,pinnately,pore,possibly,puberulent,purple,rachi,radiu,shallowly,shrub,simple,small,stalked,stellate,stigma,strongly,style,succulent,tree,truncate,two,unbranched,unknown,x	-1.5,.5,2-18,3-20,3-foliat,8-15,abaxially,absent,adaxially,apart,ape,apically,ature,axe,basal,beyond,bilobed,blade,color,compound,conivent,directed,distally,eaf,eed,equal,especially,exceeding,expanded,exserted,glabrate,immature,laterally,leaving,less,long,lower,minutely,narrowly,nflorescence,nther,one,orolla,papillose,prominent,puberulen,scar,see,seen,slightly,somewhat,spaced,sparsely,stamen,tal,tem,thecae,time,tip,tomento,toward,triangular,tube,ud,unit,unknow,vary,wide,ympodial	anther,arrangement,articulation,branching,bud,colour,corolla,form,growth,hair,height,inflorescence,length,na,number,ovary,plant,seed,shape,size,spacing,stalk,stem,symmetry,texture,theca,type	-11,.5-2.5,0-20,0-45,0-5,1,1-4,1-6,1.5,1.5-2.5-7,10-15-30,10-30,2,2-2.5-4,2-3,2-6,3-11-compound,3-4,3-5,4-5,acuminate,acute,apical,articulated,base,campanulate,cm,cordate,coriaceous,cuneate,cylindrical,deltate,densely,dilated,elliptic-ovate,entire,fleshy,forked,glabrous,gland,globose,mm,moderately,oblong,obtuse,perfect,pinnately,possibly,puberulent,purple,shallowly,shrub,simple,small,stalked,stellate,strongly,succulent,tree,truncate,two,unbranched,unknown,x	na
374	wfo-0001030250	success	169	86	57	74	95	12	57	0	.5,0.5-1,1-1.5,1-3,1.1-1.2,1.1-3.5,1.25-1.5,1.7-7,11.2-22,11.3,2-2.5,2.1-6,2.5-3.25,25,3.4-6.6,3.5-4,5-6,6-8,across,anther,apart,apex,attenuate,base,broadly,calyx,capitate,cm,conical,corolla,cuneate,cup-shaped,dark,decurrent,dia,elliptic,elliptic-ovate,filament,glabrous,globose,green,greenish-white,greenish-yellow,inflorescence,lateral,leaf,long,long-acuminate,main,minor,minutely,mm,occasionally,opposite,orbicular,ovary,ovoid-reniform,pair,pedicel,petiole,pitted,poricidal,scar,seed,shape,shrub,simple,size,stem,stigma,style,tip,vein,x	/4,0-seeded,1.4-1.5,1.9-2.6,3-5,4-7,5-50-flowered,anthesi,appearing,arching,bark,beginning,beneath,berry,brown,bullate,carinate-hooded,consisting,curved,deflexed,differing,difoliate,dry,eaf,edicel,eed,exerted,five,free,fresh,fruiting,geminat,glabrou,horizontally,inflorescenc,irregularly,lobe,lobed,lon,lower,major,maturity,middle,n,nflorescence,node,older,one,orbiculate,pale,paler,papillo,papillose,pendulous,pit,pore,portion,projection,prominent,proximal,raised,reflexed,rim,ruit,sea-green,shallow,shaped,slender,slightly,smooth,soon,spaced,specimen,spreading,straight,surface,tall,tan,tapering,tear-drop,translucent,translucent-green,tube,two,ud,unit,usually,way,white-lenticellat,white-lenticellate,wide,widest,winged,woody,ympodial	bud,colour,form,fruit,growth,height,length,plant,position,spacing,texture,venation	.5,0.5-1,1-1.5,1-3,1.1-1.2,1.1-3.5,1.25-1.5,1.7-7,11.2-22,11.3,2-2.5,2.1-6,2.5-3.25,25,3.4-6.6,3.5-4,5-6,6-8,across,apart,attenuate,broadly,capitate,cm,conical,cuneate,cup-shaped,dark,decurrent,dia,elliptic,elliptic-ovate,glabrous,globose,green,greenish-white,greenish-yellow,lateral,leaf,long,long-acuminate,main,minutely,mm,occasionally,opposite,orbicular,ovoid-reniform,pair,petiole,pitted,poricidal,shrub,simple,tip,vein,x	
375	wfo-0001030271	success	195	111	65	89	106	22	64	1	0-2,0.15-0.75,0.7-9.5,0.9-2.5,1-2,1-2.5,1-3,1-7,1.4-2.1,1.9-6.6,15-61,2-2.7,2-4,2-6,2.4-5.6,3-10,3.4-7.5,4-22,4-7,5-8,5.6-12.3,6-15,anther,berry,blade,blue,brownish,clavate,cm,coloration,completely,condition,coriaceous,corolla,dark,deep,diameter,drying,filament,flower,forked,fresh,fruit,glabrous,green,greenish,herb,homostylous,interjected,lanceolate,lateral,leaf,leaflet,light,lilac,lobe,medium,mm,moniliform,mottled,mucilaginous,odd-pinnate,ovoid,pair,pedicel,peduncle,pentagonal,petiole,plant,pore,poricidal,purple,ripe,rotate,seed,size,spot,stigma,straight,style,terminal,tip,tube,tuber,vein,wet,white,whitish,x	0.5-1.2,0.9-3.6,1-4,1-6,2-3,3-5,5-merou,abaxially,acumen,acute,adaxiall,adaxially,ag,along,alyx,apart,apex,apparently,arranged,articulated,asymmetric,attenuate,axe,axillary,base,basiscopic,bead,bud,capitat,cell,connivent,considerably,covering,decreasing,digestion,distal,dorsally,eaf,edge,eed,elliptic,enzyme,erect,exceeding,flat,folded,geminat,generally,glabrou,green-white,habi,hair-like,half,honeycomb-shaped,larger,lengthening,like,linear,living,long,lower,make,middl,multiple,necklace,nflorescence,orbicular,orolla,ovate,perfect,petiolulate,plurifoliate,removed,rosette,rounded,ruit,sessile,seudostipule,side,slightly,slit,sometimes,spaced,specimen,stamen,stolon,subtending,symmetric,tall,tamen,tem,testal,thick,throughout,tissue,toward,tri-,typically,unit,unwinged,usually,vary,wall,wide,yellow,ympodial	abaxial,adaxial,arrangement,branching,calyx,capitate,colour,form,growth,hair,height,inflorescence,length,number,ovary,pseudostipule,shape,staman,stem,symmetry,texture,width	0-2,0.15-0.75,0.7-9.5,0.9-2.5,1-2,1-2.5,1-3,1-7,1.4-2.1,1.9-6.6,15-61,2-2.7,2-4,2-6,2.4-5.6,3-10,3.4-7.5,4-22,4-7,5-8,5.6-12.3,6-15,berry,blue,brownish,clavate,cm,coloration,completely,condition,coriaceous,dark,deep,drying,forked,fresh,glabrous,green,greenish,herb,homostylous,lanceolate,light,lilac,medium,mm,moniliform,mottled,mucilaginous,odd-pinnate,ovoid,pentagonal,poricidal,purple,ripe,rotate,spot,straight,tip,vein,wet,white,whitish,x	capitate
376	wfo-0001030272	success	179	137	98	112	67	25	94	4	-6,.3,.5,/4,0-20,0.5-1.5,0.6-0.9,0.65-1,0.7-2.5,0.8-1.5,1,1-1.5,1-2.8,1.2-1.8,1.5-2.5,1/3,1/3-2/3,2-2.5,2-6.5,2.5-3,2.5-3.5,2.8-3.5,3.5-5,4-8,5-merous,abaxially,acute,almost,anther,apex,apically,apparently,articulated,bark,base,berry,blade,bright,calyx,cm,connivent,deltate,diameter,elliptic,entire,equal,evenly,filament,flattened-reniform,flower,fruit,fruiting,glabrescent,glabrous,gland,glandular,green,hair,lateral,leaf,length,less,lobe,long-attenuate,longer,margin,mature,maturity,mauve,minute,mm,multangulate,narrow-deltate,near,obtuse,orange-brown,pedicel,peduncle,per,petiole,poricidal,porrect,red,rounded,scar,sessile,shallowly,shrub,simple,slender,sometimes,sparsely,spherical,spreading,stellate,stellate-pubescent,stem,straight,style,tapering,terete,terminal,time,tip,trichome,tube,unarmed,unbranched,undulate,upper,wide,young	0.05-0.1,0.05-1.5,0.5-1,0.5-2,1.5-3,10-20,3-8,4-10,4-15,4-6,5-7,acut,alyx,ame,apar,ba,c.,concolorous,densely,difoliate,drying,eaf,eed,elongating,erect,free,geminat,glabrescen,gra,infructescence,lobed,long,lower,membranous,midpoint,moderately,nflorescence,older,one,open,orolla,oung,pair,perfec,pericarp,portion,primary,ray,red-brown,reduced,reflexe,ruit,shorte,smooth,spaced,surface,tamen,tertiary,unarme,unit,vary,vein,venation,visible,way,woody,ympodial	apart,armament,articulation,branching,colour,corolla,form,gray,growth,height,inflorescence,number,ovary,perfect,plant,position,ratio,reflexed,seed,shape,spacing,staman,texture,type,width	-6,.3,.5,/4,0-20,0.5-1.5,0.6-0.9,0.65-1,0.7-2.5,0.8-1.5,1,1-1.5,1-2.8,1.2-1.8,1.5-2.5,1/3,1/3-2/3,2-2.5,2-6.5,2.5-3,2.5-3.5,2.8-3.5,3.5-5,4-8,5-merous,abaxially,acute,almost,apically,apparently,articulated,base,berry,blade,bright,cm,connivent,deltate,elliptic,entire,equal,evenly,flattened-reniform,fruit,glabrescent,glabrous,glandular,green,hair,lateral,leaf,length,less,long-attenuate,longer,mature,maturity,mauve,minute,mm,multangulate,narrow-deltate,near,obtuse,orange-brown,per,poricidal,porrect,red,rounded,sessile,shallowly,shrub,simple,slender,sometimes,sparsely,spherical,spreading,stellate,stellate-pubescent,straight,tapering,terete,terminal,time,tip,trichome,unarmed,unbranched,undulate,upper,wide,young	apart,gray,perfect,reflexed
377	wfo-0001030287	success	148	118	77	93	55	25	73	4	-40,0-15,0.5-1,1,1-10,1-15,1-2,1-2.5,1-4,1-5.5,1.5-10,1.5-2.5,1966,2,2-10,2-12,2-3-9-11,2-5,4-5,4.5-6,8-13,acute,aggregate,apart,apex,base,blade,bluish,calyx,cell,chartaceous,cm,compound,cylindrical,deltate,dendritically,densely,diameter,directed,down,eglandular,ellipsoidal,elliptic-ovate,entire,fide,flattened,flower,forked,glabrous,glandular,hair,herb,lanceolate,leaf,lilac,lobe,long,margin,membranaceous,mm,moderately,narrowly,oblong,ovoid,pedicel,peduncle,petiole,pinnately,pore,puberulent,pubescent,purple,rachi,radiu,rugulose,scar,shrub,simple,slightly,smith,stellate,stigma,stone,strongly,style,subcordate,subcoriaceous,tip,truncate,unbranched,unknown,x,yellow	-foliat,-many,.5-2.5,1-3,2.5-4,3,4-6,5-10,?,abaxially,adaxiall,adaxially,articulated,axe,basiscopically,branched,color,connivent,decurrent,dendritic,dendritic-pubescen,distall,eaf,eed,gland,lateral,leaflet,leaving,lon,long-stalked,lower,nflorescence,nther,obtuse,often,orolla,pedicellar,presen,ruit,scattered,spaced,sparsely,sparser,stalked,subcapitat,tal,tem,time,triangular,tube,unit,upper,vary,wide,ympodial	anther,articulation,branching,colour,corolla,dendritic-pubescent,direction,distally,form,fruit,growth,height,inflorescence,length,ovary,plant,present,seed,shape,size,spacing,stem,subcapitate,texture,type	-40,0-15,0.5-1,1,1-10,1-15,1-2,1-2.5,1-4,1-5.5,1.5-10,1.5-2.5,1966,2,2-10,2-12,2-3-9-11,2-5,4-5,4.5-6,8-13,acute,apart,base,bluish,chartaceous,cm,compound,cylindrical,deltate,dendritically,densely,directed,down,eglandular,ellipsoidal,elliptic-ovate,entire,fide,flattened,forked,glabrous,glandular,hair,herb,lanceolate,lilac,long,membranaceous,mm,moderately,narrowly,oblong,ovoid,pinnately,puberulent,pubescent,purple,rugulose,shrub,simple,slightly,smith,stellate,strongly,subcordate,subcoriaceous,tip,truncate,unbranched,unknown,x,yellow	dendritic-pubescent,distally,present,subcapitate
378	wfo-0001030300	success	232	123	76	104	128	19	76	0	-7,.5,0.2-0.5,0.2-1.5,0.4-0.5,0.5,0.5-0.6,0.5-0.6-0.9,0.5-1,0.5-4,0.6-0.7-1,0.6-0.8-1,0.7-0.8,0.7-1.2,0.7-1.5,0.8-1,0.9-1,1,1-1.3,1-2,1-4,1.2-2.2-7.5,1.4-2.4,1.5-3.5-13,2-2.1,2-2.5,2-locular,4-11,6-15,9-12,absent,adaxial,almost,anther,apex,articulation,base,bifid,bract,broadly,brown,calyx,capitate,cm,coherent,column,cordate,corolla,crenate,diameter,ellipsoidal,elliptical,elongate,entire,filament,flower,fruit,fruiting,glabrous,globose,golden,green,hair-like,herb,imparipinnate,inflorescence,interrupted,irregularly,large,leaflet,less,lobe,margin,mm,moderately,obovate,occasionally,once-branched,orbicular,outgrowth,ovary,pale,partially,pedicel,peduncle,pentagonal,perennial,petiole,plant,present,pseudostipule,pubescent,rounded,simple,slightly,sparsely,stem,stigma,style,tube,woody,yellow,yellowish,zygomorphic	0.1,0.1-0.15,0.15-1,0.2,0.4-1.5,0.4-4.5,0.5-5,0.8-3,0.8-4,1-2-celled,1-6,1-celled,1.5-2.5,2-3,2-4,2-foliate,3/4,4-celled,6-8-celled,abaxially,abundant,acute,adaxially,although,always,anthesi,apical,appearance,appendage,articulated,ba,basal,bent,beyond,bracteate,brittle,cell,crenat,curved,deltate,densely,developed,diamete,distal,eaf,edicel,eed,eglandular,even,exserted,face,finely,frequently,give,glandular,glutinous-viscose,gree,halfway,head,interjected,internode,introrse,lamina,larger,lateral,leave,like,lon,long,longer,markedly,midvein,minute,multicellular,narrowly,nflorescence,node,oblique,pair,papillae,petal,petiolule,pith,population,pore,primary,pubescence,reflexed,rest,ruit,secondary,silky,spathulate,spreadin,spreading,staminal,sterile,straight,strongly,surface,tall,tem,terminal,tertiary,testa,thick,tip,triangular,trichome,two,ud,underlying,unicellular,uniseriate,unit,united,upper,usually,vein,velvety,wall,weak,well,wide,wider,winged,yellowish-green,ympodial	abaxial,arrangement,branching,bud,colour,form,growth,height,history,leaf,length,life,seed,shape,staman,texture,thicknes,type,width	-7,.5,0.2-0.5,0.2-1.5,0.4-0.5,0.5,0.5-0.6,0.5-0.6-0.9,0.5-1,0.5-4,0.6-0.7-1,0.6-0.8-1,0.7-0.8,0.7-1.2,0.7-1.5,0.8-1,0.9-1,1,1-1.3,1-2,1-4,1.2-2.2-7.5,1.4-2.4,1.5-3.5-13,2-2.1,2-2.5,2-locular,4-11,6-15,9-12,absent,almost,base,bifid,broadly,brown,capitate,cm,coherent,cordate,crenate,ellipsoidal,elliptical,elongate,entire,glabrous,globose,golden,green,hair-like,herb,imparipinnate,interrupted,irregularly,large,less,mm,moderately,obovate,occasionally,once-branched,orbicular,outgrowth,pale,partially,pentagonal,perennial,present,pubescent,rounded,simple,slightly,sparsely,yellow,yellowish,zygomorphic	
379	wfo-0001030311	success	182	95	56	73	109	22	55	1	.2,.5,0.5â0.8,0.5â1,0.6â1,0.8â1.2,1.2â7,1.5â2,1.5â5.5,1.5â8,1.8â2,15â22,1â1.2,1â1.5,1â2,2.2â2.5,2.5â9,2â2.5,2â6,3â5,3â7,5-pinnate,5â10,acuminate,acute,adaxial,anther,blade,brown,calyx,chartaceous,clavate,cm,deltoid,densely,diameter,entire,filament,flattened,flower,fruit,glabrous,green,half,lenticular,lobe,lower,margin,membranaceous,mm,orangish,ovoid-rhomboid,papillose,pedicel,peduncle,petiole,pubescence,pubescent,purplish,rachi,sparsely,stellate,stem,stigma,style,tan,terrestrial,trichome,tube,unbranched,vine,white,x	.5â1.8,0.1,0.1â0.2,0.3â1.5,0.4â2,0.5â2,0.5â2.5,0.6â2.4,0.8â4,0.8â4.5,1.5â3,1.5â6,1â2.5,1â3,2.2â3,2â10,<,abaxially,accrescent,adaxially,along,alyx,apar,apex,apical,appearance,axe,basal,base,berry,c.,capitat,ciliat,ciliate,color,cordate,cuneate,dense,distal,eaf,eed,elliptical,especially,extra-axillary,falcate,fallen,fruiting,giving,glabrou,granular,groov,groove,ground,hair,herbaceous,lanceolate,lateral,leaflet,like,log,lon,long,m.,membranous,midvein,minutely,nflorescence,nternode,oblique,obovate,obtuse,occasionally,orolla,pair,petiolulate,petiolule,plurifoliat,present,proximal,rhomboid,rounded,ruit,sand-punctate,scattered,sessile,short,shortly,side,slender,slightly,smaller,spaced,strongly,surface,tamen,tem,thick,thickened,thinner,tip,trailing,unit,upper,vary,vein,wide,wide-diameter,widely,ympodial	abaxial,branching,capitate,colour,corolla,form,glabrousnes,growth,habit,inflorescence,internode,leaf,length,ovary,plant,seed,shape,size,staman,texture,thicknes,type	.2,.5,0.5â0.8,0.5â1,0.6â1,0.8â1.2,1.2â7,1.5â2,1.5â5.5,1.5â8,1.8â2,15â22,1â1.2,1â1.5,1â2,2.2â2.5,2.5â9,2â2.5,2â6,3â5,3â7,5-pinnate,5â10,acuminate,acute,brown,chartaceous,clavate,cm,deltoid,densely,entire,flattened,flower,fruit,glabrous,green,half,lenticular,lower,membranaceous,mm,orangish,ovoid-rhomboid,papillose,pubescent,purplish,sparsely,stellate,tan,terrestrial,unbranched,vine,white,x	capitate
380	wfo-0001030311	success	201	123	85	101	100	22	82	3	.2,.5,0.1,0.4-2,0.5-1,0.5-2,0.6-1,0.6-2.4,0.8-1.2,0.8-4,0.8-4.5,1-1.5,1-2.5,1-3,1.2-7,1.5-2,1.5-5.5,1.5-8,1.8-2,15-22,2-2.5,2-6,2.2-2.5,2.2-3,3-5,3-7,5-10,5-pinnate,<,absent,adaxially,anther,apical,basally,blade,brown,chartaceous,clavate,cm,cordate,densely,diameter,directed,distally,elliptical,entire,flattened,flower,fruit,glabrous,granular,green,hair,half,herb,interjected,large,lateral,leaflet,lenticular,long,longitudinal,lower,margin,membranaceous,minutely,mm,node,oblique,oblong,obovate,opening,orangish,ovoid-rhomboid,papillose,pedicel,peduncle,petiole,petiolule,pore,pubescent,purplish,rachi,rhomboid,rooting,short,side,simple,slit,sparsely,stellate,stem,stigma,style,surface,tan,trailing,unbranched,upper,white,x	.5-1.8,0-2.5,0.5-0.8,1-1.2,1.5-3,1.5-6,2-10,2224,5-merou,8031,abaxially,absen,accrescent,acuminate,acute,adaxial,ag,aggregate,along,alyx,apart,apex,apparently,appearance,articulated,axe,ba,basal,base,capitat,cell,ciliat,ciliate,color,connivent,cuneate,deltoid,dense,dig,distal,eaf,eed,equal,especially,falcate,fallen,filament,formation,g,geminat,gh,giving,groov,groove,ground,like,lobe,log,lon,m.,midvein,nflorescence,obtuse,occasionally,orolla,pair,perfect,petiolulate,pittier,plurifoliate,present,proximal,rounded,ruit,scattered,sessile,shortly,sinple,slender,slightly,smaller,spaced,stone,strongly,tamayo,tamen,tem,thick,thickened,thinner,tip,tube,uniseriate,unit,vary,vein,wide,widely,yellow,ympodial	age,arrangement,branching,calyx,capitate,colour,corolla,form,growth,habit,inflorescence,leaf,length,ovary,pubescence,seed,shape,size,staman,texture,thicknes,ye	.2,.5,0.1,0.4-2,0.5-1,0.5-2,0.6-1,0.6-2.4,0.8-1.2,0.8-4,0.8-4.5,1-1.5,1-2.5,1-3,1.2-7,1.5-2,1.5-5.5,1.5-8,1.8-2,15-22,2-2.5,2-6,2.2-2.5,2.2-3,3-5,3-7,5-10,5-pinnate,<,absent,adaxially,basally,brown,chartaceous,clavate,cm,cordate,densely,diameter,directed,distally,elliptical,entire,flattened,flower,fruit,glabrous,granular,green,hair,half,herb,large,lenticular,long,longitudinal,lower,membranaceous,minutely,mm,node,oblique,oblong,obovate,opening,orangish,ovoid-rhomboid,papillose,pubescent,purplish,rhomboid,short,side,simple,slit,sparsely,stellate,tan,unbranched,upper,white,x	age,capitate,ye
381	wfo-0001030335	success	153	129	83	99	54	30	80	3	.25,.75,0-5,0.05-0.2,0.1-0.5,0.25-0.5,0.5-1,0.7-1,1-1.5,1-2,1.1-1.4,1.1.5,2-2.2,2-2.5,2-5,2.5-3,3/4,5-6,acute,anther,anthesi,apex,bark,base,berry,bi-lobed,bud,calyx,cm,conical,corolla,dark,densely,dry,elliptic,exserted,filament,filiform,flattened,fruiting,gently,glabrous,globose,green,greyish-red,horizontally,leaf,lenticellate,lightly,lobe,material,minutely,mm,narrowly,obovoid,older,onto,opposite,ovary,ovoid-reniform,pale,papillose,pedicel,petiole,pitted,pore,poricidal,puberulent,pubescent,raised,reflexed,ripe,shaped,shrub,simple,slightly,soon,spreading,stem,stigma,strongly,style,surface,tan,tapering,tear-drop,tip,trichome,tube,underside,unit,vein,way,white,winged,x,yellow,yellowish-green,young	.1,.5,1-3-flowered,2-4.5,5-7,7-13,acuminate,along,aspec,ba,beneath,branch,deciduous,decurrent,deflexed,deltoid,dia,eaf,edicel,eed,erect,except,expanded,free,geminate,giving,lamina,lateral,like,lobed,lon,long,lower,main,middle,minute,nflorescence,occasionally,often,pair,papillo,portion,prominent,puberulen,ruit,sparsely,straight,tall,ud,unifoliat,uniseriate,widest,woody,ympodial	1-3,branching,colour,decurred,diameter,exsertion,flower,form,fruit,growth,height,inflorescence,length,lobing,modification,number,pattern,plant,position,prominence,reflexion,seed,shape,size,structure,symmetry,sympodial,texture,unifoliate,winging	.25,.75,0-5,0.05-0.2,0.1-0.5,0.25-0.5,0.5-1,0.7-1,1-1.5,1-2,1.1-1.4,1.1.5,2-2.2,2-2.5,2-5,2.5-3,3/4,5-6,acute,anthesi,apex,base,berry,bi-lobed,calyx,cm,conical,dark,densely,dry,elliptic,exserted,filiform,flattened,gently,glabrous,globose,green,greyish-red,horizontally,leaf,lightly,material,minutely,mm,narrowly,obovoid,onto,opposite,ovoid-reniform,pale,papillose,petiole,pitted,poricidal,puberulent,pubescent,raised,reflexed,ripe,shaped,shrub,simple,slightly,soon,spreading,strongly,tan,tapering,tear-drop,tip,tube,underside,way,white,winged,x,yellow,yellowish-green,young	1-3,decurred,unifoliate
382	wfo-0001030336	success	262	116	86	98	164	18	84	2	0.2-1,0.3-1.1,0.5,0.5-0.7,1-3,1/4-1/3,4-celled,acute,almost,anther,apex,articulation,base,basiscopically,bent,berry,bifurcate,bluntly,bracteate,bright,brown,cell,cm,corolla,crenate,dark,darker,decurrent,deeply,densely,developed,eglandular,elliptic,entire,flushed,fruit,glandular,globose,green,greenish,hair-like,half,head,herb,imparipinnate,inflorescence,interrupted,lateral,leaf,leaflet,less,lobed,long,lower,margin,markedly,midvein,mixed,mm,node,oblique,obovate,occasionally,once-branched,orbicular,outgrowth,papillate,pedicel,perennial,petiole,present,proximal,pseudostipule,pubescent,purple,rachi,rotate,rounded,scattered,shorter,simple,slightly,sparse,stellate,stem,surface,ten,testa,tip,trichome,truncate,uniseriate,usually,wall,way,white,wide,yellow	-1.5,-10,.5,0-2-9,0.1-0.3,0.1-0.5,0.1-0.7,0.1-1,0.15-0.2,0.15-0.9,0.2,0.2-0.25,0.2-0.8,0.2-1.5-2,0.3-0.4,0.5-1,0.5-1.5,0.6-0.8,0.6-1.5,0.8-0.9,0.8-1.2,0.8-1.3,0.8-3,1,1-1.4,1-1.5,1-celled,1.0-1.4,1.5-2,1.5-3.5,1.5-4-10,1.5-5,1.6-7,1.7-2.3,1.8-3.0,10,2-4,2-foliate,2-locular,2/3,3-5,4,4-10-19,4-8-16,6,8-20,8-celled,absent,adpressed,amongst,anthesi,apical,appearance,appearing,appendage,articulated,basal,bract,branch,calyx,capitate,clavat,coat,column,completely,conical,cordate,curved,diamete,diameter,distal,divided,eaf,edicel,eed,elongate,entir,erect,essentially,exserted,extremely,filament,first,flower,fruiting,giving,glandula,grayish,halfway,interjected,internode,investing,lanceolate,large,larger,largest,leave,like,lobe,lon,longer,loosely,maturity,mere,middl,minute,minutely,mostly,narrowing,narrowly,nflorescence,often,ovary,pair,pale,part,peduncle,petiolule,population,primary,puberulent,range,reflexed,rest,ruit,secondary,sessile,shaggy,shrub,silky,sinus,small,soft,sometimes,southern,spreadin,spreading,staminal,sterile,stigma,straight,stripe,strongly,style,surrounding,tall,tem,terminal,tertiary,thick,tube,two,ud,unicellular,uniformly,unit,united,upper,velvety,weak-walled,winged,woody,ympodial,young	arrangement,branching,colour,form,growth,hair,history,length,life,mature,middle,position,prickle,seed,shape,texture,type,unknown	0.2-1,0.3-1.1,0.5,0.5-0.7,1-3,1/4-1/3,4-celled,acute,almost,basiscopically,bent,berry,bifurcate,bluntly,bracteate,bright,brown,cell,cm,crenate,dark,darker,decurrent,deeply,densely,developed,eglandular,elliptic,entire,flushed,glandular,globose,green,greenish,hair-like,half,head,herb,imparipinnate,interrupted,lateral,leaflet,less,lobed,long,markedly,midvein,mixed,mm,node,oblique,obovate,occasionally,once-branched,orbicular,outgrowth,papillate,perennial,present,proximal,pubescent,purple,rachi,rotate,rounded,scattered,shorter,simple,slightly,sparse,stellate,surface,ten,testa,tip,trichome,truncate,uniseriate,usually,wall,way,white,wide,yellow	middle,unknown
383	wfo-0001030342	success	155	116	68	91	64	25	64	4	.2,.5,0.1â0.2,0.3â1.2,0.5â1,0.5â3,0.8â1.5,1-5,1-6.5,1.5,1.5â13,1.5â2,1.5â5,10â25,1â1.5,1â2.5,2â2.5,2â4,3-pinnate,3â12,4â5,5-merous,abundant,acuminate,acute,adaxially,along,anther,apex,apical,apiculate,base,blade,broadly,calyx,chartaceous,cm,cordate,cuneate,deltoid,dense,diameter,elliptical,entire,extra-axillary,filament,flower,fruit,glabrous,greenish,lateral,leaf,leaflet,lenticular,lobe,margin,membranous,mm,mottled,oblique,obtuse,often,ovoid-rhomboid,pedicel,peduncle,petiole,petiolule,pubescent,rachi,rarely,rhomboid,rounded,scattered,smooth,stellate,stem,stigma,style,surface,trichome,truncate,tube,unbranched,undulate,unit,vein,vine,white,widely,x,yellowish	0.5â5,0.8â4,1.2â3,1.5â7.5,1â1.2,1â3,1â5.5,1â6,1â7,2â,3,4â8,6â7,abaxially,accrescent,alyx,apar,axe,berry,brown,c.,capitat,ciliat,cylindrical,eaf,eed,flattened,fruiting,glabrou,herbaceous,lanceolate,light,like,lon,long,lower,m.,minutely,nflorescence,nternode,orolla,perfec,plurifoliat,pointed,proximal,pubescen,revolute,ruit,sand-punctate,side,slender,slightly,spaced,sparsely,tamen,tem,terrestria,tip,truncate-acuminat,vary,wide,wide-diameter,ympodial,â7	2â7,branching,capitate,colour,corolla,distribution,form,growth,inflorescence,internode,length,merosity,number,ovary,perfect,plurifoliate,position,seed,shape,size,staman,structure,sympodial,texture,type	.2,.5,0.1â0.2,0.3â1.2,0.5â1,0.5â3,0.8â1.5,1-5,1-6.5,1.5,1.5â13,1.5â2,1.5â5,10â25,1â1.5,1â2.5,2â2.5,2â4,3-pinnate,3â12,4â5,5-merous,abundant,acuminate,acute,along,apiculate,broadly,chartaceous,cm,cordate,cuneate,deltoid,dense,elliptical,entire,extra-axillary,glabrous,greenish,lenticular,membranous,mm,mottled,oblique,obtuse,often,ovoid-rhomboid,pubescent,rarely,rhomboid,rounded,scattered,smooth,stellate,trichome,truncate,unbranched,undulate,vein,vine,white,widely,x,yellowish	2â7,capitate,perfect,plurifoliate
384	wfo-0001030342	success	151	88	56	70	81	18	53	3	.2,.5,1-1.5,1-3,1-6.5,1.5-13,1.5-2,1.5-5,10-25,2-3,3-12,3-pinnate,4-5,absent,acuminate,acute,adaxially,anther,basally,blade,brown,calyx,chartaceous,cm,cylindrical,deltoid,diameter,entire,extra-axillary,flower,glabrous,hair,herb,interjected,lanceolate,leaf,leaflet,lenticular,light,lobe,longitudinal,margin,membraceous,mm,oblong,opening,pedicel,peduncle,petiole,pore,pubescent,rachi,rarely,sagittate,simple,slender,slit,stellate,stigma,style,terrestrial,tip,truncate,tube,unbranched,undulate,uniseriate,white,x,yellow	-7,0.5-1,0.5-3,0.5-5,0.8-4,1-1.2,1-5,1-5.5,1-6,1-7,1.2-3,1.5-7.5,2-2.5,4-8,5-merou,6-7,abaxially,abundant,accrescent,ag,along,alyx,apart,apex,apical,apiculate,apparently,articulated,axe,ba,base,broadly,capitat,ciliat,connivent,cordate,cuneate,directed,distally,eaf,eed,elliptical,equal,filament,fruit,fruiting,geminat,lateral,long,lower,minutely,nflorescence,node,oblique,obtuse,orolla,perfect,petiolule,plurifoliate,proximal,pubescen,revolute,rhomboid,rooting,rounded,scattered,side,slightly,smooth,spaced,surface,tamen,tem,trailing,truncate-acuminat,unit,vary,vein,wide,widely,ympodial	2-7,age,arrangement,capitate,colour,corolla,form,growth,inflorescence,length,number,ovary,seed,shape,size,staman,stem,texture	.2,.5,1-1.5,1-3,1-6.5,1.5-13,1.5-2,1.5-5,10-25,2-3,3-12,3-pinnate,4-5,absent,acuminate,acute,adaxially,basally,brown,chartaceous,cm,cylindrical,deltoid,diameter,entire,extra-axillary,glabrous,hair,herb,lanceolate,lenticular,light,longitudinal,membraceous,mm,oblong,opening,pubescent,rarely,sagittate,simple,slender,slit,stellate,terrestrial,tip,truncate,unbranched,undulate,uniseriate,white,x,yellow	2-7,age,capitate
385	wfo-0001030353	success	222	119	78	97	125	22	77	1	-5,-merous,.2,.7,0,0-6,0.5-0.9,0.8-1.2,1-3,1.8-2.2,1.8-3,1/2-2/3,1/5,20-200,3-5.5,3.5-4,5,5-6,abaxial,abaxially,acute,adaxial,andromonoecious,anther,apart,apex,articulated,bark,base,berry,brown,calyx,chartaceous,cm,conical,connivent,cuneate,curved,densely,ellipsoid,elliptic,erect,evenly,filament,flattened,flattened-reniform,flower,free,fruit,fruiting,glabrescent,glabrous,green,heterostylous,lateral,leaf,length,lobed,long-styled,margin,maturity,mauve,mm,moderately,multangulate,orange-brown,pedicel,peduncle,per,petiole,plant,poricidal,porrect,portion,prickle,reddish-green,sessile,shape,short-styled,shrub,simple,small,stalked,stellate-pubescent,straight,style,subentire,tapering,terminal,tip,tree,tube,upper,way,weakly,yellow,young	-3,.1-0.2,.5,0-15,0-2,0.1-0.2,0.1-0.3,0.15-0.3,0.5-1.5,0.8,1-2,1-5,1-6,1-7,1.2-1.8,1/,1/3,1/6,1/6-1/4-1/2,10-15,11-16,2-10,2-7,2.5-4,2.8-3.7,3-4,4-4.5,4-5,4-5-6,6,6-15,6-8,7-10,8-15,almost,alyx,apar,apically,apiculat,apparently,blade,broad-deltate,c.,deltate,development,diameter,discolorous,distal,distance,drying,eaf,eed,elongating,equal,extending,half,hermaphrodite,infructescence,less,lobe,long,longer,lower,lowermost,mature,midpoint,midvein,narrow-deltate,nflorescence,older,one,open,orolla,oung,pair,patch,pendulous,pericarp,plurifoliat,pointed,prickly,primary,ray,red-brown,reflexed,retaining,rounded,ruit,scar,shorter,side,smooth,sometimes,somewhat,spaced,sparsely,spreading,stalk,staminat,stellate,stem,stout,strongly,surface,tamen,terete,tertiary,throughout,time,trichome,unarme,unarmed,unbranched,unit,vary,vein,venation,visible,warty,whit,white-gray,wide,wo,woody,ympodial	/,articulation,breeding,colour,corolla,form,growth,hair,heterostyly,inflorescence,merosity,number,orientation,ovary,position,seed,spacing,staman,system,texture,type,width	-5,-merous,.2,.7,0,0-6,0.5-0.9,0.8-1.2,1-3,1.8-2.2,1.8-3,1/2-2/3,1/5,20-200,3-5.5,3.5-4,5,5-6,abaxially,acute,andromonoecious,apart,articulated,base,berry,brown,chartaceous,cm,conical,connivent,cuneate,curved,densely,ellipsoid,elliptic,erect,evenly,filament,flattened,flattened-reniform,free,glabrescent,glabrous,green,heterostylous,lateral,lobed,long-styled,maturity,mauve,mm,moderately,multangulate,orange-brown,poricidal,porrect,portion,reddish-green,sessile,short-styled,shrub,simple,small,stalked,stellate-pubescent,straight,subentire,tapering,terminal,tip,tree,tube,upper,way,weakly,yellow,young	/
386	wfo-0001030407	success	182	122	79	98	84	24	74	5	.2,.5,0.7-3.2,1-10,1-2,1.5-5,12-14,12-15,2-5,2-6.7,2-7,3-10.5,3-6.5,3-9,3.5-9.5,30-60,4-5,5,6-7,6.5-18.5,7-8,abaxially,adaxially,anther,berry,blade,brownish,cell,chartaceous,ciliate,cm,condition,conical,corolla,densely,diameter,digestion,dorsally,drying,edge,end,enzyme,filament,flat,flower,folded,forked,fresh,fruit,glabrous,green,greenish,hair,herb,homostylous,honeycomb-shaped,lanceolate,lateral,leaf,leaflet,lengthening,light,like,lobe,long,margin,middle,minute,mm,mottled,odd-pinnate,one,ovoid,pedicel,peduncle,pentagonal,petiole,plant,pore,poricidal,proximal,pubescent,purple,removed,ripe,seed,size,slit,stigma,style,terminal,testal,tip,tube,tuber,wall,whitish,x	1-3,1-4,2-2.5,3-4,5-merou,absent,acumen,acuminate,ag,alyx,apart,apex,apparently,articulated,axe,axillary,base,bud,capitat,connivent,covering,decreasing,distal,eaf,eed,elliptic-lanceolate,especially,exceeding,geminat,generally,glabrou,gradually,green-white,hair-like,half,interjected,larger,living,lower,make,mucilaginous,nflorescence,obtuse,orolla,ovate,pair,perfect,petiolule,placed,plurifoliate,pubescen,ray,round,ruit,secondary,semierec,seudostipule,spaced,specimen,stamen,ste,stolo,subequal,subsessile,subtending,symmetrical,tall,tamen,tem,thick,thir,throughout,toward,tri-,typically,unit,unwinged,usually,vary,wet,white,wide,yellow,ympodial	age,arrangement,articulation,branching,calyx,capitate,colour,form,growth,height,inflorescence,length,number,ovary,placement,pseudostipule,pubescence,shape,spacing,stem,stolon,texture,third,width	.2,.5,0.7-3.2,1-10,1-2,1.5-5,12-14,12-15,2-5,2-6.7,2-7,3-10.5,3-6.5,3-9,3.5-9.5,30-60,4-5,5,6-7,6.5-18.5,7-8,abaxially,adaxially,berry,brownish,chartaceous,ciliate,cm,condition,conical,densely,digestion,dorsally,drying,end,enzyme,flat,folded,forked,fresh,glabrous,green,greenish,hair,herb,homostylous,honeycomb-shaped,lanceolate,lateral,lengthening,light,like,long,margin,middle,minute,mm,mottled,odd-pinnate,one,ovoid,pentagonal,pore,poricidal,proximal,pubescent,purple,removed,ripe,slit,tip,wall,whitish,x	age,capitate,stem,stolon,third
387	wfo-0001030420	success	159	136	94	109	50	27	90	4	-pubescent,0.5-1,0.5-1-1.5,0.5-4,0.5-8,1-2,1-3,1-4,1-6,1.5-3,1.5-5,10-15-25-30,10-25-35,2-3,2-3-lobed,2-5,2-9,4-7,5-15-20,5-6,5-6-7,7-22,abaxially,absent,acuminate,acute,adaxially,aggregate,also,apart,apex,basal,base,beyond,calyx,cell,chartaceous,cm,connective,connivent,cordate,deltate,densely,diameter,directed,distally,eglandular,ellipsoidal,elliptic-ovate,elongated,entire,equal,flower,forked,fruit,glabrate,glandular-,glandular-puberulent,hair,lanceolate,leaf,leaving,lobe,lobed,long,margin,mm,moderately,narrowly,nearly,obtuse,often,ovate,pedicel,pedicellar,peduncle,petiole,pilose,pinnately,pore,puberulent,pubescent,pubescent-pilose,purple,rachi,radiu,rarely,remnant,shorter,shrub,simple,small,sparsely,stamen,stellate,stigma,stone,style,subcoriaceous,thecae,tip,tree,triangular,truncate,unbranched,unknown,unlobed,vein,x	-4,1-2-6-9,1-7.5,1/2,2-14.5,2-3-7,4-foliat,5-7-19,7/8,ape,articulated,axe,blade,color,cylindrical,dark,divided,eaf,eed,eglandular-pilo,eglandular-puberulent,exserted,glabrous,lon,lower,midrib,nflorescence,nther,orolla,perfect,presen,puberulent-pubescent,pubescent-pilo,ripe,ruit,sinus,spaced,tal,tem,time,tomento,truncat,tube,ud,unit,vary,wide,yello,yellow,ympodial	-9,anther,articulation,branching,bud,colour,corolla,direction,eglandular-pilose,exsertion,form,growth,height,inflorescence,length,lobing,na,ovary,plant,present,seed,shape,spacing,stem,texture,theca,type	-pubescent,0.5-1,0.5-1-1.5,0.5-4,0.5-8,1-2,1-3,1-4,1-6,1.5-3,1.5-5,10-15-25-30,10-25-35,2-3,2-3-lobed,2-5,2-9,4-7,5-15-20,5-6,5-6-7,7-22,abaxially,absent,acuminate,acute,adaxially,also,apart,apex,basal,base,beyond,chartaceous,cm,connivent,cordate,deltate,densely,directed,distally,eglandular,ellipsoidal,elliptic-ovate,elongated,entire,equal,forked,glabrate,glandular-,glandular-puberulent,hair,lanceolate,leaving,lobe,lobed,long,mm,moderately,narrowly,nearly,obtuse,often,ovate,pedicellar,pilose,pinnately,puberulent,pubescent,pubescent-pilose,purple,rarely,remnant,shorter,shrub,simple,small,sparsely,stamen,stellate,subcoriaceous,thecae,tip,tree,triangular,truncate,unbranched,unlobed,vein,x	-9,eglandular-pilose,na,present
388	wfo-0001030426	success	157	91	52	65	92	26	48	4	0.3-7,0.3-8,0.4-0.7,1-4,1-4.2,1.5-3,1.7-3.2,10,15-25-30,2,2.5-4,2.5-6,3-6,4-10,4-6.5,6-11.5,6-8,9,apically,branched,calyx,cm,connate,corolla,cyme,dehiscent,diameter,dichasial,dichasially,distal,filament,glandular,globose,green,green-white,heart-shaped,herbaceous,interjected,lateral,leaf,leaflet,mm,monochasial,oblong,odd-pinnate,ovoid,pair,pedicel,peduncle,perennial,petiole,pilose,plant,poricidally,proximal,seed,spot,stellate,style,terminal,throughout,tuber-bearing,unit,white,Â¼	1.5-6.5,2-3,3-12,3-4,3-6-foliat,abaxially,absen,acumen,acute,adaxially,apex,apical,apiculate,articulate,base,caudate,cell,covering,decurrent,digestion,diminishing,dorsally,eaf,ebracteate,edge,eed,elliptic-lanceolate,emoval,enzyme,exceeding,flat,flower,folded,forked,generally,globo,gradually,hair-like,half,honeycomb,introrse,lanceolate,larger,linear,linear-lanceolate,linear-oblong,living,lobe,lon,long,lower,make,maturing,mucilaginous,nflorescence,nther,oblique,obtuse,often,orolla,pattern,perfect,pinnatifi,plan,rachi,reveal,rounded,ruit,second,sessile,seudostipule,short,size,slit,specimen,stamen,stigma,straight,stripe,tal,tem,testal,thick,toward,typically,vary,wall,whit,wide,without,yellow,ympodial	3-6-foliate,absent,anther,arrangement,articulation,bract,branching,colour,ebbrate,form,fruit,growth,height,inflorescence,length,ovary,pinnatifid,pore,pseudostipule,shape,stem,structure,sympodial,texture,type,width	0.3-7,0.3-8,0.4-0.7,1-4,1-4.2,1.5-3,1.7-3.2,10,15-25-30,2,2.5-4,2.5-6,3-6,4-10,4-6.5,6-11.5,6-8,9,apically,branched,cm,connate,cyme,dehiscent,dichasial,dichasially,distal,glandular,globose,green,green-white,heart-shaped,herbaceous,mm,monochasial,oblong,odd-pinnate,ovoid,perennial,pilose,poricidally,proximal,spot,stellate,throughout,tuber-bearing,white,Â¼	3-6-foliate,absent,ebbrate,pinnatifid
389	wfo-0001030430	success	171	130	86	80	91	50	62	24	.2,.5,5,abundant,acute,anther,anthesi,apart,apex,base,blue,brittle,brown,calyx,capitate,cell,clavate,cm,cylindrical,decurrent,densely,diameter,elliptic,few-seeded,filament,flattened,fleshy,flower,fruit,glabrous,globose,green,hair,leaf,lobe,lobed,long,longitudinal,margin,mm,moderately,oblong,occasionally,opening,ovate,pair,pale,pedicel,peduncle,pentagonal,perennial,perfect,petiole,pitted,pore,present,pubescent,purple,regularly,rounded,shallowly,shaped,shrub,simple,slit,stigma,stone,straight,style,subglabrous,surface,tear-drop,time,tube,violet,white,wide,woody,x,yellow	0.25,0.3,0.4,0.5,0.5â12,0.6,0.6â0.8,0.6â1.0,0.8â3.0,0.8â5.6,0.9â1.0,0â20,1.0â1.2,1.0â1.5,1.0â2.0,1.2â2.0,1.3â8.0,1.4â1.5,1.5â1.7,1.6â1.8,1.8â5.0,12â20,12â30,1â3,1â9,2.0â3.0,2.0â4.2,2â3,3.0â4.5,30â200,3â17,3â24,3â4,3â5,3â8,5.5â12,5â10,5â6,6â10,abaxially,adaxiall,adaxially,ag,apical,appressed,articulated,axe,axillary,ba,basal,blade,borne,branched,bud,chartaceous,connivent,convex,dentate,diamete,eaf,eed,equal,erect,especially,geminat,indumentum,lon,lower,m.,multicellular,nflorescence,orolla,poricidal,ruit,serrate,shoot,side,spaced,tal,tamen,tem,terminal,tip,toward,unifoliate,uniseriate,unit,vary,ympodial,â2.7,â40	0-20,0.5-12,0.8-3.0,0.8-5.6,1-3,1.0-1.2,1.0-2.0,1.2-2.0,1.3-8.0,1.4-1.5,1.6-1.8,12-20,12-30,2-3,2.7,3-17,3-4,3-5,3-8,30-200,40,5-10,5-6,abaxial,adaxial,age,arrangement,articulation,branching,colour,corolla,form,growth,height,history,inflorescence,length,life,number,ovary,plant,ratio,seed,shape,size,spacing,staman,stem,texture,type	.2,.5,5,abundant,acute,anthesi,apart,base,blue,brittle,brown,capitate,clavate,cm,cylindrical,decurrent,densely,diameter,elliptic,few-seeded,flattened,fleshy,fruit,glabrous,globose,green,lobe,lobed,long,longitudinal,mm,moderately,oblong,occasionally,opening,ovate,pair,pale,pentagonal,perennial,perfect,pitted,present,pubescent,purple,regularly,rounded,shallowly,shaped,shrub,simple,slit,straight,subglabrous,tear-drop,time,violet,white,wide,woody,x,yellow	0-20,0.5-12,0.8-3.0,0.8-5.6,1-3,1.0-1.2,1.0-2.0,1.2-2.0,1.3-8.0,1.4-1.5,1.6-1.8,12-20,12-30,2-3,2.7,3-17,3-4,3-5,3-8,30-200,40,5-10,5-6,age
390	wfo-0001030441	success	178	159	116	131	47	28	112	4	+,.5,0.5,0.5-0.75,0.5-3,1,1-1.5,1-2-celled,1.2-1.4,1.5-2,10-40,2,2-10,2-5.5,2.5,3-4,30,4-5,5-14,5-7.5,6-11,<,>,acuminate,acute,along,anther,anthesi,apart,apex,articulated,attenuate,base,berry,branched,bright,c.,calyx,capitate,cell,closely,cm,corolla,decurrent,diameter,ellipsoid,elliptic,entire,exerted,eye,filament,flattened,flexuous,flower,free,fruiting,glabrous,glandular,globose,green,growth,hair,irregularly,juicy,lateral,leaving,lengthening,lobe,lobed,long,lower,making,many,margin,membranous,midvein,minutely,mm,narrowly,new,occasionally,onto,open,pale,papillose,pedicel,peduncle,peg,per,pericarp,petiole,plant,pore,poricidal,portion,pubescent,red,reniform,ridged,ripe,scar,shiny,short,shrub,simple,slightly,slit,spaced,spot,stellate,stem,stigma,strongly,style,surface,thin,time,tip,trichome,tube,undulate,uniseriate,upper,usually,vine,violet,wall,way,white,woody,yellow	0.5-1,1-1.4,2-3,5-6,5-7,5-merou,ag,alyx,ark,brow,deltate,distall,eaf,eed,glabrou,glandula,ilament,impressed,lon,markedly,nflorescence,older,orolla,otherwise,pair,papillat,perfect,plurifoliat,primary,reflexed,ruit,scandent,shrubby,small,somewhat,spreadin,spreading,tem,terminal,trailing,triangular,ud,unit,vary,vein,wide,ympodial	age,articulation,bark,branching,brown,bud,colour,distally,exertion,form,fruit,glabrousnes,glandularity,height,inflorescence,leaf,length,number,ovary,papillate,ridging,seed,shape,spacing,texture,thicknes,type,width	+,.5,0.5,0.5-0.75,0.5-3,1,1-1.5,1-2-celled,1.2-1.4,1.5-2,10-40,2,2-10,2-5.5,2.5,3-4,30,4-5,5-14,5-7.5,6-11,<,>,acuminate,acute,along,anthesi,apart,apex,articulated,attenuate,base,berry,branched,bright,c.,calyx,capitate,cell,closely,cm,decurrent,diameter,ellipsoid,elliptic,entire,exerted,eye,flattened,flexuous,glabrous,glandular,globose,green,hair,irregularly,juicy,lateral,leaving,lengthening,lobe,lobed,long,making,many,membranous,midvein,minutely,mm,narrowly,occasionally,onto,open,pale,papillose,peg,per,pericarp,petiole,pore,poricidal,pubescent,red,reniform,ridged,ripe,shiny,short,shrub,simple,slightly,slit,spaced,spot,stellate,strongly,surface,thin,time,tip,trichome,tube,undulate,uniseriate,usually,vine,violet,wall,way,white,woody,yellow	age,brown,distally,papillate
391	wfo-0001030444	success	196	125	73	99	97	26	71	2	0-24,0.15-0.8,0.8-2,1,1-10,1-2,1-4,1-5,11-45,2-3,2-8,2.3-3.6,2.4-3.8,3-10,3-5,4-17,4-39,4-7,5.3-9,6.1-12.8,7.1-17.5,9.4-20.1,acumen,anther,berry,blade,blue,brownish,ciliate,clavate,cm,condition,coriaceous,corolla,dark,deep,diameter,distal,dot,drying,elliptic,filament,flower,forked,fresh,fruit,glabrous,green,greenish,half,herb,high,homostylous,interjected,lanceolate,lateral,leaf,leaflet,light,lilac,lobe,margin,medium,mm,moniliform,mucilaginous,narrow,odd-pinnate,ovate,ovoid,pair,pedicel,peduncle,pentagonal,petiole,plant,pore,poricidal,purple,ripe,rotate,rough,seed,size,sometimes,stigma,straight,style,terminal,tip,touch,tube,tuber,unwinged,usually,white,whitish,wing,x	1.1-2.7,1.2-1.8,2-6,3.7-6.8,5-merou,abaxiall,abaxially,acuminate,acute,adaxially,ag,along,alyx,apart,apex,apparently,arranged,articulated,asymmetric,attenuate,axe,axillary,base,basiscopic,bead,bud,capitat,cell,connivent,covering,decreasing,digestion,dorsally,eaf,edge,eed,enzyme,erec,exceeding,flat,folded,geminat,general,generally,glabrou,green-white,hair-like,hal,honeycomb-shaped,larger,lengthening,like,linear,living,long,lower,make,multiple,necklace,nflorescence,orbicular,orolla,perfect,petiolulate,plurifoliate,removed,rounded,ruit,sessile,seudostipule,shortly,side,slit,spaced,specimen,stamen,stolon,subequal,subtending,symmetric,tall,tamen,tem,testal,thick,throughout,tissue,toward,tri-,typically,unit,vary,wall,wet,wide,yellow,ympodial	abaxial,adaxial,arrangement,articulation,branching,calyx,capitate,colour,form,growth,height,inflorescence,length,number,ovary,presence,property,pseudostipule,roughnes,shape,spacing,staman,stem,texture,type,ye	0-24,0.15-0.8,0.8-2,1,1-10,1-2,1-4,1-5,11-45,2-3,2-8,2.3-3.6,2.4-3.8,3-10,3-5,4-17,4-39,4-7,5.3-9,6.1-12.8,7.1-17.5,9.4-20.1,berry,blue,brownish,ciliate,clavate,cm,condition,coriaceous,dark,deep,distal,dot,drying,elliptic,forked,fresh,glabrous,green,greenish,half,herb,high,homostylous,lanceolate,light,lilac,medium,mm,moniliform,narrow,odd-pinnate,ovate,ovoid,pentagonal,poricidal,purple,ripe,rotate,rough,sometimes,straight,tip,touch,unwinged,usually,white,whitish,wing,x	capitate,ye
392	wfo-0001030445	success	226	102	65	79	147	23	63	2	0.2-0.4,0.6-2.2,1-1.3,1-7,1.1-4.3,1.6-2,14,15-35,2.1-5.2,2.2-2.9,4.1-8.7,4.2-10,5.2-7.1,5.9-15,5.9-8.3,7.5-16,8.2-18,abaxial,acute,apart,bark,base,black,branch,branched,bud,calyx,cm,corolla,deltoid-reniform,diameter,drying,elliptic,elliptical,erect,ferruginous-granular,ferruginous-tomentose,flower,fruit,glabrate,globose,green,greyish-tan,hair,intermediate,leaf,lobe,many,mm,oblong-lanceolate,obovate,orangish-tan,orbicular,pedicel,peduncle,petiole,porrect-stellate,pubescence,relatively,reniform,reticulate-punctate,shrub,simple,small,somewhat,stellate,subcampanulate,surface,thick-textured,thicknes,thin,thin-,time,tomentose,tree,tube,x,yellowish,yellowish-tan	.1,.5,/5-2/3,0.1-0.7,0.2,0.2-0.5,0.2-0.7,0.3,0.4,0.5,0.6-3.5,0.7,0.8,1,1.3,1.3-1.8,1.3-2,1.5-2.1,1.7-2.4,1.8-3.5,10-14,10-16,2.2-3.5,2.4-4.7,3-5.4,3.1-5,3.4-5.6,3.5-4.2,5-125,5-merou,6.1-9.1,8.1-10,abaxially,accrescent,acuminate,adaxially,ag,along,alyx,anther,apex,appressed,around,articulated,axillary,berry,blade,blunt-tippe,blunt-tipped,brown,brownish-yellow,bulbous-based,capitate,concentrated,cylindrical,decurrent,directed,distally,eaf,earl,edge,eed,elongated,entire,exserted,ferruginous,filament,free,fruiting,geminate,glabrescen,glabrous,high,homostylous,inserted,lackin,lateral,lengthening,lobed,lon,long,longitudinal,lower,m.,main,margin,midrib,midvein,mostly,multangulat,multangulate,nflorescence,oblong,obscured,obtuse,older,open,orange,orolla,ovate,ovate-lanceolate,plurifoliate,pore,poricidal,porrect-stellat,pseudoterminal,pubescent,rachi,ray,resorption,rounded,ruit,runk,semi-spherical,sessile,side,slightly,slit,soon,spaced,sparse,sparsely,splitting,stalk,stamen,stem,stigma,stout,style,sulcate,suture,tamen,thick,tip,tissue,tomentum,unarme,unit,vary,vein,vestigial-rayed,way,white,wide,yellow,ympodial,young	55-125,adaxial,arrangement,articulation,branching,colour,form,glabrescent,growth,height,inflorescence,length,number,orientation,plant,seed,shape,size,spacing,texture,trunk,type,width	0.2-0.4,0.6-2.2,1-1.3,1-7,1.1-4.3,1.6-2,14,15-35,2.1-5.2,2.2-2.9,4.1-8.7,4.2-10,5.2-7.1,5.9-15,5.9-8.3,7.5-16,8.2-18,acute,apart,base,black,branched,cm,deltoid-reniform,diameter,drying,elliptic,elliptical,erect,ferruginous-granular,ferruginous-tomentose,flower,fruit,glabrate,globose,green,greyish-tan,intermediate,many,mm,oblong-lanceolate,obovate,orangish-tan,orbicular,porrect-stellate,relatively,reniform,reticulate-punctate,shrub,simple,small,somewhat,stellate,subcampanulate,thick-textured,thin,thin-,time,tomentose,tree,x,yellowish,yellowish-tan	55-125,glabrescent
393	wfo-0001030447	success	276	90	51	72	204	18	50	1	.2,.5,0,0.4-0.7,0.4-0.9,0.5,0.5-0.65,0.5-10,0.5-3,0.7-1,0.8-1.7,0.8-3.5,1.5-7,2-4,2.5-10,3-4.5,6.5-9,7-8,acute,anther,apex,base,berry,calyx,chartaceous,clavate,cm,corolla,cuneate,cupular,diameter,equal,filament,flattened-reniform,free,fruit,fruiting,globose,lateral,leaf,length,less,lobed,margin,mm,moderately,obconical,oblique,orange-brown,orange-red,ovate,pale,pedicel,peduncle,per,petiole,portion,prickle,rachi,rounded,shallowly,shrub,stellate,stellate-pubescent,stigma,straw-yellow,style,tapering,tube,white,yellow,yellow-orange	.3,/5,0.1,0.1-0.3,0.15-0.3,0.2,0.2-0.4,1,1-1.5,1-10,1-2,1-2.5,1-3,1-5,1-6,1.5,1.5-2.5,1.8-2.5,1/3,1/3-1/2,1/3-2/3,1/4-1/3,2.2-2.8,2.5-6.5,3,3-5,30-45Â°,4-8,5,5-15,5-merou,6,6-10,6-16,6-7,6-8,6-9,8,abaxially,accrescent,adaxially,age,always,alyx,apar,apart,apical,apically,apparently,armed,articulated,axe,bark,beyond,blade,branche,broad-deltate,c.,cell,characteristically,covering,curved,dark,deltate,densely,development,difoliate,discolorous,distance,divided,drying,eaf,eed,elongating,erect,exserted,extending,filiform,fine,finely,finger-hair,flat,flattened,flower,geminat,gently,glabrescent,glabrous,herbaceous,infructescence,irregula,irregular,lengthening,lobe,long,long-ovoi,long-styled,longer,longitudinal,lower,mature,maturity,midpoint,midvein,minute,mostly,narrow-deltate,nflorescence,oblong,obtuse,often,older,one,open,opening,orange,orange-translucent,orolla,oung,outline,pair,papillo,pendulous,perfect,pericarp,persisting,pit,point,pore,poricidal,porrect,primary,pronounced,prostrate,pubescent,purple,raised,ray,red-brown,reduced,rest,ri,ridge,ridged,ruit,scar,sessile,shallow,shiny,short-styled,shorter,shortly,side,simple,sinus,slender,slit,small,smooth,sometimes,somewhat,spaced,sparse,sparsely,spherical,spreading,stalk,stalked,stem,stout,straight,stump,subsessile,surface,tamen,terete,terminal,tertiary,thick,thin,throughout,time,tip,toward,translucent,trichome,ud,unarmed,unbranched,unequal,unit,usually,variously,vary,vein,venation,visible,weakly,wide,widest,woody,x,ympodial,Ã	articulation,colour,form,growth,hair,height,inflorescence,number,ovary,papillose,plant,position,seed,shape,staman,symmetry,texture,width	.2,.5,0,0.4-0.7,0.4-0.9,0.5,0.5-0.65,0.5-10,0.5-3,0.7-1,0.8-1.7,0.8-3.5,1.5-7,2-4,2.5-10,3-4.5,6.5-9,7-8,acute,base,chartaceous,clavate,cm,cuneate,cupular,equal,flattened-reniform,free,globose,lateral,less,lobed,mm,moderately,obconical,oblique,orange-brown,orange-red,ovate,pale,rounded,shallowly,shrub,stellate,stellate-pubescent,straw-yellow,tapering,white,yellow,yellow-orange	papillose
394	wfo-0001030453	success	127	72	39	53	74	19	37	2	.25,.5,/4,0.8-1.5,1-1.3,1-1.5,1.5-1.6,1.5-2.5,3-3.5,4-5,9-14,abaxially,acuminate,acute,adaxially,anther,apex,arachnoid,attenuate,base,broadly,calyx,clavate,cm,corolla,cup-shaped,divided,elliptic,filament,floccose,glabrous,leaf,minutely,mm,narrowly,opposite,ovary,pedicel,petiole,pore,reddish,shaped,shiny,shrub,simple,stigma,style,surface,tear-drop,trichome,tube,way,white	0.25-0.5,9-12,along,anthesi,arachnoid-pubescent,axi,bark,closely,dark,deflexed,delicate,deltate,dendritic,densely,dia,eaf,edicel,eed,ellipsoid,especially,exserted,fine,flat,free,glabrate,know,known,later,lateral,less,lobe,lon,long,lower,main,margin,middle,midrib,minute,near,nearly,nflorescence,occasionally,older,overlappin,pair,papillat,papillose,planar,poricidal,portion,pubescent,reddish-brow,rounded,ruit,scar,slender,soon,spaced,sparsely,stem,straight,strongly,tall,tip,tub,ud,unifoliat,unit,vein,wide,widest,ympodial,young	abaxial,colour,diameter,form,fruit,growth,hair,height,inflorescence,length,na,papillate,plant,position,seed,shape,texture,type,width	.25,.5,/4,0.8-1.5,1-1.3,1-1.5,1.5-1.6,1.5-2.5,3-3.5,4-5,9-14,acuminate,acute,arachnoid,attenuate,base,broadly,clavate,cm,cup-shaped,divided,elliptic,floccose,glabrous,leaf,minutely,mm,narrowly,opposite,reddish,shaped,shiny,shrub,simple,tear-drop,way,white	na,papillate
395	wfo-0001030486	success	141	103	63	81	60	22	60	3	.5,0.8-2.2,1-1.5,1-5,1.1-1.4,1.5-2,10-14.5,2-3,2-5.5,3-3.5,3/4,4-4.5,4-6.5,6-7,acute,anther,anthesi,apex,bark,base,calyx,clavate,closely,cm,conical,corolla,deflexed,dia,difoliate,ellipsoid,elliptic,exserted,filament,fleshy,fruiting,glabrous,globose,green,internodal,later,leaf,lobed,minor,minutely,mm,older,opposite,ovary,overlapping,ovoid-reniform,pale,papillose,pedicel,petiole,pitted,pore,poricidal,scar,shaped,shrub,size,slightly,small,spaced,stem,stigma,style,surface,tapering,tear-drop,tip,treelet,tube,unit,usually,way,white,woody,x,yellow-green,young	1.7-2,1/2,1/4,10-12,3-5,4.5-5,5-8-flowered,abaxially,adaxially,ba,basal,beneath,berry,brown,clustered,completely,dark,deltate,differing,distal,dry,drying,eaf,edicel,eed,erect,f,free,fresh,geminat,inflorescenc,lateral,lobe,lon,long,lower,m.,main,major,margin,material,middle,nflorescence,pair,papillo,planar,portion,reddish,ruit,shin,simple,stout,tall,tan,thickened,tub,ud,vein,widest,ympodial	5-8,bud,colour,exsertion,flower,form,fruit,geminate,growth,height,inflorescence,length,number,plant,position,seed,shape,shiny,spacing,structure,sympodial,texture	.5,0.8-2.2,1-1.5,1-5,1.1-1.4,1.5-2,10-14.5,2-3,2-5.5,3-3.5,3/4,4-4.5,4-6.5,6-7,acute,base,calyx,clavate,closely,cm,conical,deflexed,dia,difoliate,ellipsoid,elliptic,exserted,fleshy,glabrous,globose,green,internodal,later,leaf,lobed,minutely,mm,opposite,overlapping,ovoid-reniform,pale,papillose,pitted,poricidal,shaped,shrub,slightly,small,spaced,tapering,tear-drop,tip,treelet,tube,usually,way,white,woody,x,yellow-green	5-8,geminate,shiny
396	wfo-0001030489	success	196	151	109	127	69	24	106	3	-6.5,.5-2.8,0.25-0.4,0.5-3,0.75-0.9,1-3,1.2-1.6,1.6-2.1,1/3-1/2,2.1-2.9,3-6,3-8,4-8,4.5-9,5,7-15,abaxially,abruptly,adaxially,anther,apart,apex,apical-lateral,apparently,appressed,appressed-pubescent,attenuate,axillary,bark,base,berry,blunt-tipped,branch,branched,broadly,brown,bud,calyx,chartaceous,cinereous,cm,conical,corolla,cylindrical,deltoid,densely,diameter,dichotomously,echinoid,elliptic,elongate,entire,filament,fleshy,flower,fruit,glabrate,glabrous,globose,greenish,growth,hair,high,honeycombed,introrse,large,leaf,length,long-acuminate,longitudinal,margin,minute,minutely,mm,mostly,multangulate,narrowly,oblong,obtuse,ovate-lanceolate,pale,pedicel,peduncle,perfect,petiole,plurifoliate,pore,porrect-stellate,probably,puberulent,pubescent,pulverulent,rachi,reniform,reticulate-punctate,ripe,sessile,short,short-stalked,shrub,simple,slender,slit,small,smooth,somewhat,sparingly,sparse,stellate-pubescent,stellate-rotate,stigma,style,subcampanulate,subglobose,suborbicular,testa,tomentose,tree,turn,unarmed,unit,way,white,x,yellow,yellowish,young	.5-3,.75-5.25,0.6-0.9,0.9-1.1,1-1.3,1-3.75,1.1-1.3,1.2-1.5,1.7-2,1.75-2,1.9-2.6,1/5-1/2,100,12-24,5-6,6-8,absen,acuminate,acute,adaxiall,ag,anthesi,articulated,axe,ba,becoming,blade,closely,continued,dehiscing,due,eaf,echinoi,eed,free,inserted,lateral,lobe,lobed,long,long-exserted,lower,main,midvein,nflorescence,older,orolla,ovate,pseudo-terminal,pulverulen,ruit,runk,several,side,spaced,stem,subcapitat,tamen,terete,thick,time,toward,tube,unarme,usually,vary,vein,wide,ympodial	absent,age,arming,axi,branching,colour,dehiscence,form,height,inflorescence,lobing,ovary,plant,seed,shape,spacing,staman,structure,subcapitate,sympodial,texture,thicknes,trunk,type	-6.5,.5-2.8,0.25-0.4,0.5-3,0.75-0.9,1-3,1.2-1.6,1.6-2.1,1/3-1/2,2.1-2.9,3-6,3-8,4-8,4.5-9,5,7-15,abaxially,abruptly,adaxially,apart,apex,apical-lateral,apparently,appressed,appressed-pubescent,attenuate,axillary,base,berry,blunt-tipped,branched,broadly,brown,chartaceous,cinereous,cm,conical,cylindrical,deltoid,densely,dichotomously,echinoid,elliptic,elongate,entire,fleshy,glabrate,glabrous,globose,greenish,hair,high,honeycombed,introrse,large,leaf,long-acuminate,longitudinal,minute,minutely,mm,mostly,multangulate,narrowly,oblong,obtuse,ovate-lanceolate,pale,peduncle,perfect,plurifoliate,pore,porrect-stellate,probably,puberulent,pubescent,pulverulent,reniform,reticulate-punctate,ripe,sessile,short,short-stalked,shrub,simple,slender,slit,small,smooth,somewhat,sparingly,sparse,stellate-pubescent,stellate-rotate,subcampanulate,subglobose,suborbicular,tomentose,tree,turn,unarmed,way,white,x,yellow,yellowish	absent,age,subcapitate
397	wfo-0001030509	success	218	137	102	115	103	22	101	1	-6,/3,0-100,0-5,0.3-2.5,0.5-1.5,0.6-1,0.8-1.2,0.8-4,1-1.5,1-2,1-4,1.3-2,2-2.5,2-3,2-4.2,2-4.5,2-6,2.8-3,2/3-3/4,3-10,3-4,4.5-8,5-merous,8-16,andromonoecious,anther,apart,articulated,bark,base,berry,calyx,chartaceous,cm,connivent,cordate,cream,cuneate,dark,densely,diameter,elongating,entire,equal,eye,filament,flower,fruit,fruiting,glabrescent,glabrous,gray,green,herb,heterostylous,lateral,leaf,length,lobe,lobed,long,long-styled,margin,marking,mature,maturity,mauve,mm,moderately,naked,orange,orange-brown,ovate,pair,pale,pedicel,peduncle,per,perpendicular,petiole,plant,poricidal,porrect,prickle,prickly,purple,rounded,shrub,simple,sometimes,sparsely,spherical,stalked,stellate,stellate-pubescent,stem,style,surface,tapering,terminal,tertiary,tip,trichome,tube,unarmed,usually,variously,venation,visible,way,weakly,wide,yellow,young	0-0.3,0-10,0-15,0-2,0-3,0.1,0.1-0.2,0.1-0.25,0.1-0.3,0.2,1-3,1-6,1.5-2,1.7-2,1/,1/3-2/3,1/4,4.5-10,4.5-12,5-10,7-15,7-9,abaxially,alyx,apar,apex,apical,apically,apparently,becoming,blade,broad-deltate,brow,curved,difoliate,discolorous,distal,distance,drying,eaf,eed,erect,extending,flattened-reniform,free,geminat,gland,globular,half,herbaceous,hermaphrodite,inflated,infructescence,long-acuminat,longer,lower,lowermost,midpoint,midvein,narrow-deltate,narrow-oblong,nflorescence,obtuse,occasional,occasionally,often,older,one,open,orolla,oung,pendulous,pericarp,portion,primary,ray,reduced,ruit,scar,short-styled,shorte,shorter,side,slender,smooth,spaced,spreading,stalk,staminat,straight,subsessile,tamen,terete,time,unarme,unbranched,unit,upper,vary,vein,woody,yellow-green,ympodial	articulation,brown,colour,corolla,form,growth,hair,height,inflorescence,number,orientation,ovary,position,presence,seed,shape,size,spacing,staman,texture,type,width	-6,/3,0-100,0-5,0.3-2.5,0.5-1.5,0.6-1,0.8-1.2,0.8-4,1-1.5,1-2,1-4,1.3-2,2-2.5,2-3,2-4.2,2-4.5,2-6,2.8-3,2/3-3/4,3-10,3-4,4.5-8,5-merous,8-16,andromonoecious,apart,articulated,base,berry,chartaceous,cm,connivent,cordate,cream,cuneate,dark,densely,diameter,elongating,entire,equal,eye,filament,flower,fruit,glabrescent,glabrous,gray,green,herb,heterostylous,lateral,length,lobed,long,long-styled,marking,mature,maturity,mauve,mm,moderately,naked,orange,orange-brown,ovate,pair,pale,per,perpendicular,poricidal,porrect,prickly,purple,rounded,shrub,simple,sometimes,sparsely,spherical,stalked,stellate,stellate-pubescent,stem,surface,tapering,terminal,tertiary,tip,tube,unarmed,usually,variously,venation,visible,way,weakly,wide,yellow,young	brown
398	wfo-0001030516	success	172	125	79	92	80	33	73	6	0.4-1.5,1-4,1-7,1.1-4.1,1.5-2,1.8-2.4,2-12,2-3,3-8,4-22,4-6,4-7,4.2-10.7,6-15,8-9,9-22,9-32,acute,apically,base,branched,calyx,cell,cm,connate,corolla,cyme,dehiscent,diameter,dichasial,dichasially,diminished,distal,dorsally,edge,filament,flat,flower,folded,gland,globose,gradually,green,green-white,hair,hair-like,herbaceous,interjected,lateral,leaf,leaflet,light,lobe,long,long-attenuate,mm,monochasial,odd-pinnate,ovoid,pedicel,peduncle,pentagonal,perennial,perfect,petiole,pilose,plant,poricidally,proximal,puberulent,pubescent,rotate,seed,short-stalked,size,slightly,spreading,straight,style,terminal,testal,throughout,toward,triangular,tuber-bearing,type,unit,wall,wide,yellow,Â¼,â	1-2.5,1.1-3.5,1.7,2-2.,2-4,3-6,3-6-foliat,3-9.8,4-4,abaxially,acumen,acuminate,adaxially,apex,apical,articulate,cordate,covered,covering,cuneate,darker,decurrent,densely,digestion,eaf,ebracteate,eed,elliptical,emoval,enzyme,exceeding,first,forked,generally,globo,half,honeycomb,introrse,less,living,lon,longer,lower,lunat,make,maturing,mucilaginous,nflorescence,nther,oblique,often,orolla,outline,ovate,pair,pattern,plan,rarely,reveal,ruit,second,sessile,seudostipule,short,short-petiolate,slit,sometimes,specimen,stamen,stigma,stripe,tal,tem,thick,time,triangulat,typically,vary,whit,ympodial	2-21,3-6-foliate,anther,arrangement,articulation,bract,branching,colour,connection,direction,ebbrate,fork,form,fruit,growth,height,inflorescence,length,lunate,number,ovary,perfection,pore,presence,pseudostipule,shape,stem,structure,sympodial,texture,white,width,â	0.4-1.5,1-4,1-7,1.1-4.1,1.5-2,1.8-2.4,2-12,2-3,3-8,4-22,4-6,4-7,4.2-10.7,6-15,8-9,9-22,9-32,acute,apically,base,branched,cell,cm,connate,cyme,dehiscent,dichasial,dichasially,diminished,distal,dorsally,flat,folded,gland,globose,gradually,green,green-white,hair-like,herbaceous,lateral,leaf,light,long,long-attenuate,mm,monochasial,odd-pinnate,ovoid,pentagonal,perennial,perfect,pilose,poricidally,proximal,puberulent,pubescent,rotate,short-stalked,slightly,spreading,straight,testal,throughout,toward,triangular,tuber-bearing,type,wall,wide,yellow,Â¼,â	2-21,3-6-foliate,ebbrate,lunate,white,â
399	wfo-0001030551	success	162	119	85	91	71	28	78	7	0-2,0.5-1,0.6-1.5,1-10,1-2,1-2.5,1-3.5,1-4,1-5,1.5-2.5,10-20,2,20-25-30,3-12,4-5,5-6,abaxially,abruptly,acuminate,acute,adaxially,adpressed,also,apart,apex,basal,base,blue,broad,calyx,campanulate,chartaceous,clavate,cm,concave,connective,cordate,densely,dia,diameter,dilated,distally,ellipsoidal,entire,fading,flower,fruit,glandular-puberulent,globose,hair,lanceolate,leaving,lobe,long,margin,mm,moderately,narrow,narrowed,oblong-fusiform,obtuse,often,ovate,ovate-elliptic,ovoid,pedicel,pedicellar,peduncle,petiole,pilose,puberulent,puberulent-pubescent,pubescent-pilose,rachi,radiu,remnant,shrub,simple,sparsely,stellate,stigma,style,subcoriaceous,tip,triangular-elliptic,truncate,unbranched,unknown,violet,x,yellowish	-5,1,1-2-6-12,1.5-2-3,1.5-2.5-5,13.,2.5-4,3-4-7,3-5,3-8,4-10-40,4-5-6,4-foliat,5-17,9-20,absent,aggregate,ape,articulated,axe,beyond,bilobe,blade,cell,color,directed,eaf,ed,equal,et,exceeding,exserted,fleshy,glabrous,laterally,lon,lower,martinelli,narrowly,nflorescence,nther,orolla,papillose,perfect,pore,puberulen,pubescent-pilo,ripe,round,ruit,seen,shorter,slightly,small,spaced,stamen,stone,tal,tem,thecae,time,tomento,triangular,tube,ud,unit,unknow,vary,wide,widening,ympodial	-12,1-6,10-40,3-7,4-6,anther,articulation,bilobed,branching,bud,colour,corolla,form,growth,height,inflorescence,leaf,length,na,ovary,plant,seed,shape,spacing,stem,texture,theca,type	0-2,0.5-1,0.6-1.5,1-10,1-2,1-2.5,1-3.5,1-4,1-5,1.5-2.5,10-20,2,20-25-30,3-12,4-5,5-6,abaxially,abruptly,acuminate,acute,adaxially,adpressed,also,apart,apex,basal,base,blue,broad,campanulate,chartaceous,clavate,cm,concave,cordate,densely,dia,dilated,distally,ellipsoidal,entire,fading,fruit,glandular-puberulent,globose,lanceolate,leaving,lobe,long,mm,moderately,narrow,narrowed,oblong-fusiform,obtuse,often,ovate,ovate-elliptic,ovoid,pedicellar,pilose,puberulent,puberulent-pubescent,pubescent-pilose,remnant,shrub,simple,sparsely,stellate,style,subcoriaceous,tip,triangular-elliptic,truncate,unbranched,violet,x,yellowish	-12,1-6,10-40,3-7,4-6,bilobed,na
400	wfo-0001030570	success	170	109	76	81	89	28	73	3	0.5-1,1,1-1.5,1-2,1-3,1-8,1.5,2-7-lobed,2-8,3-5,3.5-5,4-7,abaxially,absent,adaxially,apex,articulated,basal,base,campanulate,cm,connective,connivent,cordate,directed,distally,eglandular,ellipsoidal,elliptic-oblong,exceeding,flattened,forked,fruit,glabrous,glandular-puberulent,globose,green,hair,lanceolate,leaf,leaving,lobe,long,margin,mm,narrowly,near,occasionally,ovate,pedicel,pedicellar,petiole,pilose,pinnately,pore,pubescent,purplish,rarely,remnant,rounded,rugose,shorter,simple,slightly,sometimes,sparsely,stellate,subcoriaceous,submarginally,thecae,tree,triangular,truncate,unbranched,unit,unknown,unlobed,vein,white,x,yellow	.3-0.5-1,0-1-3,0.3-0.5,0.5-2-3,1-3-6,1-4,1-5,1.5-2.5,1/2,10-25,15-35,2-2.5,2-3,2-4,2-5,2-7,2.5-22,20-30,3-10,3-6,4-25,4-5,4-foliat,4/5,5-10-17,8-15-20,acuminate,acute,aggregate,apart,ape,apiculate,axe,beyond,blade,calyx,cell,color,cylindrical,diameter,dilated,divided,eaf,eed,entire,exserted,fleshy,flower,glabrat,lobed,lon,lower,midrib,nflorescence,nther,obtuse,often,orolla,ovoid,peduncle,perfect,pilo,presen,punctate,purpl,rachi,radiu,ripe,ruit,sinus,small,somewhat,spaced,stamen,stigma,stone,style,tal,tem,time,tip,tomento,truncat,tube,ud,unequal,vary,wide,ympodial	4-foliate,anther,articulation,branching,colour,corolla,form,growth,height,inflorescence,insertion,length,marking,na,odour,plant,position,purple,seed,shape,size,spot,stem,structure,symmetry,sympodial,texture,type	0.5-1,1,1-1.5,1-2,1-3,1-8,1.5,2-7-lobed,2-8,3-5,3.5-5,4-7,abaxially,absent,adaxially,apex,articulated,basal,base,campanulate,cm,connivent,cordate,directed,distally,eglandular,ellipsoidal,elliptic-oblong,exceeding,flattened,forked,glabrous,glandular-puberulent,globose,green,hair,lanceolate,leaving,lobe,long,mm,narrowly,near,occasionally,ovate,pedicellar,pilose,pinnately,pubescent,purplish,rarely,remnant,rounded,rugose,shorter,simple,slightly,sometimes,sparsely,stellate,subcoriaceous,submarginally,thecae,tree,triangular,truncate,unbranched,unknown,unlobed,vein,white,x,yellow	4-foliate,na,purple
401	wfo-0001030581	success	187	161	119	121	66	40	96	23	.5,1,1-4-celled,2,9,abaxial,abaxially,acute,adaxial,adaxially,aggregate,along,angle,angled,anther,anthesi,apex,appressed,articulated,basal,base,berry,black,bright,calyx,capitate,cell,central,clustered,cm,conical,corolla,decurrent,densely,denser,diameter,ellipsoid,elliptic,entire,filament,flattened-reniform,flower,free,fruit,fruiting,glabrous,globose,green,growth,herb,inflorescence,intermodal,lacking,later,lateral,leaf,less,like,live,lobe,long,margin,markedly,maturity,minute,minutely,mm,near,new,occasionally,often,once-branched,outline,ovary,ovate,papillate,pedicel,peduncle,pentagonal,per,petiole,pitted,plant,portion,pubescent,purplish,rachi,reflexed,ridge,ripe,scar,shallow,shiny,shorter,simple,somewhat,sparsely,spreading,stellate,stem,stigma,stone,strongly,style,surface,tangled,terete,testal,third,translucent,trichome,tube,turning,uniseriate,upper,usually,vein,white,wide,yellow,yellowish	.3,0.2â0.8,0.4â0.6,0.4â1.6,0.5,0.5â0.7,0.5â2.5,0.6â0.7,0.7â0.8,0.9â1,1.2â1.5,1.8â8,1â2,1â2-celled,1â2.5,1â4-celled,20â50,2â3-celled,35â45,3â4,3â5,4.5â12,4â7,4â9,5-merous,5â6,5â8,apar,becoming,beyond,branched,cone,difoliate,drop,eaf,eed,exserted,florescence,geminat,halfway,individual,leave,lobed,lon,lower,narrowly,pair,perfect,primary,reflexe,remaining,rounded,ruit,slightly,spaced,sprawlin,straight,tall,tem,ud,unit,winged,woody,ympodial,â15,â5	0.2-0.8,0.3,0.4-0.6,0.4-1.6,0.5-2.5,0.6-0.7,0.7-0.8,0.9-1,1-2.5,1.2-1.5,1.8-8,15,2-3-celled,20-50,3-4,3-5,35-45,4-7,4-9,4.5-12,5,apart,articulation,branching,bud,colour,form,hair,height,history,length,life,number,perennial,position,seed,shape,spacing,type,width	.5,1,1-4-celled,2,9,abaxially,acute,adaxially,aggregate,along,angle,angled,anthesi,appressed,articulated,basal,base,berry,black,bright,capitate,cell,central,clustered,cm,conical,decurrent,densely,denser,ellipsoid,elliptic,entire,flattened-reniform,glabrous,globose,green,herb,intermodal,lacking,later,lateral,leaf,less,like,live,lobe,long,markedly,maturity,minute,minutely,mm,near,occasionally,often,once-branched,outline,ovate,papillate,pentagonal,petiole,pitted,plant,portion,pubescent,purplish,reflexed,ridge,ripe,shallow,shiny,shorter,simple,somewhat,sparsely,spreading,stellate,stem,stone,strongly,surface,tangled,terete,third,translucent,trichome,tube,turning,uniseriate,upper,usually,vein,white,wide,yellow,yellowish	0.2-0.8,0.3,0.4-0.6,0.4-1.6,0.5-2.5,0.6-0.7,0.7-0.8,0.9-1,1-2.5,1.2-1.5,1.8-8,15,2-3-celled,20-50,3-4,3-5,35-45,4-7,4-9,4.5-12,5,apart,perennial
402	wfo-0001030583	success	166	106	74	90	76	16	70	4	0.2-1,0.4-2.7,0.5-1,0.8-1,0.9-3.5,1-1.5,1/2,2.5,2.5-3,3-4,3/4,5-6,acute,anther,apex,base,calyx,cell,closely,cm,conical,corky,corolla,crisped,cultivar,cultivated,dark,deep,densely,dia,ellipsoid,elliptic,enlarged,especially,filament,flattened-reniform,form,fruit,fruiting,glabrous,globose,green,immature,incrassate,irregular,leaf,live,lobe,lobed,long,long-rectangular,long-triangular,margin,minor,minutely,mm,narrowly,occasionally,opposite,orange-red,outline,ovary,overlapping,papillose,pedicel,petiole,pitted,plant,pore,pubescent,ripe,rounded,scar,shaped,shrub,size,small-capitate,spaced,spathulate,stem,stigma,style,surface,tear-drop,testal,tube,way,white,x,yellow	.2,.5,0.1-0.5,0.3-1,0.7-4.5,1,1-2,1-8,1.5-4,2.5-9,4-6,5-7,6-7,abaxial,abaxially,adaxially,along,anthesi,ba,bark,berry,brow,deflexed,dendritic,differing,difoliate,dry,eaf,edicel,eed,erect,flower,free,frui,geminat,golden,included,lateral,leave,like,lon,lower,main,major,midvein,nflorescence,often,older,pair,pale,papery,papillo,pericarp,planar,poricidal,portion,prostrate,rest,ruit,simple,small,soon,specimen,stout,tall,tan,thin,tip,trichome,ud,uniseriate,unit,vein,woody,ympodial,young	0.1-1,bud,colour,diameter,glabrousnes,growth,hair,height,inflorescence,length,na,position,seed,shape,symmetry,texture	0.2-1,0.4-2.7,0.5-1,0.8-1,0.9-3.5,1-1.5,1/2,2.5,2.5-3,3-4,3/4,5-6,acute,apex,base,closely,cm,conical,corky,crisped,cultivar,cultivated,dark,deep,densely,dia,ellipsoid,elliptic,enlarged,especially,flattened-reniform,fruit,glabrous,globose,green,immature,incrassate,irregular,leaf,live,lobed,long,long-rectangular,long-triangular,margin,minutely,mm,narrowly,occasionally,opposite,orange-red,outline,overlapping,papillose,pitted,plant,pubescent,ripe,rounded,shaped,shrub,small-capitate,spaced,spathulate,surface,tear-drop,way,white,x,yellow	-4,0.1-1,di,na
403	wfo-0001030605	success	144	133	94	109	35	24	90	4	.4,.5,0.1,0.3-0.5,1-4,1/3-1/2,12-19-flowered,2,2-3,2.5,7,abaxially,acute,adaxially,almost,along,anther,anthesi,apart,apex,apical,area,attenuate,base,beginning,berry,branch,branched,brown,calyx,cinereous,cm,commonly,coriaceous,corolla,covered,cylindrical,dark,dendritic-echinoid,densely,dia,difoliate,dry,ellipsoid,entire,exerted,filament,fruiting,glabrate,glabrous,globose,gold,green,growth,inflorescence,internodal,leaf,less,light,lobed,long,margin,material,minutely,mm,nearly,new,obovate,obtuse,occasionally,olive,opposite,ovary,overlapping,ovoid-reniform,pedicel,peduncle,petiole,pitted,pore,pubescent,rarely,revolute,rounded,scar,shaped,shiny,shrub,simple,slender,slightly,smooth,soon,sparsely,stigma,style,surface,tear-drop,thickened,tinged,tip,trichome,tube,unifoliate,vein,way,white,woody,x	1,1.5-2,1.5-5.5,1.7,5-12.5,ape,beneath,conical,deflexed,drying,eaf,edicel,eed,free,geminat,inflorescenc,lobe,lower,midrib,nflorescence,otherwise,ovate,papillate,papillosefruit,poricidal,portion,reflexed,scattered,somewhat,sparesly,tub,ud,unit,yellow,ympodial	arrangement,branching,bud,colour,density,diameter,distance,exertion,flower,form,fruit,geminate,length,na,number,papillose,position,seed,shape,size,symmetry,texture,type,ye	.4,.5,0.1,0.3-0.5,1-4,1/3-1/2,12-19-flowered,2,2-3,2.5,7,abaxially,acute,adaxially,almost,along,apart,apex,area,attenuate,base,beginning,berry,branched,brown,calyx,cinereous,cm,commonly,coriaceous,covered,cylindrical,dark,dendritic-echinoid,densely,dia,difoliate,dry,ellipsoid,entire,exerted,glabrate,glabrous,globose,gold,green,inflorescence,internodal,leaf,less,light,lobed,long,material,minutely,mm,nearly,obovate,obtuse,occasionally,olive,opposite,overlapping,ovoid-reniform,pitted,pubescent,rarely,revolute,rounded,shaped,shiny,shrub,simple,slender,slightly,smooth,soon,sparsely,style,tear-drop,thickened,tinged,tip,trichome,tube,unifoliate,vein,way,white,x	geminate,na,papillose,ye
404	wfo-0001030624	success	170	105	61	81	89	24	57	4	.5,0.5,0.5-1.5,1-3,1.5-2,2-10,2-3,2.5-5.5,3-3.5,3.5-4,4.5-8,6-13,anther,anthesi,apart,bark,base,branch,clavate,cm,corolla,difoliate,distal,ellipsoid,elliptic,extreme,falcate,filament,flattened-reniform,fruiting,glabrate,glabrous,glandular,globose,green,incrassate,large,later,leaf,lobed,longitudinally,major,margin,minor,minutely,mm,narrowly,nearly,older,opposite,ovary,papillose,pedicel,petiole,pitted,planar,pore,puberulent,round,scar,shining,short,shrub,size,small,soon,stem,stigma,style,surface,tip,tree,trichome,trunk,uniseriate,unit,white,x,yellowish-green,yellowish-grey,young	.25,0.5-1,0.9-1,1.2-1.8,1.2-2,2,25-40-flowered,3,7-9,acute,apex,apiculate,appearing,attenuate,axil,ba,beginning,berry,caly,calyx,cell,decurrent,deflexed,dia,differing,dimorphic,dry,eaf,edicel,eed,end,erect,except,expanded,exserted,free,furcate,geminat,greyish,hyaline,inflorescenc,lateral,like,lobe,lon,long,lower,main,material,middle,midrib,near,nflorescence,occasionally,one,outer,pair,pale,poricidal,portion,prominent,raised,remaining,rugo,ruit,simple,slender,slightly,somewhat,spaced,square,straight,tall,tapering,thickened,three,ti,tube,tuft,two,ud,unevenly,vein,wall,widest,woody,yellow,yellowish,ympodial	25-40,bud,colour,diameter,flower,form,fruit,geminate,growth,height,inflorescence,length,number,plant,position,proximal,rugose,seed,shape,spacing,structure,sympodial,texture,type	.5,0.5,0.5-1.5,1-3,1.5-2,2-10,2-3,2.5-5.5,3-3.5,3.5-4,4.5-8,6-13,anthesi,apart,base,clavate,cm,difoliate,distal,ellipsoid,elliptic,extreme,falcate,flattened-reniform,glabrate,glabrous,glandular,globose,green,incrassate,large,later,leaf,lobed,longitudinally,minutely,mm,narrowly,nearly,opposite,papillose,pitted,planar,puberulent,round,shining,short,shrub,small,soon,tip,tree,uniseriate,white,x,yellowish-green,yellowish-grey	25-40,geminate,proximal,rugose
405	wfo-0001030638	success	177	131	90	113	64	18	88	2	0.1,0.5-0.7,0.5-1,0.5-1.5,0.5-2,0.7-1.5,1-1.2,1-1.5,1-2,1.5-2,1.6-2.2,2-3,2-5,2.5-4,3-10,3-13,4-6,8,8-11,8-9,acute,anther,anthesi,apex,apically,bark,base,branched,broadly,bud,calyx,closely,cm,corky,corolla,cup-shaped,deltoid,dia,difoliate,elliptic,exfoliating,filament,flattened,fleshy,fruit,fruiting,geminate,glabrate,glabrous,glandular,globose,green,inflorescence,large,later,lateral,leaf,less,like,lobe,lobed,main,minor,minutely,mm,nearly,obovate,occasionally,older,open,opposite,ovary,overlapping,pair,pale,papillose,pedicel,persistent,petiole,pore,rather,red,red-glandular,roundish,rugose,scar,seed,shape,shaped,shrub,simple,size,spaced,stem,stigma,style,surface,tear-drop,terminal,thick,thickening,transversely,tree,trichome,tube,uniseriate,unit,usually,vein,wall,white,x,young	0.5,1.4-1.7,2-7-flowered,along,appear,appearing,axi,axil,ba,beginning,beneath,berry,blade,conspicuously,cucullate,deflexed,densely,differing,dry,eaf,eed,entire,erect,extending,free,geminat,gre,impressed,irregular,known,lamina,lon,long,lower,major,margin,material,middle,near,nflorescence,often,one,ovoi,paler,papillae,papillo,planar,poricidal,portion,present,prominent,reddish,rest,ruit,soon,speciman,straight,tall,tapering,thickened,tip,widest,woody,ympodial	branching,colour,diameter,flower,form,glandularity,grey,growth,height,length,ovoid,persistence,plant,position,spacing,structure,sympodial,texture	0.1,0.5-0.7,0.5-1,0.5-1.5,0.5-2,0.7-1.5,1-1.2,1-1.5,1-2,1.5-2,1.6-2.2,2-3,2-5,2.5-4,3-10,3-13,4-6,8,8-11,8-9,acute,anthesi,apically,base,branched,broadly,closely,cm,corky,cup-shaped,deltoid,dia,difoliate,elliptic,exfoliating,flattened,fleshy,fruit,geminate,glabrate,glabrous,glandular,globose,green,large,later,leaf,less,like,lobed,minutely,mm,nearly,obovate,occasionally,older,open,opposite,overlapping,pair,pale,papillose,persistent,rather,red,red-glandular,roundish,rugose,shaped,shrub,simple,spaced,stem,style,surface,tear-drop,terminal,thick,thickening,transversely,tree,trichome,uniseriate,usually,wall,white,x,young	grey,ovoid
406	wfo-0001030661	success	180	123	84	104	76	19	81	3	.5,0,0.5-0.6,0.5-0.75,0.5-2,0.7-0.8,1-1.2,1-1.5,1.5-2,1.5-7,4-15,5-10,5-5.5,acute,anther,apex,articulated,attenuate,base,berry,branch,branched,brown,capitate,cell,clustered,cm,corolla,densely,diameter,ellipsoid,elliptic,entire,filament,flattened,flower,fruiting,glabrous,globose,group,growth,inflorescence,lateral,leaf,lengthening,lobed,lower,many,margin,mature,membranous,minute,minutely,mm,narrowly,occasionally,pale,pedicel,peduncle,per,perfect,pericarp,petiole,pitted,platform,pore,poricidal,pubescent,rectangular,red,reddish,reniform,scar,shiny,shrub,simple,sleeve,slit,small,sparsely,stellate,stem,stigma,style,surface,terminal,testal,thin,time,tinged,tip,tree,trichome,tube,uniseriate,upper,usually,violet,way,white,x,yellowish,Â½,Â¾	.2,1-.,1-1.2-7,1-1.3,1-1.4,12-16-24,2-2.5,2-3-20,3-3.5,3-4,4-6,5-merou,50-100+,ag,along,alyx,anthesi,ark,brow,calyx,conical,connivent,dar,deltate,denser,drying,eaf,eed,em,erec,erect,exserted,extending,free,glabrescent,glabrou,ilament,insertion,lamina,lobe,lon,long,loosely,midrib,near,never,new,nflorescence,nodding,older,onto,orolla,otherwise,pair,papillo,planar,plurifoliat,point,portion,primary,ruit,scattered,slender,slightly,spreading,strongly,tangled,twinin,ud,unit,vary,vein,winged,woody,yellow,ympodial	1-5,age,articulation,bark,branching,colour,form,fruit,height,length,number,ovary,papillose,plant,position,seed,shape,texture,type	.5,0,0.5-0.6,0.5-0.75,0.5-2,0.7-0.8,1-1.2,1-1.5,1.5-2,1.5-7,4-15,5-10,5-5.5,acute,apex,articulated,attenuate,base,berry,branch,branched,brown,capitate,clustered,cm,densely,ellipsoid,elliptic,entire,flattened,glabrous,globose,group,inflorescence,lateral,lengthening,lobed,many,mature,membranous,minute,minutely,mm,narrowly,occasionally,pale,perfect,pitted,platform,pore,poricidal,pubescent,rectangular,red,reddish,reniform,shiny,shrub,simple,sleeve,slit,small,sparsely,stellate,surface,terminal,thin,time,tinged,tip,tree,trichome,uniseriate,usually,violet,way,white,x,yellowish,Â½,Â¾	1-5,age,papillose
407	wfo-0001030676	success	219	160	117	137	82	23	115	2	-3.9,0.4,1,1-1.2,1-3,1.1-1.4,1.2-1.3,1.3-1.5,1/4,11-14,14-17,16,2.2-5.7,3-5,3-6,4-6,4-6.5,7-10,7-8,8-10,abaxially,abruptly,adaxially,angled,anther,anthesi,apart,apex,apical-lateral,apparently,appressed-tomentose,bark,base,berry,blunt-tipped,branch,branched,brown,bud,calyx,chartaceous,cm,conical,corolla,crown,cylindrical,deltoid,densely,diameter,dichotomously,echinoid,elongate,entire,exserted,filament,finely,flat-topped,fleshy,flower,fruit,glabrescent,glabrous,globose,granular-tomentose,green,greenish,grooved,growth,hair,honeycombed,initially,introrse,large,leaf,length,lengthen,lined,longitudinal,longitudinally,margin,minute,minutely,mm,moderately,mostly,multangulate,nearly,oblique,oblong,oblong-elliptic,obtuse,often,opening,openly,pedicel,peduncle,perfect,petiole,pore,probably,pubescent,rachi,reniform,reticulate-punctate,ridged,ripe,scabrous,scattered,sessile,short-attenuate,short-stalked,shrub,simple,slit,small,somewhat,spreading,stellate,stellate-pubescent,stigma,strongly,style,subcampanulate,subglobose,suborbicular,terete,testa,tomentose,tree,tube,velutinous,way,white,whitish,x,yellow,yellowish	-2.5,-8.5,/10-1/5,0-100,0.6-1.2-1.6,1.1-1.9,1.7-2,19-35,2.1-2.3,2.1-2.6,2.4-3.1,2.5-5.5,2.75-3.25,3-3.5,7-9,8-12,acute,along,appearing,articulated,axillary,ba,becoming,blade,closely,continued,dehiscing,due,eaf,echinoi,eed,except,forming,free,glabrescen,high,horizontal,inserted,lackin,lamina,lateral,lobe,lobed,long,lower,main,midvei,midvein,nflorescence,occasional,older,orolla,ovate,ovate-lanceolate,parallel,plurifoliate,pseudo-terminal,pulverulent,rather,ray,ruit,runk,side,spaced,sparsely,stem,subcapitat,tamen,tending,thick,thin,time,tip,tuft,unarme,unit,usually,vary,vein,wide,ympodial,young	arming,arrangement,articulation,branching,colour,dehiscence,form,height,inflorescence,insertion,lobing,ovary,plant,seed,shape,spacing,staman,subcapitate,texture,thicknes,trunk,type,unarmed	-3.9,0.4,1,1-1.2,1-3,1.1-1.4,1.2-1.3,1.3-1.5,1/4,11-14,14-17,16,2.2-5.7,3-5,3-6,4-6,4-6.5,7-10,7-8,8-10,abruptly,angled,anthesi,apart,apex,apical-lateral,apparently,appressed-tomentose,base,berry,blunt-tipped,branched,brown,calyx,chartaceous,cm,conical,corolla,cylindrical,deltoid,densely,dichotomously,echinoid,elongate,entire,exserted,finely,flat-topped,fleshy,glabrescent,glabrous,globose,granular-tomentose,green,greenish,grooved,hair,honeycombed,initially,introrse,large,lengthen,lined,longitudinal,longitudinally,minute,minutely,mm,moderately,mostly,multangulate,nearly,oblique,oblong,oblong-elliptic,obtuse,often,opening,openly,perfect,pore,probably,pubescent,reniform,reticulate-punctate,ridged,ripe,scabrous,scattered,sessile,short-attenuate,short-stalked,shrub,simple,slit,small,somewhat,spreading,stellate,stellate-pubescent,strongly,subcampanulate,subglobose,suborbicular,terete,tomentose,tree,tube,velutinous,way,white,whitish,x,yellow,yellowish	subcapitate,unarmed
408	wfo-0001030686	success	182	146	109	126	56	20	106	3	.2,.5,.5-1,0.5-1,1-1.1,1-1.2,1-2,1.2-1.5,1.5-2,1.5-4.5,1.6-3,15,1972,2-2.5,2-3,2-6.5,2.5-4,2.5-8,3-3.5,5-12,5-6,abaxially,abruptly,acuminate,acute,adam,adaxially,age,anther,anthesi,apart,apex,bark,basal,base,beneath,berry,bifid,black,branched,brittle,brown,c.,calyx,centre,cm,conical,corolla,dark,darker,deeply,densely,denser,diameter,dry,drying,elliptic,entire,exerted,fide,filament,flattened,form,fragrant,fruit,fruiting,glabrous,globose,golden,half,lamina,leaf,lengthening,lepidote,lilac,lobe,lobed,long,margin,maturity,midrib,minutely,mm,oblique,orange,ovary,pale,paler,papillae,papillose,pedicel,peduncle,pericarp,petiole,pitted,pore,poricidal,pubescent,purple,scar,seed,shallow,shallowly,shiny,short,simple,slit,sparsely,spreading,stellate,stem,stigma,strongly,style,surface,thin,time,tip,tree,trichome,tube,uniformly,usually,way,x,yellow	1-1.5,5-25,5-30,8-9,?,aborted,breast,bu,closely,cup-shaped,different,difoliate,discolorous,eaf,edicel,eed,empty,erect,flower,free,geminat,glabrescen,height,heteromorphic,internodal,leaf-opposed,less,lower,many,midvein,nflorescence,noddin,older,overlapping,pair,planar,plant,portion,primary,pubescen,rachi,ruit,scarious,slightly,somewhat,space,spaced,styl,tissue,ud,unit,vein,visible,woody,ympodial,â	0.5,arrangement,branching,bud,colour,density,fragrance,glabrescent,growth,heteromorphism,inflorescence,length,lobing,position,pubescence,shape,size,spacing,texture,thicknes	.2,.5,.5-1,0.5-1,1-1.1,1-1.2,1-2,1.2-1.5,1.5-2,1.5-4.5,1.6-3,15,1972,2-2.5,2-3,2-6.5,2.5-4,2.5-8,3-3.5,5-12,5-6,abaxially,abruptly,acuminate,acute,adam,adaxially,age,apart,basal,base,beneath,berry,bifid,black,branched,brittle,brown,c.,calyx,centre,cm,conical,dark,darker,deeply,densely,denser,dry,drying,elliptic,entire,exerted,fide,flattened,form,fragrant,glabrous,globose,golden,half,lamina,lengthening,lepidote,lilac,lobe,lobed,long,margin,maturity,midrib,minutely,mm,oblique,orange,pale,paler,papillae,papillose,pitted,pore,poricidal,pubescent,purple,shallow,shallowly,shiny,short,simple,slit,sparsely,spreading,stellate,strongly,style,surface,thin,time,tip,tree,tube,uniformly,usually,way,x,yellow	0.5,bud,glabrescent
409	wfo-0001030709	success	214	76	45	57	157	19	43	2	1-4.5,1.3-1.4,1/4,10-14,5-10,6-7,anther,berry,branched,bright,calyx,chartaceous,cm,conical,connivent,dull,elliptic,elongating,equal,flattened-reniform,flower,fruit,fruiting,inflorescence,lateral,leaf,length,lobed,long,margin,maturity,mauve,mm,moderately,orange-brown,per,perpendicular,petiole,poricidal,prickle,purple,red-green,red-orange,seed,shrub,simple,spherical,stellate-pubescent,straight,style,tapering,terminal,tip,upper,venation,yellow,yellow-green	-9,0-2,0-2-8,0-20,0-30,0-5,0.1-0.2,0.15-0.5,0.2-0.5,0.3-1.5,0.4,0.7-1,0.8-4,0.9-1.5,1-1.2,1-1.6,1-6,1.4-2,1.6-2.1,1.9-2.8,1/2-2/3,1/3-1/2,1/4-1/3,10-50,2-4,2-5,2-6,2.3-3,2/3-3/4,3-5-9,4-5-merous,5-20,5-6,5-7,6-10,6-21,6-8,7-8,7-9,8-11,8-15,abaxially,acuminate,acute,adaxially,almost,alyx,ame,apar,apart,ape,apex,apically,apparently,articulated,bark,base,blade,broad-deltate,brow,c.,cordate,cuspidate,deltate,diameter,discolorous,distance,drying,eaf,edge,eed,erect,extending,filament,finely,free,glabrescent,glabrous,increasing,infructescence,lanceolate,lengt,lobe,lobing,lon,long-acuminat,longer,lower,mature,middle,midpoint,midvein,narrow-deltate,nflorescence,occasionally,often,older,one,open,orolla,oung,pair,pedicel,peduncle,pendulous,perfect,pericarp,pit,pitted,plurifoliat,porrect,portion,prickl,prickly,primary,ray,reflexed,retrorse,rounded,ruit,scar,secondary,short-styled,shorter,side,size,slender,smooth,sometimes,spaced,sparsely,spreading,stalk,stalked,stellate,stem,surface,tamen,terete,tertiary,time,toward,trichome,truncate,tube,unarmed,unit,usually,variously,vary,vein,visible,way,weakly,wide,woody,ympodial	20-30,branching,colour,corolla,form,growth,hair,heteromorphism,number,orientation,ovary,pore,position,shape,staman,symmetry,texture,type,zygomorphy	1-4.5,1.3-1.4,1/4,10-14,5-10,6-7,berry,branched,bright,chartaceous,cm,conical,connivent,dull,elliptic,elongating,equal,flattened-reniform,lateral,lobed,long,maturity,mauve,mm,moderately,orange-brown,per,perpendicular,poricidal,purple,red-green,red-orange,shrub,simple,spherical,stellate-pubescent,straight,tapering,terminal,tip,upper,yellow,yellow-green	20-30,zygomorphy
410	wfo-0001030714	invalid_json	177	132	NA	115	62	17	NA	NA	.2,.5,/3,0.1-0.3,0.5,0.5-0.8,0.5-1.9-3,0.7-0.8,1-1.2,1-1.3,1-2.5,1.2-1.5,1.2-4,1/3,2-2.5,20,3-3.5,>,abaxial,acuminate,acute,adaxially,age,along,anther,apex,bark,basal,base,becoming,beneath,berry,blue,blue-black,branching,calyx,clavate,cm,conical,cordate,corolla,dark,densely,diameter,ellipsoid,elliptic,entire,especially,except,filament,flattened,fruit,glabrous,globose,greyish,growth,leaving,lengthening,liana,lobe,lobed,long,many,margin,membranous,midrib,minute,minutely,mm,narrowly,new,ob-ellipsoid,ob-elliptic,oblique,ovary,pale,paler,papillate,pedicel,peduncle,peg,per,petiole,pitted,pore,poricidal,pubescent,quadrate,reniform,ripe,scar,shape,simple,slightly,slit,spaced,sparsely,stellate,stem,stigma,style,surface,time,tip,trichome,truncate,tube,uniseriate,vein,vine,violet,way,widely,x,yellow	0.3-0.4,0.8-1,1-1.5,1.4-3.5,1.5-2,2-2.6,3-7,5-100,5-6,7-17,abaxially,aid,anthesi,apar,articulating,campanulate,climbin,cup,denser,eaf,eed,exserted,fide,flower,free,grading,gradually,gree,herbaceous,howard,joined,leaf-opposed,like,lower,narrow,nflorescence,nodding,node,occasionally,older,overall,pair,papillat,pedice,perfect,planar,plurifoliat,portion,primary,prominent,ruit,strongly,submarginal,tapering,terminal,thickened,tub,twining,ud,unit,woody,ympodial	apart,articulation,bud,characteristic,colour,form,green,hair,inflorescence,leaf,length,number,seed,size,texture,type,value	NA	NA
411	wfo-0001030733	success	130	106	63	74	56	32	55	8	/4,0.5-1,1-1.2,1-1.5,1-2,1.5-5,1.7-2.7,2-2.5,3-4,3-5,4-15,4.5-5,6-7,acuminate,acute,anther,apex,bark,base,bi-lobed,broadly,brown,calyx,capitate,clearly,closely,cm,conical,corolla,dark,densely,ellipsoid,elliptic,embryo,erect,exserted,filament,fruiting,glabrous,globose,green,later,leaf,minutely,mm,narrowly,opposite,ovary,ovoid-reniform,pedicel,petiole,pore,pubescent,scar,shaped,shrub,simple,smooth,spaced,stem,stigma,strongly,style,surface,tear-drop,testa,treelet,trichome,tube,uniseriate,visible,way,white,young	.5,5-8-flowered,6-9,?,abaxially,adaxially,along,anthesi,ape,berry,coriaceous,decurrent,deltate,denser,dia,eaf,eed,elongate,free,grayish-brow,lamina,lateral,like,lobe,lobed,lon,long,lower,main,margin,middle,moderately,nflorescence,older,onto,overlappin,pair,papillo,planar,poricidal,portion,rounded,ruit,somewhat,sparsely,tall,thick,tip,ud,unifoliat,unit,vein,widest,woody,x,ympodial	0.5,1.5,2,5-8,arrangement,bud,colour,diameter,exsertion,flower,form,fruit,grayish-brown,growth,height,inflorescence,length,lobing,number,orientation,overlapping,papillose,plant,position,seed,shape,spacing,texture,type,unifoliate,visibility,width	/4,0.5-1,1-1.2,1-1.5,1-2,1.5-5,1.7-2.7,2-2.5,3-4,3-5,4-15,4.5-5,6-7,acuminate,acute,apex,base,bi-lobed,broadly,brown,capitate,clearly,closely,cm,conical,dark,densely,ellipsoid,elliptic,erect,exserted,glabrous,globose,green,later,leaf,minutely,mm,narrowly,opposite,ovoid-reniform,pubescent,shaped,shrub,simple,smooth,spaced,strongly,tear-drop,testa,treelet,uniseriate,visible,way,white	0.5,1.5,2,5-8,grayish-brown,overlapping,papillose,unifoliate
412	wfo-0001030772	success	154	124	85	103	51	21	81	4	.05,.2,.25,.5,0.2-0.8-2,0.25-0.5,0.5-1,0.75-1,0.9-1,0.9-3.1,1-2,1-2.5,1.2-5,1.4-1.6,1.5-2,3-3.5,3-5,4.2-6.5,5-10-flowered,9-15,anther,anthesi,attenuate,bark,base,becoming,beneath,bud,calyx,capitate,closely,cm,corolla,dark,deflexed,dia,difoliate,ellipsoid,elliptic,extreme,filament,fruit,fruiting,gently,glabrous,globose,green,grey,later,leaf,lenticellate,lobe,lobed,long,long-acuminate,methyl,minor,minutely,mm,nearly,node,occasionally,opposite,ovary,overlapping,ovoid-reniform,pale,paler,papillose,pedicel,per,petiole,pitted,pore,ripe,rounded,salicylate,scar,shape,shaped,shining,shrub,size,slender,slightly,spaced,stem,stigma,strongly,style,surface,swollen,tapering,tear-drop,tip,trichome,tube,uniseriate,unit,white,wintergreen,x,young	2-7,5-6,8-10,acuminate,acute,apex,archin,ba,beginning,berry,branch,differing,eaf,edicel,eed,erect,free,geminat,impressed,inflorescenc,large,lateral,lon,long-triangular,lower,main,major,margin,middle,nflorescence,older,one,pair,papillo,poricidal,portion,prominent,reflexed,ruit,simple,smelling,soon,straight,tall,tan,ud,usually,vein,widest,woody,ympodial	arching,branching,colour,diameter,flower,form,geminate,growth,height,inflorescence,length,number,odour,pattern,plant,position,seed,spacing,structure,sympodial,texture	.05,.2,.25,.5,0.2-0.8-2,0.25-0.5,0.75-1,0.9-1,0.9-3.1,1-2,1-2.5,1.2-5,1.4-1.6,1.5-2,3-3.5,3-5,4.2-6.5,5-10-flowered,9-15,anthesi,attenuate,base,becoming,beneath,bud,calyx,capitate,closely,cm,dark,deflexed,dia,difoliate,ellipsoid,elliptic,extreme,gently,glabrous,globose,green,grey,later,leaf,lenticellate,lobed,long,long-acuminate,methyl,minutely,mm,nearly,node,occasionally,opposite,overlapping,ovoid-reniform,pale,paler,papillose,pitted,ripe,rounded,salicylate,shaped,shining,shrub,slender,slightly,spaced,strongly,swollen,tapering,tear-drop,tip,trichome,tube,uniseriate,white,wintergreen,x,young	.5-1,arching,di,geminate
413	wfo-0001030781	success	213	141	106	117	96	24	102	4	0-5,1-10,1-12,1-2,1.5-9,10-40,15-35,2-20,2.5-14,3-4,4-15,5-6,5-7,5-8,7.5-9,abaxially,adaxially,along,anther,base,broadly,brown,brownish,cell,chartaceous,ciliate,cm,condition,connivent,corolla,covering,dark,deep,densely,diameter,distal,dot,drying,elliptic,especially,filament,finely,flower,forked,fresh,fruit,glabrous,glandular,globose,gray-green,green,green-white,greenish,hair,hair-like,half,herb,high,homostylous,lanceolate,lateral,leaf,leaflet,lengthening,light,like,make,margin,membranous,midrib,minutely,mm,mucilaginous,obovate,odd-pinnate,ovate,ovoid,pair,papillose,pedicel,peduncle,pentagonal,pilose,plant,pore,poricidal,puberulent,pubescent,purple,rarely,rotate-pentagonal,scattered,seed,simple,slit,small,sometimes,somewhat,sparsely,stem,stigma,straight,style,subovoid,terminal,testal,thick,throughout,tip,tuber,unwinged,violet,wall,wet,white,whitish,x	0.2-4,0.5-6,0.5-8,1-1.5,1-4,1-8,1.5-12,1.5-2,1.6-2.2,2-3,2.5-3.5,3-6,5-merou,6-7,abruptly,acumen,ag,alyx,apart,apex,apiculate,apparently,articulated,axe,axillary,berry,blade,borne,bud,caly,capitat,cuneate,decreasing,decurrent,digestion,dorsally,eaf,edge,eed,end,enzyme,erect,exceeding,flat,folded,geminat,generally,glabrou,gradually,honeycomb-shaped,interjected,larger,living,lobe,long,low-growin,lower,narrowed,nflorescence,orbicular,orolla,ovate-lanceolate,perfect,petiole,petiolulate,plurifoliate,pointed,rachi,removed,rounded,ruit,sessile,seudostipule,short,singly,size,slightly,spaced,specimen,stamen,ste,stolo,subtending,tall,tamen,tem,toward,tri-,tube,typically,unit,usually,vary,wide,yellow,ympodial	abaxial,adaxial,age,arrangement,articulation,branching,calyx,capitate,colour,form,growth,height,inflorescence,length,number,ovary,pilosity,presence,present,pseudostipule,shape,spacing,staman,texture	0-5,1-10,1-12,1-2,1.5-9,10-40,15-35,2-20,2.5-14,3-4,4-15,5-6,5-7,5-8,7.5-9,abaxially,adaxially,along,base,broadly,brown,brownish,cell,chartaceous,ciliate,cm,condition,connivent,corolla,covering,dark,deep,densely,distal,dot,drying,elliptic,especially,finely,forked,fresh,glabrous,glandular,globose,gray-green,green,green-white,greenish,hair,hair-like,half,herb,high,homostylous,lanceolate,lateral,lengthening,light,like,make,margin,membranous,midrib,minutely,mm,mucilaginous,obovate,odd-pinnate,ovate,ovoid,papillose,pentagonal,pilose,pore,poricidal,puberulent,pubescent,purple,rarely,rotate-pentagonal,scattered,seed,simple,slit,small,sometimes,somewhat,sparsely,stem,straight,subovoid,testal,thick,throughout,tip,unwinged,violet,wall,wet,white,whitish,x	age,calyx,capitate,present
414	wfo-0001030782	success	198	123	83	104	94	19	82	1	0-7,0.4-1.5,1-2,1-3,1-6,1.3-1.6,1.5-2,1.6-4.6,11-47,12-30,15,2,2.2-4,3-10,4-11.6,4-6,4.6-26,5-20,6-8,7-15.6,abaxially,adaxially,anther,blade,broadly,brownish,cell,clavate,cm,condition,coriaceous,corolla,covering,dark,deep,diameter,drying,elliptic,filament,flower,forked,fresh,fruit,glabrescent,glabrous,globose,green,green-white,greenish,hair,hair-like,herb,homostylous,interjected,lanceolate,lateral,leaf,leaflet,light,lilac,lobe,long,make,medium,mm,moniliform,mottled,mucilaginous,odd-pinnate,ovate,ovoid,pair,pentagonal,petiole,plant,pore,poricidal,prominently,purple,rachi,ripe,rotate,scarce,seed,short,size,stigma,straight,style,terminal,testal,thick,throughout,tip,tube,tuber,usually,wall,wet,white,whitish,wide,winged,x	0-1,1-5,1.2-3.9,1.5-7.5,13-22,2-3,2.4-11.5,3-5,5-merou,abaxiall,acumen,acuminate,acute,ag,along,alyx,apart,apex,apparently,arranged,articulated,asymmetric,attenuate,axe,axillary,base,basiscopic,bead,berry,bud,capitat,connivent,cuneate,decreasing,digestion,distal,dorsally,eaf,edge,eed,enzyme,exceeding,flat,folded,geminat,generally,glabrou,hal,half,high,honeycomb-shaped,inconspicuous,lengthening,like,living,lower,multiple,necklace,nflorescence,orbicular,orolla,pedicel,peduncle,perfect,petiolulate,plurifoliate,removed,rounded,ruit,second,sessile,seudostipule,side,slit,smaller,sometimes,spaced,specimen,stamen,stolon,subequal,subtending,tal,tamen,tem,tissue,totally,toward,tri-,typically,unit,vary,yellow,ympodial	abaxial,adaxial,arrangement,branching,calyx,capitate,colour,form,growth,height,inflorescence,length,ovary,pseudostipule,shape,staman,stem,symmetry,texture	0-7,0.4-1.5,1-2,1-3,1-6,1.3-1.6,1.5-2,1.6-4.6,11-47,12-30,15,2,2.2-4,3-10,4-11.6,4-6,4.6-26,5-20,6-8,7-15.6,abaxially,adaxially,broadly,brownish,cell,clavate,cm,condition,coriaceous,covering,dark,deep,drying,elliptic,forked,fresh,glabrescent,glabrous,globose,green,green-white,greenish,hair,hair-like,herb,homostylous,lanceolate,lateral,light,lilac,long,make,medium,mm,moniliform,mottled,mucilaginous,odd-pinnate,ovate,ovoid,pentagonal,poricidal,prominently,purple,ripe,rotate,scarce,seed,short,straight,testal,thick,throughout,tip,usually,wall,wet,white,whitish,wide,winged,x	capitate
415	wfo-0001030802	success	171	123	75	97	74	26	69	6	0,0.25-0.4,0.5-0.75,0.5-1,0.9-1,1,1-1.1,1-1.2,1-1.5,2-3,2.5-3,3-4,abaxially,abrupt,anther,bark,base,brown,bud,calyx,cm,corolla,densely,difoliate,ellipsoid,evenly,exerted,filament,flattened-reniform,fruit,fruiting,glabrous,gland,glandular,globose,halfway,hanging,heart-shaped,incrassate,internodal,irregularly,later,leaf,length,lobe,lobed,long-triangular,margin,markedly,midvein,minutely,mm,obconic,older,ovary,ovoid,pale,papillate,papillose,pedicel,per,petiole,pitted,plant,pore,poricidal,pubescent,raised,red,reddish,scar,shaped,shrub,simple,single-celled,somewhat,soon,spaced,stem,stigma,style,subshrub,surface,tapering,tear-drop,tip,trichome,tube,unifoliate,uniseriate,vein,white,widely,x,yellow,yellowish,young	.3,.5,.5mm,0.5-1.5,0.7-1cm,0.75-1,2-2.5,2-5,3-3.5x,3-6,4-5mm,4-6,5-10-flowered,acuminate,acute,adaxially,along,anthesi,apex,appearing,basal,becoming,beginning,beneath,berry,campanulate,cordate,cucullate,deeply,deflexed,denser,dia,dry,eaf,edicel,eed,except,exudate,filiform,free,geminat,glandurla,inflorescenc,invest,lamina,lateral,line,live,long,lower,m.,main,material,near,nflorescence,pair,palmate,persistently,portion,prominent,pubescen,ruit,slender,specimen,stigm,straight,strongly,tipped,trichoem,ud,unit,variable,woody,ympodial	0.3,0.5,0.7-1,3-3.5,4-5,5-10,appearance,arrangement,colour,diameter,exertion,flower,form,growth,height,inflorescence,number,orientation,position,prominence,seed,shape,size,spacing,texture,type	0,0.25-0.4,0.5-0.75,0.5-1,0.9-1,1,1-1.1,1-1.2,1-1.5,2-3,2.5-3,3-4,abaxially,abrupt,base,brown,calyx,cm,densely,difoliate,ellipsoid,evenly,exerted,flattened-reniform,glabrous,gland,glandular,globose,halfway,hanging,heart-shaped,incrassate,internodal,irregularly,lobe,lobed,long-triangular,markedly,minutely,mm,obconic,ovoid,pale,papillate,papillose,pitted,poricidal,pubescent,raised,red,reddish,shaped,shrub,simple,single-celled,somewhat,soon,spaced,subshrub,tear-drop,tip,tube,unifoliate,uniseriate,white,widely,x,yellow,yellowish	0.3,0.5,0.7-1,3-3.5,4-5,5-10
416	wfo-0001030809	success	154	78	46	58	96	20	41	5	1-1.5,1.2-1.4,1.4-1.5,1.5-3.5,2-2.5,4.5-5,6-8,8,acute,anther,apex,base,branched,calyx,clavate,cm,corolla,curl-tipped,dia,elliptic,falcate,filament,fruit,fruiting,glabrous,globose,golden,green,hair,known,leaf,lobed,mature,mm,nearly,opposite,ovary,ovate,pedicel,petiole,pore,pubescent,round,several,simple,size,small,stigma,style,terminal,time,tomentose,tree,trichome,tube,unequal,uniseriate,white	.5,0.2,0.5-1,1-1.25,1.5-2.4,2.3-5.5,20-60-flowered,5-8,9.9-12,across,along,also,anthesi,apar,appearing,bark,beneath,berry,broadly,caly,campanulate,curved,dark-papillo,deciduous,deflexed,deltoid,dense,densely,difoliate,distally,eaf,edicel,eed,ellipsoid,erect,especially,evenly,exserted,free,geminat,hidden,interpetalar,large,lateral,leave,like,lobe,lon,long,long-papillose,lower,main,major,markedly,membranous,middle,midrib,minor,minutely,nflorescence,older,one,overtopping,planar,poricidal,portion,present,ruit,scar,scattered,shinin,shining,shoot,sinus,slender,slightly,soon,spaced,stem,straight,tall,tapering,three,tip,triangular,two,ud,underside,unit,vein,wide,widest,x,yellow-brown,ympodial,young	1.5,20-60,abaxial,branching,colour,dark-papillose,flower,form,growth,height,inflorescence,information,length,number,plant,position,seed,shape,texture,type	1-1.5,1.2-1.4,1.4-1.5,1.5-3.5,4.5-5,6-8,8,acute,base,branched,clavate,cm,curl-tipped,elliptic,falcate,fruit,glabrous,globose,golden,green,known,leaf,lobed,mature,mm,nearly,opposite,ovate,pubescent,round,several,simple,small,terminal,time,tomentose,tree,trichome,unequal,uniseriate,white	-2.5,1.5,20-60,dark-papillose,di
417	wfo-0001030810	success	191	105	71	89	102	16	70	1	0.2,0.2â0.3,0.3,0.6â1.0,0.8â5.5,1.0â1.5,1.0â2.0,1.1â2.2,1.2â1.5,1.5â1.9,1â2,2.9â4.5,20â100,3.3â5.5,3.3â8.5,3.5â4.6,4â14,4â5,4â7,5,6â22,7â10,8â10,abaxially,adaxially,anther,bipinnate,blue,brown,calyx,clavate,cm,colour,dark,densely,diameter,divided,elliptical,erect,filament,fleshy,flower,fruit,glabrous,globose,green,hair,leaf,long,margin,mm,moderately,multicellular,oblong,older,pair,pale,pedicel,peduncle,pentagonal,pinnae,pinnate,pitted,pore,primary,pubescent,shallowly,shaped,shiny,shrub,simple,size,stem,stigma,style,subglabrous,surface,tear-drop,time,tomentose,tube,unicellular,uniseriate,violet,woody,x,â2.5,â3,â5.0	0.4,0.5â,0.5â0.8,0.7â1.4,0.95â2.0,0â,1,1.0â3.0,1.1â2.0,1â3,1â5,2â3,2â4,3.0â5.0,3â19,5â15,5â30,5â32,6â10,7â11,absen,accrescent,acute,adaxiall,ag,along,anthesi,apart,apex,articulated,axe,axillary,ba,base,blade,borne,branched,cell,chartaceous,connivent,cylindrical,decreasing,denser,eaf,eed,elliptic,equal,especially,flattened,geminat,greyish,half,hig,indumentum,irregular,leafy,lobe,lon,longitudinal,lower,m.,midrib,midvein,narrow,nflorescence,obtu,occasionally,opening,opposed,orolla,oung,perfect,petiole,plurifoliate,poricidal,rarely,reflexed,rounded,ruit,secondary,shoot,side,slit,sometimes,spaced,sparsely,stone,straight,tamen,tardily,tip,unit,unknown,vary,white,wide,wing,yellow,ympodial,â3.4,â4.5,â8	arrangement,branching,corolla,form,growth,height,inflorescence,length,number,ovary,plant,seed,shape,staman,texture,young	0.2,0.2â0.3,0.3,0.6â1.0,0.8â5.5,1.0â1.5,1.0â2.0,1.1â2.2,1.2â1.5,1.5â1.9,1â2,2.9â4.5,20â100,3.3â5.5,3.3â8.5,3.5â4.6,4â14,4â5,4â7,5,6â22,7â10,8â10,abaxially,adaxially,bipinnate,blue,brown,clavate,cm,dark,densely,divided,elliptical,erect,fleshy,glabrous,globose,green,long,mm,moderately,multicellular,oblong,older,pair,pale,pentagonal,pinnae,pinnate,pitted,primary,pubescent,shallowly,shaped,shiny,shrub,simple,subglabrous,tear-drop,time,tomentose,unicellular,uniseriate,violet,woody,x,â2.5,â3,â5.0	young
418	wfo-0001030822	success	146	95	59	80	66	15	57	2	.2,0.1-0.2,0.5-1.5,0.8-1,1-1.2,1-1.5,11-15.5,2-2.5,2-5,3-3.5,3-5,3.5-7,5-6,abaxially,acute,adaxially,anther,apex,attenuate,base,calyx,clavate,closely,clustered,cm,corolla,decurrent,dia,elliptic-obovate,exserted,filament,flattened-reniform,flower,fruiting,glabrous,globose,green,inflorescence,internodal,later,leaf,lobed,long-ellipsoid,margin,minutely,mm,near,nearly,occasionally,older,opposite,ovary,pale,pedicel,petiole,pitted,pore,red-papillose,revolute,scar,shaped,shiny,shrub,size,spaced,stem,stigma,strongly,style,surface,tan,tear-drop,tip,tube,usually,white,winged,x,yellowish-brown,young	0-0.5,0.4,0.4-1,0.9-1,1.5-2,2-3.8,5-7,8-9,anthesi,ba,beneath,berry,broadly,completely,cucullat,cucullate,cup,deflexed,deltate,differing,difoliate,eaf,edicel,eed,erect,filiform,fleshy,free,geminat,incrassate,inflorescenc,lateral,lobe,lon,long,lower,main,major,middle,minor,minute,nflorescence,onto,open,pair,papillo,papillose,perhaps,planar,poricidal,portion,present,ruit,simple,slightly,somewhat,sparsely,tall,tapering,ud,unit,vein,widest,woody,yellowish,ympodial	bud,colour,diameter,exsertion,form,fruit,growth,hair,height,length,plant,position,seed,shape,texture	.2,0.1-0.2,0.5-1.5,0.8-1,1-1.5,11-15.5,2-2.5,2-5,3-3.5,3-5,3.5-7,5-6,acute,attenuate,base,calyx,clavate,closely,clustered,cm,decurrent,elliptic-obovate,exserted,flattened-reniform,glabrous,globose,green,inflorescence,internodal,later,leaf,lobed,long-ellipsoid,minutely,mm,near,nearly,occasionally,opposite,pale,pitted,red-papillose,revolute,shaped,shiny,shrub,spaced,strongly,tan,tear-drop,tip,tube,usually,white,winged,x,yellowish-brown	-1.2,di
419	wfo-0001030871	success	248	101	66	87	161	14	65	1	0.3-4,0.4-1.8,0.7-1.3,1-1.3,1-18,1.3-2,1.8-2.6,2-8,3-32,3-4.4,3-6,3.5-14,30,5-33,5-7,6-40,9-13,abruptly,adaxial,anther,apical-lateral,attenuate,bark,base,berry,blunt-tipped,branch,branched,brown,bud,chartaceous,cm,corolla,dark,deltoid,diameter,elliptic,entire,extend,fleshy,flower,fruit,granular-tomentose,grayish,green,greenish,growth,hair,introrse,large,lateral,leaf,length,long,longitudinal,main,margin,mm,mostly,narrowly,oblong,ovate,pale,pedicel,peduncle,petiole,pore,probably,purple,rachi,reniform,ripe,rotate-stellate,shrub,simple,slit,suborbicular,time,tomentose,tree,vein,violet,white,x,yellow,yellowish,young	.2-3,.8-3.5,.9-1.2,/30-1/5,0-120,0.2-0.4,0.6-1.5,0.7-2.5,1.3-3,1.4-2.7,1.5-3,1.5-6,1.8-3.5,1/2,1/2-3/4,1/4,1/4-1/3,11,2-3,2.8-4.5,3-5,4.5-6.5,4.8-9.5,7-12,abaxially,accrescent,acuminate,acute,adaxially,ag,along,anthesi,apart,apex,apparently,appressed,appressed-tomentose,articulated,axe,axillary,ba,becoming,blade,calyx,campanulate,capitat,closely,conical,continued,decurrent,dehiscing,dendritic-echinoi,dendritic-echinoid,dendritic-multangulate,densely,directed,distal,due,eaf,earl,early,echinoi,echinoid,eed,elongate,equal,erect,evident,exserted,filament,free,fruiting,glabrescen,glabrescent,glabrous,held,high,honeycombed,inserted,lobe,lobed,long-,long-stalked,longer,lower,m.,midvein,minute,mixed,multangulat,multangulate,nearly,nflorescence,nodding,obtuse,occasionally,often,older,open,orbicula,orbicular,orolla,ovate-lanceolate,overlapping,partly,perfect,plait,plurifoliate,porrect-stellate,present,prominent,pubescent,rather,ray,reflexed,relatively,reticulate-punctate,ruit,runk,scabridulous,sessile,short,short-,short-stalked,side,small,sometimes,somewhat,soon,spaced,sparingly,sparsely,splitting,stamen,stellate-tomentose,stem,stigma,striate,strongly,style,subglobose,sulcate,suture,tamen,terete,terminal,testa,thick,thick-stalked,thin-stalked,toward,tube,unarme,unarmed,unit,usually,vary,velutinous,way,wide,ympodial	abaxial,age,arrangement,branching,colour,form,height,inflorescence,plant,seed,shape,size,texture,trunk	0.3-4,0.4-1.8,0.7-1.3,1-1.3,1-18,1.3-2,1.8-2.6,2-8,3-32,3-4.4,3-6,3.5-14,30,5-33,5-7,6-40,9-13,abruptly,apical-lateral,attenuate,berry,blunt-tipped,branched,brown,chartaceous,cm,dark,deltoid,diameter,elliptic,entire,extend,fleshy,granular-tomentose,grayish,green,greenish,introrse,large,long,longitudinal,mm,mostly,narrowly,oblong,ovate,pale,pore,probably,purple,reniform,ripe,rotate-stellate,shrub,simple,slit,suborbicular,time,tomentose,tree,violet,white,x,yellow,yellowish	age
420	wfo-0001030872	success	166	135	101	114	52	21	96	5	.5,0.5,0.5-1,0.8-1,0.8-2,1-1.2,1-1.5,1-2,1.2-1.5,1.2-3,1.5-2,1.5-5,12-18,2-5,4-6,4-6-flowered,5-6,5.5-7,6-12.5,acuminate,acute,age,anther,anthesi,apex,appearing,area,bark,base,beginning,black,brown,calyx,closed,closely,cm,completely,consisting,corky,corolla,dark,deflexed,dia,difoliate,dry,ellipsoid-ovoid,elliptic,erect,exserted,filament,fleshy,fruiting,glabrate,glabrous,globose,green,hooded,known,large,leaf,lenticel,lenticellate,less,like,live,lobe,lobed,material,minor,minutely,mm,nearly,nerve,oblique,older,one,opposite,ovary,ovate,overlapping,pair,pale,papillose,pedicel,petiole,pore,primary,rather,red-glandular-puberulent,rest,rounded,scar,shaped,shining,size,small,soon,spaced,specimen,stem,stigma,strongly,style,tapering,tear-drop,tip,tree,treelet,tube,unit,white,woody,x,young	3-7,adaxial,along,berry,broadly,caly,center,crateriform,cucullate,darker,deltoid,densely,eaf,edicel,eed,free,full,geminat,incurved,inflorescenc,lon,long,lower,major,margin,middle,nflorescence,paler,petal,planar,poricidal,portion,prominent,proximal,puberulent,raised,reddish-glandular,reddish-glandular-puberulent,relative,ridge,ruit,shorter,side,simple,slightly,straight,styl,tall,thickened,ud,widest,ympodial	bud,colour,exsertion,flower,form,fruit,geminate,growth,hair,height,inflorescence,length,number,plant,position,seed,shape,state,structure,sympodial,texture	.5,0.5,0.5-1,0.8-1,0.8-2,1-1.2,1-1.5,1-2,1.2-1.5,1.2-3,1.5-5,12-18,2-5,4-6,4-6-flowered,5-6,5.5-7,6-12.5,acuminate,acute,age,appearing,area,base,beginning,black,brown,calyx,closed,closely,cm,completely,consisting,corky,dark,deflexed,dia,difoliate,dry,ellipsoid-ovoid,elliptic,erect,exserted,fleshy,glabrate,glabrous,globose,green,hooded,known,large,leaf,lenticel,lenticellate,less,like,live,lobe,lobed,material,minutely,mm,nearly,nerve,oblique,one,opposite,ovate,overlapping,pair,pale,papillose,primary,rather,red-glandular-puberulent,rest,rounded,shaped,shining,small,soon,spaced,specimen,stem,strongly,style,tapering,tear-drop,tip,tree,treelet,tube,white,woody,x,young	-1.5,.5-2,di,geminate,inflorescence
421	wfo-0001030882	success	144	105	64	87	57	18	62	2	.1,.5,0.5-0.75,0.5-1,0.5-1.1,0.8-2.4,1-1.3,1-1.5,1-4,1.6-2,2,2-5.4,2-6,2.2-4.6,3-3.5,3/4,6.5-15.6,8-12,acuminate,anther,apex,attenuate,bark,base,calyx,capitate,closely,cm,conical,corolla,crenulate,elliptic,filament,fruit,fruiting,glabrous,globose,green,lateral,leaf,lightly,lobe,lobed,main,major,margin,minor,minutely,mm,narrowly,older,opposite,ovary,overlapping,ovoid,ovoid-reniform,pair,pale,paler,papillose,pedicel,petiole,pitted,pore,scar,shaped,shrub,simple,size,small,spaced,stem,stigma,style,surface,tan,tear-drop,terminal,thickened,transversely,tree,tube,vein,way,white,x,young	0.75-1,0.8-1.1,0.9-1.1,?,accrescent,anthesi,beginning,beneath,berry,deflexed,deltoid,dia,differing,difoliate,eaf,edicel,eed,erect,exserted,extreme,free,geminat,inflorescenc,lon,long,lower,middle,nearly,nflorescence,occasionally,one,papillo,peelin,planar,poricidal,portion,prominent,raised,ruguse,ruit,short,slender,slightly,soon,straight,tall,tapering,thick,tip,truncate,tub,ud,unit,widest,woody,yellowish,ympodial	bud,colour,diameter,form,growth,height,inflorescence,length,modification,peeling,plant,position,rugose,seed,shape,spacing,texture,venation	.1,.5,0.5-0.75,0.5-1,0.5-1.1,0.8-2.4,1-1.3,1-1.5,1-4,1.6-2,2,2-5.4,2-6,2.2-4.6,3-3.5,3/4,6.5-15.6,8-12,acuminate,attenuate,base,capitate,closely,cm,conical,crenulate,elliptic,glabrous,globose,green,lateral,leaf,lightly,lobed,main,minutely,mm,narrowly,opposite,overlapping,ovoid,ovoid-reniform,pair,pale,paler,papillose,pitted,shaped,shrub,simple,small,spaced,tan,tear-drop,terminal,thickened,transversely,tree,vein,way,white,x	peeling,rugose
422	wfo-0001030883	success	179	127	82	107	72	20	81	1	-3,.05,.1,.5,0.5-3,0.5-5,1-1.3,1-4,1.5-2,1.5-3.5,18-44.5,2-5,20-50-flowered,3-4,3/4,5-6,9.5-27.5,accrescent,acuminate,acute,anther,anthesi,apart,apex,bark,base,brown,calyx,clavate,cm,corolla,dark,dia,difoliate,dry,elliptic,filament,fruit,fruiting,furcate,geminate,glabrous,glandular,globose,green,hard,imbedded,inflorescence,leaf,little,live,lobe,lobed,long,long-acuminate,massive,material,minute,minutely,mm,oblique,occasionally,opposite,ovary,ovate,ovoid-reniform,pale,papillate,papillose,pedicel,petaloid,petiole,pitted,placenta,plant,pore,puberulent,pulp,russet,scar,seed,shaped,shrub,size,slender,slightly,sometimes,stem,stigma,stout,straight,strongly,style,surface,tan,tapering,tear-drop,time,tip,trichome,tube,uniseriate,unit,way,white,woody,x	1-1.1,1-1.2,1-1.5,10-18,3-3.5,across,appearing,approximatately,arching,becoming,berry,branched,bu,cell,collapsed,collection,deflexed,differing,eaf,edicel,eed,epidermal,erect,evenly,finely,fleshy,free,geminat,hollow,laminar,large,later,lateral,lenticellat,less,like,living,lon,lower,main,malodorous,markedly,middle,midrib,narrowly,nflorescence,older,pair,papillo,perpendicular,poricidal,portion,present,proximal,quite,rather,reflexed,reticulate,ruit,soon,spaced,tall,thick,triangular,two,ud,upper,vein,wall,widest,ympodial,young	branching,bud,colour,diameter,flower,form,glandularity,growth,height,length,lenticellation,number,placement,position,shape,spacing,structure,sympodial,texture,type	-3,.05,.1,.5,0.5-3,0.5-5,1-1.3,1-4,1.5-2,1.5-3.5,18-44.5,2-5,20-50-flowered,3-4,3/4,5-6,9.5-27.5,accrescent,acuminate,acute,apart,base,brown,calyx,clavate,cm,dark,dia,difoliate,dry,elliptic,furcate,geminate,glabrous,glandular,globose,green,hard,imbedded,leaf,little,live,lobed,long,long-acuminate,massive,material,minute,minutely,mm,oblique,occasionally,opposite,ovate,ovoid-reniform,pale,papillate,papillose,petaloid,pitted,placenta,plant,puberulent,russet,shaped,shrub,slender,slightly,sometimes,stout,straight,strongly,tan,tear-drop,time,tube,uniseriate,way,white,woody,x	bud
423	wfo-0001030884	success	218	119	57	70	148	49	52	5	0.4-3,1-1.5,4.5-5,abaxially,abruptly,acute,along,anther,anthesi,apex,base,berry,broad-based,c.,calyx,decurrent,di-,filament,fruiting,geminate,glabrous,green,greenish,growth,inflorescence,lateral,leaf,leafy,length,lobed,lower,margin,mature,mm,occasionally,pedicel,petiole,plant,pore,poricidal,present,prickle,principal,pubescent,reflexed,sagittate,shallowly,shrub,simple,slender,spherical,spreading,stellate,stellate-pubescent,stem,stiff,strongly,surface,tapering,tip,treelet,trichome,trifoliate,unicellular,unit,vein,way,weakly,white,winged	.2,.5,.7,0.3,0.3-0.5,0.5,0.5-1.2,0.8-1,0.9-5,1,1-1.2,1-3,1.5,1.5-2,1.5-2.5,10,100,2,2-5,4-13,4-5,5,5-30,5-6,5-merous,5.5-7,6-10,6-25,6-8,7-8,9-11,>,abaxial,adaxial,adaxiall,also,alyx,andromonoeciou,apar,arme,articulated,bark,basal,blade,brown,capitate,cm,conical,connivent,curved,dark,densely,diameter,differing,directed,discolorous,distal,eaf,eed,elliptic,equal,extend,extending,flower,flowering,free,glandular,gray-tinged,gree,half,herbaceous,heterostylous,infructescence,like,lobe,long,long-stalked,long-styled,long-triangular,magnification,midpoint,midrib,minute,minutely,mixture,moderately,new,nflorescence,node,older,one,onto,open,orolla,oung,outlin,ovary,ovoid-reniform,pair,pale,papillat,peduncle,per,porrect,portion,prickly,primary,ray,red,reddish,reflexe,regularly,rest,ruit,scar,scattered,sessile,shap,short,short-stalked,short-styled,similar,size,spaced,sparsely,stigma,still,style,tall,tamen,tannish,time,tube,unarmed,uniformly,uniseriate,upward,usually,vary,varying,visible,wide,wing,without,woody,yellow,ympodial,young	adaxially,andromonoecious,appressed,articulation,bract,branching,breeding,cell,colour,connective,corolla,form,fruit,hair,height,heteromorphism,inflated,insertion,interjected,interpetalar,leaflet,marking,needle-like,none,odour,orientation,paired,pattern,placement,position,pseudostipule,rhizome,scale,shape,smell,spot,staman,stone,structure,symmetry,sympodial,system,texture,tissue,tuber,type,vegetative,xylopodia,zygomorphy	0.4-3,1-1.5,4.5-5,abaxially,abruptly,acute,along,anthesi,base,berry,c.,decurrent,di-,geminate,glabrous,green,greenish,lateral,leafy,lobed,mature,mm,occasionally,poricidal,present,principal,pubescent,reflexed,sagittate,shallowly,shrub,simple,slender,spherical,spreading,stellate,stellate-pubescent,stiff,strongly,surface,tapering,tip,treelet,trichome,trifoliate,unicellular,unit,vein,way,weakly,white,winged	adaxially,andromonoecious,none,sympodial,zygomorphy
424	wfo-0001030899	success	145	120	76	88	57	32	70	6	.5-2,0.3-0.5,0.5-1,1,1-2,1-3,1.5-2,10-13,10-20,2,2-3,2-3.5,2.5-3.5,3-12,3-4,3-5,3.5-4,4-5,5-10,5-6.5,7-27,8-11,acuminate,acute,apex,base,beyond,bronze,calyx,chartaceous,cm,connective,cordate,coriaceous,deeply,densely,diameter,directed,ellipsoidal,end,entire,extrorse,flattened,flower,fruit,glandular-puberulent,globose,green,inside,less,light,lobe,long,margin,mm,narrowly,obconical,oblong,obtuse,outside,ovate,ovoid,pedicel,peduncle,perfect,petiole,pore,puberulent,pubescent,purple,rachi,radiu,remnant,shrub,simple,slightly,splotch,stamen,stellate,stigma,stripe,style,triangular,tube,unbranched,upward,x,yellow	0.5,1-1.5,1-6,20-25-45,3-foliate,6.5-31-45,?,abaxially,absent,adaxially,aggregate,apart,ape,articulated,axe,basal,blade,cell,connivent,desc,dilated,distally,eaf,eed,ex,exceeding,exserted,glabrous,leaving,lon,lower,mucronate,nflorescence,nther,orang,orolla,pedicellar,peltifor,presen,puberulen,ruit,shorter,spaced,stone,strongly,tal,tem,thecae,time,tomento,ud,unit,vary,vein,white,wide,ympodial	20-25,6.5-31,anther,arrangement,articulation,branching,bud,colour,corolla,exsertion,form,growth,hair,height,inflorescence,leaf,length,na,orange,ovary,peltiform,plant,seed,shape,size,spacing,stem,symmetry,texture,theca,tomentose,type	.5-2,0.3-0.5,0.5-1,1,1-2,1-3,1.5-2,10-13,10-20,2,2-3,2-3.5,2.5-3.5,3-12,3-4,3-5,3.5-4,4-5,5-10,5-6.5,7-27,8-11,acuminate,acute,base,beyond,bronze,chartaceous,cm,cordate,coriaceous,deeply,densely,directed,ellipsoidal,end,entire,extrorse,flattened,glandular-puberulent,globose,green,inside,less,light,long,mm,narrowly,obconical,oblong,obtuse,outside,ovate,ovoid,perfect,puberulent,pubescent,purple,shrub,simple,slightly,splotch,stamen,stellate,stripe,triangular,unbranched,upward,x,yellow	20-25,6.5-31,na,orange,peltiform,tomentose
425	wfo-0001030902	success	158	122	73	89	69	33	70	3	-2,-20,0.6-1.5,1-2,1-6,1.5-13,1.5-2,1.5-2.5,10-15,15-50,2,2-3,2-5,2.5-4,3-20,3.5-4,30-50,4,4-22,4-6,4-7,5-7,5-9,absent,acuminate,acute,adaxially,angled,apart,apex,base,branched,brown-pilose,calyx,cm,connective,dark,deltate,densely,diameter,distally,eglandular,ellipsoidal,entire,flattened,fleshy,flower,forked,fruit,glabrescent,glabrous,glandular,globose,hair,laterally,lobe,long,margin,mm,oblong,obtuse,occasionally,orange,ovate,pedicel,pedicellar,peduncle,petiole,pore,present,puberulence,purple,rachi,radiu,rarely,reddish,remnant,simple,sparse,stellate,stigma,style,subcoriaceous,tree,truncate,unbranched,unit,x,yellow	0-15,1.5-2-3-5,2.5,3-13,3-4,4-foliat,6-24,8-14,abaxially,aggregate,along,ape,apically,apiculate,articulated,axe,basal,beyond,blade,brow,cell,connivent,cordate,cylindrical,dilated,directed,eaf,eed,equalling,exceeding,except,exserted,glabrat,glandular-puberulen,leaving,lon,lower,mature,narrowly,nflorescence,nther,orolla,perfect,pinkish,presen,purplish,ruit,shorter,slightly,small,somewhat,spaced,sparsely,stamen,stone,subcapitat,tal,tem,thecae,time,tip,tomento,triangular,tube,ud,vary,vein,wide,ympodial	4-foliate,abaxial,adaxial,anther,articulation,branching,bud,colour,corolla,direction,form,glabrate,growth,height,inflorescence,leaf,length,number,ovary,pilosity,plant,position,presence,seed,shape,spacing,stem,structure,subcapitate,sympodial,texture,theca,type	-2,-20,0.6-1.5,1-2,1-6,1.5-13,1.5-2,1.5-2.5,10-15,15-50,2,2-3,2-5,2.5-4,3-20,3.5-4,30-50,4,4-22,4-6,4-7,5-7,5-9,absent,acuminate,acute,adaxially,angled,apart,apex,base,branched,brown-pilose,cm,dark,deltate,densely,diameter,distally,eglandular,ellipsoidal,entire,flattened,fleshy,forked,glabrescent,glabrous,globose,hair,laterally,long,mm,oblong,obtuse,occasionally,orange,ovate,present,purple,rarely,reddish,simple,sparse,stellate,subcoriaceous,tree,truncate,unbranched,x,yellow	4-foliate,glabrate,subcapitate
426	wfo-0001030914	success	186	106	67	87	99	19	63	4	0-0.25,0.7-1,0.8-1.3,1-1.5,1.2-1.5,1.5-3,1.5-8,2-10,2-2.5,2.5-11,2.5-3,3-4,5-17,5-25-flowered,7-8,acute,anther,anthesi,attenuate,bark,base,bud,capitate,closely,cm,corolla,dark,densely,difoliate,elliptic,erect,evenly,exserted,filament,flower,fruiting,furcate,glabrous,globose,golden,inflorescence,leaf,lemon-yellow,length,many,minor,minutely,mm,obovate,occasionally,onto,opposite,ovary,ovoid-reniform,pale,papillose,pedicel,petiole,pitted,plant,pore,puberulent,pubescent,reddish-brown,rounded,scar,shape,shaped,shrub,simple,size,small,soon,spaced,stigma,style,surface,tear-drop,time,tree,trichome,trunk,uniseriate,unit,white,winged,x	.1,.5,/4,0.1-0.5,0.5-1,0.8-1,1-2,1.5-2,3.5-17,7-10,9-35,along,apex,beneath,berry,blade,calyx,campanulate,constriction,decurrent,deflexed,deltoid,dia,differing,distal,dry,eaf,edicel,eed,ellipsoid,equal,even,free,geminat,glabrate,green,greyish-brow,individual,later,lateral,like,live,lobe,lobed,lon,long,long-styled,lower,main,major,margin,middle,narowly,nflorescence,often,older,one,otherwise,overlappin,pair,papillo,planar,poricidal,portion,prominent,quite,raised,rest,ripe,ruit,short-styled,slender,slightly,sometimes,sparsely,specimen,stem,straight,tall,tan,tapering,thick,third,ti,tip,tub,tube,ud,usually,variable,vein,way,weight,widest,within,woody,yellow,ympodial,young	0.1,branching,colour,diameter,exsertion,form,fruit,geminate,greyish-brown,growth,hair,height,number,overlapping,position,seed,structure,symmetry,sympodial	0-0.25,0.7-1,0.8-1.3,1-1.5,1.2-1.5,1.5-3,1.5-8,2-10,2-2.5,2.5-11,2.5-3,3-4,5-17,5-25-flowered,7-8,acute,attenuate,capitate,closely,cm,dark,densely,difoliate,elliptic,erect,evenly,exserted,furcate,glabrous,globose,golden,leaf,lemon-yellow,many,minutely,mm,obovate,occasionally,onto,opposite,ovoid-reniform,pale,papillose,petiole,pitted,puberulent,pubescent,reddish-brown,rounded,shaped,shrub,simple,small,soon,spaced,tear-drop,time,tree,trichome,uniseriate,white,winged,x	0.1,geminate,greyish-brown,overlapping
427	wfo-0001030918	success	223	88	56	72	151	16	56	0	0-25,0.6-2.5,1/3,3-7,5.5-7,abaxial,acicular,acute,adaxial,anther,apex,base,berry,branched,calyx,chartaceous,cm,connivent,cuneate,densely,discolorous,drying,dull,elliptic,elongating,equal,flattened,flattened-reniform,flower,fruit,fruiting,glabrescent,lateral,leaf,length,lobed,long,margin,maturity,mauve,mm,moderately,obtuse,orange,orange-brown,pale,per,perpendicular,petiole,poricidal,prickle,pubescent,purple,red,reflexed,seed,shrub,simple,sometimes,somewhat,sparsely,spherical,spreading,stellate-pubescent,stem,strongly,surface,tapering,terminal,tip,upper,yellow	-4,-5,-9,.5,.7,0-10,0-20,0-4,0-6,0.1,0.1-0.25,0.2-0.4,0.25-0.45,0.3-1.5,0.5-0.7,0.5-2,0.5-2.5-4.5,0.6,0.7-1.2,0.7-1.7,1,1-1.5,1-1.8-2.3,1-2,1-4,1.5-2,1.5-2.5-3.2,1.5-5.5-6,1/2-2/3,1/3-1/2,1/3-1/2-3/4,1/4-1/3,2-10,2-2.5,2-25-40,2-3,2-4,2-7,2-8,2.8-3,2/,3-15,3-4,3-6.5,3.5-6,4-7,5-7,5-8,5-merous,6-8,7-10-12,abaxially,alyx,ame,apar,apart,apically,apparently,articulated,bark,blade,brow,c.,caudat,cell,curved,dark,deltate,diameter,difoliate,distance,eaf,elongated,erect,evenly,extending,faint,filament,free,geminat,glabrous,green,green-brown,infructescence,lobe,lobing,longer,lower,mature,midpoint,midvein,mixture,narrow-deltate,nflorescence,oblong,occasionally,older,one,open,orolla,oung,outline,pair,pedicel,peduncle,pendulous,perfec,pericarp,pit,porrect,portion,prickl,prickly,primary,raised,ray,red-brown,reduced,ruit,scandent,scar,secondary,sessile,side,slender,small,smooth,spaced,stalk,stalked,stellate,straight,style,tamen,terete,tertiary,time,trichome,tube,unit,usually,vary,vein,venation,visible,way,weakly,wide,woody,ympodial,young	branching,colour,corolla,form,growth,heteromorphism,inflorescence,number,orientation,ovary,placement,position,shape,staman,texture,type	0-25,0.6-2.5,1/3,3-7,5.5-7,acicular,acute,berry,branched,chartaceous,cm,connivent,cuneate,densely,discolorous,drying,dull,elliptic,elongating,equal,flattened,flattened-reniform,glabrescent,lateral,lobed,long,maturity,mauve,mm,moderately,obtuse,orange,orange-brown,pale,per,perpendicular,poricidal,pubescent,purple,red,reflexed,shrub,simple,sometimes,somewhat,sparsely,spherical,spreading,stellate-pubescent,stem,strongly,tapering,terminal,tip,upper,yellow	
428	wfo-0001030943	success	167	135	97	114	53	21	95	2	.5,1-1.2,1-1.5,1.1,1.5-2,1.8-2.2,1/2,2-6,3,3-4,3/4,7-13.5,7-8,8-10,abaxial,abaxially,absent,acuminate,acute,adaxial,adaxially,age,along,anther,anthesi,apex,bark,base,becoming,bi-lobed,black,branching,calyx,cm,corolla,decurrent,deflexed,dendritic,densely,diameter,drying,echinoid,elliptic,erect,exserted,filament,flattened,fruiting,glabrous,globose,golden,golden-yellow,growth,horizontal,im,large,lateral,leaf,lenticular,lobed,long,main,minute,minutely,mm,narrowly,nodding,outline,ovary,overtopping,pair,pale,pedicel,pericarp,petiole,pitted,pore,poricidal,pubescent,purplish-black,raised,reddish-brown,scar,scattered,secondary,shoot,showy,shrub,sleeve,slit-like,small,somewhat,sparsely,stem,stigma,strongly,style,surface,terminal,thin,time,tip,tree,tree-like,trichome,tube,vein,violet,way,woody,x,yellow,yellowish-white,young	0,0.5-1,0.5-3,10-25,12-15,4-4.5,4-5,4-6,apical,basal,belo,berry,branch,conical,cupulate,dark,denser,eaf,edicel,eed,elongate,ew,fide,flower,free,glabrat,inserted,lobe,lon,lower,m.,monochasia,nflorescence,often,older,papillo,pearce,per,planar,plurifoliate,portion,ruit,slightly,stamen,tall,tapering,triangular,tub,ud,unit,upper,wide,ympodial	bud,colour,deflexion,exsertion,form,fruit,glabrate,hair,height,inflorescence,insertion,length,new,papillose,plant,position,seed,shape,size,texture,width	.5,1-1.2,1-1.5,1.1,1.5-2,1.8-2.2,1/2,2-6,3,3-4,3/4,7-13.5,7-8,8-10,abaxially,absent,acuminate,acute,adaxially,age,along,anthesi,apex,base,becoming,bi-lobed,black,calyx,cm,decurrent,deflexed,dendritic,densely,diameter,drying,echinoid,elliptic,erect,exserted,flattened,glabrous,globose,golden,golden-yellow,horizontal,im,large,lateral,lenticular,lobed,long,main,minute,minutely,mm,narrowly,nodding,outline,overtopping,pair,pale,petiole,pitted,poricidal,pubescent,purplish-black,raised,reddish-brown,scattered,secondary,shoot,showy,shrub,sleeve,slit-like,small,somewhat,sparsely,strongly,surface,terminal,thin,time,tip,tree,tree-like,trichome,tube,vein,violet,way,woody,x,yellow,yellowish-white	glabrate,papillose
429	wfo-0001030959	success	164	85	58	67	97	18	56	2	.8,0.5-1.5,0.7-1.2,1-10,1-7,1.2-1.8,10-15,2.5-5,4-8,5-6,5-9,5-merous,abaxially,anther,apart,apex,apparently,articulated,base,branched,brown,brown-green,cm,color,connivent,cuneate,diameter,elliptic,flower,fresh,glandular,hair,inflorescence,known,lateral,leaf,length,long,long-acuminate,margin,membranous,minute,mm,numerous,pedicel,peduncle,perpendicular,petiole,poricidal,prickle,scar,several,shrub,simple,sparsely,stellate-pubescent,stem,straight,straw,style,subentire,surface,tapering,tip,toward,usually,yellow	.05,.2,/5,0.5,1-2,1.5-2,1.5-3.5,1/5-1/10,2-4,2.5-4,2.5-4.5,4-6,6-8,9-12,almost,alyx,ame,apar,apically,armed,bark,blade,c.,concolorous,curved,deltate,densely,difoliate,distributed,drying,eaf,eed,equal,erect,evenly,filament,free,geminat,gently,glabrescent,glabrou,glabrous,green-brow,know,less,like,lobe,lobed,long-acuminat,longer,lower,midpoint,narrow-deltate,nflorescence,older,one,open,orolla,oung,pair,part,perfec,porrect,portion,present,prickl,prickly,primary,prominent,ray,ruit,scrambling,secondary,sessile,short,side,slender,spaced,spreading,stellate,tamen,terete,tertiary,time,trichome,tube,unarmed,unit,vary,vein,venation,visible,way,whole,wide,ympodial,youngest	articulation,branching,calyx,colour,corolla,form,fruit,growth,merosity,na,ovary,perfect,seed,shape,spacing,staman,texture,type	.8,0.5-1.5,0.7-1.2,1-10,1-7,1.2-1.8,10-15,2.5-5,4-8,5-6,5-9,5-merous,abaxially,apart,apex,apparently,articulated,base,branched,brown,brown-green,cm,color,connivent,cuneate,elliptic,flower,fresh,glandular,hair,known,lateral,long,long-acuminate,membranous,minute,mm,numerous,perpendicular,poricidal,prickle,several,shrub,simple,sparsely,stellate-pubescent,stem,straight,straw,subentire,surface,tapering,tip,toward,usually,yellow	na,perfect
430	wfo-0001030982	success	215	160	115	139	76	21	113	2	-2-2.5,0.05,0.05-0.5,0.1-0.15,0.2-3,0.5,0.5-0.9,0.5-1,1-1.5,1-8,1.5-2,2/3,3-21,3-8,6-8,acuminate,acute,age,angular,anther,anthesi,apex,appressed,base,beneath,berry,broadly,brown,brownish,bud,calyx,capitate,central,chartaceous,closely,cm,conical,corolla,cucullate,cuneate,curved,dark,deflexed,deltate,diameter,dry,drying,ellipsoid,elliptic,enlarged,entire,exerted,filament,flattened-reniform,fleshy,flower,foliage,form,fresh,fruit,fruiting,glabrous,globose,green,growth,hilum,isostylous,larger,later,leaf,lengthening,less,lobe,lobed,margin,material,maturity,minutely,mm,new,one,opposite,ovary,ovate,packed,pale,papillate,papillose,pedicel,peduncle,petiole,pitted,planar,pore,poricidal,portion,prominently,puberulent,pubescent,reddish,reflexed,rest,rhizomatous,sagittate,scar,seed,separated,sigmoidally,simple,sinuate,situated,size,slightly,slit,somewhat,sparsely,stem,stigma,straight,strongly,style,subshrub,surface,testa,tetramerous,tightly,time,tip,trichome,tube,uniseriate,vein,veined,way,weakly,white,x,yellowish,young	.1,.2,.5,0.1,0.3-2,0.5-3,1,1.5,1.5-3,4-12,4-5,abaxially,adaxially,anisophyllous,ape,ba,caducous,channelled,ciliate,conic,cream,differing,difoliate,distall,distally,distichou,eaf,edicel,eed,extension,external,free,geminate,glabrescent,glandular,glandular-papillose,golden-green,greenish,impressed,inconspicuously,internal,like,live,long,lower,major,materia,midvein,minor,mostly,near,nflorescence,oblique,obovate,occasionally,often,olive,overlappin,pair,papillae,papillat,plant,primary,projection,prominent,revolute,ruit,shoot,stamen,stripe,transverse,tub,ud,unit,vegetative,ympodial	.5-2,abaxial,adaxial,colour,deflexion,exertion,inflorescence,length,number,overlapping,packing,position,presence,prominence,pubescence,reflexion,rhizome,shape,staman,texture,type	-2-2.5,0.05,0.05-0.5,0.1-0.15,0.2-3,0.5,0.5-0.9,0.5-1,1-1.5,1-8,1.5-2,2/3,3-21,3-8,6-8,acuminate,acute,age,angular,anthesi,appressed,base,beneath,berry,broadly,brown,brownish,calyx,capitate,central,chartaceous,closely,cm,conical,cucullate,cuneate,curved,dark,deflexed,deltate,dry,drying,ellipsoid,elliptic,enlarged,entire,exerted,flattened-reniform,fleshy,foliage,fresh,glabrous,globose,green,isostylous,larger,later,leaf,lengthening,less,lobe,lobed,material,maturity,minutely,mm,one,opposite,ovate,packed,pale,papillate,papillose,pitted,planar,poricidal,portion,prominently,puberulent,pubescent,reddish,reflexed,rest,rhizomatous,sagittate,seed,separated,sigmoidally,simple,sinuate,situated,size,slightly,slit,somewhat,sparsely,straight,strongly,subshrub,surface,tetramerous,tightly,time,tip,tube,uniseriate,veined,way,weakly,white,x,yellowish,young	.5-2,overlapping
431	wfo-0001030989	success	177	121	87	100	77	21	84	3	.5,0.5-1,1-1.5,12-15,15-27.5,2-3.5,3-20,3-5.5,3-7.5,4-5,4-8,5,5.5-7.9,6-13,6-6.5,9-10,abaxially,adaxially,anther,axillary,berry,blade,brownish,bud,cell,chartaceous,cm,condition,conical,connivent,corolla,covering,densely,diameter,distal,dorsally,drying,edge,end,filament,flat,flower,folded,forked,fresh,fruit,generally,glabrous,green,green-white,greenish,hair-like,half,herb,homostylous,interjected,lanceolate,lateral,leaf,leaflet,lengthening,light,long,make,minute,mm,mucilaginous,occurring,odd-pinnate,ovoid,petiole,plant,pore,poricidal,pubescent,ripe,rotate,seed,singly,size,slit,sparsely,stem,style,subtending,terminal,testal,thick,throughout,tip,tuber,typically,unwinged,usually,violet,wall,wet,whitish,wide,x	1-10,1-2,3-4,4-7,5-merou,acuminate,ag,alyx,apart,apex,apparently,articulated,axe,base,capitat,ciliate,decreasing,digestion,eaf,eed,enzyme,erec,especially,geminat,glabrou,gradually,hair,honeycomb-shaped,larger,like,living,lobe,lower,margin,nflorescence,obtuse,orbicular,orolla,ovate,ovate-lanceolate,pair,pale,pedicel,peduncle,perfect,petiolule,plurifoliate,present,proximal,pubescen,ray,removed,ruit,secondary,semierect,seudostipule,spaced,specimen,ste,stigma,stolo,subequal,subsessile,symmetrical,tall,tamen,tem,thir,toward,tri-,triangular,tube,unit,vary,wider,yellow,ympodial	5-merous,age,arrangement,branching,calyx,colour,form,growth,height,inflorescence,length,number,occurrence,ovary,position,pseudostipule,shape,staman,stolon,texture,type	.5,0.5-1,1-1.5,12-15,15-27.5,2-3.5,3-20,3-5.5,3-7.5,4-5,4-8,5,5.5-7.9,6-13,6-6.5,9-10,abaxially,adaxially,axillary,berry,brownish,bud,cell,chartaceous,cm,condition,conical,connivent,covering,densely,distal,dorsally,drying,end,flat,folded,forked,fresh,generally,glabrous,green,green-white,greenish,hair-like,half,herb,homostylous,lanceolate,lateral,lengthening,light,long,make,minute,mm,mucilaginous,occurring,odd-pinnate,ovoid,plant,pore,poricidal,pubescent,ripe,rotate,seed,singly,slit,sparsely,subtending,terminal,testal,thick,throughout,tip,typically,unwinged,usually,violet,wall,wet,whitish,wide,x	5-merous,age,stolon
432	wfo-0001030991	success	203	133	97	113	90	20	94	3	.5,0,0.1,0.2,0.5,0.5-0.7,0.5-1.5,0.7-1.2,1-1.5,1-2.2,2/3,3-5-5.5,3-5-lobed,4-10,9-11,<,abaxially,absent,acuminate,acute,adaxially,along,anther,apex,apparently,appressed,ascending,attenuate,basal,base,berry,brown,capitate,cell,cm,connivent,corolla,densely,diameter,ellipsoidal,elliptic,entire,filament,flattened,flower,fruiting,furcate,glabrous,globose,grey,growth,herb,inflorescence,lanceolate,lateral,leaf,leaf-opposed,lengthening,lobed,loosely,lower,margin,minute,minutely,mm,narrowly,nearly,new,occasionally,pedicel,peduncle,per,petiole,pinnatifid,pitted,pore,poricidal,pubescent,rectangular,red,reniform,ripe,scattered,short,shrub,simple,sleeve,slit,small,somewhat,spreading,stellate,stem,stigma,strongly,style,surface,terminal,testal,tip,trichome,uniformly,uniseriate,upper,variably,vein,violet,weak,white,winged,woody,x,yellowish	0.2-0.7,0.3-0.4,0.5-1,0.5-3.5,0.6-0.8,1-1.6,1-2.5,1-7,1.5,10-20,2-plurifoliat,2.5-10,2.5-3,5-merou,adaxiall,ag,alyx,angled,anthesi,arising,ark,articulated,bulbous,calyx,color,conical,different,distally,drying,eaf,eed,ellipsoid,elongate,enlarged,exerted,eye,filiform,free,frui,fusiform,glabrescen,ilament,incised,leave,less,like,lobe,long-triangular,midrib,nflorescence,nodding,often,older,orolla,outline,packed,pair,papillo,part,particularly,pendant,perfect,pericarp,platfor,pointing,portion,primary,pseudoumbel,reflexed,rest,rootstoc,ruit,scar,shallowly,shiny,slightly,sparsely,suffrutescent,tangled,tem,thin,tightly,tube,twinin,ud,unit,vary,weight,ympodial,young	.5-1,age,arrangement,articulation,bark,colour,form,fruit,hair,height,length,number,orientation,ovary,papillose,plant,position,rootstock,seed,shape	.5,0,0.1,0.2,0.5,0.5-0.7,0.5-1.5,0.7-1.2,1-1.5,1-2.2,2/3,3-5-5.5,3-5-lobed,4-10,9-11,<,abaxially,absent,acuminate,acute,adaxially,along,apparently,appressed,ascending,attenuate,basal,base,berry,brown,capitate,cell,cm,connivent,densely,ellipsoidal,elliptic,entire,flattened,furcate,glabrous,globose,grey,herb,lanceolate,lateral,leaf-opposed,lengthening,lobed,loosely,minute,minutely,mm,narrowly,nearly,occasionally,per,pinnatifid,pitted,pore,poricidal,pubescent,rectangular,red,reniform,ripe,scattered,short,shrub,simple,sleeve,slit,small,somewhat,spreading,stellate,stem,strongly,surface,terminal,testal,tip,trichome,uniformly,uniseriate,variably,vein,violet,weak,white,winged,woody,x,yellowish	.5-1,age,papillose
433	wfo-0001031005	success	231	94	56	78	153	16	56	0	.5,0.1,1-1.5,1-2,1-2.5,1-3,2.5,3-6.5,5-7,abaxially,adaxially,almost,anther,apically,base,berry,black,blue,branched,branching,brown,calyx,capitate,chartaceous,clustered,cm,common,conical,corolla,cupular,dendritic,dilated,domatia,drying,elliptic,evenly,filament,fine,flat,form,fruit,glabrous,greenish,leaf,length,liana,lobed,membranous,midvein,mm,network,oblong,obovate,ovoid,pair,pedicel,peduncle,petiole,pore,poricidal,primary,prominent,pubescent,purple,raised,somewhat,sparsely,stem,stigma,style,terminal,tertiary,tip,trichome,unarmed,vein,venation,x	.4,/3-1/2,0-0.5,0.3-0.5,0.5-1.5,0.8,0.9,1,1.5-2.5,1.5-4,10,2-3.2,2.3-3,2.5-4,3-10,3-4,4-6,5,5-8,5Â°,6-12,abaxial,accrescent,acuminate,acute,age,along,alyx,anthesi,apar,apex,apparently,articulated,attenuate,bark,brachyblast,branch,clearly,clum,concolorous,curved,dark,datum,deeply,delineated,deltoid,dendritic-pubescent,denser,density,detaching,developing,diameter,discolorous,divided,eaf,ellipsoi,elongated,entire,equal,extending,eye,fertilisation,flattened,flexuous,flower,forming,free,fruiting,immature,increasing,inside,junction,known,lateral,leave,lengthening,like,linear,lobe,long,longitudinally,loop,lower,m.,main,margin,minute,much,naked,nflorescence,nther,obscure,occasional,occasionally,often,older,onl,orange-brown,orolla,ou,outside,ovate,pendulous,perfec,pericarp,plurifoliat,pointed,portion,protruding,rachi,ray,region,rest,ridged,ruit,scar,secondary,seed,short,side,simple,slender,smaller,smoot,smooth,sometimes,soon,spread,spreading,standing,strongly,stump,surface,surrounding,tangling,tearing,terete,thick-chartaceous,thin,toward,tube,ud,uneven,unit,usually,vary,visible,weakly,well-developed,white,wide,ympodial,young	arrangement,articulation,colour,growth,habit,inflorescence,number,ovary,pattern,plant,position,presence,prominence,shape,texture,type	.5,0.1,1-1.5,1-2,1-2.5,1-3,2.5,3-6.5,5-7,abaxially,adaxially,almost,apically,base,berry,black,blue,branched,brown,capitate,chartaceous,clustered,cm,common,conical,cupular,dendritic,dilated,drying,elliptic,evenly,fine,flat,glabrous,greenish,liana,lobed,membranous,mm,network,oblong,obovate,ovoid,pair,poricidal,prominent,pubescent,purple,raised,somewhat,sparsely,terminal,tip,unarmed,vein,x	
434	wfo-0001031007	success	205	148	110	128	77	20	106	4	.5,0.2,0.5-1,0.5-10,0.75-1.5,1,1-1.2,1-1.5,1-3.5,1.2-1.5,1.5-2,1.6-2,4-6,4.5-5,5,7-10,<,acute,alfway,almost,along,anther,apex,articulated,base,becoming,berry,bifid,black,branched,brown,c.,calyx,capitate,cell,chartaceous,clustered,cm,completely,connivent,corolla,cuneate,dark,dendritic,densely,diameter,drying,dull,ellipsoid,elliptic,entire,extending,filament,flattened-reniform,fleshy,flower,fruit,fruiting,glabrous,globose,growth,herbarium,inflorescence,irregularly,lamina,leaving,lengthening,lilac,lobe,lobed,long,loose,loosely,lower,many,margin,matte,midvein,minutely,mm,narrowly,new,occasionally,often,outline,papillate,pedicel,peduncle,peg,per,perfect,petiole,pitted,pore,poricidal,prominent,pubescent,reddish,revolute,round-rectangular,sagittate,scar,shrub,simple,sleeve,slightly,slit,spaced,sparsely,specimen,stellate,stellate-pentagonal,stem,stigma,style,surface,tangled,terminal,testal,time,tip,trichome,tube,upper,usually,vein,vine,x	0.5,1.3-2.5-5,1.9-3,1/3,11-14,15,2.5-5-12,3-4,4-7,5-merou,5.5-6,50-100,6,8-10,abaxiall,abruptly,ag,alyx,anthesi,apar,apparently,ark,beginning,branching,broad,broadly,campanulate,cup-shaped,deltate,dilated,eaf,eed,exserted,free,geminat,glabrescen,glabrou,ilament,impressed,intramarginal,junction,lax,looping,m.,markedly,multi-celled,narrowing,near,nflorescence,nodding,older,orolla,pale,papillat,pericarp,planar,plurifoliate,portion,primary,rat,ruit,shiny,slender,splitting,spreading,stout,strongly,thin,tiny,twining,ud,unit,vary,way,woody,yellow,ympodial	5-merous,abaxially,age,apart,arrangement,articulation,bark,bud,colour,form,hair,leaf,length,number,ovary,position,seed,shape,texture,type	.5,0.2,0.5-1,0.5-10,0.75-1.5,1,1-1.2,1-1.5,1-3.5,1.2-1.5,1.5-2,1.6-2,4-6,4.5-5,5,7-10,<,acute,alfway,almost,along,apex,articulated,base,becoming,berry,bifid,black,branched,brown,c.,capitate,cell,chartaceous,clustered,cm,completely,connivent,cuneate,dark,dendritic,densely,diameter,drying,dull,ellipsoid,elliptic,entire,extending,flattened-reniform,fleshy,glabrous,globose,herbarium,irregularly,lamina,leaving,lengthening,lilac,lobed,long,loose,loosely,many,margin,matte,midvein,minutely,mm,narrowly,occasionally,often,outline,papillate,peg,perfect,pitted,pore,poricidal,prominent,pubescent,reddish,revolute,round-rectangular,sagittate,shrub,simple,sleeve,slightly,slit,spaced,sparsely,specimen,stellate,stellate-pentagonal,surface,tangled,terminal,testal,time,tip,trichome,usually,vein,vine,x	5-merous,abaxially,age,apart
435	wfo-0001031007	success	204	137	95	116	88	21	92	3	.5,0.2,0.5-1,0.5-10,0.75-1.5,1,1-1.2,1-1.5,1-3.5,1.2-1.5,1.5-2,1.6-2,15,3-4,4-6,4.5-5,5,5.5-6,6,7-10,<,acute,alfway,almost,along,anther,apex,articulated,bark,base,becoming,beginning,berry,bifid,black,branching,broad,brown,c.,calyx,capitate,chartaceous,clustered,cm,completely,corolla,cuneate,dendritic,densely,diameter,ellipsoid,elliptic,entire,extending,filament,flattened,fleshy,fruit,fruiting,glabrous,globose,growth,inflorescence,irregularly,lamina,leaving,lilac,lobe,long,loose,lower,many,margin,mm,narrowly,near,new,occasionally,often,papillate,pedicel,peduncle,peg,per,petiole,poricidal,prominent,pubescent,reddish,reniform,revolute,sagittate,scar,shrub,simple,sleeve,spaced,sparsely,stellate,stellate-rotate,stem,stigma,style,surface,tall,tangled,terminal,time,tip,trichome,tube,upper,usually,vein,vine,wide	0.5,1.3-2.5-5,1.9-3,1/3,11-14,2.5-5-12,4-7,5-merou,50-100,8-10,abaxially,abruptly,adaxial,ag,alyx,anthesi,apar,apparently,branched,broadly,campanulate,cell,cup-shaped,dark,deltate,dilated,drying,dull,eaf,eed,exserted,flower,free,glabrescen,glabrou,herbarium,ilament,impressed,intramarginal,junction,lax,lengthening,lobed,looping,m.,markedly,matte,midvein,minutely,multi-celled,narrowing,nflorescence,nodding,older,orolla,outline,pale,papillat,perfect,pericarp,pitted,planar,plurifoliat,pore,portion,primary,rat,round-rectangular,ruit,shiny,slender,slightly,slit,specimen,splitting,spreading,stout,strongly,testal,thin,tiny,twinin,ud,unit,vary,way,woody,ympodial	apart,articulation,bud,colour,form,glabrescent,hair,height,leaf,length,lobing,na,number,ovary,plant,seed,shape,symmetry,texture,type,width	.5,0.2,0.5-1,0.5-10,0.75-1.5,1,1-1.2,1-1.5,1-3.5,1.2-1.5,1.5-2,1.6-2,15,3-4,4-6,4.5-5,5,5.5-6,6,7-10,<,acute,alfway,almost,along,apex,articulated,base,becoming,beginning,berry,bifid,black,broad,brown,c.,capitate,chartaceous,clustered,cm,completely,cuneate,dendritic,densely,diameter,ellipsoid,elliptic,entire,extending,flattened,fleshy,glabrous,globose,irregularly,lamina,leaving,lilac,long,loose,many,margin,mm,narrowly,near,occasionally,often,papillate,peg,poricidal,prominent,pubescent,reddish,reniform,revolute,sagittate,shrub,simple,sleeve,spaced,sparsely,stellate,stellate-rotate,tall,tangled,terminal,time,tip,trichome,usually,vein,vine,wide	apart,glabrescent,na
436	wfo-0001031036	success	150	131	90	108	42	23	89	1	.2,.25,.5,0.8-1,0.8-1.2,1-1.3,1-2.5,1.2-1.5,1.5-3,10-20-flowered,12-15,2-2.5,2.2-3.7,3-4,3.5-5.5,4.5-6.5,5-6,7-8,abaxially,acuminate,acute,adaxially,anther,anthesi,apex,axil,base,bi-lobed,brown,calyx,closely,cm,corolla,crisped,dark,decurrent,deflexed,dia,dry,ellipsoid,elliptic,enlarged,erect,exserted,filament,flattened-reniform,fleshy,fresh,fruiting,glabrous,globose,green,greenish-white,knob-like,lateral,leaf,lobed,long,main,major,margin,material,middle,minor,minutely,mm,nearly,oblique,older,onto,opposite,ovary,pair,papillose,pedicel,perhaps,petiole,pitted,pointed,pore,poricidal,sagittate,scar,shaped,shiny,shrub,simple,size,slightly,spaced,stem,stigma,strongly,style,surface,tear-drop,thickened,tip,trichome,tube,uniseriate,vein,white,widest,winged,woody,x,young	0.5-1,3-5,along,angle,arising,ba,becoming,berry,broadly,conical,differing,difoliate,drying,eaf,edicel,eed,filiform,free,geminat,lamina,lobe,lon,lower,nflorescence,overlappin,papillo,planar,portion,rounded,ruit,short,sinus,soon,spathulate,tall,tapering,tub,ud,unit,usually,yellowish,ympodial	bud,colour,diameter,exsertion,flower,form,fruit,growth,hair,height,inflorescence,length,lobing,number,overlapping,plant,position,seed,shape,spacing,texture,type,width	.2,.25,.5,0.8-1,0.8-1.2,1-1.3,1-2.5,1.2-1.5,1.5-3,10-20-flowered,12-15,2-2.5,2.2-3.7,3-4,3.5-5.5,4.5-6.5,5-6,7-8,acuminate,acute,axil,base,bi-lobed,brown,calyx,closely,cm,crisped,dark,decurrent,deflexed,dia,dry,ellipsoid,elliptic,enlarged,erect,exserted,flattened-reniform,fleshy,fresh,glabrous,globose,green,greenish-white,knob-like,lateral,leaf,lobed,long,main,margin,material,middle,minutely,mm,nearly,oblique,onto,opposite,pair,papillose,perhaps,petiole,pitted,pointed,poricidal,sagittate,shaped,shiny,shrub,simple,slightly,spaced,stem,strongly,surface,tear-drop,thickened,tip,trichome,tube,uniseriate,vein,white,widest,winged,woody,x	overlapping
437	wfo-0001031064	success	179	129	84	105	74	24	80	4	.0-2.5,.05,.5,0,0.5-0.7,0.5-0.8,1-1.2,1-2,1-3,1.2,1.5-2,1.7-4.2,10-12,10-12.5,2.5-3,3-5.5,3-7,3.5-4,5-10.5,5-6,6-16,acuminate,anther,apex,attenuate,basal,base,berry,bright,calyx,cm,completely,conical,conspicuous,corolla,dark,deltate,densely,diameter,elongate,filament,fleshy,fruit,fruiting,glabrous,globose,green,half,inflorescence,irregularly,lateral,leaf,leaflet,lenticel,lightly,like,lobe,lobed,long,lower,margin,minutely,mm,near,nearly,node,obovate,occasionally,ovary,ovate,ovoid-reniform,pair,papillate,pedicel,per,petiole,petiolule,pinnate,poricidal,pubescent,purple,rachi,rugose,scattered,short-pubescent,shrub,simple,sinus,somewhat,sparsely,splitting,stem,stigma,style,swollen,terminal,tip,translucent,trichome,tube,uniseriate,white,winged,without,x	.5-1,0-15,0.5,1,10-17,2,3,4-5-celled,7-16,8-10-celled,abaxially,acroscopic,adaxially,along,anthesi,anticlinal,arising,axil,bearing,blade,broader,cell,clavat,commentary,denser,distal,dr.,eaf,edicel,eed,epidermal,erec,exserted,flower,free,highly,irregular,lamina,leave,lon,lost,minute,narrower,nflorescence,nodding,often,open,planar,portion,projection,prominent,pubescen,ruit,scar,see,side,single,sinuous,slender,smaller,strongly,surface,tal,tem,thickening,time,tub,ud,unifoliat,unit,usually,vein,wand-like,ympodial	7,abaxial,adaxial,arrangement,branching,bud,clavate,colour,dry,erect,form,growth,hair,height,length,number,orientation,plant,pore,seed,shape,size,texture,type	.0-2.5,.05,.5,0,0.5-0.7,0.5-0.8,1-1.2,1-2,1-3,1.2,1.5-2,1.7-4.2,10-12,10-12.5,2.5-3,3-5.5,3-7,3.5-4,5-10.5,5-6,6-16,acuminate,attenuate,base,berry,bright,cm,completely,conical,conspicuous,dark,deltate,densely,diameter,elongate,fleshy,glabrous,globose,green,half,inflorescence,irregularly,lenticel,lightly,like,lobed,long,lower,margin,minutely,mm,near,nearly,node,obovate,ovate,ovoid-reniform,pair,papillate,pinnate,poricidal,pubescent,purple,rugose,scattered,short-pubescent,shrub,simple,sinus,somewhat,sparsely,swollen,tip,translucent,trichome,uniseriate,white,winged,without,x	7,clavate,dry,erect
438	wfo-0001031071	success	186	110	64	86	100	24	62	2	0-10,0.2-0.8,1-2,1-3,1.5-2.2,2-5,2-8,2.1-3,2.4-3.4,3-10,3.8-5.4,4-25,4-6,5-9.4,6-8,7-16.5,7-8,8-28,anther,blade,blue,brownish,clavate,cm,color,condition,coriaceous,corolla,dark,deep,diameter,drying,filament,flower,forked,fresh,fruit,glabrous,globose,green,green-white,greenish,herb,homostylous,interjected,lanceolate,lateral,leaf,leaflet,lilac,lobe,medium,mm,moniliform,mottled,mucilaginous,odd-pinnate,ovate,ovoid,pair,pedicel,peduncle,pentagonal,petiole,plant,pore,poricidal,purple,rotate,seed,size,slightly,spot,star,stigma,straight,style,terminal,throughout,tip,tube,tuber,wet,white,whitish,x	0.4-2,1-1.5,1-7,2-3,3-5,3-6,5-merou,5.7-8.8,abaxiall,abaxially,acumen,acute,adaxially,ag,along,alyx,apart,apex,apparently,arranged,articulated,asymmetric,attenuate,axe,axillary,base,basiscopic,bead,berry,bud,capitat,cell,connivent,covering,decreasing,digestion,distal,dorsally,eaf,edge,eed,elliptic,enzyme,erec,exceeding,flat,folded,geminat,generally,glabrou,hair-like,half,honeycomb-shaped,lengthening,like,living,long,lower,make,middl,multiple,narrowly,necklace,nflorescence,orbicular,orolla,perfect,petiolulate,plurifoliate,removed,ripe,round,ruit,sessile,seudostipule,short,side,slit,spaced,specimen,stamen,stolon,subequal,subtending,tall,tamen,tem,testal,thick,tissue,toward,tri-,typically,unit,usually,vary,wall,winged,yellow,ympodial	abaxial,adaxial,arrangement,articulation,branching,calyx,capitate,colour,form,growth,hair,height,inflorescence,length,middle,number,ovary,position,pseudostipule,shape,staman,stem,symmetry,texture	0-10,0.2-0.8,1-2,1-3,1.5-2.2,2-5,2-8,2.1-3,2.4-3.4,3-10,3.8-5.4,4-25,4-6,5-9.4,6-8,7-16.5,7-8,8-28,blue,brownish,clavate,cm,color,condition,coriaceous,dark,deep,drying,forked,fresh,glabrous,globose,green,green-white,greenish,herb,homostylous,lanceolate,lilac,medium,mm,moniliform,mottled,mucilaginous,odd-pinnate,ovate,ovoid,pentagonal,poricidal,purple,rotate,slightly,spot,star,straight,terminal,throughout,tip,wet,white,whitish,x	capitate,middle
439	wfo-0001031097	success	174	129	86	99	75	30	81	5	0.45,1,1-4,1-4.5,1.6-5.5,1.8-2.5,13-30,2-3,2-3.3,2-4,3-5,3.7-8.4,4-6,4-7,5-11,5-12,5-9,8-11,9-21,abaxial,abaxially,adaxially,along,apical,apically,branched,calyx,cm,connate,corolla,cyme,darker,deep,dehiscent,diameter,dichasially,distal,dorsally,dotted,edge,filament,flat,flower,folded,forked,generally,green,green-white,half,herbaceous,interjected,introrse,lateral,leaf,leaflet,light,lighter,long,margin,maturing,medium,mm,mottled,mucilaginous,narrow,odd-pinnate,often,ovoid,pair,pedicel,peduncle,pentagonal,perennial,perfect,petiole,plant,poricidally,proximal,puberulent,pubescent,purple,rarely,rotate,seed,short,side,slit,stigma,strigose,style,terminal,throughout,tuber-bearing,typically,unit,violet,violet-blue,yellow,Â¼	0.5,1-3,1.5,1.8-2.6,3-6-foliat,3.5-6,acumen,acuminate,acute,apex,articulate,base,cell,covering,cuneate,decurrent,dichasial,digestion,diminishing,eaf,ebracteate,eed,elliptical,emoval,enzyme,exceeding,frequently,globo,gree,hair-like,highly,honeycomb,interpetalar,living,lobe,lon,lower,lunat,make,monochasial,nflorescence,noticeably,nther,oblique,obovate,orolla,ovate,pattern,petal,petiolulate,petiolule,plan,rachi,rapidly,reveal,ruit,sessile,seudostipule,size,sometimes,specimen,stamen,straight,tal,tem,testal,thick,tissu,toward,vary,vbase,wall,wide,without,ympodial	2,3-6-foliate,adaxial,anther,arrangement,articulation,branching,colour,connective,form,fruit,globose,growth,height,inflorescence,length,lunate,number,ovary,pore,position,pseudostipule,shape,stem,structure,sympodial,texture,type,wet,width	0.45,1,1-4,1-4.5,1.6-5.5,1.8-2.5,13-30,2-3,2-3.3,2-4,3-5,3.7-8.4,4-6,4-7,5-11,5-12,5-9,8-11,9-21,abaxial,abaxially,adaxially,along,apical,apically,branched,cm,connate,cyme,darker,deep,dehiscent,dichasially,distal,dorsally,dotted,edge,flat,folded,forked,generally,green,green-white,half,herbaceous,introrse,light,lighter,long,margin,maturing,medium,mm,mottled,mucilaginous,narrow,odd-pinnate,often,ovoid,pentagonal,perennial,perfect,plant,poricidally,proximal,puberulent,pubescent,purple,rarely,rotate,short,side,slit,strigose,throughout,tuber-bearing,typically,violet,violet-blue,yellow,Â¼	2,3-6-foliate,globose,lunate,wet
440	wfo-0001031101	success	191	134	97	114	77	20	96	1	-20,-5,/2,0.3-0.5,0.5-0.8,0.5-3,0.6-0.8-1,0.7-0.8,0.8-1-2.3,1-2,1-2-5-8,1.3-2.5,1.4-1.7,1/4-1/2,10-30,2-2.8,2-6,2.5-3.8,2.5-4-10-16,3-15,3.5-4.5,4-5-merous,4.5-9,abaxial,abaxially,acuminate,adaxial,almost,anther,apex,apical,apparently,articulated,bark,base,berry,branched,bright,calyx,cm,connivent,diameter,dull,entire,equal,erect,evenly,filament,filiform,flattened-reniform,flower,free,fruiting,glabrescent,glabrous,glandular,green,green-brown,hair,lateral,leaf,length,lobe,lobed,long,long-acute,margin,maturity,mauve,membranous,minute,mm,moderately,multangulate,near,obtuse,often,orange-brown,orange-red,ovate,pale,pedicel,peduncle,per,petiole,poricidal,porrect,portion,red,rounded,sessile,shrub,simple,sparsely,spherical,stalked,stellate,stellate-pubescent,stem,straight,style,surface,tapering,terminal,tip,trichome,tube,unarmed,way,white,wide,yellow,yellow-green,young	-8,/2-equal,0.05-0.2,0.1-0.2,0.1-0.3,1-3,1.3-2,1.5-3,1/3-1/2,2-4,2.5-3.5,3-10,3-8,4-7,5-20-30,5-6,6-10-20,8-15-30,alyx,ame,apar,apically,ba,blade,c.,concolorous,deltate,difoliate,drying,eaf,eed,elongating,frui,geminat,herbaceous,infructescence,long-acuminat,longer,lower,mature,midpoint,narrow-deltate,nflorescence,older,one,open,orolla,oung,pair,pendulous,perfec,pericarp,primary,ray,red-brow,resembling,ruit,scandent,scar,smooth,spaced,spreading,stalk,stellate-pubescen,tamen,terete,tertiary,time,umbel,unarme,unit,variously,vary,vein,venation,visible,ympodial	armament,articulation,branching,colour,corolla,form,fruit,growth,height,inflorescence,number,ovary,plant,red-brown,seed,shape,size,staman,texture,type	-20,-5,/2,0.3-0.5,0.5-0.8,0.5-3,0.6-0.8-1,0.7-0.8,0.8-1-2.3,1-2,1-2-5-8,1.3-2.5,1.4-1.7,1/4-1/2,10-30,2-2.8,2-6,2.5-3.8,2.5-4-10-16,3-15,3.5-4.5,4-5-merous,4.5-9,abaxially,acuminate,almost,apical,apparently,articulated,base,berry,branched,bright,cm,connivent,diameter,dull,entire,equal,erect,evenly,filament,filiform,flattened-reniform,free,glabrescent,glabrous,glandular,green,green-brown,hair,lateral,lobed,long,long-acute,maturity,mauve,membranous,minute,mm,moderately,multangulate,near,obtuse,often,orange-brown,orange-red,ovate,pale,per,poricidal,porrect,portion,red,rounded,sessile,shrub,simple,sparsely,spherical,stalked,stellate,stellate-pubescent,straight,tapering,terminal,tip,trichome,tube,unarmed,way,white,wide,yellow,yellow-green,young	red-brown
441	wfo-0001031114	success	208	129	95	107	101	22	91	4	.2,.5,0.5,0.7-1.5,0.8-1.2,1-10,1-7,1.5-4,2-17,2-3,2-4,2-7,2.5-3,2/3,3-10,3-4,4-10,4.5-6,6-7,abaxially,acute,adaxially,anther,apex,base,becoming,berry,branched,brown,calyx,chartaceous,cm,connivent,cylindrical,dark,deltate,densely,diameter,directed,distal,distally,echinoid,elliptic-ovate,especially,first,flattened,fleshy,flower,fruit,glabrous,globose,green,hair,homostylous,introrsely,large,leaf,leaf-opposed,light,lobe,longitudinal,margin,membanaceous,mm,multangulate,nearly,oblong,obtuse,opening,outline,ovate,pedicel,peduncle,petiole,pore,porrect,purple,rachi,reniform,ripe,rugulose,shrub,simple,slit,small,somewhat,sparsely,stellate,stellate-pubescent,stem,stigma,straight,strongly,style,subcoriaceous,surface,thickened,tip,toward,tree,truncate,tube,white,white-pubescent,x,yellow,yellowish	.1,0-0.3,0.3-0.5,0.5-1,1-1.5,1-2,1-4.5,1-8,1.5-2.5,10-15,25-50,3-5,3-7,4-5,4-8,5-10,5-8,5-merou,7-15,absen,accrescent,acuminate,adaxiall,ag,alyx,apart,apparently,articulated,axe,ba,blade,capitat,covering,differentiated,discolorous,dried,eaf,eed,entire,equal,erect,filament,free,frui,fruiting,geminate,highly,impressed,interpetalar,juic,lacking,like,long,long-stalked,lower,major,midpoint,minor,nflorescence,nodding,often,one,orolla,paired,part,perfect,pericarp,plurifoliate,prominent,pubescent,ray,rounded,ruit,sessile,short,short-,short-stalked,side,slightly,spaced,stalk,ste,subcucullate,subcuneate,subtending,tall,tamen,tem,thin,time,tissue,triangular,unarme,unit,vary,vein,white-stellate,whitish,wide,without,ympodial	5-merous,age,articulation,branching,capitate,colour,corolla,form,growth,height,inflorescence,length,ovary,plant,prickle,seed,shape,size,staman,texture,type,unarmed	.2,.5,0.5,0.7-1.5,0.8-1.2,1-10,1-7,1.5-4,2-17,2-3,2-4,2-7,2.5-3,2/3,3-10,3-4,4-10,4.5-6,6-7,abaxially,acute,adaxially,apex,base,becoming,berry,branched,brown,chartaceous,cm,connivent,cylindrical,dark,deltate,densely,diameter,directed,distal,distally,echinoid,elliptic-ovate,especially,first,flattened,fleshy,glabrous,globose,green,hair,homostylous,introrsely,large,leaf-opposed,light,longitudinal,margin,membanaceous,mm,multangulate,nearly,oblong,obtuse,opening,outline,ovate,porrect,purple,reniform,ripe,rugulose,shrub,simple,slit,small,somewhat,sparsely,stellate,stellate-pubescent,straight,strongly,subcoriaceous,thickened,tip,toward,tree,truncate,white,white-pubescent,x,yellow,yellowish	5-merous,age,capitate,unarmed
442	wfo-0001031116	success	191	131	70	79	112	52	65	5	/4,0-10,1-5,1/6-1/4,3.5-4,4-7,anther,apex,apparently,arachnoid,articulated,attenuate,base,berry,blade,branching,bristle,calyx,cm,collapsed,connivent,discolorous,drying,elongating,epidermi,erect,filament,flat,fragile,fruit,fruiting,glaucous-green,hair,lateral,leaf,length,lobed,long,lower,margin,mature,mauve,membranous,mm,moderately,multangulate,obtuse,orange-red,pedicel,petiole,poricidal,primary,recurved,red-brown,reflexed,rounded,secondary,sessile,shrub,simple,small,sometimes,sparsely,spherical,stalked,stellate,stellate-pubescent,stem,subentire,surface,tapering,tip,tree,trichome,unarmed,unit,upper,way,weakly	.2,.5,.8,0,0.05-0.15,0.1,0.3-0.5,0.4-0.7,0.7-0.9,0.7-1,1,1/2,1/3-2/,10-14,15-25,2-5,2.7-3.2,30-100,30-50,4-10,5,5-15,5-merous,8-11,9-13,abaxial,abaxially,acuminate,adaxial,almost,alyx,ame,apar,apart,apically,bark,broad-deltate,brow,c.,caudate,clearly,densely,diameter,dirty-white,dull,eaf,eed,elliptic,elongated,equal,evenly,flattened-reniform,flexuous,flower,free,glabrescent,glabrous,green,infructescence,less,lobe,longer,maturity,midpoint,minute,narrow-deltate,nflorescence,obovate,obtu,often,older,one,open,orange-brown,orolla,oung,pair,peduncle,per,perfec,pericarp,perpendicular,plurifoliat,portion,ray,ruit,scar,sharply,shortly,single,slender,smooth,soft,spaced,stalk,straight,style,tamen,terete,tertiary,time,tube,unarme,vary,vein,venation,visible,wide,woody,yellow,ympodial,young	appressed,articulation,bract,breeding,broad-based,cell,colour,connective,corolla,form,growth,height,herb,heteromorphism,inflated,inflorescence,insertion,interjected,interpetalar,leaflet,marking,na,needle-like,odour,orientation,pattern,perfect,placement,plant,plurifoliate,pore,position,prickle,pseudostipule,rhizome,scale,shape,smell,spot,staman,stone,structure,symmetry,sympodial,system,texture,tissue,tuber,type,vegetative,xylopodia,zygomorphy	/4,0-10,1-5,1/6-1/4,3.5-4,4-7,apparently,arachnoid,articulated,attenuate,base,berry,blade,branching,bristle,cm,collapsed,connivent,discolorous,drying,elongating,epidermi,erect,flat,fragile,fruit,glaucous-green,lateral,leaf,length,lobed,long,mature,mauve,membranous,mm,moderately,multangulate,obtuse,orange-red,poricidal,primary,recurved,red-brown,reflexed,rounded,secondary,sessile,shrub,simple,small,sometimes,sparsely,spherical,stalked,stellate,stellate-pubescent,subentire,tapering,tip,tree,trichome,unarmed,way,weakly	herb,na,perfect,plurifoliate,zygomorphy
443	wfo-0001031128	success	208	80	55	62	146	18	52	3	/4,0,1.5-3,20-50,anther,base,berry,branched,branching,calyx,cm,concolorous,drying,dull,elliptic,elongating,entire,equal,evenly,flattened-reniform,flower,fruit,fruiting,green,hair,inflorescence,lateral,leaf,length,lobed,long,margin,mature,maturity,mauve,membranous,mm,multangulate,orange-brown,pale,per,petiole,poricidal,purple-black,red,red-brown,sessile,shallowly,shrub,simple,spherical,stalked,tapering,terminal,tip,trichome,undulate,way,white,yellow,yellow-green,young	0-10,0-30,0.05-0.2,0.05-0.25,0.2,0.2-0.4,0.3-0.8,0.5-0.7,0.5-0.8,0.5-1.5,0.5-5,0.6-1,0.8-1.7,1,1-1.6,1-2-5-6.5,1.2-2,1.5-3.5,1/,1/6-1/3,10-35,2-9.5,2.3-3-4-4.5,2.5-10,2.5-3.5,20-60-100,3-4,3.5-4.5,4-5-merous,4-7,5-10-20,5-15,5-19,5-30,8-12,8-23,abaxial,abaxially,acute,almost,alyx,apar,apart,ape,apex,apically,apparently,articulated,bark,blade,bristle,brown,connivent,cuneate,deltate,densely,diameter,eaf,eed,elongated,erect,eye,filament,filiform,flexuous,free,glabrescent,glabrous,gland,glandular,gra,infructescence,less,lobe,lon,long-acuminat,long-acuminate,longer,lower,midpoint,minute,moderately,multangualte,naked,narrow-deltate,near,nflorescence,occasionally,often,older,one,open,orolla,oung,pair,pedicel,peduncle,perfect,pericarp,perpendicular,plurifoliat,portion,primary,ray,recurved,reduced,reflexed,ruit,scar,secondary,short-attenuate,short-styled,side,single,smooth,soft,spaced,spreading,stalk,staminate,stellate,stellate-pubescent,stem,straight,style,surface,tamen,terete,tertiary,time,tube,unarme,unarmed,unit,usually,variously,vary,vein,venation,visible,weakly,whitish,wide,woody,yellow-brown,ympodial	1-6.5,2.3-4.5,colour,corolla,form,growth,height,heteromorphism,number,plant,position,seed,shape,staman,symmetry,texture,type,zygomorphy	/4,0,1.5-3,20-50,base,berry,branched,cm,concolorous,drying,dull,elliptic,elongating,entire,equal,evenly,flattened-reniform,fruit,green,lateral,length,lobed,long,mature,maturity,mauve,membranous,mm,multangulate,orange-brown,pale,per,poricidal,purple-black,red,red-brown,sessile,shallowly,shrub,simple,spherical,stalked,tapering,terminal,tip,trichome,undulate,way,white,yellow,yellow-green,young	1-6.5,2.3-4.5,zygomorphy
444	wfo-0001031135	success	187	145	109	124	63	21	108	1	0-2,0.7-2,1-1.5,1-10,1-3,1-3-10,1-4,1.5-2,1.5-3,1.5-9,10-20,2,2-2.5,2-23,2-3.5,2-4,2-5-9-pinnate,2.5-28,3-4,3-5,3.5-12,5-30,abaxially,acuminate,acute,adaxially,adpressed,aggregate,also,apart,apex,articulated,basal,base,broad,calyx,campanulate,cell,cm,compound,connective,cordate,cuneate,cylindrical,darker,deflexed,deltate,densely,diameter,dilated,directed,distally,eglandular-pubescent,ellipsoidal,entire,equal,exceeding,fading,flattened,flower,frequently,fruit,fusiform,glandular-,green,hair,laterally,leaf,leaving,light,lobe,lobed,long,longitudinal,margin,mm,moderately,narrowed,obconical,oblong,obtuse,often,ovoid,pedicel,pedicellar,peduncle,peltiform,petiole,pilose,pink,pinnately,pinnatifid,pore,puberulent,pubescent,purple,rachi,radiu,remnant,ripe,shorter,shrub,simple,slightly,spaced,sparsely,stigma,stone,stripe,strongly,style,subcoriaceous,thecae,tip,tree,truncate,unbranched,unlobed,violet,white,whitish,x,yellow-green,yellowish	-7,0.5-2,1-2.5,2-3,2-5,4-5,4-foliat,5-11,7-15,absent,along,ape,axe,basiscopically,beyond,biglandula,blade,chartaceous,color,coriaceous,decurrent,eaf,eed,ellipsoida,elliptic,especially,exserted,glabrous,interstitial,irregularly,lateral,leaflet,lon,lower,midrib,nflorescence,nther,oblique,occasionally,orolla,ovate,papillose,perfect,pilo,present,ruit,small,smaller,stamen,tal,tem,time,tomento,toward,triangular,tube,ud,unit,unknow,upper,vary,wide,ympodial	anther,arrangement,articulation,biglandular,branching,bud,colour,corolla,form,growth,height,inflorescence,length,ovary,plant,seed,shape,size,stem,texture,theca	0-2,0.7-2,1-1.5,1-10,1-3,1-3-10,1-4,1.5-2,1.5-3,1.5-9,10-20,2,2-2.5,2-23,2-3.5,2-4,2-5-9-pinnate,2.5-28,3-4,3-5,3.5-12,5-30,abaxially,acuminate,acute,adaxially,adpressed,also,apart,apex,articulated,basal,base,broad,campanulate,cm,compound,cordate,cuneate,cylindrical,darker,deflexed,deltate,densely,diameter,dilated,directed,distally,eglandular-pubescent,ellipsoidal,entire,equal,exceeding,fading,flattened,frequently,fruit,fusiform,glandular-,green,laterally,leaving,light,lobe,lobed,long,longitudinal,mm,moderately,narrowed,obconical,oblong,obtuse,often,ovoid,pedicellar,peltiform,pilose,pink,pinnately,pinnatifid,puberulent,pubescent,purple,remnant,ripe,shorter,shrub,simple,slightly,spaced,sparsely,stripe,strongly,style,subcoriaceous,thecae,tip,tree,truncate,unbranched,unlobed,violet,white,whitish,x,yellow-green,yellowish	biglandular
445	wfo-0001031144	success	227	146	105	130	97	16	104	1	.2,.5,0.5,0.8-1.4,1-1.5,1-4,2-3,2-6,2/3,25,3-7,4,4-20,6,7-10,acuminate,acute,adaxially,anther,apart,apex,articulated,asymmetric,away,base,berry,branch,bright,broadly,brown,capitate,cell,closer,cm,commonly,connivent,cordate,corolla,curved,densely,diameter,divaricate,ellipsoid,elliptic,entire,filament,flattened-reniform,form,four,fruiting,glabrous,globose,groove,growth,inflated,inflorescence,later,lateral,leaf,leaflet,less,lobed,longest,loosely,lower,many,margin,membranous,minute,minutely,mm,near,new,number,oblique,occasionally,open,pair,pale,pedicel,peduncle,pentagonal,per,petiole,pinnately,pinnatifid,pitted,pore,poricidal,pubescent,red,reddish,ripe,scar,seed,shiny,simple,sleeve,slightly,small,sparsely,stellate-rotate,stem,stigma,strongly,style,surface,tan,terete,terminal,testal,tiny,tip,together,triangular,trichome,truncate,tube,uniseriate,upper,usually,vine,violet,wall,way,white,woody,x,yellowish,Â½	0.2,1-2-9-11,1.1-2.5,100,2,2-3.5-10-13,2.5-3,3-4.5,4-4.5,4-6,5,5-9,5-merou,<,ag,alyx,anthesi,apicula,apiculae,appearing,ark,around,axi,basal,basiscopically,blac,branche,brow,calyx,corresponding,cupped,drying,eaf,eed,elongate,elongating,exserted,extending,flattened,flower,free,geminat,ilament,irregularly,lamina,larger,leaving,lengthening,like,lobe,long,longer,markedly,mere,nflorescence,often,older,one,orolla,outline,papillo,peg,pendant,perfect,pericarp,plurifoliate,portion,primary,progress,quite,rim,ruit,slit,smaller,sometimes,spaced,spreading,tangle,tem,thin,third,tuft,twinin,twining,two,ud,unequal,unit,variable,vary,vein,weight,widest,wing,wood,yellow,ympodial	arrangement,articulation,bark,branching,bud,colour,fruit,hair,length,ovary,papillose,position,shape,spacing,texture,type	.2,.5,0.5,0.8-1.4,1-1.5,1-4,2-3,2-6,2/3,25,3-7,4,4-20,6,7-10,acuminate,acute,adaxially,anther,apart,apex,articulated,asymmetric,away,base,berry,branch,bright,broadly,brown,capitate,closer,cm,commonly,connivent,cordate,curved,densely,divaricate,ellipsoid,elliptic,entire,flattened-reniform,four,glabrous,globose,groove,inflated,inflorescence,later,lateral,less,lobed,longest,loosely,many,margin,membranous,minute,minutely,mm,near,oblique,occasionally,open,pair,pale,pentagonal,pinnately,pinnatifid,pitted,poricidal,pubescent,red,reddish,ripe,shiny,simple,sleeve,slightly,small,sparsely,stellate-rotate,strongly,surface,tan,terete,terminal,tiny,tip,together,triangular,trichome,truncate,uniseriate,usually,vine,violet,way,white,woody,x,yellowish,Â½	papillose
446	wfo-0001031152	success	232	119	88	103	129	16	85	3	-10,0.2-0.3,0.2-1.5,0.3-1.3,1-3,1-6,1.1-2.2,1.2-1.8,1.4-2.6,1/2-3/4,11,2.7-3.7,4-19,4-6,4-8,5-6,8-20,abaxially,acuminate,acute,adaxially,anther,apex,apical-lateral,attenuate,basal,base,blunt-tipped,branch,branched,brown,bud,bullate,chartaceous,cm,conical,corolla,deltoid,densely,diameter,entire,exserted,extend,flower,fruit,globose,greenish,growth,hair,honeycombed,introrse,lanceolate,large,lavender,leaf,length,lilac,long,longitudinal,margin,mixed,mm,mostly,multangulate,narrowly,oblanceolate,oblong,openly,pale,pedicel,peduncle,petiole,pore,porrect-stellate,probably,pubescent,rachi,reniform,reticulate-punctate,ripe,rotate-stellate,scabrous,sessile,short-,shrub,simple,slit,sparingly,stamen,stellate-pubescent,stigma,style,suborbicular,terete,testa,thick-stalked,time,tree,violet,x,yellow,yellowish,young	-1.5,-5.5,.4,/100-1/16,0-100,0.3-3,1-1.5,1.1-3,1.3-4,1.5-3,1.5-3.5,1/2-2/3,13-27,2-5,2.5-7.5,2.7-4.5,2.7-6,2.8-4,3.7-7,4-7,6.5-10,9-13,accrescent,ag,along,anthesi,apart,apparently,articulated,axe,axillary,ba,becoming,berry,blade,blister,calyx,capitat,closely,continued,decurrent,dehiscing,directed,due,eaf,earl,eed,evident,few-rayed,filament,fleshy,free,fruiting,glabrescen,glabrous,granular-tomentose,green,high,inserted,lackin,lateral,less,lobe,lobed,long-,longer,lower,m.,main,midvein,moderately,multangulat,nearly,nflorescence,obtuse,occasionally,one,open,orbicular,orolla,ovate,partly,perfect,persistently,pitted,plurifoliate,rather,ray,reddish,reddish-brown,relatively,ruit,runk,short-stalked,side,slightly,somewhat,soon,spaced,sparsely,splitting,stelliform,stem,stipitate-glandular,stout-stalked,strongly,surface,suture,swelling,tamen,terminal,thick,thin,thin-,thin-stalked,tomentose,touching,toward,tube,unarme,unarmed,unit,usually,variously,vary,vein,way,wide,ympodial	age,arrangement,branching,capitate,colour,form,glabrescent,height,inflorescence,ovary,plant,seed,shape,size,texture,trunk	-10,0.2-0.3,0.2-1.5,0.3-1.3,1-3,1-6,1.1-2.2,1.2-1.8,1.4-2.6,1/2-3/4,11,2.7-3.7,4-19,4-6,4-8,5-6,8-20,abaxially,acuminate,acute,adaxially,apical-lateral,attenuate,basal,blunt-tipped,branched,brown,bullate,chartaceous,cm,conical,deltoid,densely,diameter,entire,exserted,extend,flower,fruit,globose,greenish,honeycombed,introrse,lanceolate,large,lavender,lilac,long,longitudinal,mixed,mm,mostly,multangulate,narrowly,oblanceolate,oblong,openly,pale,pore,porrect-stellate,probably,pubescent,reniform,reticulate-punctate,ripe,rotate-stellate,scabrous,sessile,short-,shrub,simple,slit,sparingly,stamen,stellate-pubescent,suborbicular,terete,thick-stalked,time,tree,violet,x,yellow,yellowish,young	age,capitate,glabrescent
447	wfo-0001031202	success	198	95	63	81	117	14	62	1	0-0.5,0-1,0.1-0.3,0.6-1.1,0.8-1,1-1.5,1-1.7,1.5-2,1.5-2.5,15-40,2-3,2-8,2.5-3.5,2.5-4,2/3,3.5-4,6-25,9-20,anther,base,berry,broadly,calyx,capitate,cm,complex,corolla,cup-shaped,deflexed,erect,filament,fleshy,flower,fruit,fruiting,furcate,glabrous,globose,golden,green,inflorescence,leaf,lobed,many,minute,minutely,mm,obovate,ovary,overtopping,ovoid-reniform,papillose,pedicel,petiole,pitted,plant,pore,poricidal,puberulent,pubescent,shape,shaped,shrub,size,small,stigma,style,surface,tear-drop,terminal,time,tip,tree,trichome,tube,uniseriate,variable,way,white,winged,x	.1,.5,0.5,0.5-1,1-5,1.5-9,2.5-13,20-100-flowered,9-11,abrupt,accrescent,acute,along,anthesi,apart,apex,apiculate,axi,bark,beneath,bud,completely,condition,cordate,corky,decurrent,deltoid,densely,dia,differing,difoliate,distal,dry,due,eaf,edicel,eed,enclosed,exserted,extremely,free,frui,geminat,glabrate,greenish-white,greyi,hard,irregularly,large,later,lateral,like,live,lobe,lon,long,long-ellipsoid,long-styled,longer,lower,main,major,margin,material,middle,minor,narrowing,nflorescence,occasional,occasionally,often,older,one,opposite,orbicular,pair,pale,paler,papillo,planar,portion,prominent,quite,raised,reddish-brown,rounded,ruit,scar,scattered,sessile,shoot,short-styled,slender,slightly,spaced,sparsely,specimen,stem,straight,tall,tan,tapering,thick,thickened,thicker,third,tub,ud,unit,usually,vein,weight,whitish,widest,woody,ympodial,young	20-100,abaxial,colour,diameter,form,growth,hair,height,length,number,position,seed,texture,type	0-0.5,0-1,0.1-0.3,0.6-1.1,0.8-1,1-1.5,1-1.7,1.5-2,1.5-2.5,15-40,2-3,2-8,2.5-3.5,2.5-4,2/3,3.5-4,6-25,9-20,base,berry,broadly,capitate,cm,complex,cup-shaped,deflexed,erect,fleshy,furcate,glabrous,globose,golden,green,leaf,lobed,many,minute,minutely,mm,obovate,overtopping,ovoid-reniform,papillose,pitted,poricidal,puberulent,pubescent,shaped,shrub,small,tear-drop,terminal,time,tip,tree,trichome,uniseriate,variable,way,white,winged,x	20-100
448	wfo-0001031207	success	217	92	62	73	144	19	62	0	/5,0-20,0.5-1,0.85-1.4,1-5,1/4-1/3,5-8,anther,apparently,articulated,base,berry,branched,calyx,chartaceous,cm,curved,densely,dull,equal,erect,evenly,flattened-reniform,flower,fruit,gently,glabrous,gray,green,herb,lateral,leaf,length,lobed,long,margin,maturity,mauve,mm,moderately,narrow-deltate,oblong,orange-brown,ovate,pale,pedicel,per,perpendicular,petiole,poricidal,prickle,red,reflexed,shrub,simple,sometimes,spherical,spreading,stellate-pubescent,stem,straight,style,subentire,surface,tapering,terminal,tip,upper,way,white,yellow,yellow-green,young	-11,-4,-7,.1,0-0.5,0-10,0-5,0-8,0.1-0.2,0.1-0.3-0.4,0.1-0.5,0.2,0.2-0.3,0.25-0.5,0.3-0.5,0.6-0.9,0.6-1.2,0.7-2,0.8,0.9-1.6,1,1-3,1-4,1.4-2,1.5-5,1/,1/3,1/3-equal,1/4-1/3-1/2,2-3,2-4,2.1-2.3,2.5-3-5,2.8-3,3-5,3.5-7,5-merous,6-8,6.5-8,9-5,abaxially,acuminat,acute,alyx,ame,apar,apart,apex,apically,bark,blade,bristle,bristly,broad-deltate,brow,c.,cell,concolorous,cordate,dark,diameter,difoliate,discolorous,distance,drying,eaf,eed,elongated,elongating,extending,eye,filament,filiform,free,fruiting,geminat,glabrescent,herbaceous,infructescence,lanceolate,less,like,lobe,longer,lower,mature,midpoint,midvein,multangulate,naked,nflorescence,obtuse,occasionally,older,one,open,orolla,oung,outline,pair,peduncle,pendulous,perfec,pericarp,persistent,pit,porrect,portion,prickl,prickly,primary,raised,ray,rounded,ruit,scandent,scar,sessile,shorter,side,small,smooth,spaced,stalk,stalked,stellate,tamen,terete,tertiary,time,toward,trichome,tube,unarmed,unit,usually,variously,vary,vein,venation,visible,weakly,wide,ympodial	articulation,branching,colour,corolla,form,growth,hair,heteromorphism,inflorescence,insertion,number,orientation,ovary,position,seed,shape,staman,texture,type	/5,0-20,0.5-1,0.85-1.4,1-5,1/4-1/3,5-8,apparently,articulated,base,berry,branched,chartaceous,cm,curved,densely,dull,equal,erect,evenly,flattened-reniform,gently,glabrous,gray,green,herb,lateral,lobed,long,maturity,mauve,mm,moderately,narrow-deltate,oblong,orange-brown,ovate,pale,per,perpendicular,poricidal,red,reflexed,shrub,simple,sometimes,spherical,spreading,stellate-pubescent,stem,straight,subentire,surface,tapering,terminal,tip,upper,way,white,yellow,yellow-green,young	
449	wfo-0001031218	success	154	124	86	95	59	29	82	4	0.5,0.5-1,1-2,1-4,15-25,2-22,2-3,3-14,3-5,4-5,4-8,40,6-7,abaxially,acuminate,apex,apiculate,articulated,basal,base,beyond,branched,calyx,cm,connective,connivent,cordate,coriaceous,cylindrical,dark,densely,diameter,directed,distally,eglandular,eglandular-pilose,ellipsoidal,entire,equal,exceeding,exserted,flattened,fruit,glabrous,glandular,glandular-puberulent,globose,greenish-purple,hair,introrse,lanceolate,lavender,leaving,less,lobe,long,margin,minutely,mm,mottled,oblique,obtuse,orange,ovate,ovate-elliptic,ovoid,pedicel,pedicellar,peduncle,petiole,pore,puberulent,pubescent,purple,rachi,radiu,remnant,ripe,shorter,simple,slightly,sometimes,sparsely,stamen,stellate,stigma,style,subcoriaceous,thecae,tip,tree,unit,violet,x,yellow	-5,1-3,10-19,2-2.5,2.5-3,3,4-28,4-7,4-foliat,40-100+,5-37,5-7,5.5-7,6-10,6-9,8-17,8-20,acute,adaxially,aggregate,apart,ape,axe,blade,cell,eaf,eed,especially,flower,glabrou,lon,lower,moderately,narrowly,nflorescence,nther,orolla,papillo,perfect,presen,present,purpl,ruit,small,spaced,stone,succulent,tal,tem,time,tomento,toward,triangular,truncat,tube,ud,vary,wide,ympodial	4-foliate,abaxial,adaxial,anther,articulation,branching,bud,colour,corolla,form,growth,height,inflorescence,leaf,length,ovary,papillose,plant,position,seed,shape,stem,structure,sympodial,texture,theca,truncate,type,unknown	0.5,0.5-1,1-2,1-4,15-25,2-22,2-3,3-14,3-5,4-5,4-8,40,6-7,abaxially,acuminate,apex,apiculate,articulated,basal,base,beyond,branched,cm,connivent,cordate,coriaceous,cylindrical,dark,densely,directed,distally,eglandular,eglandular-pilose,ellipsoidal,entire,equal,exceeding,exserted,flattened,fruit,glabrous,glandular,glandular-puberulent,globose,greenish-purple,hair,introrse,lanceolate,lavender,leaving,less,lobe,long,minutely,mm,mottled,oblique,obtuse,orange,ovate,ovate-elliptic,ovoid,pedicellar,puberulent,pubescent,purple,remnant,ripe,shorter,simple,slightly,sometimes,sparsely,stamen,stellate,subcoriaceous,thecae,tip,tree,violet,x,yellow	4-foliate,papillose,truncate,unknown
450	wfo-0001031225	success	163	149	114	128	35	21	111	3	.25,.5,/3,0.2,0.2-0.75,0.5,0.5-1,0.7-6,0.75-1,1-1.5,1-1.7,1-3,1-5,1.5-5,2,2.5-3,3-9,3/4,5-50-flowered,5-6,6-8,7-9,9-16,acute,anther,anthesi,apart,apex,bark,base,beginning,broadly,bud,calyx,characteristic,closely,cm,corolla,cup-shaped,darker,decurrent,dia,difoliate,dry,ellipsoid,elliptic,exserted,filament,fragrant,fruiting,furcate,glabrate,glabrous,globose,green,growth,inflorescence,lateral,leaf,less,like,lobe,lobed,long,main,major,margin,middle,minor,minute,minutely,mm,narrowly,often,older,opposite,outline,ovary,ovate,ovoid-reniform,pair,pale,papillose,pedicel,petiole,pitted,plant,pore,prominent,proximal,pubescent,raised,red-papillose,reflexed,rounded,scar,shape,shaped,shrub,size,slender,slightly,small,soon,spaced,specimen,stem,stigma,strongly,style,surface,sweetly,tan,tapering,tear-drop,tip,tree,trichome,tube,unevenly,uniseriate,unit,vein,way,white,widest,x,young	0.1-0.75,0.8-1,along,berry,conspicuous,deltoid,differentiated,differing,eaf,edicel,eed,erect,flattene,free,geminat,greyish-brow,inflorescenc,live,lon,lower,much,nflorescence,one,papillo,poricidal,portion,rest,rhomboidal,ruit,straight,swelling,tall,ud,woody,ympodial	abaxial,adaxial,colour,diameter,flattened,flower,form,fragrance,fruit,geminate,greyish-brown,hair,height,length,point,position,seed,spacing,structure,sympodial,texture	.25,.5,/3,0.2,0.2-0.75,0.5,0.5-1,0.7-6,0.75-1,1-1.5,1-1.7,1-3,1-5,1.5-5,2,2.5-3,3-9,3/4,5-50-flowered,5-6,6-8,7-9,9-16,acute,anthesi,apart,apex,base,beginning,broadly,bud,calyx,characteristic,closely,cm,corolla,cup-shaped,darker,decurrent,dia,difoliate,dry,ellipsoid,elliptic,exserted,fragrant,furcate,glabrate,glabrous,globose,green,growth,inflorescence,lateral,leaf,less,like,lobe,lobed,long,main,margin,middle,minute,minutely,mm,narrowly,often,older,opposite,outline,ovate,ovoid-reniform,pair,pale,papillose,petiole,pitted,prominent,proximal,pubescent,raised,red-papillose,reflexed,rounded,shape,shaped,shrub,slender,slightly,small,soon,spaced,specimen,stem,strongly,sweetly,tan,tapering,tear-drop,tip,tree,trichome,tube,unevenly,uniseriate,vein,way,white,x,young	flattened,geminate,greyish-brown
451	wfo-0001031231	success	174	93	64	80	94	13	64	0	0.5-1.5-2,1-1.5,1-3,1.5-2,13,25-35,37/2,37/3,5-7,8-10,80-110,acuminate,acute,almost,anther,apex,axillary,base,berry,branch,branched,brown,calyx,campanula,campanulate,cell,colour,corolla,dark,discoidal,elliptic,entire,equal,erect,facetted,filament,flower,fork,globose,green,greyish,juvenile,lanceolate,leaf,len,lengthening,less,long,loosely,marbled,mm,oblong,occasionally,often,ovary,pedicel,pentagonal,pinnatisect,plant,pore,poricidal,purple,rh,ripening,rotate,rounded,rugose-ruminate,seed,shrub,simple,slit,sometimes,stone,stout,style,surface,tinged,tip,vigorous,violet	.5,1-2,1-4,2-3,2-4,2.5-3,3-4,4-8,absent,acumen,adherent,along,anthesi,aromatic,aspect,axi,basal,becoming,beyond,blunt,bluntly,clonal,cluster,cm,declinate,developed,dia,eaf,eed,ellipsoid,exceeding,except,exerted,expanded,fleshy,flowering,folded,general,glabrous,glandular,gree,habit,hair,herbarium,interacuminal,lasting,lobe,lon,lower,margin,mature,mauve,midrib,minute,nflorescence,pedice,pedicellate,peduncle,petal,plurifoliat,projecting,rarely,readily,recurve,ripe,ruit,sessile,several,shallow,shed,short,sinus,slightly,small,soft,specimen,stigma,stonrgly,succulent,tissue,toward,translucent,triangular,tub,ud,unit,usually,variable,well,without,wooded,x,year,ympodial	arrangement,branching,form,fruit,growth,height,inflorescence,length,number,position,shape,texture,type	0.5-1.5-2,1-1.5,1-3,1.5-2,13,25-35,37/2,37/3,5-7,8-10,80-110,acuminate,acute,almost,axillary,berry,branch,branched,brown,campanula,campanulate,dark,discoidal,elliptic,entire,equal,erect,facetted,fork,globose,green,greyish,juvenile,lanceolate,len,lengthening,less,long,loosely,marbled,mm,oblong,occasionally,often,pentagonal,pinnatisect,plant,pore,poricidal,purple,rh,ripening,rotate,rounded,rugose-ruminate,shrub,simple,slit,sometimes,stout,tinged,tip,vigorous,violet	
452	wfo-0001031252	success	170	101	66	80	90	21	64	2	0.2-1.5,0.3-1.1,1-2,12-20,2.8-3.6,3-10,3-6,5-8,5-9,5.5-6.5,7-18,acute,anther,apex,attenuate,axillary,base,brownish,bud,cell,ciliate,clavate,cm,condition,coriaceous,corolla,covering,cuneate,dark,deep,diameter,drying,elliptic,entire,filament,flower,forked,fresh,fruit,glabrous,globose,green,greenish,hair-like,herb,homostylous,lanceolate,lateral,margin,medium,mm,moniliform,mottled,ovate,ovoid,petiole,plant,pore,poricidal,purple,rotate,rounded,seed,serrate,simple,sometimes,stigma,straight,stripe,style,subtending,terminal,testal,thick,tip,tuber,unwinged,wall,white,whitish	0.4-3,1-3,1.3-1.9,1.75-5.2,16-33,2-3,2.5-7,3-5,5-17,5-merou,abaxially,absent,acumen,adaxiall,adaxially,ag,along,alyx,apart,apparently,arranged,articulated,axe,bead,berry,blade,capitat,connivent,digestion,distal,dorsally,eaf,edge,eed,enzyme,erec,exceeding,flat,folded,geminat,generally,glabrou,green-white,hal,half,high,honeycomb-shaped,interjected,leaflet,lengthening,light,like,linear,living,lobe,long,lower,make,mucilaginous,multiple,necklace,nflorescence,orolla,pedicel,peduncle,perfect,plurifoliate,removed,ripe,ruit,seudostipule,slit,spaced,specimen,stamen,stolon,tall,tamen,tem,throughout,tri-,tube,typically,unit,usually,vary,wet,x,yellow,ympodial	5-merous,arrangement,branching,calyx,capitate,colour,form,growth,height,inflorescence,leaf,length,number,ovary,position,pseudostipule,shape,staman,stem,texture,type	0.2-1.5,0.3-1.1,1-2,12-20,2.8-3.6,3-10,3-6,5-8,5-9,5.5-6.5,7-18,acute,attenuate,axillary,brownish,bud,cell,ciliate,clavate,cm,condition,coriaceous,covering,cuneate,dark,deep,drying,elliptic,entire,forked,fresh,glabrous,globose,green,greenish,hair-like,herb,homostylous,lanceolate,lateral,medium,mm,moniliform,mottled,ovate,ovoid,poricidal,purple,rotate,rounded,serrate,simple,sometimes,straight,stripe,subtending,terminal,testal,thick,tip,unwinged,wall,white,whitish	5-merous,capitate
453	wfo-0001031257	success	200	125	98	111	89	14	96	2	0,0.7-1,0.75-2.5,1-1.3,11.5-15,2-,2-4.5-6,3.5-5.7,4-10,5-8.5-12,6-celled,abaxially,abundant,adaxially,anther,anthesi,antrorse,ascending,attenuate,basal,base,berry,blue-violet,bud,calyx,cell,cm,coarsely,coat,connectival,corolla,cuneate,curved,dark,dentate,diameter,directed,dorsally,edentate,ellipsoidal,embryo,endosperm,epidermal,erect,filament,finely,flexuous,foliage,glandular,globose,hair-like,herb,herbaceous,hollow,honey-combed,lamina,lateral,leaf,length,light,like,little,lobe,long,long-stalked,longer,longitudinally,many-seeded,margin,midvein,mm,non-glandular,odorles,outward,ovate,pair,papillate,patent,petiole,prolongation,pubescent,purple,ridged,ring,robust,secondary,seed,serrate,shrub,simple,somewhat,spur-like,stem,strand,striate,thickened,thickening,tooth,trans-ovoidal,trichome,tube,unequal,upward,vein,ventrifixed,verrucate,viscid,wall,white,within,yellow	0.4,0.5,0.5-0.8,1-1.2,1.1-1.2,1.5,1.5-1.7,1.5-2,1/10,3,3.5-4-,4.5-5,4.5-6-12,5,5-,7-10-16-22.5,7.5-9,8,8-celled,accrescen,acuminate,ag,aggregate,apex,bicellular,branch,broad,campanulate,cotyledon,cuticle,deep,densely,diamete,difoliate,eaf,eed,elliptical,free,fruiting,geminat,glabrous,half,head,high,inconspicuous,inserted,lon,longitudinal,lower,narrowly,opening,orolla,pericarp,pore,poricidal,portion,rarely,reduced,ree,rest,ruit,saddle-shape,scarce,scarcely,separated,short-stalked,shorter,single-celled,sinus,slightly,slit,small,smooth,solitary,stalk,stigma,stone,style,subglobose,tem,thecae,time,tip,triangular,unit,vary,viscid-pubescen,x,ympodial	3.5-4.5-5,arrangement,branching,colour,form,fruit,growth,hair,height,pattern,plant,shape,texture,viscid-pubescent	0,0.7-1,0.75-2.5,1-1.3,11.5-15,2-,2-4.5-6,3.5-5.7,4-10,5-8.5-12,6-celled,abaxially,abundant,adaxially,anthesi,antrorse,ascending,attenuate,basal,base,berry,blue-violet,bud,cell,cm,coarsely,connectival,cuneate,curved,dark,dentate,directed,dorsally,edentate,ellipsoidal,erect,filament,finely,flexuous,foliage,glandular,globose,hair-like,herb,herbaceous,hollow,honey-combed,lamina,lateral,light,like,little,long,long-stalked,longer,longitudinally,many-seeded,midvein,mm,non-glandular,odorles,outward,ovate,pair,papillate,patent,prolongation,pubescent,purple,ridged,ring,robust,secondary,serrate,shrub,simple,somewhat,spur-like,strand,striate,thickened,thickening,tooth,trans-ovoidal,trichome,tube,unequal,upward,vein,ventrifixed,verrucate,viscid,wall,white,within,yellow	3.5-4.5-5,viscid-pubescent
454	wfo-0001031270	success	234	125	92	109	125	16	90	2	+,.5,0.4-1.5,0.5-1,1,1-1.2,1-4,1.5,1/3,10,10-12,100,2-3,2-4,3-10,5-15,5-merous,6-50,9-10,>,abaxial,abaxially,accrescent,adaxial,anther,apart,base,berry,bipinnatifid,bright,brown,calyx,capitate,clavate,cm,conical,deeply,depressed-spherical,diameter,elliptic,flower,free,fruiting,glandular,glandular-pubescent,green,growth,herb,heterostylous,inflorescence,investing,leaf,length,live,lobe,lobed,long,long-styled,longer,margin,membranous,minutely,mm,obovate,occasionally,ovoid,pale,pedicel,peduncle,per,petiole,pinnatifid,pitted,plant,poricidal,prickle,red,reddish,reflexed,reniform,ripe,scar,shallowly,short-styled,simple,slightly,small,spherical,stalk,stellate,stigma,straight,strongly,style,surface,tan,tapering,tightly,tip,tissue,trichome,truncate,uniseriate,way,white,wing,yellow,yellowish,Â½	1-3,1.2-1.6,1.5-2,2-2.5,2-20,2-7,2.5-3,3-20,3-5,4-5,5,5-10,5-6,6-17,7-12,8,acute,adaxiall,along,alyx,anthesi,apex,arme,articulated,associated,bark,basal,beginning,blade,brow,c.,cell,celled,colored,connivent,consistently,curved,densely,differentiated,difoliate,directed,distal,eed,ellipti,entire,equal,erect,few-rayed,filament,frui,geminat,glabrous,gland,heavily,infructescence,later,lateral,leaf-opposed,leafy,like,lon,loosely,lower,midpoint,midvein,minute,mixture,multangulate,multiseriate,narrowly,new,nflorescence,often,older,orolla,oung,outline,pair,papillo,pericarp,pore,portion,prickly,primary,pubescent,rachi,ray,rest,rounded,ruit,scattered,secondary,sessile,shallow,shining,short-stalked,shrub,single,sinuate,size,slender,sparsely,spreading,staminat,stem,straw-colored,tall,tamen,terete,testal,thin,thus,tube,unit,upward,usually,vary,varying,vein,well,wice,wid,wide,woody,ympodial	arrangement,articulation,branching,colour,corolla,form,fruit,height,number,ovary,papillose,position,seed,shape,staman,texture	+,.5,0.4-1.5,0.5-1,1,1-1.2,1-4,1.5,1/3,10,10-12,100,2-3,2-4,3-10,5-15,5-merous,6-50,9-10,>,abaxially,accrescent,apart,base,berry,bipinnatifid,bright,brown,capitate,clavate,cm,conical,deeply,depressed-spherical,elliptic,flower,free,glandular,glandular-pubescent,green,herb,heterostylous,investing,live,lobe,lobed,long,long-styled,longer,membranous,minutely,mm,obovate,occasionally,ovoid,pale,per,pinnatifid,pitted,plant,poricidal,red,reddish,reflexed,reniform,ripe,shallowly,short-styled,simple,slightly,small,spherical,stalk,stellate,straight,strongly,surface,tan,tapering,tightly,tip,tissue,truncate,uniseriate,way,white,wing,yellow,yellowish,Â½	fruit,papillose
455	wfo-0001031283	success	51	40	23	23	28	17	21	2	0.1-0.15-0.25,0.4-0.5,0.5-0.7,0.7,2.2-2.8,30-40,brown,calyx,cell,cm,diameter,hair-like,lateral,mm,obovate,outgrowth,pale,pleasant,pubescent,shrub,smelling,testa,wall	.7-2.3,acute,apex,appearance,base,eed,elongating,erect,fide,fruit,give,lo,lobe,long,markedly,moore,narrowly,silky,small,somewhat,sprawling,spreadin,surface,tall,thick,wide,winged,woody	1.7-2.3,colour,form,growth,hair,height,leaf,length,odour,plant,seed,shape,spreading,texture,thicknes,type,width	0.1-0.15-0.25,0.4-0.5,0.5-0.7,0.7,2.2-2.8,30-40,brown,cell,cm,hair-like,lateral,mm,obovate,outgrowth,pale,pleasant,pubescent,shrub,smelling,testa,wall	1.7-2.3,spreading
456	wfo-0001031287	success	147	117	72	86	61	31	67	5	0.5-1.5,0.9-1,1,1-1.2,1-1.3,1-1.5,1-5,1.5-2,1.5-5.5,2-2.5,3-4,3-5,4-5,4.5-5,5-14,6-7,anther,anthesi,apex,bark,base,bi-lobed,calyx,cm,conical,corolla,dark,dendritic,densely,difoliate,divergently,ellipsoid,elliptic,elongate,erect,exserted,filament,fleshy,fruiting,geminate,glabrous,globose,green,greenish-white,internodal,later,leaf,lobe,lobed,many,minutely,mm,nearly,ovary,ovoid-reniform,pale,papillose,pedicel,petiole,pitted,plurifoliate,pointed,pore,pubescent,red-papillose,reflexed,scar,shaped,shoot,short,shrub,somewhat,stem,stigma,strongly,style,surface,tan,tear-drop,thick,trichome,tube,tuft,unit,white,young	.5,4-6,6-10-flowered,abaxially,acute,adaxially,apar,ape,attenuate,axil,bearing,berry,branch,connective,coriaceous,deflexed,deltate,dia,eaf,edicel,eed,enlarged,free,frui,knob,lamina,lateral,lon,long,lower,main,margin,membranous,middle,nflorescence,occasionally,older,onto,pair,papillo,planar,poricidal,portion,reddish-brow,rounded,ruit,simple,sinus,small,spaced,thin,tip,tub,ud,unevenly,vein,widest,winged,woody,x,ympodial	0.5,1.5,6-10,abaxial,adaxial,branching,bud,colour,diameter,flower,form,fruit,growth,height,inflorescence,length,number,pattern,plant,position,reddish-brown,reflexion,seed,shape,spacing,structure,sympodial,texture,thicknes,type,width	0.5-1.5,0.9-1,1,1-1.2,1-1.3,1-1.5,1-5,1.5-2,1.5-5.5,2-2.5,3-4,3-5,4-5,4.5-5,5-14,6-7,base,bi-lobed,calyx,cm,conical,dark,dendritic,densely,difoliate,divergently,ellipsoid,elliptic,elongate,erect,exserted,fleshy,geminate,glabrous,globose,green,greenish-white,internodal,later,lobed,many,minutely,mm,nearly,ovoid-reniform,pale,papillose,pitted,plurifoliate,pointed,pubescent,red-papillose,reflexed,shaped,shoot,short,shrub,somewhat,strongly,tan,tear-drop,thick,trichome,tube,tuft,white,young	0.5,1.5,6-10,fruit,reddish-brown
457	wfo-0001031300	success	216	87	57	71	145	16	57	0	-4,-6,0-20,0.2-0.4,0.5-1.5,0.5-2,0.7-0.9,1-2,2-3,2-6,2.5-3.2,6-8,acute,anther,apex,attenuate,base,berry,branched,brown-green,calyx,chartaceous,cm,connivent,dull,elongating,equal,flattened-reniform,flower,fruit,fruiting,glabrous,gray-green,hair,lateral,leaf,length,lobed,long,margin,maturity,membranous,mm,near,oblanceolate,orange,orange-brown,pale,per,petiole,poricidal,porrect,prickle,red,rounded,shrub,simple,sparsely,spherical,stellate,stellate-pubescent,stem,style,tapering,tip,trichome,uniradiate,white,yellow,yellow-green,yellow-orange	-5,.5,/4,0-15,0-3,0-8,0.1,0.1-0.5,0.1-0.6,0.15-0.7,0.2-0.5,0.2-0.7,0.2-1,0.3,0.3-0.6,0.3-1.3,0.5-0.9,0.5-18,0.6-0.8,0.6-1,0.6-1.2,0.7-1.2-2.2,0.8-1.5,1-4,1-5,1.2-1.7,1.3-2,1.5-3.5,1/2-3/4,1/3-1/2,1/6-1/4,10-30,2-3-4,2-4,2-5.5,2.2-2.3,2.2-2.7,3-4,4.5-6,5-15,5-merous,abaxially,absent,also,alyx,apar,apart,apically,apparently,articulated,ba,bark,blade,brow,bulbous,caudat,cell,concolorous,creeping,curved,deltate,densely,diameter,difoliate,distance,drying,eaf,eed,erect,extending,eye,filament,filiform,flattened,free,geminat,geniculate,glabrescent,herbaceous,highly,infructescence,lobe,lon,longer,lower,mature,midpoint,midvein,minute,moderately,naked,nflorescence,oblong,obtuse,older,one,open,orange-green,orolla,oung,outline,pair,pedicel,peduncle,pendulous,perfec,pericarp,pit,portion,prickl,prickly,primary,pubescent,raised,rarely,ray,reduced,ruit,scar,sessile,side,small,smooth,spaced,spreading,stalk,stalked,surface,tamen,terete,tertiary,thin,time,tube,unit,vary,vein,venation,visible,way,weakly,wide,wider,winged,ympodial	branching,colour,corolla,form,growth,heteromorphism,inflorescence,number,ovary,position,seed,shape,staman,texture,type,width	-4,-6,0-20,0.2-0.4,0.5-1.5,0.5-2,0.7-0.9,1-2,2-3,2-6,2.5-3.2,6-8,acute,apex,attenuate,berry,branched,brown-green,chartaceous,cm,connivent,dull,elongating,equal,flattened-reniform,glabrous,gray-green,lateral,lobed,long,maturity,membranous,mm,near,oblanceolate,orange,orange-brown,pale,per,poricidal,porrect,red,rounded,shrub,simple,sparsely,spherical,stellate,stellate-pubescent,tapering,tip,trichome,uniradiate,white,yellow,yellow-green,yellow-orange	
458	wfo-0001031310	success	203	130	89	108	95	22	85	4	0-4,1-10,1-3,1-6,1.5-4,15-40,2-3,2.5-5.5,2.5-8.5,3-10,4-10,4-12,4.5-4.8,5-7,5.5-21,abaxially,absent,adaxially,anther,base,blade,blue,blue-purple,broadly,brown,brownish,cell,chartaceous,cm,condition,corolla,diameter,digestion,distal,dorsally,drying,edge,elliptic,enzyme,extremely,filament,flat,flower,folded,forked,fresh,fruit,glabrous,globose,green,greenish,hair,half,herb,high,homostylous,honeycomb-shaped,lanceolate,lateral,leaf,leaflet,lengthening,less,light,membranous,minutely,mm,mottled,multicellular,odd-pinnate,ovate-elliptic,ovoid,pair,pale,pedicel,peduncle,petiole,pilose,plant,pore,poricidal,puberulent,pubescent,purple,removed,seed,simple,size,slightly,slit,small,sometimes,somewhat,sparsely,stem,stigma,straight,streak,style,terminal,testal,tip,tuber,unwinged,wall,white,whitish,x	.5,0-3,0.5-3,1-2,1-5.5,5-6,5-merou,6-7,acumen,acuminate,ag,along,alyx,apart,apex,apparently,articulated,attenuate,axe,axillary,berry,borne,bud,caly,ciliate,connivent,conspicuously,covering,cuneate,decreasing,decurrent,eaf,eed,end,erect-decumben,especially,exceeding,geminat,generally,glabrou,gradually,green-white,hair-like,interjected,larger,like,living,lobe,long,lower,make,margin,midrib,mucilaginous,narrowly,nflorescence,obtuse,orolla,ovate,ovate-lanceolate,perfect,petiolule,plurifoliate,pointed,rachi,rosette-forming,rotate,ruit,seudostipule,shortly,singly,spaced,specimen,stamen,ste,stolo,subellipsoi,subrosette-forming,subtending,tall,tamen,tem,thick,throughout,tissue,toward,tri-,tube,typically,unit,usually,vary,wet,yellow,ympodial	age,arrangement,articulation,branching,calyx,colour,form,growth,height,inflorescence,length,number,ovary,pilosity,presence,present,pseudostipule,shape,spacing,staman,subellipsoid,texture	0-4,1-10,1-3,1-6,1.5-4,15-40,2-3,2.5-5.5,2.5-8.5,3-10,4-10,4-12,4.5-4.8,5-7,5.5-21,abaxially,absent,adaxially,base,blue,blue-purple,broadly,brown,brownish,chartaceous,cm,condition,digestion,distal,dorsally,drying,elliptic,enzyme,extremely,flat,folded,forked,fresh,glabrous,globose,green,greenish,hair,half,herb,high,homostylous,honeycomb-shaped,lanceolate,lateral,lengthening,less,light,membranous,minutely,mm,mottled,multicellular,odd-pinnate,ovate-elliptic,ovoid,pale,pilose,pore,poricidal,puberulent,pubescent,purple,removed,simple,slightly,slit,small,sometimes,somewhat,sparsely,stem,straight,streak,tip,unwinged,wall,white,whitish,x	age,calyx,present,subellipsoid
459	wfo-0001031316	success	207	133	93	108	99	25	91	2	-2,/3,0.3-1,0.4-0.8,0.5-2,0.8-1.2,0.8-1.8,0.9-1.3,1.2-2.1,1.3-3.5,2-20,2-3,2.5-8,3-8,3.5-3.8,3.8-5,4-7,4-9,5-10,5-8,6-20,8-11,abaxial,acuminate,acute,adaxial,anther,apex,articulated,base,becoming,berry,blue-mauve,branched,bright,broad,calyx,cm,connivent,cream,curved,dark,densely,diameter,dull,entire,fifth,flattened-reniform,flower,four,fruit,fruiting,glabrescent,glabrous,green,hair,lateral,leaf,length,lobed,long,margin,marking,maturity,membranous,mm,moderately,multangulate,obtuse,orange,orange-brown,ovate,pale,pedicel,peduncle,per,petiole,poricidal,porrect,purple,red-brown,reflexed,sessile,shrub,simple,slender,sometimes,sparsely,spherical,stalked,stellate,stellate-pubescent,stem,strongly,style,surface,tapering,terminal,tip,trichome,unarmed,unequal,way,white-green,wide,yellow,yellow-green,young	.1,0.05-0.1,0.05-0.15,0.1-0.2,0.4-0.6,0.6-1,1-5,1.5-2,1.5-2-3,1.5-3.5,1.5-5,1/3-1/2,1/3-2/3,2-4,3-10,4,5-15,5-6,5-merous,8-12,8-25,abaxially,almost,alyx,ame,apar,apically,apparently,bark,blade,c.,colored,concolorous,contrast,difoliate,discolorous,drying,eaf,eed,elongating,erect,eye,filament,foliaceou,free,geminat,glabrou,gray,held,herbaceous,infructescence,inward,lobe,long-acuminat,longer,lower,lowermost,mature,midpoint,minute,naked,narrow-deltate,nflorescence,older,one,open,orolla,oung,pair,pendulous,perfec,pericarp,portion,primary,ray,red-brow,ruit,scar,smooth,spaced,spreading,stalk,stellate-pubescen,tamen,terete,tertiary,time,tube,unarme,unit,usually,variously,vary,vein,venation,visible,white,whitish,ympodial	armament,articulation,branching,colour,corolla,foliaceous,form,growth,height,heteromorphism,inflorescence,mentioned,number,ovary,plant,pore,position,seed,shape,size,staman,symmetry,texture,type,width	-2,/3,0.3-1,0.4-0.8,0.5-2,0.8-1.2,0.8-1.8,0.9-1.3,1.2-2.1,1.3-3.5,2-20,2-3,2.5-8,3-8,3.5-3.8,3.8-5,4-7,4-9,5-10,5-8,6-20,8-11,acuminate,acute,anther,articulated,base,becoming,berry,blue-mauve,branched,bright,broad,cm,connivent,cream,curved,dark,densely,diameter,dull,entire,fifth,flattened-reniform,four,glabrescent,glabrous,green,lateral,lobed,long,marking,maturity,membranous,mm,moderately,multangulate,obtuse,orange,orange-brown,ovate,pale,per,poricidal,porrect,purple,red-brown,reflexed,sessile,shrub,simple,slender,sometimes,sparsely,spherical,stalked,stellate,stellate-pubescent,strongly,tapering,terminal,tip,trichome,unarmed,unequal,way,white-green,wide,yellow,yellow-green,young	foliaceous,mentioned
460	wfo-0001031333	success	194	136	103	113	81	23	99	4	.5,0.1-0.5,0.5,1-1.5,1-4,1.5,1.5-1.7,1.5-2,1/2,2.5-3,3-4,3/4,5-7,7-10,7-9,?,abaxially,acuminate,acute,adaxially,adjacent,anther,anthesi,apart,apex,base,berry,bilobed,branched,broadly,brown,calyx,capitate,clustered,cm,conical,densely,diameter,ellipsoidal,elliptic,entire,exserted,filament,flattened,flower,glabrescent,glabrous,globose,golden,green,greenish,growth,half,high,immature,inflorescence,lamina,leaving,like,lobed,long,lower,many,margin,membranous,minute,minutely,mm,narrowly,near,new,ovate,pair,pale,pedicel,peduncle,peg,pentagonal,perfect,petiole,pitted,poricidal,primary,pubescent,pubescent-papillate,reniform,scar,simple,small,somewhat,sparsely,stellate,stem,stigma,strongly,style,surface,tangled,testal,time,tip,trichome,truncate,tube,twining,unevenly,uniseriate,vein,vine,way,whitish,x,yellowish	+,1-5,1.2-2,2,2-3,2.7-7,30-40,5-8,5-merou,50,<,>,adaxiall,ag,almost,alyx,appearing,ark,articulated,branche,cell,collection,composed,crea,cupped,denser,eaf,eed,free,fruting,glabrescen,ilament,lengthening,less,lobe,m.,matte,mere,nflorescence,nodding,occasionally,older,orolla,outline,papillat,penden,per,pericarp,planar,plurifoliat,pore,portion,quadrate,rest,rhachi,ruit,sinus,slightly,slit,soon,splitting,ste,striped,tem,terminal,thickened,thin,trailing,triangular,ud,undersurface,undulation,unequal,unit,upper,vary,venation,white,woody,yellow,ympodial	5-merous,arrangement,articulation,bark,branch,branching,bud,colour,corolla,cream,form,fruit,fruiting,hair,leaf,length,mature,ovary,papillate,seed,shape,texture,type	.5,0.1-0.5,0.5,1-1.5,1-4,1.5,1.5-1.7,1.5-2,1/2,2.5-3,3-4,3/4,5-7,7-10,7-9,?,abaxially,acuminate,acute,adaxially,adjacent,anthesi,apart,apex,base,berry,bilobed,branched,broadly,brown,calyx,capitate,clustered,cm,conical,densely,diameter,ellipsoidal,elliptic,entire,exserted,flattened,glabrescent,glabrous,globose,golden,green,greenish,half,high,immature,inflorescence,lamina,leaving,like,lobed,long,lower,many,membranous,minute,minutely,mm,narrowly,near,ovate,pair,pale,peg,pentagonal,perfect,pitted,poricidal,pubescent,pubescent-papillate,reniform,simple,small,somewhat,sparsely,stellate,stem,strongly,surface,tangled,time,tip,trichome,truncate,tube,twining,unevenly,uniseriate,vein,vine,way,whitish,x,yellowish	5-merous,branch,cream,papillate
461	wfo-0001031333	success	194	122	89	103	91	19	86	3	.5,0.1-0.5,0.5,1-1.5,1-4,1-5-2,1.5-1.7,2.5-3,3-4,5-7,50,7-10,7-9,>,?,abaxially,acuminate,acute,adaxially,adjacent,anther,apart,apex,bark,base,berry,bilobed,branched,broadly,brown,capitate,clustered,cm,corolla,cream,densely,diameter,ellipsoid,elliptic,entire,filament,flattened,fruiting,glabrescent,glabrous,globose,golden,green,greenish,growth,half,high,immature,inflorescence,leaving,lengthening,like,long,lower,many,margin,membranous,minute,mm,narrowly,near,new,ovate,pair,pale,pedicel,peduncle,peg,per,petiole,pore,poricidal,primary,pubescent,pubescent-papillate,reniform,rotate-stellate,scar,simple,slit,small,somewhat,spaced,stellate,stem,stigma,style,tangled,time,tip,trichome,truncate,uniseriate,vein,vine,white,whitish,yellowish	+,1-5,1.5,1.5-2,1/2,2,2-3,2.7-7,3,3/4,30-40,5-8,5-merou,<,adaxiall,ag,almost,alyx,anthesi,appearing,articulated,branche,calyx,cell,composed,conical,cupped,denser,eaf,eed,exserted,flower,free,glabrescen,ilament,lamina,less,lobe,lobed,m.,matte,mere,minutely,nflorescence,nodding,occasionally,older,orolla,outline,papillat,penden,perfect,pericarp,pitted,planar,plurifoliat,portion,quadrate,rest,rhachi,ruit,sinus,slightly,soon,sparsely,splitting,striped,strongly,surface,terminal,testal,thickened,thin,trailing,triangular,tub,tube,twinin,ud,undersurface,undulation,unequal,unevenly,unit,upper,vary,venation,way,wide,woody,ympodial	age,arrangement,articulation,branch,branching,bud,colour,form,fruit,hair,leaf,length,mature,number,ovary,papillate,seed,shape,texture	.5,0.1-0.5,0.5,1-1.5,1-4,1-5-2,1.5-1.7,2.5-3,3-4,5-7,50,7-10,7-9,>,?,abaxially,acuminate,acute,adaxially,adjacent,apart,apex,base,berry,bilobed,branched,broadly,brown,capitate,clustered,cm,cream,densely,diameter,ellipsoid,elliptic,entire,flattened,glabrescent,glabrous,globose,golden,green,greenish,half,high,immature,inflorescence,leaving,lengthening,like,long,lower,many,membranous,minute,mm,narrowly,near,ovate,pair,pale,peg,pore,poricidal,pubescent,pubescent-papillate,reniform,rotate-stellate,simple,slit,small,somewhat,spaced,stellate,stem,tangled,time,tip,trichome,truncate,uniseriate,vine,white,whitish,yellowish	age,branch,papillate
462	wfo-0001031359	success	166	110	69	92	74	18	68	1	.02,.25,.5,/4,0.5-1,0.5-6,0.75-1,1-4,1.1-1.6,1.2-2.5,1.3-1.6,1.5-2,1.6-2.8,1.9-2.3,12-21,2.5-3,3-3.5,3.6-8.8,5-angled,5.3-7.5,6-7,acuminate,anther,apart,apex,attenuate,bark,base,berry,bi-lobed,brown,calyx,cm,corolla,dark,dull,elliptic,filament,flattened-reniform,fruiting,glabrous,globose,green,incrassate,lamina,leaf,live,lobed,long,major,margin,minor,minutely,mm,narrowly,nearly,obovoid,opposite,outline,ovary,paler,papillae,papillose,pedicel,petiole,pit,pitted,plant,pore,ripe,round,rusty,scar,shaped,shiny,shrub,size,stem,stigma,style,surface,tear-drop,trichome,tube,tuft,uniseriate,vein,way,white,x,yellow-orange,young	1.2-1.6,5-30-flowered,5-7,angle,anthesi,apiculate,appearing,axil,ba,beginning,beneath,broadly,curled,deflexed,dia,differing,difoliate,distal,dried,eaf,edicel,eed,evenly,extending,free,geminat,inflorescenc,internodal,interpetalar,lateral,lobe,lon,lower,main,membraneous,middle,near,nflorescence,occasionally,often,older,one,originating,pair,papillo,planar,poricidal,portion,reflexed,ridged,ruit,simple,sinus,slender,slightly,somewhat,spaced,specimen,straight,strongly,tall,tan,tapering,tip,triangular,tub,ud,undulate,unit,white-lenticellat,widest,woody,yellow,ympodial	abaxial,adaxial,bud,colour,diameter,form,fruit,growth,height,inflorescence,length,origin,position,seed,shape,spacing,texture,white-lenticellate	.02,.25,.5,/4,0.5-1,0.5-6,0.75-1,1-4,1.1-1.6,1.2-2.5,1.3-1.6,1.5-2,1.6-2.8,1.9-2.3,12-21,2.5-3,3-3.5,3.6-8.8,5-angled,5.3-7.5,6-7,acuminate,apart,attenuate,base,berry,bi-lobed,brown,cm,dark,dull,elliptic,flattened-reniform,glabrous,globose,green,incrassate,lamina,leaf,live,lobed,long,minutely,mm,narrowly,nearly,obovoid,opposite,outline,paler,papillose,pitted,plant,ripe,round,rusty,shaped,shiny,shrub,tear-drop,trichome,tuft,uniseriate,vein,way,white,x,yellow-orange	white-lenticellate
463	wfo-0001031362	success	138	88	55	70	68	18	53	2	.2,.3,.5,0.5-1,0.7-1,1-1.1,1-1.5,1.5-2,2-2.5,3-6,?,anther,anthesi,attenuate,bark,base,brown,calyx,closely,cm,conical,corolla,dendritic,densely,filament,flattened-reniform,fruiting,glabrous,globose,golden,incrassate,internodal,lanceolate,leaf,like,lobed,long,margin,minutely,mm,nearly,older,opposite,orange-red,ovary,packed,papillose,pedicel,petiole,pitted,pore,pubescent,pubesent,red,rest,shaped,shrub,simple,small-capitate,sparsely,stem,stigma,style,subshrub,surface,tear-drop,trichome,tube,white,young	0.4-0.5,1-3,1-3-flowered,1-4,3-4,abaxially,acute,adaxially,along,apex,appearance,berry,branch,bushy,cell,denser,dia,eaf,edicel,eed,ellipsoid,erect,exceeding,exserted,flattened,free,giving,golden-brow,inflorescenc,lamina,lateral,lobe,lon,long-triangular,lower,main,middle,nflorescence,nodding,outline,overlappin,pair,pale,papillo,pericarp,planar,plurifoliat,poricidal,portion,rectangular,rounded,ruit,scar,shiny,slender,somewhat,spaced,straight,tan,thin,tip,ud,unit,vein,widest,woody,x,ympodial	abaxial,adaxial,branching,colour,diameter,form,fruit,golden-brown,growth,hair,inflorescence,length,pattern,position,seed,shape,texture,width	.2,.3,.5,0.5-1,0.7-1,1-1.1,1-1.5,1.5-2,2-2.5,3-6,?,attenuate,base,brown,closely,cm,conical,dendritic,densely,flattened-reniform,glabrous,globose,golden,incrassate,internodal,lanceolate,leaf,like,lobed,long,margin,minutely,mm,nearly,opposite,orange-red,packed,papillose,pitted,pubescent,pubesent,red,rest,shaped,shrub,simple,small-capitate,sparsely,stem,subshrub,tear-drop,trichome,white	golden-brown,inflorescence
464	wfo-0001031400	success	160	97	54	70	90	27	49	5	-3,0.25-0.8,0.6-1.8,0.7-6,0.8-1.1,1-2,1-4,1.2-2,1.5-5,10-11,2-5,4-13,4-17,4-6.5,4-7,4-7-25,5-12.5,6-23,7-28,apically,branched,calyx,cm,connate,corolla,cyme,dark,deeply,dehiscent,diameter,dichasial,dichasially,distal,filament,flower,globose,green,hair-like,herbaceous,interjected,lateral,leaf,leaflet,mm,monochasial,odd-pinnate,ovoid,pair,pedicel,peduncle,perennial,perfect,petiole,plant,poricidally,proximal,puberulent,seed,stellate,structure,style,subglabrous,terminal,tone,tuber-bearing,unit,violet,wall,white,Â¼	0.4-1.7,1,2,2-3,2-9,3-6-foliat,abaxial,abaxially,abruptly,absen,acumen,acute,adaxially,apex,apical,apiculate,articulate,base,cell,covering,cuneate,decurrent,digestion,diminishing,dorsally,eaf,ebracteate,edge,eed,emoval,enzyme,exceeding,flat,folded,forked,forming,generally,globo,green-white,half,honeycomb,introrse,linear,linear-lanceolate,living,lobe,lon,long,lower,lunat,make,maturing,mucilaginous,nflorescence,nther,oblique,oblong,occasionally,often,orolla,pattern,plan,rachi,reveal,ruit,sessile,seudostipule,short,side,size,slit,specimen,stamen,stigma,straight,stripe,tal,tem,testal,thick,throughout,tip,toward,trilobe,typically,vary,wide,without,yellow,ympodial	3-6-foliate,absent,anther,arrangement,articulation,bract,branching,colour,ebbrate,form,fruit,growth,height,inflorescence,length,lunate,number,ovary,pore,present,pseudostipule,shape,stem,sympodial,texture,type,width	-3,0.25-0.8,0.6-1.8,0.7-6,0.8-1.1,1-2,1-4,1.2-2,1.5-5,10-11,2-5,4-13,4-17,4-6.5,4-7,4-7-25,5-12.5,6-23,7-28,apically,branched,cm,connate,cyme,dark,deeply,dehiscent,dichasial,dichasially,distal,globose,green,herbaceous,mm,monochasial,odd-pinnate,ovoid,perennial,perfect,poricidally,proximal,puberulent,stellate,subglabrous,tone,tuber-bearing,violet,white,Â¼	3-6-foliate,absent,ebbrate,lunate,present
465	wfo-0001031401	success	182	117	81	102	80	15	80	1	0.5,0.6-1.2,0.8-1.2,1,1-1.4,1-1.5,1-6,1.1-3,1.5-2,1/2,2-5,2.5-4,3,3.5-4,3/4,5-7,5-9,7-9,abaxial,adaxial,age,anther,bark,base,becoming,bi-lobed,black,branching,brown,cm,corolla,dark,deflexed,dendritic,densely,diameter,drying,elliptic,filament,finely,flattened,fruit,fruiting,glabrous,globose,golden,golden-yellow,growth,leaf,lenticular,less,lobed,matted,minutely,mm,narrowly,near,new,nodding,occasionally,outline,ovary,pair,pedicel,petiole,pore,poricidal,prominently,puberulent,pubescent,purplish-black,pyramidal,raised,reddish-brown,roundish,scar,secondary,shiny,short,shrub,slit-like,small,somewhat,sparsely,stem,stigma,strongly,style,time,tip,tree,tree-like,trichome,tube,vein,violet,way,white,winged,woody,x,yellow	2-2.4,5,8-10,abaxially,acute,adaxially,along,anthesi,apex,apical,appearing,attenuate,axi,basal,berry,blade,branch,calyx,clearly,conical,deciduous,deltoid,denser,dichasial,differentiated,eaf,ecuador,ecuadorian,edicel,eed,ew,exserted,flower,fork,free,impressed,inserted,lateral,lobe,long,long-triangular,lower,m.,mesophyll,monochasia,nflorescence,noddin,node,often,older,overtopping,papillo,per,pericarp,pitted,planar,plurifoliate,portion,pubescen,rounded,ruit,shoot,sleev,sometimes,specimen,stamen,ste,surface,tall,tapering,terminal,thin,tub,ud,unit,usually,visible,wide,ympodial,young	bud,colour,form,height,inflorescence,length,papillose,plant,seed,shape,size,texture,type,venation,width	0.5,0.6-1.2,0.8-1.2,1,1-1.4,1-1.5,1-6,1.1-3,1.5-2,1/2,2-5,2.5-4,3,3.5-4,3/4,5-7,5-9,7-9,age,base,becoming,bi-lobed,black,brown,cm,dark,deflexed,dendritic,densely,diameter,drying,elliptic,finely,flattened,glabrous,globose,golden,golden-yellow,lenticular,less,lobed,matted,minutely,mm,narrowly,near,nodding,occasionally,outline,pair,poricidal,prominently,puberulent,pubescent,purplish-black,pyramidal,raised,reddish-brown,roundish,secondary,shiny,short,shrub,slit-like,small,somewhat,sparsely,strongly,time,tip,tree,tree-like,vein,violet,way,white,winged,woody,x,yellow	papillose
466	wfo-0001031480	success	233	77	44	58	175	19	41	3	/3,0-30,0.5-2,3-10,6-8,abaxial,adaxial,anther,base,berry,branched,branching,bright,calyx,cm,densely,dull,ellipsoid,entire,flattened-reniform,flower,fruit,fruiting,glabrescent,lateral,leaf,length,lobed,long,lower,margin,maturity,mauve,mm,orange-brown,ovate,pale,per,petiole,poricidal,prickle,purple,red,shallowly,shrub,simple,spherical,spreading,stellate-pubescent,stem,surface,tapering,terminal,thick-chartaceous,tip,unarmed,way,yellow	0-0.5,0-1,0-2,0-5,0.1-0.25,0.1-0.3,0.1-0.4,0.15-0.3,0.2-0.35,0.4,0.4-0.8,0.5-3-10,0.6-0.8,0.7,0.8,0.8-1,1-1.3,1-1.5,1-2,1-3,1-4,1.5-2.2,1.7-2.2,1.8-3,1/2,1/3,1/4,1/6-1/5,2-2.7,2-3,2-5,2-6,2-6-30,3,3-6,3-7,3.5-7,4-5,4-6,5-8,5-merous,6-13,7-8,8-12,abaxially,acuminat,acute,alyx,andromonoecious,apar,apart,apex,apically,apparently,articulated,ba,bark,blade,broad-deltate,cell,cream,cuneate,curved,dark,deltate,diameter,difoliate,discolorous,distal,distance,drying,eaf,eed,elongate,elongating,equal,erect,extending,eye,faint,filament,flattened,free,geminat,glabrous,glandular,green,hair,hermaphrodite,heterostylous,inconspicuous,infructescence,lobe,long-styled,longer,lowermost,marking,mature,midpoint,midvein,minutely,moderately,naked,near,nflorescence,obtuse,often,older,one,open,orolla,oung,outline,pair,pedicel,peduncle,pendulous,pericarp,persistent,pit,plant,porrect,portion,prickly,primary,pubescent,raised,ray,red-brow,red-brown,red-green,red-yellow-green,reduced,reticulate,rounded,ruit,scandent,scar,sessile,short-styled,shorter,side,slender,slightly,small,smooth,somewhat,spaced,sparsely,stalk,stalked,staminat,stellate,straight,style,tamen,terete,tertiary,time,trichome,truncate,tube,unarme,unit,upper,variously,vary,vein,venation,visible,weakly,wide,woody,ympodial,young	colour,corolla,form,growth,heteromorphism,inflorescence,na,number,orientation,placement,position,present,seed,shape,staman,symmetry,texture,type,zygomorphy	/3,0-30,0.5-2,3-10,6-8,base,berry,branched,bright,cm,densely,dull,ellipsoid,entire,flattened-reniform,glabrescent,lateral,lobed,long,maturity,mauve,mm,orange-brown,ovate,pale,poricidal,purple,red,shallowly,shrub,simple,spherical,spreading,stellate-pubescent,tapering,terminal,thick-chartaceous,tip,unarmed,way,yellow	na,present,zygomorphy
467	wfo-0001031483	success	154	95	63	79	75	16	63	0	.5,/2,0.5-2,1,1-2,1.1-2.5,1.2-1.4,1.7-5.5,11-20.5,2-2.5,2-3,2.5-3.2,3-4,3-8-flowered,7-10,acuminate,acute,almost,anther,apart,apex,attenuate,base,berry,clavate,cm,corky,corolla,decurrent,filament,filiform,flower,fruiting,fusiform,glabrous,green,internode,larger,leaf,lenticellate,less,linear,lobed,major,markedly,minor,mm,oblanceolate,oblong,obovate,obovoid,opposite,orbiculate,ovary,ovoid-reniform,pair,pale,pedicel,pore,poricidal,rounded,scar,shape,shaped,shrub,simple,slightly,stem,stigma,style,subshrub,tapering,tear-drop,tip,turbinate,vein,way,white,x	0,0.5,1/3,6-10,across,anew,anthesi,ba,bearing,beginning,beneath,blade,ca,caly,calyx,continuous,cork,deflexed,deltoid,dia,difoliate,distal,dry,eaf,edicel,eed,end,evenly,exserted,free,fresh,geminat,indistinc,indistinct,lateral,lea,lobe,long,lower,main,minutely,nflorescence,often,paler,papillo,papillose,per,petiole,planar,pointed,portion,prominent,quite,raised,ruit,short,short-triangular,slender,somewhat,soon,spaced,straight,strongly,tall,tan,third,tube,ud,unit,variable,widest,wing,winged,woody,ympodial	bud,colour,form,fruit,growth,height,inflorescence,length,number,plant,position,seed,size,spacing,texture,type	.5,/2,0.5-2,1,1-2,1.1-2.5,1.2-1.4,1.7-5.5,11-20.5,2-2.5,2-3,2.5-3.2,3-4,3-8-flowered,7-10,acuminate,acute,almost,apart,attenuate,base,berry,clavate,cm,corky,decurrent,filiform,fusiform,glabrous,green,larger,leaf,lenticellate,less,linear,lobed,markedly,mm,oblanceolate,oblong,obovate,obovoid,opposite,orbiculate,ovoid-reniform,pair,pale,poricidal,rounded,shaped,shrub,simple,slightly,stem,style,subshrub,tapering,tear-drop,tip,turbinate,way,white,x	
468	wfo-0001031492	success	175	123	78	103	72	20	76	2	.5,0.7-1.3,0.9-1.1,1-1.3,1-1.5,1.3-2,1.5-2.5,10-15,2-10,2-5,3-4,3-5,4-10,4-4.5,6-8,8-11,8-9,abaxially,absent,acuminate,acute,adaxially,age,anther,apex,attenuate,bark,base,becoming,bi-lobed,bitter,branching,cm,corolla,dark,decurrent,densely,diameter,drying,dull,echinoid,elliptic,filament,flattened,flower,fruit,fruiting,glabrous,globose,golden,grey,growth,juice,leaf,lenticular,lightly,lobed,lower,medium,minutely,mm,narrowly,ovary,pair,pedicel,per,pericarp,petiole,pitted,pore,poricidal,prominent,pubescent,purplish-black,pyramidal,reddish-brown,remaining,scar,shiny,short,shrub,size,slit-like,somewhat,sparsely,stem,sticky,stigma,style,surface,thin,time,tip,tree,tree-like,trichome,tube,upper,vein,violet,winged,woody,x	/4,0.5,08,1.5-1.8,2-3,20,anthesi,apical,appearing,axe,ba,basal,beneath,berry,calyx,conical,dbh,deciduous,deltoid,dendritic,denser,distinguishable,eaf,edicel,eed,erect,ew,exserted,free,inserted,lamina,lateral,lobe,long,m.,monochasia,nflorescence,nodding,occasionally,older,overtopping,papillo,planar,plurifoliate,portion,predominantly,rather,ruit,scarcely,scattered,secondary,shoot,sleeve,slightly,sometimes,stamen,ste,strongly,sunken,tall,tapering,terminal,tub,ud,undersurface,unit,upturned,way,wide,ympodial,young,younger	.08,bud,colour,form,height,inflorescence,length,new,number,papillose,plant,presence,prominence,quality,seed,shape,texture,thicknes,type,width	.5,0.7-1.3,0.9-1.1,1-1.3,1-1.5,1.3-2,1.5-2.5,10-15,2-10,2-5,3-4,3-5,4-10,4-4.5,6-8,8-11,8-9,abaxially,absent,acuminate,acute,adaxially,age,attenuate,base,becoming,bi-lobed,bitter,cm,dark,decurrent,densely,diameter,drying,dull,echinoid,elliptic,flattened,glabrous,globose,golden,grey,lenticular,lightly,lobed,medium,minutely,mm,narrowly,pair,pitted,poricidal,prominent,pubescent,purplish-black,pyramidal,reddish-brown,remaining,shiny,short,shrub,size,slit-like,somewhat,sparsely,sticky,thin,time,tip,tree,tree-like,trichome,violet,winged,woody,x	.08,papillose
469	wfo-0001031503	success	139	108	71	84	55	24	70	1	-10,-15,-30,-7,0.3-3,0.5-1,0.5-4,1-2.5,1-3,1-5,1-7,1.5-2,1.5-3,1.5-8,10-19,2-3,2.5-10,3-4,3-5,3-6,6-7,7-10,acuminate,acute,angled,apart,apex,articulated,base,branched,calyx,chartaceous,cm,cuneate,cylindrical,decurrent,deltate,densely,diameter,directed,distally,elliptic,entire,flower,forked,glabrous,globose,hair,lanceolate,lobe,margin,mm,moderately,obtuse,often,orange,ovate,pedicel,peduncle,petiole,pore,puberulent,pubescent,rachi,radiu,rarely,reddish,ripe,rounded,rugose-pubescent,shrub,simple,slightly,sparsely,stellate,stigma,style,subclavate,truncate,unbranched,unequal,white,x,yellow	1-1.5-7,1.7-3.5-6,3-15-25,5613,6-many-foliat,7-15,abaxially,abruptly,absen,adaxially,aggregate,axe,ba,blade,cell,connivent,curled,distall,eaf,eed,eglandular,except,fide,gland,long,lower,mostly,narrowed,narrowly,nflorescence,nther,occasionally,orolla,perfect,present,ruit,spaced,stalked,stone,subcapitat,tal,tem,time,tip,toward,triangular,tube,uniseriate,unit,usually,vary,vein,venturi,wide,ympodial	abaxial,adaxial,anther,arrangement,articulation,branching,colour,corolla,direction,form,fruit,growth,height,inflorescence,leaf,length,ovary,plant,seed,shape,spacing,stem,subcapitate,texture	-10,-15,-30,-7,0.3-3,0.5-1,0.5-4,1-2.5,1-3,1-5,1-7,1.5-2,1.5-3,1.5-8,10-19,2-3,2.5-10,3-4,3-5,3-6,6-7,7-10,acuminate,acute,angled,apart,apex,articulated,base,branched,chartaceous,cm,cuneate,cylindrical,decurrent,deltate,densely,directed,distally,elliptic,entire,forked,glabrous,globose,lanceolate,mm,moderately,obtuse,often,orange,ovate,puberulent,pubescent,rarely,reddish,ripe,rounded,rugose-pubescent,shrub,simple,slightly,sparsely,stellate,subclavate,truncate,unbranched,unequal,white,x,yellow	subcapitate
470	wfo-0001031586	success	166	58	35	48	118	10	35	0	0.1-1,0.5-1,1-1.2,1-1.5-2,1-2,1.3-5,1.5-2,2,3-11,5-6,anther,base,calyx,capitate,cm,corolla,cream-colored,deltate,elliptic,filament,glabrous,green,greenish,inflorescence,leaf,lobe,lobed,mm,nearly,opposite,pale,pedicel,petiole,pore,ridged,rounded,shaped,shiny,shrub,simple,size,stigma,style,tear-drop,tube,white,x,yellow	.25,0.5-0.8,1,1.4-2.5,2-2.5,5-10,7-10-flowered,abrupt,absent,acute,anthesi,apart,apex,apparently,appearing,attenuate,bark,becoming,beneath,borne,branch,bright,broadly,bud,campanulate,closer,completely,conical,cucullate,deflexed,dia,differing,difoliate,distance,drying,eaf,edicel,eed,ellipsoid,exerted,exfoliatin,fleshy,flower,free,fresh,geminate,globose,gree,inflorescenc,know,known,later,lateral,leave,long,lower,main,major,margin,material,may,minor,minutely,mucro,near,new,nflorescence,notched,occasionally,older,olive,one,onto,open,ovary,overtopping,pair,paler,papillate,papillose,planar,poricidal,portion,present,prominent,raised,remaining,ruit,scar,shap,shin,slender,small,sometimes,somewhat,soon,spaced,sparsely,stem,straight,surface,swollen,tall,tapering,thick,thickened,tip,trichome,truncate,trunk,ud,uniseriate,unit,vein,widely,yellowish,ympodial,young	colour,form,growth,height,length,plant,position,shape,texture,type	0.1-1,0.5-1,1-1.2,1-1.5-2,1-2,1.3-5,1.5-2,2,3-11,5-6,base,capitate,cm,cream-colored,deltate,elliptic,glabrous,green,greenish,leaf,lobed,mm,nearly,opposite,pale,ridged,rounded,shaped,shiny,shrub,simple,tear-drop,white,x,yellow	
471	wfo-0001031587	success	142	80	52	68	74	12	50	2	.5,0.8-1,1-1.5,1.5-2,1.7-2,10-15,2-9-celled,2/3,3-4,5,6-7,6-8,abaxially,acute,anther,apart,apex,attenuate,bark,base,bi-lobed,broadly,calyx,clavate,cm,conical,corolla,dendritic,elliptic-ovoid,filament,fleshy,furcate,glabrous,golden-red,inflorescence,leaf,lobed,minor,minutely,mm,oblique,ovary,pale,pedicel,petiole,pore,rarely,reddish-grey,shape,shaped,simple,size,soft,stem,stigma,style,tear-drop,thick,thickened,tree,trichome,tube,uniseriate,verrucose,way,white,winged,x	12-16,17-30,2,2-2.5,7-9,adaxially,along,anthesi,axi,closely,cone,decurrent,deflexed,deltate,densely,denser,dia,differing,drying,eaf,edicel,eed,elliptic,erect,evenly,exserted,fide,free,globose,included,irregular,know,known,lamina,later,lateral,like,lobe,long,loose,lower,lowered,main,major,middle,mostly,ocasionally,occasional,older,overlappin,pair,papillate,papillo,parallel,perpendicular,persisten,poricidal,portion,pubescent,rect,rest,ruit,scar,somewhat,spaced,steinbach,surface,tall,tip,tub,ud,vein,widest,young	colour,diameter,form,growth,hair,height,length,occasionally,papillose,plant,spacing,texture	.5,0.8-1,1-1.5,1.5-2,1.7-2,10-15,2-9-celled,2/3,3-4,5,6-7,6-8,abaxially,acute,apart,apex,attenuate,base,bi-lobed,broadly,clavate,cm,conical,dendritic,elliptic-ovoid,fleshy,furcate,glabrous,golden-red,lobed,minutely,mm,oblique,pale,rarely,reddish-grey,shaped,simple,soft,tear-drop,thick,thickened,tree,trichome,uniseriate,verrucose,way,white,winged,x	occasionally,papillose
472	wfo-0001031589	success	221	87	51	61	160	26	48	3	0-30,0.1-0.5,1/3-1/4,2-10,2.8-4,8-14,anther,articulated,base,berry,bright,brown-green,calyx,chartaceous,cm,connivent,dull,elliptic,elongating,equal,erect,flattened-reniform,flower,fruit,fruiting,gray-green,lateral,leaf,length,lobed,long,long-obovate,lower,margin,mauve,membranous,mm,orange-brown,pedicel,per,petiole,poricidal,porrect,prickle,sessile,shrub,simple,solitary,sometimes,spherical,stalked,stellate-pubescent,stem,surface,tapering,tip,trichome,way,white,yellow,yellow-green	-15,-6,-6.5,.5,/6,0,0-1,0-10,0-3,0.1,0.15-0.3,0.2-0.4-0.5,0.2-0.5,0.2-3,0.4,0.5-1,0.55-0.7,0.6-1.2,0.7,0.8-2.3,0.9-1.3,0.9-1.6,1,1-1.8,1-5,1.2-1.5,1.5-5,1.7-2.5,1.8-2.9,1/3,1/3-1/2,10-30,2-3-4,2-3.5,2.5-4.5,2.5-6,3-4,3-5,3/4,4-6.5,4/5,5-8,5-merous,6-8,8-30,abaxially,acute,alyx,ame,apart,apex,apically,apparently,attenuate,bark,blade,broadly,brow,c.,caudat,cell,concolorous,cream,dark,deltate,densely,density,diameter,difoliate,discolorous,distance,drying,eed,extending,eye,filament,free,geminat,glabrescent,glabrous,green,higher,infructescence,lengt,lobe,lon,longer,marking,mature,maturity,midpoint,midvein,moderately,multangulate,naked,narrow,narrow-cuneate,nflorescence,oblong,obovate,occasionally,often,older,orange-green,orolla,oung,outline,pair,pale,part,pendulous,perfec,pericarp,pit,plant,portion,prickl,prickly,primary,raised,ray,reflexed,rounded,ruit,scandent,shiny,shorter,side,small,smooth,somewhat,spaced,sparsely,spreading,stalk,stellate,stout,straight,style,subentire,subsessile,tamen,terete,tertiary,time,tube,unit,upper,vary,vein,venation,visible,weakly,whole,wide,winged,woody,yellow-orange,ympodial,young	abaxial,adaxial,appressed,articulation,branching,colour,corolla,form,growth,hair,heteromorphism,inflated,inflorescence,insertion,needle-like,number,orientation,placement,position,seed,shape,staman,symmetry,texture,type,zygomorphy	0-30,0.1-0.5,1/3-1/4,2-10,2.8-4,8-14,articulated,base,berry,bright,brown-green,chartaceous,cm,connivent,dull,elliptic,elongating,equal,erect,flattened-reniform,flower,gray-green,lateral,lobed,long,long-obovate,mauve,membranous,mm,orange-brown,per,poricidal,porrect,sessile,shrub,simple,solitary,sometimes,spherical,stalked,stellate-pubescent,surface,tapering,tip,way,white,yellow,yellow-green	appressed,needle-like,zygomorphy
473	wfo-0001031609	success	153	116	75	88	65	28	72	3	0.4-3,0.5-3,1-10,1-6,1.3-3,1.5-2,1.5-3,10-25,2,2-3,2-3-9-lobed,2.5-4,20-25,3-24,3-5,4,4-5,4-6,4.5-60,8-20,acute,apex,around,articulated,base,brownish,calyx,campanulate,cm,connective,cuneate,dark,deltate,dia,diameter,dilated,directed,distally,ellipsoidal,elliptic,elliptic-ovate,entire,flattened,fleshy,flower,forked,fruit,glabrous,globose,green,inflorescence,laterally,leaf,lobe,lobed,margin,mm,obconical,obovate,obtuse,orange,pedicel,peduncle,petiole,pinnately,pore,puberulent,rachi,radiu,reticulate,ripe,shallowly,shrub,simple,small,stellate,stigma,strongly,style,succulent,tree,triangular,truncate,tube,unbranched,unlobed,x,yellow	.5,/4,0-30,0.5-1,3-foliat,5-25,5/6,abaxially,absen,absent,adaxially,aggregate,ape,apiculate,axe,barely,beyond,bilobe,blade,branch,brow,cell,connivent,conspicuous,contiguous,divided,eaf,eed,emerging,equal,exceeding,exserted,glabrou,leaving,long,lower,midrib,minutely,nearly,nflorescence,nther,occasionally,orolla,papillose,pedicellar,point,rounded,ruit,scar,sinus,stamen,stone,succulen,tal,tem,thecae,time,tip,tomento,two,ud,unit,vary,wide,ympodial	10-30,anther,arrangement,articulation,bilobed,branching,brown,bud,colour,corolla,direction,form,growth,height,length,lobing,number,ovary,plant,pubescence,reticulation,seed,shape,size,stem,succulence,texture,theca	0.4-3,0.5-3,1-10,1-6,1.3-3,1.5-2,1.5-3,10-25,2,2-3,2-3-9-lobed,2.5-4,20-25,3-24,3-5,4,4-5,4-6,4.5-60,8-20,acute,apex,around,articulated,base,brownish,campanulate,cm,cuneate,dark,deltate,dia,diameter,dilated,directed,distally,ellipsoidal,elliptic,elliptic-ovate,entire,flattened,fleshy,forked,glabrous,globose,green,laterally,lobed,margin,mm,obconical,obovate,obtuse,orange,pinnately,puberulent,reticulate,ripe,shallowly,shrub,simple,small,stellate,strongly,succulent,tree,triangular,truncate,unbranched,unlobed,x,yellow	10-30,bilobed,brown
474	wfo-0001031615	success	154	131	87	111	43	20	84	3	.5,0.5,0.5-1,0.8-1,0.9-1.1,1-1.6,1.3-1.8,1.5,1.5-5,11-15.5,2-3,2-4.2,3.8-6.1,4-6.5,5-20-flowered,5-6,8-10,acuminate,acute,anther,anthesi,apex,attenuate,bark,base,bilobed,brown,calyx,capitate,closely,cm,corolla,decurrent,deep,deflexed,dia,difoliate,distal,elliptic,expanded,exserted,filament,fruit,fruiting,furcate,glabrous,glandular,globose,green,incrassate,inflorescence,interpetalar,leaf,less,lobe,lobed,long,major,margin,minor,minutely,mm,nearly,occasionally,older,opposite,ovary,packed,pair,paler,papillose,pedicel,petiole,pitted,pore,portion,reflexed,scar,scarcely,shaped,shrub,simple,sinus,size,slender,slightly,small,somewhat,stem,stigma,style,subumbellate,surface,tapering,tear-drop,terminal,thickened,tree,trichome,tube,tuft,unicellular,uniseriate,unit,urceolate,vein,white,winged,woody,x,young	0,6-8,arising,axil,ba,becoming,berry,caly,dark,dark-papillo,deltoid,differing,eaf,edicel,eed,flattened-reniform,free,geminat,impressed,lamina,lateral,lon,lower,main,maroo,middle,minute,nflorescence,one,overlappin,papillae,per,poricidal,prominent,ruit,shiny,straight,tall,thin,tip,ud,widest,ympodial	bud,colour,dark-papillose,diameter,exsertion,flower,form,geminate,growth,hair,height,length,maroon,plant,position,seed,shape,structure,sympodial,texture	.5,0.5,0.5-1,0.8-1,0.9-1.1,1-1.6,1.3-1.8,1.5,1.5-5,11-15.5,2-3,2-4.2,3.8-6.1,4-6.5,5-20-flowered,5-6,8-10,acuminate,acute,anthesi,attenuate,base,bilobed,brown,calyx,capitate,closely,cm,decurrent,deep,deflexed,dia,difoliate,distal,elliptic,expanded,exserted,furcate,glabrous,glandular,globose,green,incrassate,inflorescence,leaf,less,lobe,lobed,long,minutely,mm,nearly,occasionally,opposite,packed,pair,paler,papillose,petiole,pitted,reflexed,scarcely,shaped,shrub,simple,slender,slightly,small,somewhat,subumbellate,tapering,tear-drop,thickened,tree,trichome,tube,tuft,unicellular,uniseriate,urceolate,white,winged,woody,x	dark-papillose,geminate,maroon
475	wfo-0001031618	success	184	113	80	93	91	20	78	2	0-3,1-1.5,1-1.5-2,1-7,1.5-2,2-3,3-4,4-5,40-60,90-110,acute,anther,apex,axil,base,becoming,bluntly,branch,calyx,capitate,cell,cm,corolla,cuneate,cyme,darker,discoidal,ellipsoid,elliptic,equal,exerted,facetted,filament,finely,glabrous,glandular,green,greyish,growing,hair,lanceolate,lavender-purple,leaf,lengthening,less,lobe,long,marbled,maturity,minute,mm,narrowly,oblong,obovoid,often,ovary,ovoid,pale,pedicel,peduncle,petiole,pinatisect,point,pore,poricidal,purple,reddish-brown,reticulate,ripe,rotate,rounded,rugose,scorpioid,shrub,simple,slit,somewhat,stem,stigma,stone,stripe,strongly,succulent,surface,tapering,terete,tinged,tip,triangular,unequal,variable,x,young	0.5-1.5,1.5-3.5,10-18,10-lobed,13,2-2.5,3,3-8,5,5-12,acuman,almost,also,anthesi,appearance,appearing,aspect,berry,beyond,blunt,broadly,c.,clonal,cluster,column,conical,covering,cut,developed,dia,eaf,eed,emarginate,enlarged,erect,except,extending,fleshy,floral,flower,fork,forked,frui,general,giving,greatly,gree,habit,half,interacuminal,lasting,lobed,lon,loosely,lower,mauve,may,mid-vein,midrib,nflorescence,occasional,occur,ovate-lanceolate,pal,pedicellate,petal,plurifoliat,rarely,rhachi,ruit,sessile,several,shallowly,side,single,sinus,soft-wooded,sometimes,specimen,stout,styl,tissue,tub,ud,unit,vigorous,way,well,year,ympodial,younger	arrangement,bud,colour,diameter,form,fruit,growth,height,inflorescence,length,number,plant,plurifoliate,position,seed,shape,size,style,texture,tube	0-3,1-1.5,1-1.5-2,1-7,1.5-2,2-3,3-4,4-5,40-60,90-110,acute,axil,becoming,bluntly,branch,calyx,capitate,cm,cuneate,cyme,darker,discoidal,ellipsoid,elliptic,equal,exerted,facetted,finely,glabrous,glandular,green,greyish,growing,hair,lanceolate,lavender-purple,leaf,lengthening,less,long,marbled,maturity,minute,mm,narrowly,oblong,obovoid,often,ovoid,pale,pinatisect,point,pore,poricidal,purple,reddish-brown,reticulate,ripe,rotate,rounded,rugose,scorpioid,shrub,simple,slit,somewhat,stripe,strongly,succulent,tapering,terete,tinged,tip,triangular,unequal,variable,x,young	plurifoliate,tube
476	wfo-0001031646	success	169	124	87	105	64	19	85	2	-pinnate,.2,.5,0.2-0.8,0.5-2,0.8-1.5,1-1.8,1-10,1.2-2.5,1.5-3.5,1.5-4,15-25,2-10,2-2.5,2-3,2.5-10,20,3.5-4,4-18,4-20,4-5,5-6,5-7,5-7.5,7-8,8-15,abaxially,acuminate,acute,adaxially,anther,apart,apex,articulated,base,blade,blue,branched,brown,calyx,chartaceous,cm,cuneate,cylindrical,darker,densely,diameter,directed,ellipsoidal,elliptic-lanceolate,entire,flattened,flower,fruit,glabrous,globose,green,hair,highly,homostylous,immature,leaf,leaflet,light,lobe,margin,maroon,mature,mm,multicellular,oblique,obliquely,oblong,obtuse,ovate-lanceolate,pedicel,peduncle,petiolule,pore,pubescence,pubescent,rachi,red,rotate-pentagonal,rounded,rugulose,scandent,shortly,shrub,simple,size,small,smooth,stem,stigma,style,surface,tawny,tip,tube,uniseriate,vine,violet,x,yellow	1-6,18-38,1962,4-8,4-foliate,5-merou,absen,absent,accrescent,acut,aggregate,alyx,apical,apparently,axe,ba,basally,berry,cell,ciliat,climbing,connivent,correll,covered,decreasing,distall,eaf,eed,elliptic,equal,fide,filament,fruiting,geminat,glandular,high,hyaline,interjected,lateral,long,lower,nflorescence,orolla,ovate-lanceolat,part,perfect,petiole,present,pubescen,ruit,seudostipule,slightly,spaced,spreading,stone,stout,tamen,tem,toward,tree,truncat,unit,vary,ympodial	articulation,branching,colour,corolla,distally,form,growth,inflorescence,length,ovary,pseudostipule,seed,shape,spacing,staman,symmetry,texture,truncate,type	-pinnate,.2,.5,0.2-0.8,0.5-2,0.8-1.5,1-1.8,1-10,1.2-2.5,1.5-3.5,1.5-4,15-25,2-10,2-2.5,2-3,2.5-10,20,3.5-4,4-18,4-20,4-5,5-6,5-7,5-7.5,7-8,8-15,abaxially,acuminate,acute,adaxially,apart,articulated,base,blue,branched,brown,chartaceous,cm,cuneate,cylindrical,darker,densely,directed,ellipsoidal,elliptic-lanceolate,entire,flattened,flower,fruit,glabrous,globose,green,hair,highly,homostylous,immature,light,maroon,mature,mm,multicellular,oblique,obliquely,oblong,obtuse,ovate-lanceolate,pubescence,pubescent,red,rotate-pentagonal,rounded,rugulose,scandent,shortly,shrub,simple,small,smooth,tawny,tip,uniseriate,vine,violet,x,yellow	distally,truncate
477	wfo-0001031651	success	199	89	52	72	127	17	52	0	-3,/5,0-20,0.3-0.8,0.6-1,0.7-1,1-1.7,1-2,1/5,4-6,abaxial,adaxial,anther,apex,articulated,base,berry,branched,calyx,chartaceous,cm,diameter,dull,elliptic,entire,equal,flattened-reniform,flower,fruit,fruiting,herb,lateral,leaf,length,lobed,lower,margin,maturity,mm,obtuse,orange-brown,ovate,pedicel,per,petiole,poricidal,prickle,prickly,purple,red,red-green,reflexed,rounded,shrub,spherical,spreading,stellate,stellate-pubescent,stem,style,subentire,surface,tapering,terminal,tip,unarmed,upper,way,weakly,white,yellow,yellow-green	-3.5,.1,.6,.7,/3,0.1,0.1-0.15,0.1-0.2,0.1-0.25,0.15-0.2,0.2-0.5,0.3-0.5,0.3-1.5,0.6-1.3,1-4,1.2-2,1.2-3,1.3-1.6,1.5-2,1/6-1/4,2-10,2-3,2-3.5,2/3-3/,3-5,4-5,4.5-7,5-merous,abaxially,absent,acuminat,acute,alyx,ame,apar,apart,apically,apparently,bark,blade,brown,c.,cell,concolorous,cordate,curved,dark,deltate,densely,difoliate,discolorous,drying,eaf,eed,elongating,erect,eye,faint,filament,filiform,free,geminat,glabrescent,glabrous,gra,gray,herbaceous,infructescence,lanceolate,lobe,long,longer,mature,midpoint,naked,nflorescence,oblong,older,one,open,orolla,oung,outline,pair,peduncle,pendulous,perfec,pericarp,persistent,pit,porrect,portion,prickl,primary,raised,ray,ruit,scandent,scar,shorter,simple,small,smooth,sometimes,spaced,stalk,stalked,straight,subsessile,tamen,terete,tertiary,thick,thick-stalked,time,toward,trichome,tube,unarme,unit,variously,vary,vein,venation,visible,wide,ympodial	articulation,branching,colour,corolla,form,growth,hair,heteromorphism,inflorescence,number,ovary,position,seed,shape,staman,texture,type	-3,/5,0-20,0.3-0.8,0.6-1,0.7-1,1-1.7,1-2,1/5,4-6,articulated,base,berry,branched,chartaceous,cm,dull,elliptic,entire,equal,flattened-reniform,herb,lateral,lobed,maturity,mm,obtuse,orange-brown,ovate,poricidal,prickly,purple,red,red-green,reflexed,rounded,shrub,spherical,spreading,stellate,stellate-pubescent,subentire,tapering,terminal,tip,unarmed,upper,way,weakly,white,yellow,yellow-green	
478	wfo-0001031656	success	154	112	75	91	63	21	70	5	.5,0.5-1,1-2.5,1.5-2,1.5-5,10-20,2.5-3.5,3-3.5,3-5,4-9,5-ribbed,6-8,acuminate,acute,anther,anthesi,apex,bark,base,bright,calyx,capitate,closely,cm,corolla,dia,difoliate,drying,ellipsoid,elliptic,enclosing,erect,filament,fleshy,fruit,fruiting,glabrous,globose,green,greyish,known,leaf,live,lobe,long,long-acuminate,lower,matte,mature,middle,minor,minutely,mm,oblique,opposite,ovary,ovate,pale,papillose,pedicel,persistent,petiole,plant,pore,poricidal,proximal,rather,red-papillose,reddish,rounded,scar,sessile,shaped,shiny,shrub,size,somewhat,spaced,stigma,strongly,style,surface,tear-drop,thick,tip,transversely,unit,upper,widest,woody,x	/4,0.5,1-1.5,1-2,1.2-1.5,5-7,also,arising,ba,berry,cork,densely,differing,directly,eaf,edicel,eed,extremely,flower,free,geminat,hooded,lateral,lobed,lon,main,major,margin,minute,nflorescence,node,often,older,one,pair,paler,papillo,peelin,planar,portion,prominent,reflexed,rib,ridged,ruit,slightly,specimen,stem,straight,swollen,tall,terminal,thickened,top,tube,ud,vein,visible,way,white,wide,ympodial,young	bud,colour,corky,form,geminate,growth,hair,height,inflorescence,information,length,peeling,persistence,point,position,seed,shape,structure,sympodial,texture,type	.5,0.5-1,1-2.5,1.5-2,1.5-5,10-20,2.5-3.5,3-3.5,3-5,4-9,5-ribbed,6-8,acuminate,acute,anthesi,bright,capitate,closely,cm,corolla,difoliate,drying,ellipsoid,elliptic,enclosing,erect,fleshy,fruit,glabrous,globose,green,greyish,known,leaf,live,long,long-acuminate,matte,mature,middle,minutely,mm,oblique,opposite,ovate,pale,papillose,persistent,plant,pore,poricidal,proximal,rather,red-papillose,reddish,rounded,sessile,shaped,shiny,shrub,somewhat,spaced,strongly,surface,tear-drop,thick,tip,transversely,woody,x	.5-3.5,corky,di,geminate,peeling
479	wfo-0001031667	success	153	97	56	69	84	28	51	5	0.6-1,0.6-1.5,1-1.5,1-4,1.4-3,1.5-2,10-13,12-35,2-5,2.5-5,3-13,3-5,5-15,5-9,6-10,8-13,8-15,apically,branched,calyx,cm,connate,corolla,cyme,dark,dehiscent,diameter,dichasial,dichasially,distal,filament,flower,globose,green,herbaceous,interjected,irregularly,lateral,leaf,leaflet,lobed,long,mm,monochasial,mucilaginous,odd-pinnate,ovoid,pedicel,peduncle,perennial,perfect,petiole,pilose,plant,poricidally,proximal,seed,size,spot,stellate,straight,stripe,style,terminal,tuber-bearing,unit,white,wide,Â¼	2-3,2-6,3-6-foliat,3-8,4-1.,abaxially,abruptly,acumen,acuminate,acute,adaxially,apex,apical,apiculate,articulate,base,caudate,cell,cordate,covering,cuneate,digestion,diminishing,dorsally,eaf,ebracteate,edge,eed,elliptic-lanceolate,emoval,enzyme,exceeding,flat,folded,forked,generally,globo,green-white,hair-like,half,honeycomb,introrse,lanceolate,living,lobe,lon,lower,lunat,make,maturing,nflorescence,nther,oblique,oblong,often,orolla,pair,pattern,petiolate,petiolule,plan,reveal,rounded,ruit,sessile,seudostipule,short,slit,specimen,stamen,stigma,tal,tem,testal,thick,throughout,toward,typically,vary,wall,whit,without,yellow,ympodial	3-6-foliate,4-10,anther,arrangement,articulation,bract,branching,colour,ebbrate,form,fruit,growth,hair,height,inflorescence,length,lunate,number,ovary,pore,pseudostipule,shape,stem,structure,sympodial,type,wet,width	0.6-1,0.6-1.5,1-1.5,1-4,1.4-3,1.5-2,10-13,12-35,2-5,2.5-5,3-13,3-5,5-15,5-9,6-10,8-13,8-15,apically,branched,cm,connate,cyme,dark,dehiscent,dichasial,dichasially,distal,globose,green,herbaceous,irregularly,lobed,long,mm,monochasial,mucilaginous,odd-pinnate,ovoid,perennial,perfect,pilose,poricidally,proximal,spot,stellate,straight,stripe,tuber-bearing,white,wide,Â¼	3-6-foliate,4-10,ebbrate,lunate,wet
480	wfo-0001031672	success	157	119	77	94	63	25	76	1	0,0.3-0.5,0.5,0.5-1,0.5-1.5,1,1-10,1-2,1-5,1.5-2,1.5-2.5,1.5-3.5,1.5-5,10-20,15-20,15-50,2-12,4,4.5-5,5-6,6,9-lobed,abaxially,acuminate,acute,adaxially,apex,apiculate,base,beyond,calyx,chartaceous,cm,connective,cordate,cylindrical,densely,diameter,directed,distally,entire,flattened,fleshy,flower,fruit,glabrous,glandular-puberulent,globose,green,greenish-brown,hair,lanceolate,leaf,lobe,lobed,margin,membranaceous,mm,moderately,narrowly,near,obtuse,occasionally,ovate,ovoid,pedicel,peduncle,petiole,pilose,pinnately,pore,puberulent,purple,rachi,radiu,rounded,simple,sparsely,stamen,stellate,stigma,style,subcoriaceous,tip,tree,triangular,truncate,tube,unbranched,unlobed,white,whitish,x,yellow	0-2,1-1.5,1-1.5-2.5,2-28,3-4-foliat,3/4,4-34,4/5,absent,aggregate,apart,ape,articulated,aublet,axe,basal,blade,cell,ciliat,divided,eaf,eed,exceeding,exserted,fide,leaving,lon,long,lower,mature,midrib,nflorescence,nther,often,one,orolla,pedicellar,perfect,pilo,presen,present,pubescent,remant,represented,ruit,shorter,sinus,slightly,small,spaced,stone,tal,tem,thecae,time,toward,truncat,ud,unit,vary,wide,yello,ympodial	anther,articulation,branching,bud,colour,corolla,exsertion,form,growth,height,inflorescence,length,lobing,na,ovary,plant,seed,shape,size,spacing,stem,symmetry,texture,theca,type	0,0.3-0.5,0.5,0.5-1,0.5-1.5,1,1-10,1-2,1-5,1.5-2,1.5-2.5,1.5-3.5,1.5-5,10-20,15-20,15-50,2-12,4,4.5-5,5-6,6,9-lobed,abaxially,acuminate,acute,adaxially,apex,apiculate,base,beyond,chartaceous,cm,cordate,cylindrical,densely,directed,distally,entire,flattened,fleshy,glabrous,glandular-puberulent,globose,green,greenish-brown,lanceolate,lobed,membranaceous,mm,moderately,narrowly,near,obtuse,occasionally,ovate,ovoid,pilose,pinnately,puberulent,purple,rounded,simple,sparsely,stamen,stellate,subcoriaceous,tip,tree,triangular,truncate,unbranched,unlobed,white,whitish,x,yellow	na
481	wfo-0001031684	success	161	90	59	73	88	17	57	2	/4,0.4-1.5,0.5-0.7,0.5-0.8,0.5-1,0.75-1,1-5,2-9,3-3.5,3-30,4-17,acute,along,anther,bark,base,beneath,branched,clavate,cm,corolla,curly,decurrent,difoliate,elliptic,filament,fruiting,geminate,glabrous,globose,green,inflorescence,irregularly,leaf,like,lobed,long,major,minutely,mm,occasionally,older,ovary,ovoid-reniform,pale,papillose,pedicel,persistently,petiole,pore,pubescent,scar,shaped,shrub,size,slightly,small,stem,stigma,style,tan,tear-drop,tipped,tree,trichome,unifoliate,uniseriate,vein,way,white,winged,x,young	.25,.5,.75,0.1,0.7-1,1-1.2,10-100,2,5-7,acuminate,anthesi,apar,apex,bearing,berry,black,borne,calyx,causing,deflexed,densely,denser,dia,differing,drying,eaf,edicel,eed,elongated,except,expanded,exserted,extremely,filiform,flower,free,gre,greatly,internodal,lateral,less,lobe,lon,long-triangular,lower,main,middle,midrib,minor,nflorescence,obconic,one,opposite,pair,papillo,pitted,planar,poricidal,portion,present,previously,pulled,raised,reflexe,reflexed,rest,ruit,short,single,siz,slender,soon,spaced,sparsely,straight,surface,tall,tapering,time,tip,tube,ud,unevenly,unit,varying,widely,widest,ympodial	apart,arrangement,branching,bud,colour,form,fruit,grey,growth,hair,height,length,plant,seed,shape,spacing,texture	/4,0.4-1.5,0.5-0.7,0.5-0.8,0.5-1,0.75-1,1-5,2-9,3-3.5,3-30,4-17,acute,along,base,beneath,branched,clavate,cm,curly,decurrent,difoliate,elliptic,geminate,glabrous,globose,green,irregularly,leaf,like,lobed,long,minutely,mm,occasionally,ovoid-reniform,pale,papillose,persistently,petiole,pubescent,shaped,shrub,slightly,small,stem,tan,tear-drop,tipped,tree,trichome,unifoliate,uniseriate,vein,way,white,winged,x	apart,grey
482	wfo-0001031695	success	183	128	81	102	81	26	78	3	0.5-1,1-2,1-3,1-9,1.5-2,1.5-8,10-35,2-3,2-4,2-5,2.5-5,20-30,3-10,3-17,3-19,3-7,30-40,4-10,4-5,4-6,5,5-20,5-7,6-10,6-20,6-8,?,abruptly,acuminate,aggregate,apex,base,branched,broadened,calyx,campanulate,cell,chartaceous,cm,connective,cordate,dark,deep,diameter,directed,eglandular,ellipsoidal,entire,flattened,fleshy,flower,fruit,glabrous,green,greenish,hair,hard,immature,lanceolate,laterally,lavender,leaf,lilac,lobe,lobed,margin,mm,moderately,mottled,narrowly,oblique,oblong,occasionally,ovate,pedicel,peduncle,petiole,pilose,pilose-hirsute,pore,present,puberulent,pubescent,purple,purplish,rachi,radiu,remnant,shrub,simple,sometimes,stigma,stone,stripe,style,subcoriaceous,tree,triangular,unbranched,unit,x,yellow	0.5-2,1,1/2,1/3,10-15-20,3-4-6,4-foliat,7-10-15,abaxially,acute,adaxially,also,apart,ape,apically,apiculate,articulated,axe,basal,beyond,blade,capitat,color,connivent,cylindrical,d,densely,dilated,divided,eaf,eed,eglandular-pilose,exceeding,exserted,glabrate,glabrescent,glandular-puberulent,lateral,leaving,lon,long,lower,midrib,nflorescence,nther,obtuse,often,orolla,ovoid,pedicellar,perfect,pilo,pilose-hirsut,presen,puberulent-pubescent,ripe,rounded,ruit,shorter,sinus,slight,slightly,small,somewhat,spaced,sparsely,stamen,swelling,tal,tem,thecae,time,tip,tomento,tube,unequal,unknown,unlobed,vary,wide,ympodial	10-20,4-foliate,anther,branching,capitate,colour,corolla,exsertion,form,growth,height,inflorescence,length,number,ovary,plant,seed,shape,spacing,stem,structure,sympodial,texture,theca,type,width	0.5-1,1-2,1-3,1-9,1.5-2,1.5-8,10-35,2-3,2-4,2-5,2.5-5,20-30,3-10,3-17,3-19,3-7,30-40,4-10,4-5,4-6,5,5-20,5-7,6-10,6-20,6-8,?,abruptly,acuminate,branched,broadened,campanulate,chartaceous,cm,cordate,dark,deep,directed,eglandular,ellipsoidal,entire,flattened,fleshy,glabrous,green,greenish,hard,immature,lanceolate,laterally,lavender,lilac,lobed,mm,moderately,mottled,narrowly,oblique,oblong,occasionally,ovate,pilose,pilose-hirsute,present,puberulent,pubescent,purple,purplish,shrub,simple,sometimes,stripe,subcoriaceous,tree,triangular,unbranched,x,yellow	10-20,4-foliate,capitate
483	wfo-0001031698	success	56	58	35	39	17	19	31	4	2-2.5,2.5,2.5-3,4-4.5,bark,base,branch,cm,deflexed,difoliate,dull,elliptic,flattened,fruiting,glabrous,green,incrassate,leaf,margin,minutely,mm,pale,paler,papillae,pedicel,pitted,reddish-brown,reniform,repandly,rugose,shrub,stout,strongly,surface,unit,winged,woody,x,yellowish	ape,decurrent,dia,eaf,eed,fide,geminat,long,maguire,older,otherwise,persistin,stem,tall,wing,ympodial,young	1,apex,colour,diameter,form,geminate,growth,hair,height,length,persistence,persisting,plant,seed,shape,size,structure,sympodial,texture	2-2.5,2.5,2.5-3,4-4.5,base,cm,deflexed,difoliate,dull,elliptic,flattened,glabrous,green,incrassate,minutely,mm,pale,paler,papillae,pitted,reddish-brown,reniform,repandly,rugose,shrub,stout,strongly,winged,woody,x,yellowish	1,apex,geminate,persisting
484	wfo-0001031707	success	178	95	62	79	99	16	60	2	.5,0.5-1,1-1.2,1-1.3,1-1.5,1.5-1.7,1.5-6,16-20,2-3,2-4,2-6,4-5,8-12,80-140,9-15,acuminate,acute,almost,anther,apex,apically,attenuate,axillary,base,basiscopically,berry,brown,calyx,capitate,cm,conical,corolla,densely,diameter,elliptic,enlarged,filament,flattened,flower,fruiting,glabrous,globose,green,greenish,lanceolate,leaf,leaflet,mm,narrowly,oblique,obovate,occasionally,ovary,pair,pedicel,per,petiole,petiolule,pink,pinnate,pointed,poricidal,pubescent,reddish,round,sagittate,simple,slightly,sparsely,stigma,style,tip,trichome,tube,type,uniseriate,vine,white,x	-3,/4,1-3,1.2-1.8,1.2-2,1.5-2,1/3,2,2-10,24,3,4-6,5-10-celled,6-7,abaxially,absent,adaxially,along,anthesi,apical,axil,basal,bearing,c.,cateniform,cell,clavat,climbing,conspicuously,cucullate,dense,distal,distinct,drying,eaf,edicel,eed,endrophilum,epidermal,erect,exserted,flap-like,flat,fleshy,four-lobed,free,high,horizonta,inflorescenc,lateral,less,like,lobe,lobed,lon,long,lower,margin,minutely,narrower,nflorescence,open,papillate,penden,planar,plant,portion,primary,quadrate,quite,raised,regular,rest,ruit,scar,scattered,smaller,smooth,somewhat,spaced,stout,strongly,surface,tem,terminal,ternate,thickening,time,tub,ud,unifoliat,unit,usually,vein,way,white-lenticellate,widely,woody,ympodial	arrangement,cateniforme,clavate,colour,form,fruit,growth,inflorescence,length,number,position,seed,shape,size,stem,texture	.5,0.5-1,1-1.2,1-1.3,1-1.5,1.5-1.7,1.5-6,16-20,2-3,2-4,2-6,4-5,8-12,80-140,9-15,acuminate,acute,almost,apically,attenuate,axillary,base,basiscopically,berry,brown,capitate,cm,conical,densely,elliptic,enlarged,flattened,glabrous,globose,green,greenish,lanceolate,mm,narrowly,oblique,obovate,occasionally,pair,per,pink,pinnate,pointed,poricidal,pubescent,reddish,round,sagittate,simple,slightly,sparsely,tip,uniseriate,vine,white,x	cateniforme,clavate
485	wfo-0001031723	success	218	104	74	88	130	16	74	0	-15,0.4-1-2.5-5,0.6-1,2/3-3/4,4-10-30,4-6,abaxial,abaxially,acuminate,acute,adaxial,anther,apex,base,berry,branching,brown,calyx,chartaceous,cm,conical,connivent,cuneate,dark,drying,dull,entire,equal,evenly,flattened-reniform,flower,fruit,fruiting,glabrescent,glabrous,green,hair,lateral,leaf,length,lobed,margin,marking,maturity,mauve,minute,mm,moderately,multangulate,obtuse,orange,orange-brown,ovate,pale,per,perpendicular,petiole,poricidal,prickle,primary,red,reflexed,rounded,secondary,sessile,shrub,simple,sometimes,sparsely,spherical,stalked,stellate,stellate-pubescent,stem,straight,style,subentire,tapering,terminal,tip,unarmed,way,weakly,white,whitish,yellow,yellow-green,young	-1.5,-6,-8,-merous,0-2,0.05-0.2,0.1-0.2,0.1-0.3,0.1-0.5,0.15,0.2-1,0.4,0.4-0.9,0.4-1,0.55-0.9,0.7-1,0.8-1.5,1-15-45,1-2,1-2-5.5-6.5,1-3,1-3-10,1-5,1-5-40,1.2-2,1.5-10,1.5-2.5,1.5-4-10-16,1/3-1/2,1/6-1/4-1/3-1/2,10-30,2-3.5,2-4-11,2-7,2.5-4.5,2.5-5,2/3,3-15,4-20,4-5,5-9,8-20,acut,alyx,ame,apar,apart,apically,apparently,articulated,ba,bark,blade,branched,brow,c.,curved,deltate,densely,diameter,discolorous,eaf,eed,elongated,elongating,erect,eye,filament,filiform,finely,free,gently,gland,gland-tipped,glandular,gray,herbaceous,inflated,infructescence,lobe,long,longer,lower,mature,midpoint,naked,narrow-deltate,near,nflorescence,older,one,open,orolla,oung,pair,pedicel,peduncle,perfec,pericarp,plurifoliat,porrect,portion,prickly,ray,recurved,ruit,scar,smooth,spaced,spreading,stalk,strongly,surface,tamen,terete,tertiary,time,trichome,tube,unarme,unit,usually,variously,vary,vein,venation,visible,wide,woody,ympodial	colour,corolla,form,growth,heteromorphism,inflorescence,number,orientation,ovary,placement,position,seed,shape,staman,texture,type	-15,0.4-1-2.5-5,0.6-1,2/3-3/4,4-10-30,4-6,abaxially,acuminate,acute,apex,base,berry,brown,chartaceous,cm,conical,connivent,cuneate,dark,drying,dull,entire,equal,evenly,flattened-reniform,glabrescent,glabrous,green,hair,lateral,lobed,marking,maturity,mauve,minute,mm,moderately,multangulate,obtuse,orange,orange-brown,ovate,pale,per,perpendicular,poricidal,primary,red,reflexed,rounded,secondary,sessile,shrub,simple,sometimes,sparsely,spherical,stalked,stellate,stellate-pubescent,stem,straight,subentire,tapering,terminal,tip,unarmed,way,weakly,white,whitish,yellow,yellow-green,young	
486	wfo-0001031729	success	159	115	76	89	70	26	67	9	-2,..,0.5-1,0.5-4,1-1.5,1-2,1.0-1.3,1.5,1.5-2,2-2.5,2-3,2.5-,2.5-5,3-4,3.5-4,5-6,5-7,abruptly,acuminate,anther,apex,apiculate-deltate,attenuate,base,branch,branched,calyx,cell,cm,conical,corolla,darker,deltate,diameter,elliptic,elongate,filament,flattened,flower,fruit,fruiting,glabrous,globose,green,greenish,later,lobe,lobed,markedly,middle,mm,mottling,nearly,obovate,occasionally,outer,outline,ovary,ovate-reniform,pair,pale,papillate,pedicel,peduncle,per,petiole,pink,pointed,purplish,quadrate,reddish,regularly,shrub,sinuate,small,smooth,somewhat,stigma,striate,stripe,surface,tan,testa,time,tube,wall,white,x,young	-0.5,0.5,0.6-1-2.5,1-1.5-2,11-30-45,12-13,3-celled,4.1-16,5-10-20,50,8-9,along,anthesi,apicula,beneath,branc,brittle,brow,c.,cucullate,curve,dark,dry,drying,eaf,edicel,eed,erec,flattened-capitat,glandular,gradually,less,long,lower,membranous,minute,minutely,narrowly,never,nflorescence,noddin,open,papillae,papillose,pericarp,planar,plurifoliat,point,primary,ruit,scar,scattered,short,single,single-stemmed,stem,thin,thing,tip,toward,triangular,trichome,tuft,ud,unit,usually,vein,wand-like,widening,ympodial	0-0.5,0.6-2.5,1,5-20,arrangement,branching,bud,colour,curved,erect,flattened-capitate,form,glabrousnes,growth,height,inflorescence,leaf,length,nodding,number,orientation,plant,plurifoliate,seed,shape,texture	-2,..,0.5-1,0.5-4,1-1.5,1-2,1.0-1.3,1.5,1.5-2,2-2.5,2-3,2.5-,2.5-5,3-4,3.5-4,5-6,5-7,abruptly,acuminate,apiculate-deltate,attenuate,base,branched,cell,cm,conical,darker,deltate,elliptic,elongate,flattened,glabrous,globose,green,greenish,later,lobed,markedly,mm,mottling,nearly,obovate,occasionally,outer,outline,ovate-reniform,pale,papillate,pink,pointed,purplish,quadrate,reddish,regularly,shrub,sinuate,smooth,somewhat,striate,stripe,surface,tan,time,wall,white,x,young	0-0.5,0.6-2.5,1,5-20,curved,erect,flattened-capitate,nodding,plurifoliate
487	wfo-0001031738	success	230	118	85	100	130	18	85	0	0.7-1,0.9-2.1,1-1.8,1.4-1.7,1.5-4,1/2-2/3,1/3,1/4-1/3,2-3-4,3-7,3.5-3.8,3.5-4.5,4-6,5,6-15,7-12.5,8-18,abaxial,abaxially,acute,adaxial,anther,apex,auriculate,bark,base,berry,branched,calyx,cm,connivent,cordate,curved,dark,densely,diameter,dull,elongating,evenly,flattened,flattened-reniform,flower,frequently,fruit,fruiting,glabrescent,gray,green,lateral,leaf,length,lobe,lobed,long,margin,mature,maturity,mm,multangulate,orange,orange-brown,ovate,pale,pedicel,per,petiole,poricidal,porrect,prickle,prickly,shrub,side,simple,small,sometimes,spherical,stalked,stellate,stellate-pubescent,stem,straight,strongly,tapering,terete,terminal,tip,tree,trichome,truncate,unarmed,upper,variously,way,weakly,white,wide,yellow,yellow-green,yellowish,young	-5,-merous,.5,0-15,0-2,0-3,0.1-0.25,0.2-0.3,0.25-0.8,0.3-1,0.7-1.1,1-1.5,1-3,1-4,1.5-2-4-5,1/,1/3-2/3,1/6-1/4,10-15,15-40,2.3-3,20-200,3-4,3-6,4,4-10,4-5,4-8,5-6,5-8,7-12,8-10,8-10-15,acuminat,adaxially,almost,always,alyx,andromonoecious,apar,apart,apically,apparently,articulated,blade,cell,chartaceous,deltate,discolorous,distal,distance,drying,eaf,eed,equal,erect,extending,filament,free,glabrous,held,hermaphrodite,heterostylous,infructescence,inside,lobing,long-styled,longer,lower,lowermost,midpoint,midvein,narrow-deltate,nflorescence,oblong,obovate,often,older,one,open,orolla,oung,outline,pair,peduncle,pericarp,pit,plant,plurifoliat,poorly,portion,prickl,primary,prominent,pubescent,raised,ray,reflexed,resin,rounded,ruit,scar,secondary,sessile,short-styled,shorter,smooth,spaced,sparsely,spreading,stalk,staminat,sticky,stout,style,surface,tamen,tertiary,time,tube,unit,usually,vary,vein,venation,visible,white-brow,woody,yellow-orange,ympodial	branching,colour,corolla,form,growth,hair,inflorescence,number,orientation,ovary,position,seed,shape,size,staman,texture,type,width	0.7-1,0.9-2.1,1-1.8,1.4-1.7,1.5-4,1/2-2/3,1/3,1/4-1/3,2-3-4,3-7,3.5-3.8,3.5-4.5,4-6,5,6-15,7-12.5,8-18,abaxially,acute,auriculate,base,berry,branched,cm,connivent,cordate,curved,dark,densely,diameter,dull,elongating,evenly,flattened,flattened-reniform,frequently,fruit,glabrescent,gray,green,lateral,length,lobe,lobed,long,mature,maturity,mm,multangulate,orange,orange-brown,ovate,pale,per,poricidal,porrect,prickly,shrub,side,simple,small,sometimes,spherical,stalked,stellate,stellate-pubescent,straight,strongly,tapering,terete,terminal,tip,tree,truncate,unarmed,upper,variously,way,weakly,white,wide,yellow,yellow-green,yellowish,young	
488	wfo-0001031752	success	166	140	99	111	55	29	98	1	-10,0.5-1,1,1-3,1-4,1.5-10.5-44,1.5-3.5-6,15-25,15-40-100,2-2.5,2-3,2-5,20-35,3-4,3.5-15-47,3.5-5,5-8,abaxially,acuminate,acute,apart,apex,apiculate,basal,base,calyx,chartaceous,cm,connective,connivent,cuneate,cylindrical,darker,deltate,densely,diameter,directed,distally,ellipsoidal,elliptic,entire,equal,exceeding,flattened,fleshy,flower,fruit,fusiform,glabrate,glabrescent,glabrous,gland,glandular-puberulent,green,immature,lanceolate,leaving,less,light,lobe,long,margin,membranaceous,mm,moderately,near,nearly,oblong,obtuse,often,older,ovate,ovoid,pedicel,pedicellar,peduncle,perfect,petiole,pink,pore,puberulent,pubescent,purplish,rachi,radiu,remnant,ripe,rounded,rugose,shrub,simple,slightly,small,sparsely,stalked,stellate,stigma,stripe,style,subcordate,subcoriaceous,thecae,tip,tree,truncate,unbranched,white,wide,x,yellow,young	-pubescent,0.5-1.5,1-1.5,1-1.5-2.5-3,1-2,1.5-2,1.5-3,3-11.5,3-4-foliat,3-7,5-23,5-6,8-15,9-16,adaxially,aggregate,ape,articulated,axe,beyond,blade,cell,ciliat,ciliate,eaf,eed,exserted,glandular-puberulen,linear,lon,lower,narrowly,nflorescence,nther,olde,orolla,presen,present,purpl,ruit,spaced,stamen,stone,swelling,tal,tem,time,tomentose,triangular,truncat,tube,ud,unit,vary,ympodial	abaxial,adaxial,anther,arrangement,articulation,branching,bud,colour,corolla,direction,form,growth,hair,height,inflorescence,leaf,length,number,ovary,plant,purple,seed,shape,size,spacing,stem,texture,theca,type	-10,0.5-1,1,1-3,1-4,1.5-10.5-44,1.5-3.5-6,15-25,15-40-100,2-2.5,2-3,2-5,20-35,3-4,3.5-15-47,3.5-5,5-8,abaxially,acuminate,acute,apart,apex,apiculate,basal,base,chartaceous,cm,connivent,cuneate,cylindrical,darker,deltate,densely,directed,distally,ellipsoidal,elliptic,entire,equal,exceeding,flattened,fleshy,fruit,fusiform,glabrate,glabrescent,glabrous,gland,glandular-puberulent,green,immature,lanceolate,leaving,less,light,lobe,long,membranaceous,mm,moderately,near,nearly,oblong,obtuse,often,older,ovate,ovoid,pedicellar,perfect,pink,puberulent,pubescent,purplish,remnant,ripe,rounded,rugose,shrub,simple,slightly,small,sparsely,stalked,stellate,stripe,subcordate,subcoriaceous,thecae,tip,tree,truncate,unbranched,white,wide,x,yellow,young	purple
489	wfo-0001031756	success	186	85	58	69	117	16	58	0	-5,.5,/2,0,0.5-1,0.6-1.2,0.8-1,1-3,1.5-2,1.5-3.5,1.8-2.5,2-6,3-7,abaxially,accrescent,anther,apex,base,berry,calyx,chartaceous,cm,color,conical,connivent,densely,diameter,enclosing,evenly,flattened-reniform,flower,fruit,fruiting,fully,glabrous,gray,green,known,leaf,lobed,mature,mauve,mm,moderately,orange-brown,ovate,pale,per,petiole,poricidal,prickle,red-brown,shoot,short,shrub,simple,spherical,stellate-pubescent,stem,straight,style,surface,tapering,terminal,tip,way,white,yellow-green,young	.1,.8,0-1,0-2,0-5,0.02-0.2,0.1,0.15-0.25,0.2,0.4-1.6,0.5-1.3,0.6-1.6,0.7-1.7,00,1-1.8,1-2,1-4,1/2,1/3,10,3-15,3-5,4-5,4.5,5-merous,6-9,7-10,9-14,acut,alyx,apar,apart,apically,apparently,articulated,bark,blade,branched,broad-deltate,concolorous,cordate,curved,deltate,drying,eaf,eed,elongating,entire,equal,erect,eye,filament,finely,free,glabrescent,glabrou,herbaceous,inflated,infructescence,invested,lobe,long,longer,lower,margin,midpoint,naked,nflorescence,older,one,open,orolla,oung,pair,pedicel,peduncle,pendulous,perfec,pericarp,perpendicular,pitted,plurifoliat,porrect,portion,prickl,prickly,primary,ray,rounded,ruit,scandent,scar,sessile,shorter,slender,small,smooth,spaced,sparsely,spreading,stalk,stalked,stellate,tamen,terete,time,trichome,truncate,tube,unarmed,unit,variously,vary,vein,visible,wide,ympodial	colour,corolla,form,growth,hair,inflorescence,length,number,ovary,position,seed,shape,staman,texture,type,width	-5,.5,/2,0,0.5-1,0.6-1.2,0.8-1,1-3,1.5-2,1.5-3.5,1.8-2.5,2-6,3-7,abaxially,accrescent,apex,base,berry,chartaceous,cm,color,conical,connivent,densely,enclosing,evenly,flattened-reniform,fruit,fully,glabrous,gray,green,known,lobed,mature,mauve,mm,moderately,orange-brown,ovate,pale,poricidal,red-brown,shoot,short,shrub,simple,spherical,stellate-pubescent,straight,surface,tapering,terminal,tip,way,white,yellow-green,young	
490	wfo-0001031786	success	207	72	43	49	158	23	40	3	0-20,0.2-2.5,2-8,6-8,anther,berry,branched,calyx,chartaceous,cm,deep,elliptic,elongating,equal,flattened-reniform,flower,fruit,fruiting,glabrous,herb,lateral,leaf,length,lobed,long,lower,margin,mauve,membranous,mm,orange,ovate,pale,per,petiole,poricidal,prickle,red,shrub,simple,sparsely,spherical,stellate-pubescent,stem,surface,tapering,tip,white,yellow-orange	.4,.5,/2,/3,0-2,0-3,0-5,0.1,0.1-0.4,0.2-0.3,0.25-0.5,0.5-1.5,0.7-1,0.7-1.6,0.7-4,0.8,0.8-1.2,1,1-2,1-3,1-4,1-6,1.2-1.6,1.5-1.9,1.5-2.5,1/3-1/2,2-13,2-3,2-7,2.5-3.5,3-4,3-5.5,4-5,5-7,5-merous,8-12,abaxially,acut,acute,almost,alyx,ame,apar,apart,apex,apically,apparently,articulated,bark,base,becoming,blade,c.,cell,clavat,concolorous,connivent,cuneate,curved,dark,deltate,densely,diameter,distance,drying,eaf,eed,erect,evenly,extending,eye,filament,filiform,flattened,free,glabrescent,gray,gray-brow,green,herbaceous,inconspicuous,infructescence,lobe,lon,longer,mature,maturity,midpoint,midvein,minute,naked,nflorescence,obtuse,older,one,open,orange-brown,orolla,oung,outline,pair,pedicel,peduncle,pendulous,perfec,pericarp,pit,plurifoliat,porrect,portion,prickl,prickly,primary,raised,ray,red-brown,reflexed,rounded,ruit,scandent,scar,sessile,shiny,shorter,side,slightly,small,smooth,sometimes,spaced,spreading,stalk,stalked,stellate,stigma,straight,style,tamen,terete,tertiary,thick,time,trichome,truncate,tube,unarmed,unit,variously,vary,vein,venation,visible,way,weakly,wide,woody,ympodial,young	abaxial,adaxial,branching,colour,corolla,form,growth,hair,heteromorphism,inflorescence,na,needle-like,number,orientation,placement,position,seed,shape,staman,symmetry,texture,type,zygomorphy	0-20,0.2-2.5,2-8,6-8,berry,branched,chartaceous,cm,deep,elliptic,elongating,equal,flattened-reniform,glabrous,herb,lateral,leaf,lobed,long,lower,mauve,membranous,mm,orange,ovate,pale,per,poricidal,red,shrub,simple,sparsely,spherical,stellate-pubescent,stem,surface,tapering,tip,white,yellow-orange	na,needle-like,zygomorphy
491	wfo-0001031793	success	188	50	28	35	153	15	27	1	-4,.5,2-3,accrescent,aging,almost,anther,berry,black,branched,broadly,brownish,calyx,evident,filament,fruit,fruiting,globose,hair,mm,oblong-lanceolate,orange-yellow,orbicular-ovate,pore,porocidal,reticulation,scarcely,shrub,small,sparsely,stellate,tree,white,yellow,yellow-brown	0,1,1-1.5,1-2,1-3,1-8,1.5-2,1.5-4,1/3,1/4,1/5,10-15,13-20,15-20,2-5,20,26,3-4,3-8,3/4,4,40,5-merous,7,8-11,absent,abundant,acumen,acuminate,acute,adult,alyx,apex,apparently,armed,articulated,aspect,axe,ba,base,bilobe,blade,branche,broad,brown,capitate,central,chartaceous,cm,cuneate,cut,densely,diameter,difoliate,distal,eaf,eed,elliptic,elongatin,erec,erect,extra-axillary,extreme,ferrugineous,flattened,flower,forked,geminat,general,glandular,homostylou,inflorescence,interpetalar,larger,leaf,linear,lobe,lobing,lon,long,lower,main,many,margin,maturing,midpoint,midrib,minutely,mostly,mucilaginous,nflorescence,oblique,obtuse,often,older,orolla,ovate,pedicel,peduncle,per,perfect,petiole,porrect,prickle,principal,pubescent,rachi,reddish,reduced,rounded,ruit,rusty,scattered,sessile,shallow,side,similar,simple,single,sinus,size,smaller,stellate-pubescen,stellate-pubescent,stem,stigma,stipitate,stout,style,surface,tall,tamen,tem,testa,thickened,tip,tissue,triangular,triangular-acuminat,trichome,tube,unarmed,unbranched,unit,upward,usually,uvenile,vary,way,well-developed,woody,x,ympodial	branching,colour,connective,corolla,form,growth,height,length,pattern,plant,seed,shape,symmetry,type,zygomorphy	-4,.5,2-3,accrescent,aging,almost,berry,black,branched,broadly,brownish,evident,globose,mm,oblong-lanceolate,orange-yellow,orbicular-ovate,porocidal,scarcely,shrub,small,sparsely,stellate,tree,white,yellow,yellow-brown	zygomorphy
492	wfo-0001031829	success	138	80	47	68	70	12	47	0	.25,.5,0.5-2.1,0.7-1,1-2,1.5-2,1.5-2.5,1.5-3.5,1.5-4.5,2-4,3/4,4-4.5,4-8.5,abaxially,adaxially,anther,anthesi,base,berry,broadly,calyx,capitate,cm,conical,corolla,crystalline,densely,epidermi,erect,filament,fruiting,globose,green,growth,inflorescence,large-celled,leaf,leathery,lobed,long,margin,minor,minutely,mm,opposite,ovary,papillose,pedicel,petiole,pore,pubescent,revolute,shaped,shrub,simple,size,somewhat,sparsely,stigma,style,tear-drop,thick,trichome,tube,uniseriate,way,white,x	1,1.3-1.5,3-5-flowered,7-10,absent,acute,adaxial,along,ape,apex,apiculae,bae,bark,branched,deflexed,denser,dia,differing,difoliate,drying,eaf,edicel,eed,elliptic,exserted,free,geminat,glabrat,glabrous,greenish-brown,immature,known,lateral,like,lobe,lon,lower,main,major,minute,nflorescence,occasionally,often,older,overlappin,packed,pair,papillo,planar,poricidal,portion,quadrate,ruit,scar,soft,stem,surface,tall,tapering,tip,tub,tuft,ud,unit,vein,waxy,woody,yellowish,ympodial,young	colour,form,fruit,hair,height,length,orientation,plant,position,shape,texture,type	.25,.5,0.5-2.1,0.7-1,1-2,1.5-2,1.5-2.5,1.5-3.5,1.5-4.5,2-4,3/4,4-4.5,4-8.5,base,berry,broadly,capitate,cm,conical,crystalline,densely,erect,globose,green,large-celled,leaf,leathery,lobed,long,minutely,mm,opposite,papillose,pubescent,revolute,shaped,shrub,simple,somewhat,sparsely,tear-drop,thick,trichome,uniseriate,way,white,x	
493	wfo-0001031832	success	232	156	113	130	102	26	109	4	0.1-0.3,0.2-1.5,0.3-0.8,0.3-3,0.7-1.5,0.7-1.6,0.7-2,0.8-1.2,1-12,1.2-1.6,1.2-2,1/2-3/4,14,2-3.6,2-4,2-6,2.5-6.5,3-6.5,3-7,4-20,4-7,5-21,5.5-10,8-25,9,abaxially,adaxially,anther,apart,apical-lateral,bark,base,blunt-tipped,branch,branched,brown,brownish,bud,bullate,calyx,cm,conical,connate,corolla,dark,dehiscing,deltoid,diameter,evident,exserted,extend,ferrugineous,few-rayed,filament,flower,fruit,glabrescent,globose,granular-tomentose,green,greenish,growth,hair,honeycombed,introrse,lanceolate,large,leaf,length,line,lobed,longitudinal,minute,mixed,mm,mostly,multangulate,oblanceolate,oblong,occasionally,pale,pedicel,peduncle,petiole,pitted,pore,porrect-stellate,probably,pubescence,pubescent,rachi,rather,reniform,reticulate-punctate,ripe,rotate-stellate,rough,scabrous,sessile,short-,short-stalked,shrub,simple,slit,smooth,sometimes,soon,spaced,sparingly,sparse,splitting,stamen,stellate-pubescent,stigma,style,suborbicular,suture,terete,testa,thick-stalked,time,tree,violet,way,white,whitish,x,yellow,yellowish,young	-8,.5-1,/50-1/10,0-150,0.2-0.6,1.1-2.4,1.2-2.5,1.3-4.2,1.5-4,1.7-4,1.8-4,2.8-4.8,3.5-7,7-10,accrescent,acuminate,acute,ag,anthesi,apex,apice,apparently,articulated,attenuate,axe,axillary,ba,basal,becoming,berry,blade,blister,capitat,chartaceous,closely,continued,decurrent,directed,due,eaf,eed,entire,fleshy,forming,free,fruiting,glabrescen,glabrous,half,high,indument,inserted,lackin,lateral,lobe,long,long-,longer,lower,m.,main,margin,midvein,nearly,nflorescence,obovoid,obtuse,older,orbicular,orolla,ovate,partly,perfect,persistent,plurifoliate,porrect-stellat,ray,relatively,ruit,runk,side,somewhat,stem,stipitate-glandular,subcampanulate,surface,swelling,tamen,terminal,thick,toward,translucent,tube,unarme,unarmed,unit,usually,vary,vein,weakly,wide,ympodial	20-150,age,arrangement,branching,capitate,colour,connation,dehiscence,form,height,inflorescence,lobing,number,ovary,plant,seed,shape,size,spacing,sparing,staman,texture,thicknes,trunk,type,width	0.1-0.3,0.2-1.5,0.3-0.8,0.3-3,0.7-1.5,0.7-1.6,0.7-2,0.8-1.2,1-12,1.2-1.6,1.2-2,1/2-3/4,14,2-3.6,2-4,2-6,2.5-6.5,3-6.5,3-7,4-20,4-7,5-21,5.5-10,8-25,9,apart,apical-lateral,base,blunt-tipped,branched,brown,brownish,bud,bullate,cm,conical,connate,dark,dehiscing,deltoid,diameter,evident,exserted,extend,ferrugineous,few-rayed,glabrescent,globose,granular-tomentose,green,greenish,hair,honeycombed,introrse,lanceolate,large,line,lobed,longitudinal,minute,mixed,mm,mostly,multangulate,oblanceolate,oblong,occasionally,pale,pitted,pore,porrect-stellate,probably,pubescent,rather,reniform,reticulate-punctate,ripe,rotate-stellate,rough,scabrous,sessile,short-,short-stalked,shrub,simple,slit,smooth,sometimes,soon,spaced,sparingly,sparse,splitting,stamen,stellate-pubescent,suborbicular,suture,terete,thick-stalked,time,tree,violet,way,white,whitish,x,yellow,yellowish,young	20-150,age,capitate,sparing
494	wfo-0001031834	success	150	132	90	110	40	22	88	2	.5,0.5,0.5-1,0.5-3,0.5-3.5,0.6-1.4,0.8-1,0.8-1.3,0.9-1.4,1,1.5,1.5-4,1.6-2,1.9-6.5,2.9-7,2/3,6-7,6.5-14,across,acuminate,acute,anther,anthesi,apex,apically,attenuate,base,calyx,campanulate,cm,corolla,deciduous,decurrent,deflexed,deltoid,depression,dia,difoliate,expanded,filament,flattened-reniform,fruit,fruiting,glabrous,globose,green,greenish-yellow,hooked,incrassate,lamina,leaf,less,lobe,lobed,long,lower,major,margin,middle,minor,minute,minutely,mm,opposite,ovary,ovate,pale,papillose,pedicel,petiole,pitted,planar,pore,proximal,pubescent,scabrous,scar,shaped,short,shrub,simple,slender,slightly,small,soon,sparsely,stem,stigma,straight,style,surface,tan,tapering,tear-drop,tip,trichome,tube,tufted,uniseriate,unit,upper,usually,vein,way,white,widest,woody,x,yellow,young	accrescent,apar,apiculate,appear,berry,bi-cellular,borne,covered,deciduou,eaf,edicel,eed,eye,few-flowered,free,geminat,glabrou,hook,larger,leaving,like,lon,markedly,mound-like,multicellular,naked,nflorescence,often,papillo,persistent,poricidal,portion,ruit,spaced,speck,tall,ud,unevenly,uni-,ympodial	apart,branching,bud,colour,form,geminate,growth,hair,height,inflorescence,length,placement,plant,position,seed,shape,size,spacing,structure,sympodial,texture,width	.5,0.5,0.5-1,0.5-3,0.5-3.5,0.6-1.4,0.8-1,0.8-1.3,0.9-1.4,1,1.5,1.5-4,1.6-2,1.9-6.5,2.9-7,2/3,6-7,6.5-14,across,acuminate,acute,anthesi,apically,attenuate,base,calyx,campanulate,cm,deciduous,decurrent,deflexed,deltoid,depression,dia,difoliate,expanded,flattened-reniform,glabrous,globose,green,greenish-yellow,hooked,incrassate,lamina,leaf,less,lobe,lobed,long,middle,minute,minutely,mm,opposite,ovate,pale,papillose,petiole,pitted,planar,proximal,pubescent,scabrous,shaped,short,shrub,simple,slender,slightly,small,soon,sparsely,straight,tan,tapering,tear-drop,trichome,tube,tufted,uniseriate,usually,vein,way,white,widest,woody,x,yellow	apart,geminate
495	wfo-0001031842	success	161	90	53	70	91	20	52	1	0.1-0.5,0.5-1,0.5-2,0.6-1,1-1.5,1-1.8,1-3.5,1.5-2,10-20,2-10,2-3,2.5-3,2.5-6,3-8,4.5-6,7-9,9-15,acute,anther,apart,apex,attenuate,base,bi-lobed,brown,capitate,cm,corolla,cup-shaped,dark,deeply,dry,ellipsoid,elliptic,filament,flattened-reniform,fruiting,glabrous,globose,green,incrassate,later,leaf,margin,minor,mm,opposite,ovary,paler,pedicel,petiole,pitted,pore,scar,shaped,shiny,shrub,size,specimen,stem,stigma,strongly,style,surface,tear-drop,terminal,tree,white,x,young	.1,.4,.5,.75,0.7-1,1,10-12,10-30-flowered,3/4,anthesi,axil,ba,bark,bearing,beginning,beneath,berry,calyx,cusp,decurrent,deflexed,densely,dia,differing,difoliate,eaf,edicel,eed,exserte,exsertion,free,geminat,inflorescenc,irregularly,lateral,leaf-opposed,lobe,lobed,lon,long,lower,main,major,middle,minutely,near,new,nflorescence,often,older,one,onto,overtopping,pair,pale,papillo,papillose,poricidal,portion,prominent,pubescent,quadrate,reddish,reddish-resinous,reflexed,ruit,shoot,simple,slender,somewhat,soon,spaced,sparsely,straight,tall,tapering,time,tip,trichome,tube,tuft,ud,uniseriate,unit,vein,way,widest,woody,yellowish,yellowish-whit,ympodial	10-30,bud,colour,diameter,flower,form,fruit,glabrousnes,growth,height,inflorescence,length,number,plant,position,seed,shape,spacing,texture,width	0.1-0.5,0.5-1,0.5-2,0.6-1,1-1.5,1-1.8,1-3.5,1.5-2,10-20,2-10,2-3,2.5-3,2.5-6,3-8,4.5-6,7-9,9-15,acute,apart,attenuate,bi-lobed,brown,capitate,cm,cup-shaped,dark,deeply,dry,ellipsoid,elliptic,flattened-reniform,glabrous,globose,green,incrassate,later,leaf,mm,opposite,paler,pitted,shaped,shiny,shrub,specimen,strongly,tear-drop,terminal,tree,white,x,young	10-30
496	wfo-0001031843	success	245	160	113	136	109	24	110	3	.5,0-4,0.5-1,0.5-1.5,0.6-1.2,0.7-2,0.8-2,1-7,1.2-2,1.2-2.2,1.5,1/6-1/4,2-3,2.5,3-4,4-12,6-9,abaxially,adaxially,almost,along,anther,anthesi,apically,appressed,attenuate,bark,basal,base,berry,black,branch,branched,branching,brown,calyx,canaliculate,capitate,cm,completely,conical,corolla,cupular,curved,dark,deeply,diameter,dilated,discoid,distributed,drying,dull,equal,erect,evenly,filament,fine,finely,flat,glabrous,green,honeycomb,leaf,length,liana,lobed,long,longitudinally,main,margin,midvein,mm,multiseriate,network,oblique,oblong,obovate,orange,orange-brown,orange-yellow,pair,part,partly,pattern,pedicel,peduncle,pericarp,petiole,pitted,pore,poricidal,primary,prominent,pubescent,raised,rarely,red,reddish,ridged,scar,seed,shallowly,shiny,shortly,shrub,side,simple,slender,slightly,smooth,sometimes,sparsely,spheroidal,stem,stigma,straight,stump,style,surface,terminal,tertiary,thick-chartaceous,thin,tip,trichome,tube,twice,unarmed,unit,vein,venation,violet,visible,white,x,young	.2,.3,.6,0.2-2,0.4-0.5,0.7-1.2,1-2,1.5-2,1.8-2.5,1mm,2-4,3-7,45-60Â°,5-10,5-12,accrescent,acuminate,age,always,alyx,apar,apex,apice,apparently,around,articulated,becoming,broadly,caudate,clearly,collapsing,cuspidate,delineated,deltoid,dendritic,density,detaching,discolorous,domatia,eaf,eed,ellipsoi,entire,even,eye,fertilisation,flexuous,flower,forming,free,fruiting,hand,inner,largely,leave,len,lengthening,lignified,like,lobe,loop,looping,lower,m.,much,naked,never,nflorescence,nther,obscure,older,opening,orolla,outline,ovate,papillo,pendulous,perfec,pit,plurifoliat,portion,present,pronounced,protruding,rachi,recurve,reveal,ribbed,rounded,ruit,see,sinus,small,smaller,soon,spreading,strongly,surfac,tearing,thickened,tuft,ud,variable,vary,weakly,wide,wider,without,ympodial	apart,arming,arrangement,articulation,colour,form,fruit,glabrousnes,growth,inflorescence,lobing,number,ovary,papillose,plurifoliate,position,shape,size,spacing,structure,sympodial,texture,thicknes,type	.5,0-4,0.5-1,0.5-1.5,0.6-1.2,0.7-2,0.8-2,1-7,1.2-2,1.2-2.2,1.5,1/6-1/4,2-3,2.5,3-4,4-12,6-9,abaxially,adaxially,almost,along,anthesi,apically,appressed,attenuate,basal,base,berry,black,branch,branched,brown,canaliculate,capitate,cm,completely,conical,corolla,cupular,curved,dark,deeply,dilated,discoid,distributed,drying,dull,equal,erect,evenly,fine,finely,flat,glabrous,green,honeycomb,length,liana,lobed,long,longitudinally,mm,multiseriate,network,oblique,oblong,obovate,orange,orange-brown,orange-yellow,pair,part,partly,pattern,peduncle,pitted,poricidal,prominent,pubescent,raised,rarely,red,reddish,ridged,shallowly,shiny,shortly,shrub,side,simple,slender,slightly,smooth,sometimes,sparsely,spheroidal,straight,stump,terminal,thick-chartaceous,thin,tip,twice,unarmed,vein,violet,visible,white,x,young	apart,papillose,plurifoliate
497	wfo-0001031852	success	152	96	56	66	86	30	48	8	0.1-1,1-4,1-4.2,1-9,1.3-2.5,1.4-3,2-5.5,2.6-9.5,3-9,3.5-10,4-10,4-6,5-15,9-11,apical,branched,calyx,cm,conical,connate,corolla,cyme,dehiscent,diameter,dichasially,distal,elliptic,filament,flower,green,green-white,herbaceous,interjected,introrse,lanceolate,lateral,leaf,leaflet,light,maturing,mm,oblong,odd-pinnate,often,ovate-elliptic,ovoid,pedicel,peduncle,perennial,perfect,petiole,plant,proximal,pubescent,seed,short,size,slit,stellate,style,terminal,throughout,tuber-bearing,unit,white,Â¼	0.5-1.3,0.5-3,1-2-3,1.5-3,2-3,3-4,3-6-foliat,4-4-5-8,7-12-35,abaxially,abruptly,absen,acumen,acuminate,acute,adaxially,apex,apically,apiculate,articulate,attenuate,base,cell,covering,decurrent,dichasial,digestion,diminishing,dorsally,eaf,ebracteate,edge,eed,elliptic-lanceolate,emoval,enzyme,exceeding,flat,folded,forked,generally,globo,hair-like,half,honeycomb,living,lobe,lon,long,lower,lunat,make,monochasial,mucilaginous,nflorescence,nther,oblique,orolla,pair,pattern,plan,poricidally,rachi,reveal,ruit,sessile,seudostipule,shortly,specimen,stamen,stigma,straight,tal,tem,testal,thick,throughou,toward,typically,vary,wall,white-crea,wide,without,yellow,ympodial	-8,12-35,3-6-foliate,4-5,absent,anther,apicidally,arrangement,articulation,branching,colour,form,fruit,growth,height,inflorescence,length,lunate,number,ovary,pore,pseudostipule,shape,stem,structure,sympodial,texture,type,white-cream,width	0.1-1,1-4,1-4.2,1-9,1.3-2.5,1.4-3,2-5.5,2.6-9.5,3-9,3.5-10,4-10,4-6,5-15,9-11,apical,branched,cm,conical,connate,cyme,dehiscent,dichasially,distal,elliptic,green,green-white,herbaceous,introrse,lanceolate,light,maturing,mm,oblong,odd-pinnate,often,ovate-elliptic,ovoid,perennial,perfect,proximal,pubescent,short,slit,stellate,throughout,tuber-bearing,white,Â¼	-8,12-35,3-6-foliate,4-5,absent,apicidally,lunate,white-cream
498	wfo-0001031864	success	140	108	70	83	57	25	67	3	.2,.25,.5,0.2-0.5,0.5-13.5,0.5-4,0.7-0.8,0.8-1,1-1.2,1-1.8,1-2,1-5,1-6.5,1.2-1.5,1.5-10,1.5-2.5,15-60,2.5-6,3-3.5,3-pinnate,5-merous,7.5-8,abaxially,acute,adaxially,anther,apex,blade,calyx,chartaceous,ciliate,clavate,cm,deltoid,dense,diameter,entire,extra-axillary,filament,fine,flattened,fleshy,flower,fruit,glabrous,hair,lenticular,like,lobe,long,margin,middle,mm,near,ovoid-deltoid,papillose,pedicel,peduncle,petiole,pointed,pubescence,pubescent,rachi,rotate,scattered,short,slender,slightly,sparsely,stem,stigma,style,surface,tip,trichome,tube,unbranched,unknown,vine,violet,wide-diameter,widely,x	0.4-3,0.6-3.5,0.6-4,1-3,1.5,2,2-3,5-15,5-9,accrescent,acuminate,alyx,apar,apical,apiculate,axe,base,berry,c.,capitat,color,cuneate,densely,eaf,eed,emarginate,fruiting,glabrou,herbaceous,lateral,leaflet,lon,lower,m.,minutely,moderately,nflorescence,nternode,oblique,orolla,perfec,petiolule,plurifoliat,pubescenc,rounded,ruit,sand-punctate,spaced,tamen,tem,terrestria,truncate,typical,unit,vary,vein,ympodial	abaxial,adaxial,branching,capitate,colour,corolla,form,growth,habit,inflorescence,internode,leaf,length,merosity,ovary,perfect,plant,position,seed,shape,size,staman,terrestrial,texture,type	.2,.25,.5,0.2-0.5,0.5-13.5,0.5-4,0.7-0.8,0.8-1,1-1.2,1-1.8,1-2,1-5,1-6.5,1.2-1.5,1.5-10,1.5-2.5,15-60,2.5-6,3-3.5,3-pinnate,5-merous,7.5-8,abaxially,acute,adaxially,apex,chartaceous,ciliate,clavate,cm,deltoid,dense,diameter,entire,extra-axillary,fine,flattened,fleshy,glabrous,hair,lenticular,like,long,middle,mm,near,ovoid-deltoid,papillose,pointed,pubescence,pubescent,rotate,scattered,short,slender,slightly,sparsely,stem,tip,trichome,unbranched,unknown,vine,violet,wide-diameter,widely,x	capitate,perfect,terrestrial
499	wfo-0001031864	success	148	106	73	85	63	21	70	3	.2,.25,.5,0.5-13.5,0.5-4,1-1.2,1-1.8,1-2,1-3,1-5,1-6.5,1.5-2.5,15-60,2.5-6,3-3.5,3-5-celled,3-pinnate,7.5-8,abaxially,absent,adaxially,anther,basally,blade,blue-purple,calyx,center,ciliate,clavate,cm,cordate,dense,densely,diameter,directed,distally,entire,equal,extra-axillary,filament,fine,fleshy,flower,glabrous,hair,herb,interjected,large,leaflet,lenticular,long,longitudinal,margin,mm,near,oblong,opening,papillose,pedicel,peduncle,perfect,pore,pubescence,pubescent,rachi,rotate,scattered,short,simple,slender,slit,somewhat,sparsely,stigma,style,surface,terrestrial,thick,tip,unbranched,uniseriate,unknown,widely,woody,x	0.4-3,0.6-3.5,0.6-4,1.2-1.5,1.5,2,2-3,5-15,5-9,5-merou,accrescent,acuminate,acute,ag,alyx,apart,apex,apical,apiculate,apparently,articulated,axe,ba,base,capitat,color,connivent,cuneate,deltoid,eaf,eed,emarginate,etiole,fruit,fruiting,geminat,lateral,lobe,lower,m.,minutely,nflorescence,node,oblique,orolla,petiolule,plurifoliate,pubescenc,rooting,rounded,slightly,spaced,tamen,tem,trailing,truncate,tube,unit,vary,weakly,wiry,yellow,ympodial	5-merous,abaxial,adaxial,age,capitate,colour,corolla,form,growth,inflorescence,leaf,length,ovary,petiole,seed,shape,size,staman,stem,texture,type	.2,.25,.5,0.5-13.5,0.5-4,1-1.2,1-1.8,1-2,1-3,1-5,1-6.5,1.5-2.5,15-60,2.5-6,3-3.5,3-5-celled,3-pinnate,7.5-8,abaxially,absent,adaxially,basally,blue-purple,center,ciliate,clavate,cm,cordate,dense,densely,diameter,directed,distally,entire,equal,extra-axillary,fine,fleshy,glabrous,hair,herb,large,lenticular,long,longitudinal,mm,near,oblong,opening,papillose,perfect,pubescence,pubescent,rotate,scattered,short,simple,slender,slit,somewhat,sparsely,terrestrial,thick,tip,unbranched,uniseriate,unknown,widely,woody,x	5-merous,age,capitate
500	wfo-0001031871	success	185	146	104	124	61	22	101	3	0.4-2,0.6-1.2,1-2,1.5-11,1.5-2,1.5-2.1,1.6-2.7,14-22,2-3,2-4,3-10,3-4,3-5,3.5-4,33-40,36-44,4-6,4-7,5.4-12.3,6-12,6-7,6.5-20.5,7-9,7.5-23,abaxially,acumen,adaxially,anther,apart,articulated,blade,brownish,cell,chartaceous,clavate,cm,condition,connivent,corolla,dark,deep,diameter,digestion,distal,dorsally,dot,drying,edge,elliptic,end,enzyme,filament,flat,flower,folded,forked,fresh,fruit,generally,glabrous,globose,green,greenish,hair,half,herb,high,homostylous,honeycomb-shaped,interjected,lanceolate,lateral,leaflet,lengthening,linear,lobe,long,medium,mm,mottled,narrowly,odd-pinnate,one,orbicular,ovate,ovoid,pair,pedicel,peduncle,petiole,placed,plant,pore,poricidal,pubescent,purple,removed,ripe,rotate,seed,sessile,short,size,slit,stigma,straight,style,subequal,subglabrous,terminal,testal,tiny,tip,tube,tuber,typically,usually,wall,white,whitish,wide,winged,x,yellow	1.4-2.1,2.9-6,5-merou,acute,adaxiall,ag,alyx,apex,apparently,asymmetric,attenuate,axe,axillary,base,basiscopic,berry,bud,capitat,covering,eaf,eed,erec,exceeding,geminat,glabrou,green-white,hair-like,hal,living,lower,make,mucilaginous,nflorescence,orolla,perfect,petiolulate,plurifoliate,round,rounded,ruit,seudostipule,side,sometimes,spaced,specimen,stamen,stolo,subglabrou,subtending,symmetric,tall,tamen,tem,thick,throughout,tissue,tri-,unit,vary,wet,ympodial	age,arrangement,articulation,branching,calyx,capitate,colour,form,growth,height,inflorescence,leaf,length,number,ovary,placement,pseudostipule,shape,spacing,stem,stolon,texture	0.4-2,0.6-1.2,1-2,1.5-11,1.5-2,1.5-2.1,1.6-2.7,14-22,2-3,2-4,3-10,3-4,3-5,3.5-4,33-40,36-44,4-6,4-7,5.4-12.3,6-12,6-7,6.5-20.5,7-9,7.5-23,abaxially,acumen,adaxially,apart,articulated,brownish,chartaceous,clavate,cm,condition,connivent,dark,deep,digestion,distal,dorsally,dot,drying,elliptic,end,enzyme,flat,folded,forked,fresh,generally,glabrous,globose,green,greenish,hair,half,herb,high,homostylous,honeycomb-shaped,lanceolate,lateral,lengthening,linear,long,medium,mm,mottled,narrowly,odd-pinnate,one,orbicular,ovate,ovoid,placed,plant,pore,poricidal,pubescent,purple,removed,ripe,rotate,sessile,short,size,slit,straight,subequal,subglabrous,tiny,tip,typically,usually,wall,white,whitish,wide,winged,x,yellow	age,capitate,stolon
501	wfo-0001031876	success	140	71	43	56	84	15	43	0	.1,.5,0-flowered,0.5,0.8-1,1,1-1.5,1-1.6,1.5-2.2,27-35,9-15,acute,anther,apex,base,beneath,bright,calyx,cm,corolla,decurrent,elliptic,filament,flower,fruiting,glabrous,globose,granular,green,greenish-yellow,leaf,less,lobed,long-acuminate,minutely,mm,nearly,oblanceolate,oblique,opposite,ovary,papillose,pedicel,petiole,poricidal,prominent,raised,shrub,slightly,stigma,style,tip,tube,venation,white,yellow	1-4,3,5,?,across,anthesi,apiculate,arc,arising,ba,bark,bearing,berry,closely,convergence,corky,cup-like,dia,differing,eaf,edicel,eed,erect,family,free,glabrou,immature,irregularity,known,lateral,lenticellat,lightly,lobe,long,lower,main,major,margin,melastomataceae,member,middle,minute,nflorescence,often,otherwise,overlappin,pair,parallel,perpendicular,persistent,point,pore,portion,present,primary,recurved,reflexed,resemble,ruit,running,scar,secondary,shaped,simple,slender,spaced,stem,straight,styl,tall,tapering,tear-drop,time,ud,unifoliat,unit,vein,wide,widest,winged,woody,x,ympodial,young	colour,diameter,form,fruit,growth,height,inflorescence,length,modification,number,plant,position,shape,texture,width	.1,.5,0-flowered,0.5,0.8-1,1,1-1.5,1-1.6,1.5-2.2,27-35,9-15,acute,base,beneath,bright,cm,decurrent,elliptic,glabrous,globose,granular,green,greenish-yellow,leaf,less,lobed,long-acuminate,minutely,mm,nearly,oblanceolate,oblique,opposite,papillose,petiole,poricidal,prominent,raised,shrub,slightly,tip,white,yellow	
502	wfo-0001031877	invalid_json	213	134	NA	113	100	21	NA	NA	+,.5,0.3-1,0.3-1-3.5,0.3-1.2,0.5,0.5-1,0.6-1.2,1-1.5,1-3,1-4,1.1-1.8-5,1.5,1.5-1.9,2-6-10,2.5,3.5-4,6-8,acuminate,acute,adaxially,angled,anther,apex,articulated,basally,base,berry,bright,brown,capitate,cell,clavate,cm,corolla,deep,deltate,densely,diameter,ellipsoid,ellipsoidal,entire,exposed,filament,flattened,flower,fruit,fruiting,glabrous,globose,greenish,growth,hastate,later,lateral,lengthening,line,lobed,margin,mature,minute,minutely,mm,nearly,new,outline,pale,pedicel,peduncle,per,perfect,petiole,pitted,plump,pore,poricidal,prominently,pubescent,purple,red,reddish,reniform,ripe,scar,scrambler,seed,short,silky,simple,sleeve,slightly,slit,somewhat,sparsely,stellate,stem,stigma,style,surface,terminal,testal,tinged,tip,triangular,trichome,tube,uniseriate,usually,vine,wall,weak,white,x	.3,0.2,0.8-0.9,1,1.5-2,2,3-5,3-6,5-merou,abaxially,abruptly,adaxiall,ag,along,alyx,anthesi,apar,apparently,ark,ascending,basal,calyx,conical,connivent,deflexed,distal,dried,eaf,eed,enlarged,erect,especially,exserted,eye,fleshy,free,furcate,green,ilament,impressed,internal,irregularly,lamina,like,linear,lobe,long,long-acuminate,loosely,lower,material,midvein,nflorescence,occasionally,often,older,orolla,pair,papillate,papillo,parallel,part,pericarp,plant,plurifoliat,pointing,portion,primary,pubescence,purplish,rectangular,reflexed,rest,rounded,ruit,semi-woody,shiny,shorte,sinuate,slender,sometimes,spaced,spreadin,strongly,subshru,tem,thin,truncate,twinin,ud,uniformly,unit,upper,vary,vein,visible,woody,yello,ympodial,young	5-merous,age,apart,articulation,bark,bud,characteristic,colour,form,hair,inflorescence,leaf,length,number,ovary,shape,size,spacing,type,value,yellow	NA	NA
503	wfo-0001031880	success	180	119	82	101	79	18	79	3	.5,0.5-1,0.5-2,0.7-0.8,1-1.3,1-1.5,2-3,2-9,2.5-8,3-3.5,3-4-pluri-foliate,3-foliate,3-lobed,4,4-8,5-6,7-9,age,anther,anthesi,apart,base,berry,brown,calyx,capitate,cell,cm,conical,cordate,corolla,crenate,curved,dark,densely,diameter,ellipsoid,enlarged,entire,exerted,filament,flattened,fleshy,fruit,fruiting,glabrous,gland,glandular,globose,green,herb,hollow,inflorescence,internodal,irregularly,leaf,lengthening,longest,margin,mature,mid-length,minutely,mm,orange,ovary,ovoid,pale,papillose,pedicel,peduncle,petiole,pitted,pore,poricidal,pubescent,purple,red,reddish,scar,shallowly,shortest,simple,slit,spreading,stem,stigma,straight,strongly,style,subshrub,surface,testal,tip,toothed,trichome,truncate,unit,upward,wall,x,yellow	1,1-2,1.5,2,2-4,5,6-9,abaxially,acuminate,acute,adaxially,apex,basal,bearing,becoming,broadly,c.,ciliate,color,crowded,cup-shaped,eaf,edicel,eed,elliptic,erect,flower,flush,free,gland-tipped,growing,heteromorphic,horn,lamina,less,lobe,lon,long,lower,markedly,maturit,middle,narrowly,near,nflorescence,nodding,ovate,pair,papillo,pericarp,plan,portion,primary,pubescen,rachi,reflexed,ruit,single,slender,slightly,sometimes,spaced,sparse,sparsely,terminal,thin,triangular,tube,ud,unicellula,uniseriate,unlobed,upper,vein,widely,widest,woody,ympodial,â5	1.5-5,branching,bud,colour,form,growth,length,maturity,position,seed,shape,size,spacing,structure,sympodial,texture,type,unicellular	.5,0.5-1,0.5-2,0.7-0.8,1-1.3,1-1.5,2-3,2-9,2.5-8,3-3.5,3-4-pluri-foliate,3-foliate,3-lobed,4,4-8,5-6,7-9,age,anthesi,apart,berry,brown,calyx,capitate,cm,conical,cordate,crenate,curved,dark,densely,diameter,ellipsoid,enlarged,entire,exerted,flattened,fleshy,fruit,glabrous,glandular,globose,green,herb,hollow,internodal,irregularly,lengthening,longest,mature,mid-length,minutely,mm,orange,ovoid,pale,papillose,pitted,pore,poricidal,pubescent,purple,red,reddish,shallowly,shortest,simple,slit,spreading,straight,strongly,subshrub,tip,toothed,truncate,upward,wall,x,yellow	1.5-5,maturity,unicellular
504	wfo-0001031881	success	168	117	80	105	63	12	80	0	.5,0.1-0.5,0.2-0.6,0.4-1,0.5-0.7,0.5-1,1-1.3,1-1.5,1-7,1.2-6,1.5-2.5,1/3,10-30,2,2-9,3-19,3.5-4,3/4,5-6,7-14,acute,anther,anthesi,apex,attenuate,base,beneath,branch,branched,broadly,brown,calyx,campanulate,capitate,cm,corolla,dark,decurrent,deflexed,deltoid,densely,distal,dry,elliptic,erect,filament,fleshy,fruit,fruiting,glabrous,globose,green,incrassate,inflorescence,leaf,lightly,lobe,lobed,long,major,margin,material,maturity,minor,minutely,mm,obovate,opposite,orbicular,ovary,ovoid-reniform,papillose,pedicel,petiole,pitted,pore,puberulent,pubescent,rounded,shape,shaped,shrub,simple,size,slightly,small,somewhat,sparsely,stem,stigma,style,surface,tear-drop,tip,tree,trichome,tube,uniseriate,usually,way,white,winged,woody,x,young	0.2,10-12,absent,along,apar,apparent,axil,ba,bark,bud,constriction,dia,differing,difoliate,drying,eaf,edicel,eed,either,ellipsoid,evenly,exserted,free,geminat,golden,golden-puberulent,golden-pubescent,greyish-brow,inflorescenc,junction,lateral,like,lon,lower,main,middle,midrib,minute,nflorescence,occasionally,older,one,pair,papillo,planar,poricidal,portion,puberulen,rest,ruit,scar,slender,soon,spaced,straight,strong,tall,tapering,ud,unit,vein,widest,ympodial	branching,colour,form,growth,height,length,orientation,plant,position,seed,texture,type	.5,0.1-0.5,0.2-0.6,0.4-1,0.5-0.7,0.5-1,1-1.3,1-1.5,1-7,1.2-6,1.5-2.5,1/3,10-30,2,2-9,3-19,3.5-4,3/4,5-6,7-14,acute,attenuate,base,beneath,branched,broadly,brown,campanulate,capitate,cm,dark,decurrent,deflexed,deltoid,densely,distal,dry,elliptic,erect,fleshy,fruit,glabrous,globose,green,incrassate,leaf,lightly,lobed,long,material,maturity,minutely,mm,obovate,opposite,orbicular,ovoid-reniform,papillose,pitted,puberulent,pubescent,rounded,shaped,shrub,simple,slightly,small,somewhat,sparsely,tear-drop,tip,tree,trichome,uniseriate,usually,way,white,winged,woody,x	
505	wfo-0001031886	success	168	133	84	107	61	26	76	8	-9,0.5-1,1-1.5,1-4,1.2-2.5,1.5-2,2-2.5,2-3,2-4,2-5,2.0-2.5,3-6,3.0,4,4-15-25,5-6,6-20,6-8,abruptly,absent,acuminate,anther,anticlinal,apex,attenuate,axillary,basal,base,beak,berry,bright,broadly,brown,calyx,capitate,cell,cm,commonly,completely,conical,corolla,deltate,diameter,dry,elliptic,epidermal,filament,fleshy,flower,fruit,fruiting,glabrous,green,greenish,half,irregular,lanceolate,lateral,leaflet,lobe,lobed,lower,margin,minutely,mm,narrowed,near,nearly,node,occasionally,open-conical,ovary,ovoid-reniform,papillae,papillose,pedicel,per,petiole,pinnate,poricidal,portion,primary,projection,raised,reddish,rugose,scattered,seed,shape,shrub,similar,simple,sinuous,somewhat,sparse,stigma,style,thickening,tip,triangular,trichome,tube,uniseriate,vein,white,without,x	-1.2,-4,.5,0,0.1,10-40,2,20-30,5-10,5-ridged,9-10,abaxially,adaxially,along,anthesi,arising,axil,bearing,bud,clavat,distinctly,eaf,earl,edicel,eed,either,em,equal,erec,exserted,free,le,long,nflorescence,noddin,oblique,pair,papillate,petiolule,purple,rachi,reflexed,ripe,ruit,scar,single,smaller,smelling,specimen,strongly,surface,terminal,time,tub,ud,unifoliat,unit,usually,wintergreen,woody,ympodial	0.5,1-1.2,3,40,arrangement,branching,clavate,colour,erect,form,growth,inflorescence,leaf,length,nodding,number,pore,position,presence,present,rugosity,size,stem,texture,type,width	-9,0.5-1,1-1.5,1-4,1.2-2.5,1.5-2,2-2.5,2-3,2-4,2-5,2.0-2.5,3-6,3.0,4,4-15-25,5-6,6-20,6-8,abruptly,absent,acuminate,attenuate,axillary,base,berry,bright,broadly,brown,capitate,cm,commonly,completely,conical,deltate,dry,elliptic,fleshy,glabrous,green,greenish,half,irregular,lanceolate,lateral,lobed,lower,minutely,mm,narrowed,near,nearly,node,occasionally,open-conical,ovoid-reniform,papillae,papillose,pinnate,poricidal,projection,reddish,rugose,scattered,shrub,similar,simple,sinuous,somewhat,sparse,tip,triangular,trichome,uniseriate,white,without,x	0.5,1-1.2,3,40,clavate,erect,nodding,present
506	wfo-0001031895	success	160	143	100	123	37	20	98	2	-1.5,0.5,0.5-1,1-1.5,1.5-2,1.5-3,1.5-6,2-2.5,2.5-3,3-10,3-4,3-8,3.5-6,4-5,4.5-16.5,5,6-7,6-9,acute,age,anther,apex,apparently,attenuate,bark,base,beneath,berry,bluish,broadly,calyx,capitate,cell,cm,conical,corolla,cup-shaped,dark,deltate,densely,diameter,drying,ellipsoid,elliptic,entire,erect,exerted,filament,fleshy,flower,fragrant,fruiting,glabrous,globose,green,growth,immature,intensely,leaf-opposed,leafy,leaving,lengthening,less,lobe,lobed,margin,matte,minutely,mm,new,occasionally,older,once-branched,ovary,overlapping,ovoid,pair,pale,papillate,pedicel,peduncle,peg,perfect,pericarp,petiole,pitted,pore,poricidal,primary,reddish,reniform,revolute,shiny,shoot,short,shrub,simple,sinuate,slightly,slit,small,somewhat,stem,stigma,stout,strongly,style,surface,tan,terminal,testal,thick,thin,tip,tree,tube,vein,violet,way,white,woody,x,Â¼-1/2	0.5-2,4,5-6,5-8,anthesi,articulating,blac,campanulate,completely,eaf,eed,emarginated,enlarging,erec,exfoliating,expand,free,glabrou,inflorescenc,irregular,lower,nflorescence,papillat,part,patch,peeling,planar,plurifoliat,portion,ruit,scar,slender,straight,tub,ud,unit,ympodial	arrangement,articulation,black,branching,bud,colour,form,fragrance,fruit,inflorescence,leaf,length,number,position,seed,shape,size,texture,thicknes,type	-1.5,0.5,0.5-1,1-1.5,1.5-2,1.5-3,1.5-6,2-2.5,2.5-3,3-10,3-4,3-8,3.5-6,4-5,4.5-16.5,5,6-7,6-9,acute,age,apparently,attenuate,base,beneath,berry,bluish,broadly,calyx,capitate,cm,conical,cup-shaped,dark,deltate,densely,diameter,drying,ellipsoid,elliptic,entire,erect,exerted,fleshy,fragrant,glabrous,globose,green,immature,intensely,leaf-opposed,leafy,leaving,lengthening,less,lobed,margin,matte,minutely,mm,occasionally,once-branched,overlapping,ovoid,pair,pale,papillate,peg,perfect,pitted,poricidal,reddish,reniform,revolute,shiny,shoot,short,shrub,simple,sinuate,slightly,slit,small,somewhat,stout,strongly,tan,terminal,thick,thin,tip,tree,tube,violet,way,white,woody,x,Â¼-1/2	black,inflorescence
507	wfo-0001031897	success	264	141	101	122	142	19	101	0	.1,.5,.8,0-1,0.15,0.5-1,0.6,1.1,1.3-2,2-4,2/3,5-6,6-9,abaxial,accrescent,acute,almost,along,anther,anthesi,apex,apically,attenuate,bark,base,berry,black,brachyblast,branch,branched,brown,calyx,chartaceous,clavate,clustered,cm,conical,coriaceous,corolla,cuneate,curved,dark,dendritic,densely,diameter,dilated,distributed,dorsal,dry,drying,dull,elliptic,entire,epiphyte,erect,even,evenly,eye,filament,fruit,fruiting,glabrous,green,grey,hair,known,lanceolate,leaf,light,linear,lobe,lobed,long,longitudinally,main,margin,mauve,midvein,minute,mm,multicellular,naked,never,obconical,oblong,obtuse,orange-brown,ovate,ovoid,papillose,pedicel,petiole,pore,poricidal,pubescent,reddish,revolute,ridged,shrub,side,simple,slightly,smooth,sometimes,sparse,sparsely,stem,stigma,style,surface,terminal,thick,tip,trichome,tube,unarmed,usually,visible,weakly,white,x,young	0.1-0.5,0.2-0.4,0.4-1.1,0.5-3,0.8-1.5,0Â°,1,1-1.5,1-2,1-2.5,1.5,1.5-8,1.7-3,13,4-5,462.,8,abaxially,absent,adaxial,adaxially,age,alyx,apar,apparently,appearing,appendage,arising,aristate,articulated,axillary,bendy,boiteau,cell,clearly,concolorous,condensed,connate,covering,datum,dehiscing,delineated,dense,developed,developing,development,divided,domatia,dorsifixed,eaf,earliest,ed,enlarged,equal,except,extending,faint,filiform,fine,flower,foliaceous,free,immature,indistinc,inner,inside,lamina,larger,lateral,least,lengthening,like,longitudinal,looped,lower,m.,margi,membranous,minutely,multiseriate,nflorescence,nther,oblon,occasional,occasionally,one,orange,orolla,outside,overlapping,pair,part,partly,peduncle,pendulous,perfec,pericarp,persisting,plant,plurifoliat,pointed,portion,primary,prominent,pronounced,protruding,raised,rarely,reach,ribbed,ridge,ruit,scar,secondary,see,seen,shoot,short,sinus,slender,smaller,smoot,stump,subulate,sunk,tearing,terete,tertiary,thin,toward,ud,unbranched,unicellular,unit,vary,vein,venation,well-developed,wide,winged,wrinkle,ympodial	accrescence,arming,arrangement,articulation,branching,colour,form,growth,inflorescence,length,ovary,pattern,position,presence,seed,shape,texture,thicknes,width	.1,.5,.8,0-1,0.15,0.5-1,0.6,1.1,1.3-2,2-4,2/3,5-6,6-9,accrescent,acute,almost,along,anthesi,apically,attenuate,base,berry,black,brachyblast,branch,branched,brown,chartaceous,clavate,clustered,cm,conical,coriaceous,corolla,cuneate,curved,dark,dendritic,densely,dilated,distributed,dorsal,dry,drying,dull,elliptic,entire,epiphyte,erect,even,evenly,eye,glabrous,green,grey,hair,known,lanceolate,light,linear,lobed,long,longitudinally,mauve,minute,mm,multicellular,naked,never,obconical,oblong,obtuse,orange-brown,ovate,ovoid,papillose,pore,poricidal,pubescent,reddish,revolute,ridged,shrub,side,simple,slightly,smooth,sometimes,sparse,sparsely,terminal,thick,tip,trichome,unarmed,usually,visible,weakly,white,x,young	
508	wfo-0001032157	success	136	89	53	71	65	18	53	0	.5,.75,0.5-1,0.6-1,0.75-1,1-3,1.9-2.2,2-3,2-5,2.2,3-6,5-15-flowered,7-9,9-17,acute,anther,anthesi,apart,base,becoming,beneath,bi-lobed,calyx,cm,completely,corolla,crystalline,decurrent,deflexed,deltoid,dry,elliptic,filament,fruiting,glabrous,globose,golden,green,incrassate,leaf,live,lobe,lobed,margin,minor,minutely,mm,nearly,opposite,ovary,ovoid-reniform,paler,papillose,pedicel,petiole,pitted,plant,pore,scar,shaped,shiny,shrub,size,slightly,stigma,style,surface,tear-drop,tube,white,x	0.25,5-8,5-9,apex,bark,beginning,berry,caly,dia,differing,difoliate,eaf,edicel,eed,evenly,exserted,free,frui,geminat,glabrou,inflorescenc,lateral,less,living,lon,long,longitudinal,lower,main,major,middle,nflorescence,obscure,older,one,pair,papillo,peeling,persistent,poricidal,portion,raised,reddish,reflexed,rounded,ruit,simple,slender,soon,spaced,stem,straight,strip,tall,tapering,tip,translucen,ud,unit,vein,widest,woody,yellowish,ympodial,young	colour,deflexion,diameter,flower,form,fruit,glabrousnes,growth,height,inflorescence,length,lobing,number,position,seed,shape,spacing,texture	.5,.75,0.5-1,0.6-1,0.75-1,1-3,1.9-2.2,2-3,2-5,2.2,3-6,5-15-flowered,7-9,9-17,acute,apart,base,becoming,beneath,bi-lobed,cm,completely,crystalline,decurrent,deflexed,deltoid,dry,elliptic,glabrous,globose,golden,green,incrassate,leaf,live,lobed,minutely,mm,nearly,opposite,ovoid-reniform,paler,papillose,petiole,pitted,plant,shaped,shiny,shrub,slightly,tear-drop,white,x	
509	wfo-0001032161	success	146	86	55	70	76	16	51	4	.5,0.4-1.2,0.75-1,0.8-1,1-1.5,1-3,1.2-1.3,1.4-2,2-7,2.5-3,3.5-4,adaxially,anther,area,bark,base,calyx,cm,conical,coriaceous,corolla,dark,delicate,dendritic,dia,drying,elliptic,filament,filiform,fruiting,glabrous,globose,golden,green,inflorescence,internodal,leaf,lobed,margin,merely,minute,mm,mustard,nearly,opposite,ovary,ovoid-reniform,pale,papillose,pedicel,petiole,plant,pore,revolute,shaped,shrub,simple,stem,stigma,style,sulcate,tan,tear-drop,thin,trichome,tube,uniseriate,white,x,yellow	0.5-1,0.7-4,1-11,2-8-flowered,?,abaxially,acute,adaxiall,anthesi,apex,apical,ba,beneath,berry,branched,brownish-blac,closely,color,deflexed,deltate,densely,difoliate,eaf,edicel,eed,ellipsoid,exserted,free,giving,hanging,lamina,later,like,lobe,long,lower,many,middle,minutely,nflorescence,obovate,occasionally,older,overlappin,pericarp,persistent,pitted,plurifoliate,poricidal,portion,projection,pubescent,quadrate,reflexed,rest,ruit,scar,shiny,shoot,short,spaced,sparsely,strongly,styl,surface,tall,tip,tub,ud,unit,usually,vein,widest,yellowish,ympodial,young	abaxial,branching,brownish-black,colour,form,fruit,growth,hair,height,length,position,seed,shape,size,texture,type	.5,0.4-1.2,0.75-1,0.8-1,1-1.5,1-3,1.2-1.3,2-7,2.5-3,3.5-4,adaxially,area,base,cm,conical,coriaceous,dark,delicate,dendritic,drying,elliptic,filiform,glabrous,globose,golden,green,internodal,leaf,lobed,merely,minute,mm,mustard,nearly,opposite,ovoid-reniform,pale,papillose,revolute,shaped,shrub,simple,sulcate,tan,tear-drop,thin,trichome,uniseriate,white,x,yellow	.4-2,.5-3,brownish-black,di
510	wfo-0001032165	success	197	92	62	77	120	15	60	2	0.25-0.5,0.75-1,1-1.2,1-1.5,1-2,1.5-4,2-2.5,2.5-3.5,3-6,3.5-8.5,5-6,5-7,5-9.5,8-9,acute,anther,base,broadly,calyx,capitate,center,cm,corolla,cup-shaped,deciduous,decurrent,densely,elliptic,erect,filament,fruiting,globose,golden,golden-puberulent,golden-pubescent,green,inflorescence,leaf,lobed,minor,minute,minutely,mm,nearly,node,obovate,occasionally,once-furcate,onto,orbicular,ovary,ovoid-reniform,pedicel,petiole,pitted,plant,pore,purplish,ripe,shape,simple,size,stem,stigma,style,surface,tapering,tear-drop,terminal,tinged,tree,trichome,tube,uniseriate,white,x,young	.25,.5,0.1,0.1-0.3,0.3-1,10-25,3-4,4-6,5-15,5-30-flowered,abaxial,adaxial,along,anthesi,apex,apparent,appearing,ba,bark,beginning,beneath,berry,brown,bud,closely,continued,cucullate,dark,deltoid,denser,dia,differing,difoliate,distal,dry,due,dull,eaf,edged,edicel,eed,ellipsoid,end,entire,even,expansion,exserted,exsertion,free,geminat,glabrous,greyish-brown,immature,inflorescenc,later,lateral,less,like,live,lobe,lon,long,lower,main,major,margin,markedly,medial,middle,midrib,near,nflorescence,older,one,opposite,overlapping,pair,pale,paler,papillo,papillose,planar,poricidal,portion,presence,prominent,puberulent,rather,rest,ridge,rounded,ruit,scar,shaepd,single,slender,slightly,slow,small,smoot,spaced,specimen,stout,straight,stripe,strongly,swollen,tall,thickened,time,tip,tub,ud,unit,vein,widest,winged,woody,yellowish,ympodial	5-30,colour,diameter,flower,form,fruit,growth,hair,height,length,number,position,seed,shaped,symmetry	0.25-0.5,0.75-1,1-1.2,1-1.5,1-2,1.5-4,2-2.5,2.5-3.5,3-6,3.5-8.5,5-6,5-7,5-9.5,8-9,acute,base,broadly,calyx,capitate,center,cm,cup-shaped,deciduous,decurrent,densely,elliptic,erect,globose,golden,golden-puberulent,golden-pubescent,green,lobed,minute,minutely,mm,nearly,node,obovate,occasionally,once-furcate,onto,orbicular,ovoid-reniform,petiole,pitted,purplish,ripe,simple,tapering,tear-drop,terminal,tinged,tree,trichome,tube,uniseriate,white,x,young	5-30,shaped
511	wfo-0001032167	success	163	91	59	72	91	19	56	3	0.5-1,0.5-2.5,1-2.5,1-5,10-20,10-35,12-20,2-7,2-foliate,3-6,5-15,7-10,absent,anther,apex,base,brown,calyx,cell,chartaceous,ciliate,cm,cordate,densely,diameter,dm,drying,elliptic,elliptic-ovoid,entire,flattened,flower,forming,fruit,glabrous,globose,growth,hair,herb,immature,margin,maturing,membranaceous,mm,moderately,nearly,netlike,oblong,obtuse,pedicel,peduncle,per,petiole,projection,pubescent,purple,rachi,raised,rotate,rounded,seed,semitransparent,sparsely,staman,style,surface,twisted,usually,wall,white,x,yellow	.5,0.5-1.5,0.75-3,1,1-2,1-2-celled,1-3,1-7,1.5,2-4,3-7,4-10,4-6,abaxially,abundant,acute,adaxiall,adaxially,along,appressed,axe,berry,blade,closely,common,connected,curved,decurrent,dehiscing,dense,denser,eaf,eed,emarginat,explosively,few-,filament,flat,frui,geminat,geniculate,growt,held,interpetalar,larger,linear-lanceolate,lobe,long,longer,lower,lowermost,lying,many-branched,maturit,mesocarp,near,new,nfloresence,notch,often,older,one-celled,orolla,placenta,pressure,pubescen,ruit,shorter,slightly,small,smaller,sometimes,stamen,stigma,straight,tal,tamen,tem,tissue,triangular,tube,two-celled,unbranched,unit,upper,vary,vein,watery,wid,woody,ympodial	arrangement,branching,colour,corolla,decument,emarginate,form,geminate,height,inflorescence,leaf,length,number,ovary,plant,shape,stem,symmetry,texture	0.5-1,0.5-2.5,1-2.5,1-5,10-20,10-35,12-20,2-7,2-foliate,3-6,5-15,7-10,absent,brown,cell,chartaceous,ciliate,cm,cordate,densely,dm,drying,elliptic,elliptic-ovoid,entire,flattened,flower,forming,fruit,glabrous,globose,herb,immature,maturing,membranaceous,mm,moderately,nearly,netlike,oblong,obtuse,petiole,projection,pubescent,purple,raised,rotate,rounded,semitransparent,sparsely,twisted,usually,wall,white,x,yellow	decument,emarginate,geminate
512	wfo-0001032176	success	177	120	84	104	73	16	82	2	.5,0,0.42,0.5-0.7,0.5-1,0.8-6,1-1.2,1-10,1.5-1.6,1.5-2.5,1.5-6,1/2,3-3.5,3-4,3-7,5-6-celled,6-10,adaxially,along,anther,anthesi,basal,base,beak,becoming,berry,branched,calyx,cell,cm,conical,copiously,corolla,cucullate,densely,denser,diameter,drying,ellipsoid,elliptic,epidermal,equal,especially,filament,filiform,globose,green,grey-brown,greyish,herb,lateral,leaf,leaflet,lengthening,like,lobe,lobed,long,long-papillose,lower,mm,nearly,nodding,node,occasionally,ovary,ovoid-reniform,pair,pedicel,per,petiole,pinnate,pore,poricidal,projection,pubescent,rachi,reflexed,rooting,seed,simple,sinuous,size,slightly,slit,smaller,somewhat,soon,sparsely,stem,stigma,strait,style,terminal,thickening,tip,trichome,tube,uniseriate,vein,wall,white,without,x	0.5,0.5-0.75,0.8-1,100,2-3,2.5-10,3-15,6,7,adhering,apart,apex,apical,arising,attaining,attenuate,axil,axillary,capitat,cateniform,containing,creeping,eaf,edicel,eed,exserted,fallen,flower,free,fruiting,glabrous,greenish,hangin,inflorescenc,lengt,log,margin,minute,minutely,nflorescence,obovate,obtuse,often,onto,open,pale,papillose,petiolule,portion,quadrate,rest,rounded,ruit,scar,separate,single,spaced,strongly,tem,tightly,time,tree,truncate,trunk,tub,ud,ultimate,unevenly,unifoliat,unit,whit,winged,ympodial	arrangement,branching,bud,capitate,cateniforme,colour,form,fruit,growth,habit,inflorescence,length,number,pubescence,shape,type	.5,0,0.42,0.5-0.7,0.5-1,0.8-6,1-1.2,1-10,1.5-1.6,1.5-2.5,1.5-6,1/2,3-3.5,3-4,3-7,5-6-celled,6-10,adaxially,along,anthesi,base,becoming,berry,branched,cm,conical,copiously,cucullate,densely,denser,drying,ellipsoid,elliptic,equal,especially,filiform,globose,green,grey-brown,greyish,herb,lateral,lengthening,like,lobe,lobed,long,long-papillose,lower,mm,nearly,nodding,node,occasionally,ovoid-reniform,pair,pinnate,pore,poricidal,projection,pubescent,reflexed,rooting,simple,sinuous,size,slightly,slit,smaller,somewhat,soon,sparsely,stem,strait,thickening,tip,trichome,uniseriate,vein,white,without,x	capitate,cateniforme
513	wfo-0001032187	success	132	107	69	85	47	22	66	3	0.1â1.4,0.5,0.5-1.1â3.2,0.5â1,0.6â1.3,1.3â1.8,1.6â2.1,1.8â2,1.8â2.8,1â1.7-2.1,22,24.6â26.3,2â9-11,3.1â3.5-4.2,3â3.2-4,3â4-5,5-merous,5â7-9,7â11,9,acuminate,acute,anther,apex,appressed,aromatic,base,berry,blade,brown,brownish,changing,cm,corolla,cyme,dark,dull,eglandular,elliptic,entire,erect,filament,flowered,forked,glabrescent,globose,green,hair,herb,leaf,light,long,margin,mature,mm,obovate,occasionally,ovate,pedicel,peduncle,pentagonal,per,persistent,petiolate,petiole,plant,pollen,purple,rarely,simple,soft,sparse,stage,stellate,stem,style,sub-glabrous,texture,tinged,truncate,widest,yellowish,Â±,Âµm,Ã	100,adherent,alyx,angular,ape,branch,broadly,consisting,di-foliate,dia,eaf,eed,equal,fully,geminat,granule,hite,hooked,hydrated,lobe,lower,many,marked,nflorescence,numerous,penden,perfec,predominantly,presen,protruding,ridge,ruit,running,sclerotic,short,small,sometimes,spreading,straight,tooth,triangular,unit,well,wing,yellow,ympodial,Â±1	arrangement,calyx,colour,diameter,flower,form,fruit,growth,height,inflorescence,length,number,orientation,pendent,perfect,point,seed,shape,size,type,white,width	0.1â1.4,0.5,0.5-1.1â3.2,0.5â1,0.6â1.3,1.3â1.8,1.6â2.1,1.8â2,1.8â2.8,1â1.7-2.1,22,24.6â26.3,2â9-11,3.1â3.5-4.2,3â3.2-4,3â4-5,5-merous,5â7-9,7â11,9,acuminate,acute,apex,appressed,aromatic,brown,brownish,changing,cm,cyme,dark,dull,eglandular,elliptic,entire,erect,flowered,forked,glabrescent,globose,green,herb,light,long,mature,mm,obovate,occasionally,ovate,pentagonal,persistent,petiolate,purple,rarely,simple,soft,sparse,stage,stellate,sub-glabrous,tinged,truncate,yellowish,Â±,Âµm,Ã	pendent,perfect,white
514	wfo-0001032206	success	213	113	82	72	141	41	58	24	1-2,accrescent,acute,anther,apex,articulated,base,berry,branched,calyx,chartaceous,cm,connivent,covering,cream,cuneate,dark,deltate,diameter,equal,flattened-reniform,flower,foliaceous,fruit,fruiting,glabrescent,glabrous,green,leaf,length,lobed,long-styled,margin,marking,mature,maturity,mauve,midvein,mm,moderately,obtuse,orange-brown,ovate,pale,pedicel,peduncle,petiole,plant,poricidal,prickle,purple,rarely,reflexed,short-styled,shrub,sometimes,spherical,stellate,stellate-pubescent,stem,straight,style,surface,tapering,tip,toward,trichome,truncate,usually,white,yellow,young	..,.2,.5,0,0-5,0.2,0.2â0.4,0.2â0.5-0.8,0.5â1,0.8â1.2,00â200,0â20,0â30,0â5,1.1â1.2,1.2â2.2,1.5â2,1.5â2.5,1/3,1/4â1/2,1/4â1/3,1/6,10â80,11â22,1â2,1â2.3,1â3,1â4,2.5â3.3,2.7â3.5,2â2.5,2â3,2â8,3.5â9,30â80,3â4,4.5â5.8,4â6,5-merous,5â15,5â20,5â6,5â8,5â9,6â10,6â15-20,6â8,7â10,8â20,abaxially,adaxially,alyx,andromonoecious,apar,apart,apically,apparently,approximately,armed,bark,blade,bluntly,broad-deltate,brow,clearly,concolorous,curved,discolorous,distal,distance,drying,eaf,eed,elliptic,erect,extending,filament,flattened,free,functionally,gently,green-brown,hermaphroditic,heterostylous,infructescence,lateral,lengt,lobe,lobing,long,longer,lowermost,mal,midpoint,nflorescence,often,older,one,open,orolla,ower,pair,pendent,pendulous,per,pericarp,plurifoliat,porrect,portion,primary,ray,scar,secondary,sessile,side,slender,smooth,spaced,sparsely,spreading,stalk,stalked,stout,tamen,tertiary,time,tube,uit,unarmed,ung,unit,variously,vary,vein,venation,visible,weakly,wide,woody,yellow-orange,ympodial	/,0.5-1.5,0.8-1.2,1-2.3,1-3,1.1-1.2,1.2-2.2,1.5-2.5,1/4-1/2,1/4-1/3,11-22,2-2.5,2-3,2.5-3.3,2.7-3.5,3-4,3.5-9,4.5-5.8,5-15,5-20,5-6,5-9,6-15-20,8-20,articulation,branching,colour,corolla,form,growth,hair,height,heteromorphism,inflorescence,ovary,seed,shape,staman,texture,type,width	1-2,accrescent,acute,apex,articulated,base,berry,branched,chartaceous,cm,connivent,covering,cream,cuneate,dark,deltate,equal,flattened-reniform,foliaceous,fruit,glabrescent,glabrous,green,length,lobed,long-styled,marking,mature,maturity,mauve,midvein,mm,moderately,obtuse,orange-brown,ovate,pale,poricidal,purple,rarely,reflexed,short-styled,shrub,sometimes,spherical,stellate,stellate-pubescent,straight,surface,tapering,tip,toward,trichome,truncate,usually,white,yellow,young	/,0.5-1.5,0.8-1.2,1-2.3,1-3,1.1-1.2,1.2-2.2,1.5-2.5,1/4-1/2,1/4-1/3,11-22,2-2.5,2-3,2.5-3.3,2.7-3.5,3-4,3.5-9,4.5-5.8,5-15,5-20,5-6,5-9,6-15-20,8-20
515	wfo-0001032209	success	252	121	88	104	148	17	85	3	0.5-1,1,1-2,1-2-celled,1-6,1.5-2,1.5-3-9-11,1.5-6,10-13,2,2-3,2-3-lobed,2-5,2.5-6-15-20,2/3,3-7,4-20-30+,5-8,acute,anther,apex,articulated,basal,base,berry,bilobed,blue,branched,brown,capitate,cm,colour,cordate,corolla,dark,deeply,dendritic,densely,diameter,elliptic,entire,filament,flattened-reniform,flower,glabrous,globose,growth,inflorescence,lateral,leaf,length,lengthening,lobed,long,lower,margin,metallic,minutely,mm,narrowly,nearly,occasionally,one,ovate,pedicel,peduncle,perfect,petiole,pinnately,pinnatifid,pore,poricidal,puberulent,pubescent,purple,red,reddish,ripe,several,simple,sleeve,slit,small,sometimes,somewhat,stellate,stem,stigma,style,surface,tapering,terminal,time,tiny,tip,trichome,truncate,uniseriate,upper,vine,violet,white,woody,x	.5,0.3,0.5,1-1.5,1.5,1.5-2.5,100,12-16,20-30,4,5-merou,6-8,absent,adaxial,ag,along,alyx,anthesi,apart,apiculae,apparently,appearing,arching,ark,axi,berr,branch,broadly,bu,calyx,canopy,cast,cell,chartaceous,climbing,conical,connivent,conspicuously,coriaceous,cucullat,deltate,denser,distally,distinct,dried,eaf,early,ecuador,eed,ellipsoid,enlarged,equal,erect,especially,evenly,exerted,finely,fleshy,flowering,free,fruiting,geminat,giving,glabrescen,groove,hairy,hanging,hastate,held,hollow,ilament,keeled,lamina,large,leathery,leaving,less,like,lobe,longer,longest,markedly,material,mean,mere,middle,midrib,midvein,minute,mixture,near,new,nflorescence,nipple,often,older,orolla,pair,papillae,papillat,papillate,part,particularly,peg,pentagonal,per,pericarp,planar,plurifoliate,pointed,portion,primary,probably,pubescence,rest,rhachi,rim,ruit,sagittate,scar,shiny,spaced,sparser,spreading,stout,tem,testa,testal,thin,third,tightly,tube,twinin,twining,ud,unequal,unit,usually,variable,vary,vein,w,wall,weight,widest,within,yellow,ympodial	5-merous,age,articulation,bark,branching,form,fruit,glabrescent,hair,ovary,placement,position,seed,shape,size,texture,type	0.5-1,1,1-2,1-2-celled,1-6,1.5-2,1.5-3-9-11,1.5-6,10-13,2,2-3,2-3-lobed,2-5,2.5-6-15-20,2/3,3-7,4-20-30+,5-8,acute,anther,apex,articulated,basal,base,berry,bilobed,blue,branched,brown,capitate,cm,cordate,dark,deeply,dendritic,densely,diameter,elliptic,entire,flattened-reniform,glabrous,globose,lateral,lengthening,lobed,long,metallic,minutely,mm,narrowly,nearly,occasionally,one,ovate,perfect,pinnately,pinnatifid,poricidal,puberulent,pubescent,purple,red,reddish,ripe,several,simple,sleeve,slit,small,sometimes,somewhat,stellate,tapering,terminal,time,tiny,tip,trichome,truncate,uniseriate,vine,violet,white,woody,x	5-merous,age,glabrescent
516	wfo-0001032232	success	137	94	54	71	66	23	52	2	.5,0.1,0.5,0.5-1,0.6-3,0.8-1,1-3,1.8-2,18.8-27.5,2,2-2.6,4.8-7.3,5-6,anther,anthesi,apex,attenuate,bark,base,clavate,closely,cm,corolla,deflexed,elliptic,evenly,filament,filiform,flower,fruiting,glabrous,globose,green,greenish-brown,lateral,leaf,lenticellate,less,light,lightly,long-acuminate,main,margin,minutely,mm,narrowly,opposite,ovary,ovoid-reniform,packed,pair,pale,pedicel,petiole,pitted,pore,revolute,scar,shaped,shrub,slightly,stem,stigma,style,subshrub,surface,tear-drop,translucent,undulate,vein,winged	0.25,20-100-flowered,3/4,?,abruptly,age,ba,becoming,berry,calyx,cup-shaped,dark-papillose,decurrent,dia,distally,eaf,edicel,eed,erect,erose,exfoliatin,free,immature,irregular,lobe,lobed,long,lower,middle,midrib,minute,nflorescence,node,occasionally,onto,overlappin,paler,papillo,papillose,poricidal,portion,prominent,raised,reflexed,rounded,ruit,short-styled,simple,somewhat,sparsely,straight,tall,ti,tip,tub,tube,ud,umbonate,unifoliat,unit,way,wide,widening,widest,woody,ympodial	20-100,arrangement,bud,colour,diameter,form,fruit,growth,hair,height,inflorescence,length,number,packing,pattern,plant,position,seed,shape,texture,unifoliate,width,winging	.5,0.1,0.5,0.5-1,0.6-3,0.8-1,1-3,1.8-2,18.8-27.5,2,2-2.6,4.8-7.3,5-6,attenuate,clavate,closely,cm,deflexed,elliptic,evenly,filiform,glabrous,globose,green,greenish-brown,lateral,leaf,lenticellate,less,light,lightly,long-acuminate,main,minutely,mm,narrowly,opposite,ovoid-reniform,packed,pair,pale,pitted,revolute,shaped,shrub,slightly,subshrub,tear-drop,translucent,undulate,vein,winged	20-100,unifoliate
517	wfo-0001032233	success	160	128	77	95	65	33	73	4	0-2,1-1.5,1-2,1-3,1.5-2.5,10-15,157,2-15,2-3,2-4,2-5.5,2-6,2.5-4,25-40,3-15,3-4,3-4.5,3-5,3.5-4,4-5,4-7,5-16,5-6,8-12,absent,adaxial,aggregate,almost,apex,base,branched,calyx,cell,chartaceous,cm,connective,cordate,coriaceous,dark,densely,diameter,ellipsoidal,entire,flattened,fleischmann,fruit,glabrescent,glabrous,glandular-puberulent,globose,green,lobe,longitudinal,margin,mm,moderately,narrowly,oblong,obtuse,orange,ovate,ovoid,pedicel,pedicellar,peduncle,petiole,pore,present,puberulent,pubescent,purple,radiu,remnant,shallowly,simple,slightly,sparsely,stellate,stigma,stone,stripe,style,subcoriaceous,subpeltiform,tree,triangular,truncate,tube,unbranched,unit,white,x,yellow,yellow-green,yellow-orange	0.3-2,20-100+,4-18,4-foliat,6-25,abaxially,absen,acuminate,acute,adaxially,apart,ape,articulated,axe,basal,bent,beyond,biglandula,blade,brow,connivent,convex,cylindrical,dilated,directed,distally,eaf,eed,equal,especially,exceeding,exserted,fleshy,flower,glabrate,laterally,leaving,lon,long,lower,nflorescence,nther,orolla,perfect,projection,puberulen,rachise,ruit,shorter,small,somewhat,spaced,stamen,tal,tem,thecae,time,tip,tomento,toward,ud,vary,vein,wide,ympodial	4-foliate,abaxial,anther,articulation,branching,brown,bud,colour,corolla,exsertion,form,growth,hair,height,inflorescence,leaf,length,na,ovary,plant,position,rachi,seed,shape,size,stem,structure,symmetry,sympodial,texture,theca,tomentose,type	0-2,1-1.5,1-2,1-3,1.5-2.5,10-15,157,2-15,2-3,2-4,2-5.5,2-6,2.5-4,25-40,3-15,3-4,3-4.5,3-5,3.5-4,4-5,4-7,5-16,5-6,8-12,absent,almost,base,branched,chartaceous,cm,cordate,coriaceous,dark,densely,ellipsoidal,entire,flattened,fleischmann,glabrescent,glabrous,glandular-puberulent,globose,green,longitudinal,mm,moderately,narrowly,oblong,obtuse,orange,ovate,ovoid,present,puberulent,pubescent,purple,shallowly,simple,slightly,sparsely,stellate,stripe,subcoriaceous,subpeltiform,tree,triangular,truncate,unbranched,white,x,yellow,yellow-green,yellow-orange	4-foliate,brown,na,tomentose
518	wfo-0001032259	success	201	92	56	73	128	19	56	0	-4,.5,0-20,0.45-0.6,0.5-0.8,0.9-1.2,1-2,1-2.5,1.5-4.5,20-60,4,4-6,abaxial,acute,adaxial,almost,anther,apex,base,berry,brown,calyx,chartaceous,cm,conical,connivent,cordate,cuneate,dark,densely,diameter,dull,elongating,equal,evenly,flattened,flattened-reniform,flower,fruit,fruiting,glabrous,green,lateral,leaf,length,lobed,long,margin,maturity,mauve,mm,orange,orange-brown,ovate,per,petiole,poricidal,prickle,red,shrub,side,simple,spherical,stellate-pubescent,straight,style,surface,tapering,terminal,tip,white,yellow,young	/3,/4,0-10,0-2,0-4,0-5,0.1-0.2,0.1-0.3,0.15-0.3,0.5-1.5,0.7-1.1,0.8-1.3,1-1.8,1/2,1/3,1/4-1/3,1/6-1/5,10-30,15-40,2-2.5,2-4,2-5,2.2-3,3-4,3/,4-5,4-9,5,5-30,5-merous,5.5-8,7-16,7-8,9-22,abaxially,acut,alyx,apar,apart,apically,apparently,articulated,bark,becoming,blade,branched,broad-deltate,brownish,deltate,difoliate,discolorous,distance,drying,eaf,eed,erect,extending,filament,free,fully,geminate,glabrescent,gland,green-brow,hair,infructescence,lobe,longer,lower,mature,midpoint,midvein,minute,moderately,nflorescence,older,one,open,opening,orolla,oung,pair,pedicel,peduncle,pendulous,perfec,pericarp,porrect,portion,prickl,prickly,primary,pubescent,ray,recurved,reduced,rounded,ruit,scar,sessile,shorter,slender,smooth,sometimes,spaced,sparsely,spreading,stellate,stem,strongly,tamen,terete,tertiary,time,toward,trichome,tube,unarmed,unit,vary,vein,venation,visible,way,wide,woody,yellow-green,ympodial	branching,colour,corolla,form,growth,height,heteromorphism,inflorescence,number,ovary,placement,plant,position,seed,shape,staman,texture,type,width	-4,.5,0-20,0.45-0.6,0.5-0.8,0.9-1.2,1-2,1-2.5,1.5-4.5,20-60,4,4-6,acute,almost,berry,brown,chartaceous,cm,conical,connivent,cordate,cuneate,dark,densely,dull,elongating,equal,evenly,flattened,flattened-reniform,glabrous,green,lateral,lobed,long,maturity,mauve,mm,orange,orange-brown,ovate,per,poricidal,red,shrub,side,simple,spherical,stellate-pubescent,straight,tapering,terminal,tip,white,yellow,young	
519	wfo-0001032260	success	210	105	69	86	124	19	69	0	-3,/5,0-10-30,0-20,0.2-0.5,0.5-2,0.8-1.1,1-1.7,1.5-4,2.5-3,3-10,3-8,6-10,abaxial,abaxially,acuminate,acute,adaxial,anther,apex,base,berry,branched,calyx,chartaceous,cm,connivent,cuneate,curved,deltate,densely,diameter,discolorous,drying,dull,elliptic,equal,flattened,flattened-reniform,flower,fruit,fruiting,glabrous,glaucous,green-brown,lateral,leaf,length,lobed,long,margin,maturity,mauve,mm,orange-brown,ovate,pale,per,petiole,poricidal,porrect,prickle,purple,red,reflexed,rounded,shallowly,shrub,simple,spherical,stalked,stellate,stellate-pubescent,stem,strongly,style,subentire,surface,tapering,terminal,tip,trichome,way,wide,yellow,yellow-green	-10,-8,.1,0-0.5,0-10,0-5,0-5-20,0-8,0.1,0.1-0.3,0.1-0.4,0.15-0.3,0.4,0.5-0.8,0.5-5,0.6-0.8-1.5,0.7,0.7-1.5,1-3,1-5,1-6,1.2-1.7,1/2,1/3,1/3-1/2,1/3-1/5,2,2-20,2-4,2-5,2.5,2.5-3.5,3-5,3-9,4-5-merous,5-6-8,7-15,acuminat,alyx,apar,apart,apically,apparently,articulated,bark,blade,broad-deltate,cell,difoliate,distance,eaf,eed,elongating,erect,extending,eye,filament,free,geminat,glabrescent,glabrou,gland,globular,gray-brow,infructescence,lobe,lon,long-styled,longer,lower,mature,midpoint,midvein,moderately,naked,narrow-ovate,nflorescence,older,one,open,orolla,oung,outline,pair,pedicel,peduncle,pendulous,perfec,pericarp,pit,portion,prickl,prickly,primary,pubescent,raised,ray,reduced,ruit,scandent,scar,sessile,shorter,side,slender,small,smooth,spaced,sparsely,spreading,stalk,tamen,terete,tertiary,time,tube,unit,variously,vary,vein,venation,visible,woody,ympodial	branching,colour,corolla,form,glabrousnes,growth,heteromorphism,inflorescence,number,ovary,placement,position,seed,shape,size,staman,texture,type,width	-3,/5,0-10-30,0-20,0.2-0.5,0.5-2,0.8-1.1,1-1.7,1.5-4,2.5-3,3-10,3-8,6-10,abaxially,acuminate,acute,base,berry,branched,chartaceous,cm,connivent,cuneate,curved,deltate,densely,diameter,discolorous,drying,dull,elliptic,equal,flattened,flattened-reniform,glabrous,glaucous,green-brown,lateral,lobed,long,maturity,mauve,mm,orange-brown,ovate,pale,poricidal,porrect,purple,red,reflexed,rounded,shallowly,shrub,simple,spherical,stalked,stellate,stellate-pubescent,stem,strongly,subentire,tapering,terminal,tip,way,wide,yellow,yellow-green	
520	wfo-0001032264	success	183	111	72	91	92	20	66	6	0.25-0.75,0.5-1,0.6-2.2,0.8-10,1-1.5,1.2-2,1.5-1.8,1.8-3,3,3-15,4.5-5,acute,anther,anthesi,apiculate,bark,base,branched,broadly,bud,calyx,cell-layer,cm,corolla,cup-like,elliptic,epidermal,filament,flattened-reniform,fleshy,flower,fruiting,glabrous,globose,green,incrassate,inflorescence,layer,leaf,lobed,margin,minutely,mm,narrowly,nearly,occasionally,older,one,opposite,ovary,ovoid,pale,pedicel,peeling,petiole,pitted,plant,pointed,pore,pubescent,red-papillose,reddish,reddish-tan,revolute,scattered,several,shaped,sheet,shrub,simple,size,slender,small-capitate,stem,stigma,style,surface,tapering,tear-drop,thick,time,tip,transversely,tree,trichome,tube,uniseriate,white,x,yellowish-brown,young	.2,.5,0.25-0.5,0.8-4,10-22,2-50-flowered,2-6,3-9,5-9,6-17,acuminate,along,apar,apex,appearing,ba,berry,bullate,cell,closely,curling,deciduous,deflexed,densely,dia,differing,difoliate,dry,eaf,edicel,eed,exserted,free,geminat,gnarled,greyi,habitat,hair,lamina,large,larger,lateral,like,live,lobe,lon,long,lower,main,major,material,middle,minor,minute,multiseriate,nflorescence,often,overlapping,pair,papillo,papillose,parallel,planar,poricidal,portion,primarily,prominent,quite,raised,rounded-deltoid,ruit,scar,sheltered,short,small-celled,somewhat,soon,spaced,sparsely,straight,tall,trunk,ud,unit,upper,vein,weak,whitish,wide,widest,woody,ympodial	0.5,1,2-50,4,4-8,branching,colour,diameter,form,fruit,greyish,growth,height,length,number,position,seed,shape,texture,type	0.25-0.75,0.5-1,0.6-2.2,0.8-10,1-1.5,1.2-2,1.5-1.8,1.8-3,3,3-15,4.5-5,acute,apiculate,base,branched,broadly,calyx,cell-layer,cm,cup-like,elliptic,flattened-reniform,fleshy,glabrous,globose,green,incrassate,leaf,lobed,minutely,mm,narrowly,nearly,occasionally,one,opposite,ovoid,pale,peeling,pitted,pointed,pubescent,red-papillose,reddish,reddish-tan,revolute,scattered,several,shaped,sheet,shrub,simple,slender,small-capitate,tapering,tear-drop,thick,time,transversely,tree,trichome,tube,uniseriate,white,x,yellowish-brown	0.5,1,2-50,4,4-8,greyish
521	wfo-0001032274	success	192	112	68	89	103	23	65	3	.5,0,0.15-0.2,0.5,0.5-0.7,0.5-1,0.9-1,1-1.2,1-1.5,1-3,1.5-2,3-4,3-6,3/4,5-7,<,acuminate,acute,anther,apex,arching,base,berry,brown,capitate,clustered,cm,corolla,dendritic,densely,diameter,ellipsoid,elliptic,entire,filament,flattened-reniform,flower,fruiting,glabrous,globose,growth,inflorescence,lanceolate,leaf,lobed,margin,minute,mm,obtusely,occasionally,once-branched,pale,pedicel,peduncle,peg,per,perfect,petiole,pore,poricidal,pubescent,purple,red,reddish,ridged,rounded,scar,shape,shiny,short,shrub,simple,size,sparsely,stellate,stem,stigma,strongly,style,suckering,terminal,tip,trichome,truncate,tube,uniseriate,way,white,x	0.5-1.5,0.7-1.8,2,2-3.5,2-7,3-10,3-5,5-merou,ag,alyx,anthesi,apiculate,apparently,appearance,ark,articulated,axillary,ba,basal,borne,branch,calyx,cell,conical,connivent,deltate,distal,eaf,eed,exserted,filiform,fleshy,free,geminat,glabrou,green,grey,group,highly,ilament,irregular,lax,lengthening,less,like,lobe,long,loosely,lower,markedly,membranous,minutely,new,nflorescence,nodding,non-reproductive,often,older,one,orolla,pair,papillo,pendan,pericarp,pitted,platfor,platform,plurifoliate,portion,primary,puberulent,quadrate,reflexed,reproductive,ridge,ripe,ruit,shoot,sleeve,slit,small,sometimes,somewhat,square,surface,tem,testal,thin,tinged,twinin,two,ud,unit,upper,usually,variable,vary,vein,violet,visible,woody,yellow,ympodial	5-merous,arrangement,articulation,branching,bud,colour,form,fruit,hair,height,length,number,ovary,pattern,plant,position,ridging,seed,specified,symmetry,texture,type,ye	.5,0,0.15-0.2,0.5,0.5-0.7,0.5-1,0.9-1,1-1.2,1-1.5,1-3,1.5-2,3-4,3-6,3/4,5-7,<,acuminate,acute,arching,base,berry,brown,capitate,clustered,cm,dendritic,densely,diameter,ellipsoid,elliptic,entire,flattened-reniform,glabrous,globose,lanceolate,lobed,minute,mm,obtusely,occasionally,once-branched,pale,peg,perfect,poricidal,pubescent,purple,red,reddish,ridged,rounded,shiny,short,shrub,simple,sparsely,stellate,strongly,terminal,tip,truncate,uniseriate,way,white,x	5-merous,specified,ye
522	wfo-0001032276	success	152	106	78	88	64	18	76	2	-,.25,.5,0.25-1.5,0.3-1,0.5-0.75,0.5-1,0.8-1,1,1-1.5,1-2,1.8-2,2-2.5,2.5-4,3-3.5,3-6-flowered,5-7,9-18,along,anther,anthesi,attenuate,base,beneath,blade,broadly,brown,calyx,cm,corolla,cup-shaped,dark,deltoid,dia,dry,elliptic,filament,filiform,fruiting,glabrous,globose,green,lamina,leaf,like,lobe,lobed,long,long-pubescent,material,minutely,mm,narrowly,nearly,occasionally,onto,opposite,ovary,ovoid-reniform,papillose,pedicel,perhaps,petiole,pitted,plant,pore,pubescent,reflexed,rest,shaped,shrub,simple,slender,sparsely,stigma,style,surface,tapering,tear-drop,tip,triangular,trichome,tube,uniseriate,vein,white,winged,x	7-8,acute,apart,apex,ba,bark,capitat,converging,curly-tipped,decurrent,deflexed,densely,eaf,edicel,eed,ellipsoid,evenly,except,exserted,free,geminate,greyish-gree,later,lateral,lower,main,margin,middle,minute,nflorescence,node,non-reproductive,obovoid,older,pair,pale,poricidal,portion,prominent,raise,raised,remaining,ruit,scar,short,slightly,somewhat,soon,spaced,stem,straight,straw-colored,strongly,tall,tub,ud,unifoliate,unit,widely,widest,woody,yellow,ympodial,young	8,capitate,colour,diameter,flower,form,fruit,growth,height,inflorescence,length,number,position,seed,shape,size,texture,type	-,.25,.5,0.25-1.5,0.3-1,0.5-0.75,0.5-1,0.8-1,1,1-1.5,1-2,1.8-2,2-2.5,2.5-4,3-3.5,3-6-flowered,5-7,9-18,along,anthesi,attenuate,base,beneath,broadly,brown,calyx,cm,cup-shaped,dark,deltoid,dia,dry,elliptic,filiform,glabrous,globose,green,lamina,leaf,like,lobe,lobed,long,long-pubescent,material,minutely,mm,narrowly,nearly,occasionally,onto,opposite,ovoid-reniform,papillose,perhaps,petiole,pitted,plant,pubescent,reflexed,rest,shaped,shrub,simple,slender,sparsely,tapering,tear-drop,triangular,trichome,tube,uniseriate,vein,white,winged,x	8,capitate
523	wfo-0001032277	success	163	95	59	75	88	20	59	0	.5,0.1-0.5,0.2-0.6,0.75-1,0.8-3,1-1.1,1-1.2,1-1.5,1-2,2-2.5,2-4,3-3.5,5-6,8-9,anther,area,base,blunt,bright,calyx,cm,coriaceous,corolla,cup-shaped,deltoid,elliptic,filament,flattened-reniform,fruit,fruiting,glabrous,globose,green,immature,incrassate,inflorescence,internodal,lax,leaf,lobe,margin,minutely,mm,opposite,ovary,pale,paler,papillose,pedicel,petiole,pitted,pore,poricidal,pubescent,revolute,ripe,round,shrub,simple,slender,small,sparsely,spicy-fragrant,stigma,style,surface,tip,translucent,trichome,tube,uniseriate,white,x,yellow,yellowish-tan	1-5,1.5-1.8,1/2,10-14,2-6-flowered,3-9,acute,along,anthesi,apex,apiculate,appear,appearing,auriculate,ba,bark,beneath,berry,blade,branched,closely,densely,dia,drooping,dry,eaf,edicel,eed,ellipsoid,erect,exserted,free,geminat,gre,impressed,indentation,lateral,like,lobed,long,lower,main,mature,middle,nflorescence,number,obscured,occasionally,older,overlapping,pair,papillae,partially,portion,prominent,puberulent,pubescenc,raised,reddish,remaining,rest,rounded,ruit,scar,slende,spaced,specimen,stem,straight,strict,strongly,styl,tall,tapering,truncate,trunk,tub,two,ud,unit,varying,vein,virgately,way,widest,woody,ympodial,young	abaxial,adaxial,branching,colour,diameter,flower,form,fragrance,growth,hair,height,length,plant,position,seed,shape,size,texture,thicknes,type	.5,0.1-0.5,0.2-0.6,0.75-1,0.8-3,1-1.1,1-1.2,1-1.5,1-2,2-2.5,2-4,3-3.5,5-6,8-9,area,base,blunt,bright,cm,coriaceous,cup-shaped,deltoid,elliptic,flattened-reniform,glabrous,globose,green,immature,incrassate,internodal,lax,leaf,minutely,mm,opposite,pale,paler,papillose,pitted,poricidal,pubescent,revolute,ripe,round,shrub,simple,slender,small,sparsely,spicy-fragrant,style,tip,translucent,trichome,uniseriate,white,x,yellow,yellowish-tan	
524	wfo-0001032304	success	249	107	75	94	155	13	73	2	0.3-1.5,0.5-4.5,0.9-1.3,1.2-2.3,1.3-2.1,10,18,2-5,2.5-19.5,3-10,3-15,3-20,3-6,3.2-3.8,5-6,7-27,abaxially,acuminate,acute,adaxially,anther,apex,apical-lateral,bark,base,blackish,blunt-tipped,branch,branched,brown,brownish,bud,chartaceous,cm,corolla,deltoid,diameter,entire,extend,flower,fruit,glabrescent,granular-tomentose,greenish,growth,hair,honeycombed,introrse,large,leaf,length,long-attenuate,longitudinal,margin,mm,mostly,multangulate,oblong,ovate,pale,pedicel,peduncle,petiole,plant,pore,porrect-stellate,probably,rachi,reniform,reticulate-punctate,ripe,rotate-stellate,scabridulous,seed,short-,shrub,simple,slit,small,stellate-tomentose,subglobose,suborbicular,testa,time,tomentose,tree,velutinous,violet,white,whitish,x,yellow,yellowish,young	-3,.6-1.2,.9-1.4,/20,0-120,0.2-0.3,0.5-3,1,1-3.5,1.1-2,1.2-3,1.5-3.2,1.6-1.9,1.8-4,1/2,1/3-1/2,1/5,1/8,2-4,2-4.2,2/3-3/4,21,3-4.5,3.2-5.5,4-7.5,44,5.5-9,7.5-12,9-13,accrescent,ag,along,anthesi,apart,apparently,appressed-tomentose,articulated,ascending,axe,axillary,ba,becoming,berry,blade,broadly,calyx,campanulate,capitat,closely,conical,continued,dark,decurrent,dehiscing,dendritic,dendritic-echinoi,dendritic-echinoid,densely,directed,distal,due,eaf,echinoi,echinoid,elliptic,especially,exserted,few-,few-rayed,filament,fleshy,free,fruiting,glabrescen,glabrous,green,high,inserted,juvenile,lateral,least,lobe,lobed,long,long-,long-stalked,lower,m.,main,many,many-rayed,midvein,mixed,multangulat,nflorescence,obscured,obtuse,occasionally,often,older,opaque,orbicular,orolla,ovat,ovate-lanceolate,overlapping,partly,perfect,plurifoliate,present,pseudo-terminal,pubescent,rarely,rather,ray,relatively,ruit,runk,sessile,short,short-stalked,side,somewhat,spaced,sparingly,spreading,stamen,stem,stigma,strongly,style,sulcate,suture,tamen,terete,thick,thick-stalked,thin,thin-,thin-stalked,tomentu,touching,toward,triangular-ovate,tube,unarme,unarmed,unit,usually,vary,vein,way,wide,within,ympodial	0.9-1.4,age,arrangement,branching,colour,form,height,inflorescence,shape,size,texture,trunk,type	0.3-1.5,0.5-4.5,0.9-1.3,1.2-2.3,1.3-2.1,10,18,2-5,2.5-19.5,3-10,3-15,3-20,3-6,3.2-3.8,5-6,7-27,acuminate,acute,apical-lateral,blackish,blunt-tipped,branched,brown,brownish,chartaceous,cm,deltoid,diameter,entire,extend,flower,fruit,glabrescent,granular-tomentose,greenish,honeycombed,introrse,large,long-attenuate,longitudinal,mm,mostly,multangulate,oblong,ovate,pale,pore,porrect-stellate,probably,reniform,reticulate-punctate,ripe,rotate-stellate,scabridulous,short-,shrub,simple,slit,small,stellate-tomentose,subglobose,suborbicular,time,tomentose,tree,velutinous,violet,white,whitish,x,yellow,yellowish,young	0.9-1.4,age
525	wfo-0001032307	success	153	104	72	88	65	16	69	3	.5,/3,0.2-0.5,0.4-1.3,1-2,1.5-5,10-20,2-5,2.5-12,2.5-3,2.5-3.5,3.5-4,30,4-8,5-12,7-18,acute,anther,apex,bark,base,branch,branched,calyx,campanulate,capitate,cm,corolla,dark,dendritic,densely,elliptic,elongate,erect,filament,flattened-reniform,fleshy,fruiting,glabrate,glabrous,globose,green,growth,incrassate,inflorescence,later,lateral,leaf,like,lobed,main,many,margin,minute,minutely,mm,ovary,pair,pale,papillae,pedicel,petiole,plant,pore,prominent,pubescent,reddish-brown,rest,shaped,shrub,small,sparsely,stem,stigma,style,tan,tear-drop,terminal,thick,time,tree,tree-like,trichome,truncate,tube,vein,way,white	1-1.5,1.5-2,5-25-flowered,?,abaxial,adaxial,along,anthesi,apar,berry,blade,body,brow,christmas-tree-like,congested,deltate,dia,eaf,edicel,eed,either,ellipsoid,exserted,flat,free,immature,inflorescenc,lobe,lon,long,loose,lower,middle,new,nflorescence,older,papillo,petal,pitted,planar,plurifoliat,poricidal,portion,reddish,ruit,scar,spaced,stout,strongly,surface,tall,thickened,tip,tub,type,ud,unevenly,upper,variable,wide,widest,within,woody,ympodia,young	branching,brown,colour,dense,diameter,form,fruit,height,length,papillose,position,pubescence,seed,shape,venation,width	.5,/3,0.2-0.5,0.4-1.3,1-2,1.5-5,10-20,2-5,2.5-12,2.5-3,2.5-3.5,3.5-4,30,4-8,5-12,7-18,acute,base,branched,campanulate,capitate,cm,dark,dendritic,densely,elliptic,elongate,erect,flattened-reniform,fleshy,glabrate,glabrous,globose,green,incrassate,inflorescence,later,lateral,like,lobed,main,many,margin,minute,minutely,mm,pair,pale,papillae,prominent,pubescent,reddish-brown,rest,shaped,shrub,small,sparsely,tan,tear-drop,terminal,thick,time,tree,tree-like,trichome,truncate,vein,way,white	brown,dense,papillose
526	wfo-0001032308	success	190	133	97	117	73	16	95	2	1-10,1-2,1.5-2.5,1.8-2.5,1.9-3,2,2-4,3-10,3-6,4-7,4-8,5-7,6,8-9,abaxially,absent,acumen,acute,adaxially,along,anther,apart,apex,base,broadly,brownish,cell,ciliate,clavate,cm,condition,connivent,cordate,corolla,cuneate,deep,diameter,digestion,distal,dorsally,dot,drying,edge,elliptic,enzyme,especially,filament,flat,flower,folded,forked,fresh,fruit,generally,glabrous,globose,green,greenish,half,homostylous,honeycomb-shaped,interjected,irregular,lanceolate,lateral,leaflet,lengthening,lobe,lobed,long,margin,medium,midrib,minute,minutely,mm,narrowly,obtuse,odd-pinnate,often,orbicular,ovate,ovoid,pedicel,peduncle,pentagonal,petiolulate,petiolule,pore,poricidal,puberulent,pure,removed,ripe,rounded,scattered,seed,sessile,shape,short,slightly,slit,stigma,straight,style,substellate,terminal,testal,tip,truncate,tube,typically,wall,white,whitish,x,yellow	0-3,0.2-2.1,0.3-5,0.7-1,0.7-1.2,12-16,2-3,2-6,3.8-5,4.8-7.7,5-merou,6-11,ag,alyx,apparently,articulated,axe,axillary,berry,blade,bud,capitat,chartaceous,covering,eaf,eed,exceeding,geminat,glabrou,greatly,green-white,hair,hair-like,hal,invested,larger,leave,like,living,lower,make,membranous,much,mucilaginous,nflorescence,non-glandular,orolla,pair,perfect,petiole,plant,plurifoliate,pubescent,ruit,seudostipule,spaced,specimen,stamen,ste,stem,subtending,sympodial,tamen,thick,throughout,tri-,trichome,unit,usually,vary,varying,wet,wide	age,arrangement,articulation,branching,calyx,capitate,colour,inflorescence,leaf,length,ovary,pseudostipule,spacing,staman,symmetry,texture	1-10,1-2,1.5-2.5,1.8-2.5,1.9-3,2,2-4,3-10,3-6,4-7,4-8,5-7,6,8-9,abaxially,absent,acute,adaxially,along,apart,base,broadly,brownish,ciliate,clavate,cm,condition,connivent,cordate,corolla,cuneate,deep,digestion,distal,dorsally,dot,drying,elliptic,enzyme,especially,flat,folded,forked,fresh,generally,glabrous,globose,green,greenish,half,homostylous,honeycomb-shaped,irregular,lanceolate,lateral,lengthening,lobed,long,margin,medium,midrib,minute,minutely,mm,narrowly,obtuse,odd-pinnate,often,orbicular,ovate,ovoid,pentagonal,petiolulate,pore,poricidal,puberulent,pure,removed,ripe,rounded,scattered,sessile,short,slightly,slit,straight,substellate,tip,truncate,typically,wall,white,whitish,x,yellow	age,capitate
527	wfo-0001032335	success	214	142	109	123	91	19	105	4	.2,.5,0,0.2â0.3,0.4,0.9â1,12â15,15,16,1â1.5,1â3,2.5â3,2â5,4â14,4â6-rayed,5â6,6â6.5,abaxial,acuminate,acute,along,anther,apex,appearing,articulated,attenuate,base,berry,branched,branching,bright,c.,capitate,cell,chartaceous,closely,cm,connivent,corolla,densely,diameter,drying,ellipsoidal,elliptic,entire,evenly,filament,flattened-reniform,fruiting,globose,gold,golden-yellow,growth,inflorescence,length,lengthening,less,like,lobed,long,loosely,lower,many,margin,membranous,minutely,mm,moderately,multangulate,narrowly,new,onto,orange,pair,pale,pedicel,peduncle,peltate,persistent,petiole,pitted,plane,pore,poricidal,porrect,porrect-stellate,primary,pubescent,ray,reddish,regularly,ripe,scar,scurfy,sessile,short-stalked,shrub,simple,slit,small,somewhat,spaced,square,stellate,stem,stigma,style,surface,terminal,testal,time,tip,tree,trichome,unevenly,upper,varying,vein,way,white,yellow,â4,âstellate	0.05,0.2,0.5,0.5â1,1.5â2,100,100+,10â12,1â1.2,2â10,2â2.5,3361,4â5,5-merou,6â19,7â10,>,abaxially,adaxial,ag,alyx,anthesi,apar,ark,axe,beneath,boh,calyx,center,covered,cup-shaped,deltate,dichasia,discolorous,eaf,eed,elongate,equal,erec,exserted,fide,flower,free,fused,glabrous,golden-brow,gradually,half,ilament,impressed,lamina,lobe,markedly,midpoint,minute,narrowing,near,nflorescence,nodding,older,orolla,papillo,part,per,perfect,pericarp,plurifoliate,portion,pubescence,reflexed,ruit,shiny,short,silvery,slightly,sometimes,sparsely,stout,strongly,stub,tal,tem,thin,tube,ud,unit,vary,visible,wide,woody,ympodial	age,apart,articulation,bark,bud,colour,form,fruit,golden-brown,hair,height,leaf,ovary,papillose,plant,seed,shape,texture,type	.2,.5,0,0.2â0.3,0.4,0.9â1,12â15,15,16,1â1.5,1â3,2.5â3,2â5,4â14,4â6-rayed,5â6,6â6.5,abaxial,acuminate,acute,along,apex,appearing,articulated,attenuate,base,berry,branched,bright,c.,capitate,cell,chartaceous,closely,cm,connivent,densely,diameter,drying,ellipsoidal,elliptic,entire,evenly,flattened-reniform,globose,gold,golden-yellow,length,lengthening,less,like,lobed,long,loosely,many,membranous,minutely,mm,moderately,multangulate,narrowly,onto,orange,pair,pale,peltate,persistent,petiole,pitted,plane,pore,poricidal,porrect,porrect-stellate,pubescent,ray,reddish,regularly,ripe,scurfy,sessile,short-stalked,shrub,simple,slit,small,somewhat,spaced,square,stellate,stem,surface,terminal,testal,time,tip,tree,trichome,unevenly,varying,way,white,yellow,â4,âstellate	age,apart,golden-brown,papillose
528	wfo-0001032337	success	225	138	103	119	106	19	100	3	0.4-1.5,0.5-3.5,1-2,1.2-2.8,1.4-2,1.5,2-3.5,2-7,2.3-11.5,3-4,3-8,3.6-5,4-17,4-6,4-9,4.5-14.5,8-10,8-17,9-29,abaxially,adaxially,anther,berry,blade,borne,brownish,canescent,cell,chartaceous,clavate,cm,condition,connivent,corolla,covering,darker,deep,densely,diameter,distal,dot,drying,end,filament,flower,forked,fresh,fruit,generally,glabrous,globose,green,green-white,greenish,hair,hair-like,half,herb,homostylous,lanceolate,lateral,leaf,leaflet,lengthening,light,like,make,membranous,mm,mottled,mucilaginous,odd-pinnate,often,ovoid,pair,pedicel,peduncle,pentagonal,petiole,plant,pore,poricidal,pubescent,purple,ray,ripe,rotate,scattered,seed,short,singly,size,slit,sometimes,sparsely,stem,stigma,straight,style,subglabrous,terminal,testal,thick,throughout,tip,tube,tuber,typically,unwinged,usually,violet,violet-purple,wall,wet,white,whitish,wide,wing,x	0,1,1-10,1-4,1.6-4,10,2,2-14,2-4,2-4.5,2.3-4.8,5-11,5-merou,9-21,acumen,acuminate,acute,ag,along,alyx,apart,apex,apiculate,apparently,articulated,attenuate,axe,axillary,base,basiscopic,broadly,bud,capitat,ciliate,cordate,cuneate,decurrent,digestion,dorsally,eaf,edge,eed,elliptic,enzyme,erec,especially,exceeding,except,flat,folded,frequently,geminat,glabrou,greatly,honeycomb-shaped,interjected,living,lobe,long,lower,margin,middl,midrib,minutely,nflorescence,oblique,obtuse,orbicular,orolla,ovate,paired,perfect,petiolulate,petiolule,plurifoliate,proximal,puberulent,rarely,reduced,removed,rounded,ruit,sessile,seudostipule,side,slightly,small,spaced,specimen,stamen,ste,stolo,subequal,subsessile,subtending,tall,tamen,tem,tertiary,tissue,tri-,unit,unpaired,vary,yellow,ympodial	age,arrangement,branching,calyx,capitate,colour,form,growth,height,inflorescence,length,ovary,presence,pseudostipule,shape,staman,stolon,symmetry,texture	0.4-1.5,0.5-3.5,1-2,1.2-2.8,1.4-2,1.5,2-3.5,2-7,2.3-11.5,3-4,3-8,3.6-5,4-17,4-6,4-9,4.5-14.5,8-10,8-17,9-29,abaxially,adaxially,berry,borne,brownish,canescent,cell,chartaceous,clavate,cm,condition,connivent,covering,darker,deep,densely,distal,dot,drying,end,forked,fresh,generally,glabrous,globose,green,green-white,greenish,hair,hair-like,half,herb,homostylous,lanceolate,lateral,lengthening,light,like,make,membranous,mm,mottled,mucilaginous,odd-pinnate,often,ovoid,pentagonal,plant,pore,poricidal,pubescent,purple,ray,ripe,rotate,scattered,seed,short,singly,slit,sometimes,sparsely,stem,straight,subglabrous,testal,thick,throughout,tip,typically,unwinged,usually,violet,violet-purple,wall,wet,white,whitish,wide,wing,x	age,capitate,stolon
529	wfo-0001032344	success	157	98	57	72	85	26	53	4	0.2-0.5,1-1.3,1-4,1.5-6,10-29,2-2.8,3-5,3-7,3-8.5,3-9,3.5-6.5,4-11,4-8,5-10,6-15,9.5-21,absent,apical,apically,bluish,branched,calyx,cm,connate,corolla,dark,dehiscent,diameter,dichasially,distal,filament,flower,globose,green,hair-like,half,herbaceous,interjected,introrse,lateral,leaf,leaflet,maturing,medium,mm,odd-pinnate,often,ovoid,pedicel,peduncle,perennial,perfect,petiole,plant,poricidally,puberulent,pubescent,purple,rotate,rotate-pentagonal,scarce,seed,short,size,slit,style,terminal,tuber-bearing,typically,unit,violet,wall	1-3,1.5-4.5,1.6-2.4,2-3,2.2-4,2.8,3-6-foliat,abaxially,abruptly,acumen,acuminate,acute,adaxially,apex,articulate,base,belo,broadly,cell,covering,cuneate,cyme,decurrent,dichasial,digestion,diminishing,dorsally,dot,eaf,ebracteate,edge,eed,elliptical,emoval,enzyme,exceeding,forked,generally,globo,green-white,honeycomb,inrolled,layeral,living,lobe,lon,long,long-attenuate,lower,lunat,make,monochasial,mucilaginous,nflorescence,nther,oblique,orolla,ovate,pair,pattern,petiolule,plan,proximal,reveal,ruit,sessile,seudostipule,smooth,sometimes,specimen,stamen,stigma,straight,tal,tem,testal,thick,throughout,toward,vary,white,wide,yellow,ympodial,Â¼	3-6-foliate,7,anther,arrangement,branching,colour,form,fruit,growth,height,inflorescence,length,lunate,number,ovary,pore,position,present,pseudostipule,shape,stem,structure,sympodial,texture,type,width	0.2-0.5,1-1.3,1-4,1.5-6,10-29,2-2.8,3-5,3-7,3-8.5,3-9,3.5-6.5,4-11,4-8,5-10,6-15,9.5-21,absent,apical,apically,bluish,branched,cm,connate,dark,dehiscent,dichasially,distal,globose,green,half,herbaceous,introrse,maturing,medium,mm,odd-pinnate,often,ovoid,perennial,perfect,plant,poricidally,puberulent,pubescent,purple,rotate,rotate-pentagonal,scarce,short,slit,tuber-bearing,typically,violet	3-6-foliate,7,lunate,present
530	wfo-0001032354	success	171	80	45	56	115	24	42	3	1-2,1-3,250-400,3-4,38/2,40-75,anther,anthesi,aster,axillary,base,becoming,berry,branch,branched,broadly,cell,coarsely,colour,corolla,cuneate,discoidal,filament,fork,glabrous,globose,green,greenish-ivory,hair,leaf,maturity,minutely,mm,obovate,occasionally,oval,ovoid,pebble-shaped,pedicel,pinnatisect,pore,poricidal,puberulent,rh,rotate,rugose-reticulate,shape,shrub,simple,somewhat,stellate,stone,surface,tip,trichome,violet	0,0-5,0.3,0.5-1,0.8-1,0.8-1.2,1-10,1-5,10-lobed,2,2-2.5,2.5-3,25,29,4-6,5-10,5-15,acuminate,acute,almost,angular,apex,aspect,axi,bilobed,brown,c.,calyx,campanulate,capitate,cm,creating,cut,decurrent,deep,deeply,dia,distal,eaf,eed,effect,ellipsoid,except,exerted,facetted,fleshy,flower,general,glandular,gre,gree,greyish,halfway,lanceolat,large,lasting,lengthening,linear,lobe,lobed,lower,midrib,minute,narrow,nflorescence,obovoid,ovary,ovate,pair,pale,pedicellate,peduncle,plurifoliat,pubescent,rather,rounded,ruit,secondary,seedling,several,shoot,single,sinus,size,slightly,slit,small,smaller,smel,soft,sparse,spreading,stem,stigma,straight,strongly,style,tall,tub,ud,uniseriate,unit,unpleasant,usually,variable,vein,wide,wing,within,wooded,woody,x,year,ympodial,young	arrangement,articulation,branching,decurren,form,fruit,growth,height,inflorescence,insertion,length,margin,marking,mature,none,number,plant,position,seed,spot,symmetry,texture,type,zygomorphy	1-2,1-3,250-400,3-4,38/2,40-75,anthesi,aster,axillary,becoming,berry,branch,branched,broadly,coarsely,cuneate,discoidal,fork,glabrous,globose,green,greenish-ivory,maturity,minutely,mm,obovate,occasionally,oval,ovoid,pebble-shaped,pinnatisect,poricidal,puberulent,rh,rotate,rugose-reticulate,shrub,simple,somewhat,stellate,tip,violet	decurren,none,zygomorphy
531	wfo-0001032358	success	216	101	68	88	128	13	67	1	.2,.4,0.2-4,0.5-3,0.7-1,1.5-2,13-20,2-10,2-4,3-10,3-4,4-8,acute,anther,apart,apex,appearing,base,berry,branched,capitate,cm,cordate,corolla,curved,densely,entire,flattened,fruit,fruiting,furcate,glabrescent,globose,green,growth,heteromorphic,inflorescence,leaf,long,lower,margin,membranous,minutely,mm,occasionally,orangish,ovate,ovoid,pale,part,pedicel,peduncle,petiole,pitted,pore,poricidal,porrect,prickle,prickly,pubescent,purple,red,reniform,ripening,rotate-stellate,scar,sessile,short-stalked,shrub,sinuate,slightly,somewhat,spaced,stellate,stem,stigma,strongly,style,surface,tan,time,tip,trichome,tuberculate,type,unevenly,yellowish,zygomorphic	.1,.3,.5,/2,0,0.6-0.8,0.6-1,1-1.6,1-2,1.3-1.7,1.5-2.5,1/4-1/2,12-20,15-40,2,2-3,2-5,2.2-7.5,3.5-13,4-4.5,4-7,4-merous,4.5-5,abaxially,abscissio,adaxially,along,another,anthesi,armed,away,bark,basal,based,broad,brown,bulbous,calyx,cell,center,cupuliform,diameter,difoliate,dorsal,drying,eaf,eed,equal,erect,expanding,exserted,filament,flower,free,frui,geminate,glabrescen,glabrous,internodal,interpetalar,irregular,irregularly,lamina,left,lengthening,like,linear,lobe,lobed,longer,lowermost,margined,markedly,maturity,midpoint,midrib,midvein,new,nflorescence,nodding,often,older,one,pair,paler,papillat,papillate,peg,per,perfect,pericarp,persistent,planar,portion,present,primary,ray,rhachi,ruffly,ruit,shiny,short,simple,sinus,slit,small,sometimes,space,sparsely,spreading,staman,thick,thin,three,tub,tube,two,ud,unisexual,unit,upper,usually,vein,way,whitish,widely,x,ympodial	abaxial,adaxial,branching,broad-based,bud,colour,form,hair,length,seed,shape,symmetry,texture	.2,.4,0.2-4,0.5-3,0.7-1,1.5-2,13-20,2-10,2-4,3-10,3-4,4-8,acute,apart,appearing,berry,branched,capitate,cm,cordate,curved,densely,entire,flattened,furcate,glabrescent,globose,green,heteromorphic,long,lower,membranous,minutely,mm,occasionally,orangish,ovate,ovoid,pale,part,pitted,poricidal,porrect,prickly,pubescent,purple,red,reniform,ripening,rotate-stellate,sessile,short-stalked,shrub,sinuate,slightly,somewhat,spaced,stellate,strongly,tan,time,tip,trichome,tuberculate,unevenly,yellowish,zygomorphic	broad-based
532	wfo-0001032367	success	231	111	82	79	152	32	66	16	0.4-0.5,1.2,100-300,2-3-celled,2-4,3-5,3-celled,5-merous,6-8,8,acicular,acute,anther,base,berry,branch,broad-based,calyx,capitate,cm,conical,cordate,cream,dark,diameter,erect,flower,glabrous,gland-tipped,globose,green,greenish,hair,heterostylous,hyaline,immature,inflorescence,lateral,leaf,length,light,lobe,lobed,long,many,margin,maturity,minutely,mm,mottled,nearly,obtuse,ovary,ovate,pair,pale,per,petiole,prickle,recurved,shallow,shrub,simple,size,spreading,stellate,stem,stigma,straight,style,suborbicular,trichome,truncate,unbranched,uniseriate,usually,white,wide,yellow	-3,.2,.4,0-0.3,0.2â0.35,0.4â0.5,0.4â0.6,0.4â1,0.5â0.8,0.5â2,0.6,0.6â0.8,0.7-1.1,0.8,0.8â2,1-2,1-2.1,1â1.5,1â1.8,2,2.2â2.5,2.2â2.8,2.5â3,2â2.5,3.2â4,3â10,3â5,3â6,4,4â6.5,5.5â6.9,5â18,6.8â8.2,7â10,abaxial,abaxially,accrescent,adaxial,adaxiall,adaxially,also,alyx,anthesi,apex,arme,around,axi,ba,blade,congested,connivent,copious,curved,deciduous,densely,difoliate,directed,distall,eaf,eed,enlarged,entire,equal,expand,fertile,filament,flattened-reniform,free,fruiting,geminat,geminate,glandular-puberulent,grading,herbarium,infructescence,lanceolate,largest,layer,least,long-styled,longer,lower,lowermost,major,membranous,mesocarp,midpoint,minute,mixed,mixture,moderately,narrowly,nflorescence,often,one,orolla,oung,papillat,pedicel,peduncle,pore,poricidal,portion,prickly,puberulent,pubescence,pubescent,rarely,ray,red-brown,rest,ruit,scarcely,scattered,secondary,sessile,short-styled,shorter,similar,slender,small,smaller,somewhat,sparsely,specimen,spongy,spreadin,staminat,ste,surface,tall,tamen,tapering,terete,thick,tightly,time,tip,tooth,triangular,tube,twice,unarmed,uniformly,unit,variable,vary,vein,whitish,ympodial,â15,â5	0.2-0.35,0.4-0.6,0.4-1,0.5-2,1-1.8,15,2-2.5,2.2-2.5,2.2-2.8,3-10,5-18,5.5-6.9,6.8-8.2,7-10,armed,arming,branching,colour,corolla,form,fruit,growth,height,number,papillate,pattern,plant,position,seed,shape,staman,type	0.4-0.5,1.2,100-300,2-3-celled,2-4,3-5,3-celled,5-merous,6-8,8,acicular,acute,base,berry,branch,broad-based,capitate,cm,conical,cordate,cream,dark,diameter,erect,glabrous,gland-tipped,globose,green,greenish,hair,heterostylous,hyaline,immature,lateral,light,lobe,lobed,long,many,maturity,minutely,mm,mottled,nearly,obtuse,ovate,pair,pale,per,prickle,recurved,shallow,shrub,simple,spreading,stellate,straight,suborbicular,trichome,truncate,unbranched,uniseriate,usually,white,wide,yellow	0.2-0.35,0.4-0.6,0.4-1,0.5-2,1-1.8,15,2-2.5,2.2-2.5,2.2-2.8,3-10,5-18,5.5-6.9,6.8-8.2,7-10,armed,papillate
533	wfo-0001032407	success	216	127	89	110	106	17	88	1	0.5-3,0.8,1-10,1-2,1-2.4,1.2-7,1.4-2.7,1.5-2.2,10-19.5,10-27,2-10.5,2-4,2.5-9,3-15,3.1-13.5,4-11,4-48,4-7,5,5-23,5-30,7-9,8-10,abaxially,adaxially,anther,berry,blade,brownish,cell,chartaceous,clavate,cm,coarsely,condition,conical,corolla,covering,dark,densely,diameter,drying,filament,finely,flower,forked,fresh,fruit,glabrous,green,green-white,greenish,hair,hair-like,herb,homostylous,lanceolate,lateral,leaf,leaflet,less,light,like,lobe,long,make,medium,membranous,minute,mm,moniliform,mottled,mucilaginous,odd-pinnate,ovoid,pedicel,peduncle,pentagonal,petiole,plant,pore,poricidal,puberulent,pubescent,purple,rarely,ripe,rotate,seed,simple,size,sparsely,stem,stigma,straight,style,terminal,testal,thick,throughout,tip,tube,tuber,wall,wet,white,whitish,wide,wing,x	0-4,0.3-0.6,0.3-8,0.4-4,0.8-0.3,1-5,12,2.5-10.5,30,38,5-merou,6,absent,acumen,acuminate,ag,along,alyx,apart,apex,apparently,arranged,articulated,asymmetrical,attenuate,axe,axillary,base,basiscopic,bead,bud,capitat,ciliate,commonly,connivent,decreasing,digestion,distal,eaf,edge,eed,elliptic,elongated,enzyme,erec,especially,exceeding,folded,geminat,generally,glabrou,gradually,half,honeycomb-shaped,interjected,larger,lengthening,living,lower,margin,middle,minutely,multiple,narrow,necklace,nflorescence,obtuse,orbicular,orolla,ovate,pair,perfect,petiolule,plurifoliate,proximal,pubescen,ray,removed,round,ruit,secondary,semierect,sessile,seudostipule,side,slit,spaced,specimen,stamen,ste,stolon,subequal,subtending,symmetrical,tall,tamen,tem,tissue,tri-,typically,unit,unwinged,usually,vary,yellow,ympodial	arrangement,branching,calyx,capitate,colour,form,growth,height,inflorescence,length,ovary,pseudostipule,shape,spacing,staman,texture,width	0.5-3,0.8,1-10,1-2,1-2.4,1.2-7,1.4-2.7,1.5-2.2,10-19.5,10-27,2-10.5,2-4,2.5-9,3-15,3.1-13.5,4-11,4-48,4-7,5,5-23,5-30,7-9,8-10,abaxially,adaxially,berry,brownish,cell,chartaceous,clavate,cm,coarsely,condition,conical,covering,dark,densely,drying,finely,forked,fresh,glabrous,green,green-white,greenish,hair,hair-like,herb,homostylous,lanceolate,lateral,less,light,like,long,make,medium,membranous,minute,mm,moniliform,mottled,mucilaginous,odd-pinnate,ovoid,pentagonal,poricidal,puberulent,pubescent,purple,rarely,ripe,rotate,seed,simple,sparsely,stem,straight,testal,thick,throughout,tip,wall,wet,white,whitish,wide,x	capitate
534	wfo-0001032465	success	229	130	101	115	114	15	98	3	-11,.5,0,0.5-1.5-5,0.5-2,0.5-2.5-5.5-9,1-1.5,1-5-8-10,1.2-1.5,1.5-1.8,1.5-2,2,2-2.5,3-3.5,3-4,4,5-8,acuminate,acute,anther,apex,articulated,axi,base,berry,black,branched,brown,calyx,capitate,cm,commonly,cordate,coriaceous,corolla,deeply,deltate,densely,diameter,ellipsoid,elliptic,entire,filament,flattened,flower,glabrous,glandular-tipped,globose,greenish,growth,included,inflorescence,later,lateral,leaf,leaving,length,lengthening,lobe,lobed,long,margin,membranous,minute,minutely,mm,narrowly,ovate,pedicel,peduncle,peg,per,perfect,petiole,pinnate,pinnatifid,pore,poricidal,pubescent,purplish,reddish,reniform,reticulate,revolute,ripe,seed,shape,simple,size,sleeve,slit,sparsely,stellate-rotate,stem,stigma,strongly,style,terminal,time,tiny,tip,transparent,trichome,truncate,tube,twining,uniseriate,variously,varying,vine,violet,white,woody,x,young	+,.2,0.2,1-1.7,1-3-8-14,1-celled,1.5,1/3,25,3-5,3-9,5,5-7,5-merou,9,abaxial,ag,alyx,angled,anthesi,apar,apically,appearing,ark,basal,cell,ciliate,clasping,conical,connivent,de,decreasing,deep,deeper,distal,drying,eaf,edge,eed,elongate,erect,exserte,filiform,free,fringe,fruiting,glabrescen,gland,glandular,green,growing,half,ilament,irregular,irregularly,janeiro,larger,like,loosely,lower,mature,new,nflorescence,nodding,occasionally,often,older,orolla,outline,pair,paired,papillate,papillo,pendan,pentagonal,pericarp,planar,plurifoliat,portion,primary,puberulent,rio,ruit,scar,scattered,shallow,shiny,similar,sinus,somewhat,spaced,splitting,subshrub,surface,tem,testal,thicker,thin,toward,tuft,twinin,ud,unicellular,unit,upper,usually,vary,vein,wall,way,widest,yellowish,ympodial,Â½	5-merous,age,articulation,bark,branching,bud,colour,exserted,form,fruit,hair,ovary,position,texture,type	-11,.5,0,0.5-1.5-5,0.5-2,0.5-2.5-5.5-9,1-1.5,1-5-8-10,1.2-1.5,1.5-1.8,1.5-2,2,2-2.5,3-3.5,3-4,4,5-8,acuminate,acute,articulated,axi,base,berry,black,branched,brown,calyx,capitate,cm,commonly,cordate,coriaceous,corolla,deeply,deltate,densely,diameter,ellipsoid,elliptic,entire,flattened,glabrous,glandular-tipped,globose,greenish,included,inflorescence,later,lateral,leaving,length,lengthening,lobed,long,membranous,minute,minutely,mm,narrowly,ovate,peg,per,perfect,pinnate,pinnatifid,pore,poricidal,pubescent,purplish,reddish,reniform,reticulate,revolute,ripe,simple,sleeve,slit,sparsely,stellate-rotate,strongly,terminal,time,tiny,tip,transparent,trichome,truncate,tube,twining,uniseriate,variously,varying,vine,violet,white,woody,x,young	5-merous,age,exserted
535	wfo-0001032494	invalid_json	163	112	NA	87	76	25	NA	NA	.1,.4,.5,0.6-1,0.75-1,0.8-1,0.9-1.2,1-1.5,1.45-1.5,1.5,1.5-8,1.6-2,1.8-4.5,2.3-2.5,2.5,2.5-8,3-4,3.4-14.5,3/4,5-40,acuminate,anther,anthesi,apart,apex,attenuate,bark,base,brown,calyx,clavate,cm,corolla,decurrent,filament,flattened-reniform,fruit,fruiting,furcate,glabrous,globose,greenish-yellow,incrassate,leaf,light,lobe,lobed,margin,minor,minutely,mm,narrowly,occasionally,opposite,ovary,ovate,pale,papillose,pedicel,petiole,pitted,pore,revolute,scar,shaped,shrub,simple,size,small,stem,stigma,style,surface,tan,tear-drop,tree,trichome,tube,two-winged,uniseriate,unit,way,white,whitish-green,winged,x,zig-zag	1.1-1.2,16.5-20.5,4-8,5-6.4,8-11,accrescent,appearing,axil,ba,beginning,beneath,berry,bullate,deflexed,dia,differing,difoliate,dry,eaf,edicel,eed,equal,evenly,except,expanded,exserted,flowered,free,geminat,geminate,inflorescenc,lateral,lax,lenticellat,lon,long,lower,main,major,material,middle,nearly,nflorescence,node,orange,ovoid,pair,papillae,papillo,planar,poricidal,portion,prominent,proximal,pubescent,quite,raised,ridge,ruit,slender,slightly,somewhat,spaced,straight,tall,tapering,tip,triangular,ud,upper,vein,venation,widest,woody,yellow,ympodial	abaxial,branching,characteristic,colour,diameter,difoliation,flower,form,glabrousnes,growth,height,inflorescence,length,lenticellate,number,plant,position,seed,shape,spacing,sympodial,texture,type,value,ye	NA	NA
536	wfo-0001032507	success	206	173	131	147	59	26	127	4	.2,.5,/4,0.25,0.3,0.5,0.8,1,1.3,1.5â7,10â20,15â20,1â1.5,1â10,2,2.5â4,20â30,3â5,3â7,5â10,5â20,5â8,6,8â15,abaxial,abaxially,absent,acuminate,acute,adaxially,anther,apex,armed,articulated,base,berry,blue,branched,broadly,brown,bud,calyx,cell,chartaceous,cm,collection,compound,connivent,corolla,cream,curved,deltate,diameter,distally,ellipsoid,elliptic,entire,exserted,fertile,filament,flattened-reniform,flower,flowering,four,fruiting,glabrous,globose,green,hair,herbarium,highly,individual,internode,lateral,leaflet,lengthening,light,lobe,long,major,margin,material,midrib,minutely,mm,narrowly,oblong,occasionally,often,one,ovate,pale,pedicel,peduncle,pentagonal,pericarp,petiole,pinnate,pinnately,pinnatifid,pistillate,pitted,plant,pore,poricidal,present,prickle,puberulent,pulp,purple,purplish,rachi,ranging,rarely,reddish,rotate-pentagonal,rounded,rugose,shape,side,simple,single,slit,sometimes,staminate,stem,stigma,straight,strongly,style,surface,testal,time,tip,tube,unbranched,variable,variously,vein,vine,way,white,wide,widest,woody,yellowish,Ã	0.7-1.2,1.2-1.7,1.5â2,2.5â6,2â9,4â10,abundant,adaxiall,adjacent,ag,alyx,anthesi,apiculate,becoming,blade,campanulate,confluent,deep,distinct,dr.,eaf,eed,either,elongating,equal,fifth,herbaceous,interpetalar,larger,lobed,longer,lower,nearly,nflorescence,observe,orolla,papery,perennial,plurifoliat,quadrate,recurve,regularly,ruit,sinus,slender,slightly,spreading,stout,tamen,tear,terminal,tissue,unequal,unit,unlobed,usually,vary,wood,ympodial	age,armament,articulation,branching,colour,dry,exsertion,form,fruit,growth,inflorescence,leaf,length,observed,orientation,ovary,presence,ratio,recurved,seed,size,staman,symmetry,texture,type,width	.2,.5,/4,0.25,0.3,0.5,0.8,1,1.3,1.5â7,10â20,15â20,1â1.5,1â10,2,2.5â4,20â30,3â5,3â7,5â10,5â20,5â8,6,8â15,abaxial,abaxially,absent,acuminate,acute,adaxially,armed,articulated,base,berry,blue,branched,broadly,brown,calyx,cell,chartaceous,cm,collection,compound,connivent,cream,curved,deltate,diameter,distally,ellipsoid,elliptic,entire,exserted,fertile,flattened-reniform,flower,flowering,four,glabrous,globose,green,hair,herbarium,highly,individual,leaflet,lengthening,light,long,material,midrib,minutely,mm,narrowly,oblong,occasionally,often,one,ovate,pale,pentagonal,pinnate,pinnately,pinnatifid,pistillate,pitted,plant,pore,poricidal,present,prickle,puberulent,pulp,purple,purplish,ranging,rarely,reddish,rotate-pentagonal,rounded,rugose,shape,side,simple,single,slit,sometimes,staminate,straight,strongly,surface,testal,time,tip,tube,unbranched,variable,variously,vine,way,white,wide,widest,woody,yellowish,Ã	age,dry,observed,recurved
537	wfo-0001032523	success	200	88	58	72	128	16	57	1	-5,.2,.5,/4,0.6-0.7,1.5-3,15-30,2-2.4,2-5.5,2.7-3,3.5-4,5-20,6-10,abaxial,abaxially,adaxial,anther,base,berry,branching,calyx,cm,connivent,diameter,elliptic,entire,evenly,flattened-reniform,flower,fruit,fruiting,glabrescent,green,hair,lateral,leaf,length,lobed,long,lower,margin,maturity,mauve,minute,mm,moderately,ovate,per,petiole,poricidal,prickle,primary,red,reflexed,secondary,shrub,simple,sparsely,spherical,stellate-pubescent,stem,straight,subentire,surface,tapering,terminal,tip,unarmed,way,weakly,wide,young	-2,0-0.15,0-10,0-12,0-15,0-3,0.1-0.2,0.2,0.2-0.4,0.3-0.5,0.4-1,0.4-1.5,0.5-1,0.6-0.8,1-1.5,1-2,1-3,1-8,1.3-1.6,1/3-1/2,1/4-1/3,10-50,2,2-2.5,2-4,2.5-6,3-15,3-4,4-5-merous,4-7,5-12,6-20,6-8,acuminat,acuminate,acute,alyx,ame,apar,apart,apex,apically,apparently,articulated,bark,blade,brow,c.,conical,cuneate,curved,deltate,discolorous,drying,dull,eaf,eed,elongating,equal,erect,filament,filiform,free,gently,glabrou,glabrous,herbaceous,inflated,infructescence,lobe,lon,longer,mature,membranous,midpoint,multangulate,narrow-deltate,nflorescence,older,one,open,orange,orange-brown,orolla,oung,pair,pale,pedicel,peduncle,perfec,pericarp,perpendicular,plurifoliat,porrect,portion,prickly,ray,recurved,red-brown,ruit,scandent,scar,sessile,smooth,sometimes,spaced,spreading,stalk,stalked,stellate,strongly,style,tamen,terete,tertiary,time,trichome,tube,unarme,unit,variously,vary,vein,venation,visible,woody,yellow,ympodial	colour,corolla,form,growth,inflorescence,number,orientation,placement,position,present,seed,shape,size,staman,texture,type	-5,.2,.5,/4,0.6-0.7,1.5-3,15-30,2-2.4,2-5.5,2.7-3,3.5-4,5-20,6-10,abaxially,base,berry,cm,connivent,diameter,elliptic,entire,evenly,flattened-reniform,glabrescent,green,hair,lateral,leaf,lobed,long,maturity,mauve,minute,mm,moderately,ovate,poricidal,primary,red,reflexed,secondary,shrub,simple,sparsely,spherical,stellate-pubescent,stem,straight,subentire,tapering,terminal,tip,unarmed,way,weakly,wide,young	present
538	wfo-0001032524	success	205	95	60	79	126	16	59	1	1-2,1-2.5,1.5-4,10-35,12-13,2-5,2.5-8,25-90,3.5-4.5,4.5-8,5-6,5-9,6-13,6-16.5,7-8,abaxially,adaxially,anther,berry,blade,brownish,chartaceous,cm,condition,connivent,corolla,densely,diameter,drying,filament,flower,forked,fresh,fruit,glabrous,globose,grayish-green,green,greenish,hair,herb,homostylous,lanceolate,lateral,leaflet,length,lengthening,light,like,lilac,membranous,minutely,mm,moniliform,odd-pinnate,ovoid,pair,pedicel,peduncle,petiole,plant,pore,poricidal,puberulent,pubescent,purple,ripe,seed,size,slit,stem,style,terminal,tip,tuber,unwinged,violet,whitish,x	1-10,1.5-2,120-210,14-50,2-3,3-4,3-5,3-8.5,4,4-5,4.5-5,5-merou,50-70,7-35,?,acumen,acute,ag,along,alyx,apart,apex,apparently,arranged,articulated,ascending,attenuate,axe,axillary,base,bead,bud,capitat,cell,ciliate,clavate,covering,cuneate,different,digestion,distal,dorsally,eaf,edge,eed,elliptic,enzyme,erec,especially,exceeding,except,flat,folded,geminat,generally,glabrou,greatly,green-white,hair-like,hal,half,head,honeycomb-shaped,interjected,living,lobe,long,lower,make,margin,middle,midrib,mucilaginous,multicellular,multiple,narrowly,necklace,nflorescence,non-glandular,obtuse,often,orolla,ovate,pentagonal,perfect,petiolulate,petiolule,plurifoliate,proximal,reduced,removed,rotate,rounded,ruit,sessile,seudostipule,short,silky,silvery-white,spaced,specimen,stamen,ste,stigma,stolon,straight,subequal,subtending,tall,tamen,tem,testal,tetralobulate,thick,throughout,tri-,trichome,tube,typically,unit,usually,vary,wall,wet,yellow,ympodial	age,arrangement,branching,calyx,colour,form,growth,height,inflorescence,leaf,ovary,pseudostipule,shape,staman,symmetry,texture	1-2,1-2.5,1.5-4,10-35,12-13,2-5,2.5-8,25-90,3.5-4.5,4.5-8,5-6,5-9,6-13,6-16.5,7-8,abaxially,adaxially,berry,brownish,chartaceous,cm,condition,connivent,densely,drying,forked,fresh,glabrous,globose,grayish-green,green,greenish,hair,herb,homostylous,lanceolate,lengthening,light,like,lilac,membranous,minutely,mm,moniliform,odd-pinnate,ovoid,pore,poricidal,puberulent,pubescent,purple,ripe,slit,stem,tip,unwinged,violet,whitish,x	age
539	wfo-0001032532	success	160	103	61	75	85	28	55	6	0.3-2.5,1-4,1.5-2.6,1.5-4.3,13-52,15-30,2-10,2-13,2-3,2.8-3.6,2.8-9.5,3-10,3.4-12.2,4-5.5,4.5,6,6-22,8-38,acute,apically,branched,calyx,cm,conical,connate,corolla,cyme,deep,dehiscent,diameter,dichasially,distal,dorsally,edge,filament,finely,flat,flower,folded,forked,green,green-white,hair-like,herbaceous,interjected,lateral,leaf,leaflet,light,lobe,long-attenuate,medium,mm,odd-pinnate,ovoid,pedicel,peduncle,perennial,perfect,petiole,plant,poricidally,proximal,pubescent,purple,rotate,seed,straight,style,terminal,tuber-bearing,unit,wall,yellow,Â¼	0-.,1-1.5,1.5-3.2,2,2-3-5,3-6-foliat,3.7-10,abaxiall,abaxially,absent,acumen,acuminate,adaxially,apex,apical,articulate,attenuate,base,cell,coarsel,covering,cuneate,dichasial,digestion,diminishing,eaf,ebracteate,eed,elliptical,emoval,enzyme,exceeding,generally,globo,gradually,half,honeycomb,introrse,living,lon,long,lower,lunat,make,maturing,minute,monochasial,mucilaginous,narrowly,nflorescence,nther,oblique,obtuse,often,orolla,ovate,pair,pattern,petiolule,plan,reveal,rounded,ruit,sessile,seudostipule,short,size,slit,specimen,stamen,stigma,subequal,subsessile,tal,tem,testal,thick,throughou,throughout,tip,toward,typically,vary,wide,ympodial	0-2,2-5,3-6-foliate,anther,arrangement,articulation,branching,coarsely,colour,form,fruit,growth,height,inflorescence,length,lunate,number,ovary,pore,present,pseudostipule,shape,stem,structure,sympodial,texture,type,width	0.3-2.5,1-4,1.5-2.6,1.5-4.3,13-52,15-30,2-10,2-13,2-3,2.8-3.6,2.8-9.5,3-10,3.4-12.2,4-5.5,4.5,6,6-22,8-38,acute,apically,branched,cm,conical,connate,cyme,deep,dehiscent,dichasially,distal,dorsally,finely,flat,folded,forked,green,green-white,herbaceous,light,lobe,long-attenuate,medium,mm,odd-pinnate,ovoid,perennial,perfect,poricidally,proximal,pubescent,purple,rotate,straight,tuber-bearing,yellow,Â¼	0-2,2-5,3-6-foliate,coarsely,lunate,present
540	wfo-0001032536	success	254	102	65	86	168	16	65	0	/3,10,10-30,10-50,100,14-16,20-22,20-50,4-9,5-6,>,abaxial,adaxial,almost,anther,appressed,base,berry,bright,broad-based,brown,calyx,capitate,chartaceous,clavate,cm,conical,curved,dark,deeply,densely,depressed,diameter,entire,equal,fading,flattened,flower,fruit,fruiting,globose,growth,inflorescence,juvenile,lateral,leaf,leaf-opposed,length,lobed,margin,membranous,mm,number,oblique,olive-green,once-branched,ovary,pentagonal,per,petiole,plant,pore,poricidal,porrect,prickle,pubescent,purple,reddish,reniform,shallowly,simple,slightly,somewhat,stellate,stigma,style,tapering,tip,tree,trichome,truncate,trunk,unequal,way,white,yellow-green	-3,0.5,1,1-2,1-2.5,1.3-2.2,1.5,10-20,13-24,2-3,2.5-3,20-25,3,3-3.5,3-6,4-6,4-8,5,5-8,5-merous,5.5-8,7-10,<,abaxially,abruptly,acute,adaxiall,adaxially,age,along,alyx,angle,anthesi,apar,apex,armed,around,articulated,axi,bark,basal-most,berr,blade,bristle,bristly,broadly,caudat,caudate,cell,clearly,coriaceous,cu,dbh,deltate,denser,difoliate,directed,diverging,eaf,eed,elliptic,enlarged,evenly,filament,free,geminate,glabrescent,glabrous,glandular,glandular-puberulent,grayish,halfway,hanging,heterostylous,inflorescenc,infructesecnce,interpetalar,irregularly,lamina,leaving,like,lobe,long,long-stalked,long-styled,lower,mature,maturity,midpoint,midrib,midvein,minute,minutely,mixed,mixture,multangulate,multiseriate,narrowing,narrowly,near,new,nflorescence,occasionally,occurring,odor,older,open,orolla,oung,papillae,papillat,papillate,part,pedicel,peduncle,pericarp,portion,potato,prickl,prickly,primary,prominent,protuberance,rarely,ray,reproductive,rough,ruit,scar,scattered,short-,short-styled,slender,small,smooth,soft,spaced,sparsely,spreading,stalk,staminate,stellate-pubescent,stem,strongly,surface,tall,tamen,terete,terminal,thick,time,tissue,triangular,tube,unarmed,unit,upward,urceolate,usually,vary,vein,visible,wide,wood,woody,yellowish,ympodial,younger	branching,colour,corolla,form,hair,height,heteromorphism,lobing,placement,position,seed,shape,staman,texture,type,width	/3,10,10-30,10-50,100,14-16,20-22,20-50,4-9,5-6,>,almost,appressed,base,berry,bright,broad-based,brown,capitate,chartaceous,clavate,cm,conical,curved,dark,deeply,densely,depressed,entire,equal,fading,flattened,globose,juvenile,lateral,leaf-opposed,lobed,membranous,mm,oblique,olive-green,once-branched,pentagonal,per,plant,poricidal,porrect,pubescent,purple,reddish,reniform,shallowly,simple,slightly,somewhat,stellate,tapering,tip,tree,trichome,truncate,unequal,way,white,yellow-green	
541	wfo-0001032542	success	161	81	49	69	92	12	48	1	.25,/4,0.5-1,1-1.5,1-5,1.5-3.5,2-3.5,2.5-5,4.5-5,5-8,abaxial,anther,bark,base,bluish-green,bright,brown,calyx,capitate,cm,conical,corolla,dark,deflexed,dendritic,densely,elliptic-obovate,filament,flattened-reniform,fruiting,glabrous,globose,golden,green,growth,incrassate,inflorescence,leaf,less,lobed,long,margin,minor,minute,mm,ovary,pedicel,petiole,pore,pubescent,reddish-brown,shape,shaped,shining,shrub,size,small,somewhat,sparsely,stem,stigma,style,tear-drop,treelet,trichome,tube,way,wide,yellow-green	.25-0.5,.5,.5-1,0.7-1,1-1.3,1-2,10-15-flowered,10-28,2-3,3-4,3-5,4-7,4-9.5,abaxially,acuminate,acute,adaxially,along,anthesi,apex,apical,attenuate,axi,ba,basal,beginning,berry,closely,compact,deltate,di,dia,differing,difoliate,distal,dry,eaf,edicel,eed,either,elliptic,erect,exserted,free,geminat,inflorescenc,lamina,later,lateral,like,lobe,lon,loose,lower,main,major,minutely,narrowly,near,new,nflorescence,older,opposite,overlapping,pair,papillo,persisten,pitted,planar,poricidal,portion,rounded,ruit,scar,simple,slender,slightly,spaced,strongly,surface,swollen,tip,triangular,tub,ud,unit,vein,woody,x,yellowish,ympodial,young	adaxial,colour,deflexion,form,fruit,hair,length,persistence,persistent,seed,texture,width	.25,/4,0.5-1,1-1.5,1-5,1.5-3.5,2-3.5,2.5-5,4.5-5,5-8,base,bluish-green,bright,brown,capitate,cm,conical,dark,deflexed,dendritic,densely,elliptic-obovate,flattened-reniform,glabrous,globose,golden,green,incrassate,less,lobed,long,margin,minute,mm,pubescent,reddish-brown,shaped,shining,shrub,small,somewhat,sparsely,tear-drop,treelet,trichome,way,wide,yellow-green	persistent
542	wfo-0001032564	success	160	83	58	68	92	15	58	0	0.3-1,0.75-1,1-1.2,1-1.3,1-1.5,1-2,1.3-2.5,1.5,2-2.5,5.5-9,6-7,8-9,along,anther,apex,base,becoming,beneath,broadly,brown,calyx,clavate,cm,conical,corolla,dark,deflexed,densely,dia,dry,elliptic,fresh,fruiting,glabrous,globose,green,greenish-white,lateral,leaf,lobed,long-acuminate,main,material,minutely,mm,narrowly,nearly,opposite,ovary,ovate,ovoid-reniform,pair,pedicel,petiole,poricidal,puberulent,ripe,shiny,shrub,stigma,style,tan,thread-like,tip,truncate,vein,x,yellowish-green	.05,.05-0.1,.1,.5,0.25-0.5,4-5,4-6-flowered,anthesi,apar,apart,arched,aspec,ba,bark,berry,branch,bud,converging,deltoid,eaf,edicel,eed,except,expanded,exserted,extreme,filiform,flattened,flower,geminate,giving,glabrate,golden,greyish-red,halfway,lamina,later,like,lobe,long,lower,margin,member,middle,minute,nflorescence,node,non-reproductive,obovoi,often,older,one,open,papillo,papillose,pitted,planar,point,pore,projection,prominent,proximal,raised,reflexed,rounded,ruit,scar,shaped,simple,slightly,small,soon,stem,straight,strongly,surface,tall,tapering,tear-drop,time,tiny,trichome,tube,ud,unifoliate,uniseriate,unit,widest,winged,woody,ympodial,young	colour,form,fruit,growth,hair,height,inflorescence,length,plant,position,seed,shape,size,texture,venation	0.3-1,0.75-1,1-1.2,1-1.3,1-1.5,1-2,1.3-2.5,1.5,2-2.5,5.5-9,6-7,8-9,along,base,becoming,beneath,broadly,brown,clavate,cm,conical,dark,deflexed,densely,dia,dry,elliptic,fresh,glabrous,globose,green,greenish-white,lateral,leaf,lobed,long-acuminate,main,material,minutely,mm,narrowly,nearly,opposite,ovate,ovoid-reniform,pair,poricidal,puberulent,ripe,shiny,shrub,tan,thread-like,tip,truncate,vein,x,yellowish-green	
543	wfo-0001032569	success	164	89	55	73	91	16	55	0	.5,/3,0.5-10,0.8-1,1-1.2,1-1.5,1-2,1.2-5,1.5,1.5-2,1.7-2,2-3,2-4,4-8,5-6,5-60-flowered,7-9,abaxially,adaxially,anther,apex,base,bilobed,branched,broadly,calyx,cm,conical,corolla,decurrent,dendritic,elliptic,filament,flattened,fleshy,fruiting,glabrous,globose,green,incrassate,inflorescence,leaf,lobed,long,margin,minor,minutely,mm,occasionally,onto,opposite,ovary,ovate,paler,pedicel,petiole,pitted,pore,reniform,shaped,shrub,simple,size,stigma,style,surface,tear-drop,thick,trichome,tube,way,white,x	1-4,4-18,7-27,acute,along,anthesi,apparently,appearing,axi,bark,bearing,berry,brown,bullate,cell,closely,corrugated,dark,deflexed,dense,densely,denser,dia,differing,difoliate,dry,drying,eaf,edicel,eed,ellipsoid,erect,exserted,free,geminate,golden,gra,irregularly,later,lateral,lea,like,lobe,lon,los,lower,main,major,matted,mature,middle,moderately,nflorescence,obscured,open,otherwise,pair,papillo,papillose,pericar,planar,poricidal,portion,present,pubecsence,pubescent,rich,ruit,scar,somewhat,spaced,sparsely,splitting,stem,stone,strongly,tall,time,tip,triangular,tub,tuft,ud,unifoliate,unit,vein,waxy,widest,woody,ympodial,young	branching,colour,diameter,flower,form,fruit,growth,hair,height,length,number,plant,position,seed,shape,texture	.5,/3,0.5-10,0.8-1,1-1.2,1-1.5,1-2,1.2-5,1.5,1.5-2,1.7-2,2-3,2-4,4-8,5-6,5-60-flowered,7-9,apex,base,bilobed,branched,broadly,cm,conical,decurrent,dendritic,elliptic,flattened,fleshy,glabrous,globose,green,incrassate,leaf,lobed,long,minutely,mm,occasionally,onto,opposite,ovate,paler,petiole,pitted,reniform,shaped,shrub,simple,tear-drop,thick,trichome,way,white,x	
544	wfo-0001032576	success	227	89	57	68	159	21	55	2	/5,0.5-4,0.8-1.2,2-10,2.5-4,4-6.5,5-30,anther,base,berry,branched,branching,bright,brown-green,calyx,chartaceous,cm,dull,elongating,entire,equal,evenly,flattened-reniform,flower,fruit,fruiting,glabrescent,glandular,green,hair,herb,lanceolate,lateral,leaf,length,lobed,long,lower,margin,maturity,membranous,mm,moderately,orange-brown,ovate,per,petiole,poricidal,prickle,purple,red,red-green,shrub,simple,spherical,spreading,stellate-pubescent,stem,style,surface,tapering,terminal,tip,way,white,yellow,yellow-green,young	-10,-12,/4,0-1.5,0-2,0-3,0-30,0-5,0.1,0.1-0.15,0.1-0.2,0.1-0.25,0.3-0.5,0.3-0.7,0.5-1,0.5-1.5,0.5-2,0.8-1.4,0.8-2,1-3,1-4,1.2-1.8,1.5-2,1.5-2.3,1.5-7.5,1.8-2.5,1/2-2/3,1/3,1/3-1/6,2-3,2-4,2-5,2.5-3,3-14,4,4-5-merous,4-6,4-6-8,6-8,7-8,abaxially,acuminat,acute,alyx,apar,apart,apex,apically,apparently,articulated,ascendant,ba,bark,blade,brow,brown,cell,concolorous,conical,cuneate,curved,deltate,densely,diameter,difoliate,distance,drying,eaf,eed,ellipsoid,erect,extending,eye,faint,filament,flattened,free,geminat,glabrous,gland,globular,gray,herbaceous,infructescence,lobe,longer,mature,midpoint,midvein,minutely,naked,narrow-deltate,narrow-ovate,near,nflorescence,obovate,obtuse,often,older,one,open,orolla,oung,outline,pair,pale,pedicel,peduncle,perfec,pericarp,pit,porrect,portion,prickl,prickly,primary,raised,ray,reduced,reflexed,reticulate,rounded,ruit,scandent,scar,sessile,shiny,short,shorter,side,slender,slightly,small,smooth,sometimes,spaced,sparsely,stalk,stalked,stellate,straight,tamen,tertiary,time,trichome,tube,unarmed,unit,upper,usually,variously,vary,vein,venation,visible,wide,woody,yellow-orange,ympodial	abaxial,adaxial,colour,corolla,form,growth,heteromorphism,inflorescence,needle-like,number,orientation,ovary,placement,position,seed,shape,staman,symmetry,texture,type,zygomorphy	/5,0.5-4,0.8-1.2,2-10,2.5-4,4-6.5,5-30,base,berry,branched,bright,brown-green,chartaceous,cm,dull,elongating,entire,equal,evenly,flattened-reniform,glabrescent,green,herb,lanceolate,lateral,leaf,lobed,long,lower,maturity,membranous,mm,moderately,orange-brown,ovate,per,poricidal,purple,red,red-green,shrub,simple,spherical,spreading,stellate-pubescent,stem,surface,tapering,terminal,tip,way,white,yellow,yellow-green,young	needle-like,zygomorphy
545	wfo-0001032595	success	197	74	56	58	139	16	55	1	0-0.5-3.5,1-3,3-10,along,also,basal,base,branch,branched,cm,cordate,deeply,densely,eglandular,ellipsoidal,entire,finely,flattened,fork,forked,fruit,fusiform,glabrous,hair,leaf-opposed,leaving,lobe,long,margin,mature,mm,moderately,near,oblique,often,ovate,pale,pedicel,pedicellar,petiole,pilose,pseudohair,puberulent,pubescent,rarely,remnant,reniform,rugulose,shrub,simple,small,sparsely,subcoriaceous,tree,truncate,unbranched,white,yellow	-pilose,0.5-1,1,1-2,1-2.5,1-6,1-6.5-20,1.5-2,1.5-2.5,1.5-4.5,1.5-5,12-16,15-25,15-40,2-3,2-4,2.3-24,25-40,3-12-25,3-4,3-4-foliate,3-5,4-25,4-5,4-7,5-6,5-merou,6-7,9-14,abaxially,accrescen,acuminate,acute,adaxially,aggregate,alyx,anther,apart,ape,apex,apical,apiculate,articulated,axe,blade,brownish,brownish-purple,calyx,cell,ciliat,connective,connivent,coriaceous,cream,crow,cucullate,deltate,dense,denser,diameter,dilated,directed,distally,dull,eaf,eed,equal,exceeding,filament,flower,free,fruiting,geminate,gland,glandular,greenish,homostylous,lanceolate,larg,lon,longitudinal,loosely,lower,m.,major,midrib,narrowly,nflorescence,opening,orolla,ovoid,part,peduncle,per,perfect,pilo,pore,produced,prominent,purple,purplish,rachi,ruit,shallow,shorter,side,single,slightly,slit,spaced,spreading,stamen,stellate,stigma,stone,strongly,style,swelling,tall,tamen,tem,thecae,time,tip,tomentose,toward,triangular,trunk,tube,two,ud,umbrella-shaped,unit,vary,vein,violet,wide,x,ympodial	articulation,branching,colour,form,growth,height,inflorescence,leaf,mentioned,plant,position,seed,shape,symmetry,texture,type	0-0.5-3.5,1-3,3-10,along,also,basal,base,branch,branched,cm,cordate,deeply,densely,eglandular,ellipsoidal,entire,finely,flattened,fork,forked,fusiform,glabrous,hair,leaf-opposed,leaving,lobe,long,margin,mature,mm,moderately,near,oblique,often,ovate,pale,pedicellar,pilose,pseudohair,puberulent,pubescent,rarely,remnant,reniform,rugulose,shrub,simple,small,sparsely,subcoriaceous,tree,truncate,unbranched,white,yellow	mentioned
